# M=10, N=5, V0=0.0, V=0.25, PBC
#  time (tJ)                 S₁(n=1)                 S₂(n=1)
    0.000000      2.220446049250E-16     -6.661338147751E-16
    0.100000      2.033532085044E-03      4.310182503771E-04
    0.200000      6.486732386359E-03      1.596303128628E-03
    0.300000      1.174695026110E-02      3.154983687476E-03
    0.400000      1.645753779829E-02      4.664831834733E-03
    0.500000      1.960405075078E-02      5.722902614352E-03
    0.600000      2.065162744865E-02      6.085905022058E-03
    0.700000      1.959723191545E-02      5.731173374501E-03
    0.800000      1.692424074748E-02      4.842875168536E-03
    0.900000      1.347264709414E-02      3.735465026457E-03
    1.000000      1.024854966285E-02      2.746628169237E-03
    1.100000      8.189265595538E-03      2.138001308870E-03
    1.200000      7.873503745669E-03      2.033219466062E-03
    1.300000      9.211959270013E-03      2.405032508476E-03
    1.400000      1.155605766911E-02      3.105086161280E-03
    1.500000      1.413361020337E-02      3.918592013306E-03
    1.600000      1.627177586601E-02      4.624023491433E-03
    1.700000      1.749658525557E-02      5.043056515104E-03
    1.800000      1.756848635072E-02      5.073707586003E-03
    1.900000      1.647807639970E-02      4.705741229430E-03
    2.000000      1.442424029557E-02      4.019798195375E-03
    2.100000      1.178918023846E-02      3.171065972315E-03
    2.200000      9.112465101016E-03      2.357561710322E-03
    2.300000      7.055179273791E-03      1.775180862179E-03
    2.400000      6.307055828747E-03      1.567132637905E-03
    2.500000      7.127968997609E-03      1.781389518412E-03
    2.600000      9.095328216230E-03      2.351725301224E-03
    2.700000      1.154110872480E-02      3.112747760264E-03
    2.800000      1.379433804402E-02      3.847969444184E-03
    2.900000      1.532023150168E-02      4.357063975304E-03
    3.000000      1.582246590829E-02      4.519848672699E-03
    3.100000      1.530083803360E-02      4.334225466869E-03
    3.200000      1.404661326624E-02      3.913839769387E-03
    3.300000      1.256910633832E-02      3.445640964968E-03
    3.400000      1.146757358608E-02      3.122474698030E-03
    3.500000      1.127465282211E-02      3.075299149396E-03
    3.600000      1.215961623405E-02      3.329447446698E-03
    3.700000      1.371772839270E-02      3.799520322007E-03
    3.800000      1.534892817471E-02      4.322402027023E-03
    3.900000      1.650235488671E-02      4.714189228413E-03
    4.000000      1.679185328207E-02      4.829935984152E-03
    4.100000      1.606842438852E-02      4.606814318797E-03
    4.200000      1.443994795207E-02      4.079459661963E-03
    4.300000      1.223988610169E-02      3.366611903558E-03
    4.400000      9.951044180064E-03      2.636502624153E-03
    4.500000      8.096335981586E-03      2.062480401835E-03
    4.600000      7.133520257676E-03      1.780218232505E-03
    4.700000      7.369805979595E-03      1.855295010618E-03
    4.800000      8.794426827529E-03      2.266966920437E-03
    4.900000      1.096204317702E-02      2.911399211927E-03
    5.000000      1.323831547795E-02      3.624950980422E-03
    5.100000      1.503859386496E-02      4.224270884117E-03
    5.200000      1.594787363033E-02      4.554961213746E-03
    5.300000      1.579517792322E-02      4.536127531623E-03
    5.400000      1.468565516064E-02      4.186888077938E-03
    5.500000      1.297487849399E-02      3.624603981385E-03
    5.600000      1.117408482811E-02      3.032733786072E-03
    5.700000      9.818560140376E-03      2.606279724550E-03
    5.800000      9.378812153728E-03      2.491285312650E-03
    5.900000      1.019623478092E-02      2.738407515444E-03
    6.000000      1.205994430797E-02      3.287005672025E-03
    6.100000      1.428146125161E-02      3.985683153958E-03
    6.200000      1.622548431375E-02      4.641429430832E-03
    6.300000      1.744095983674E-02      5.078632935128E-03
    6.400000      1.770950426027E-02      5.186741571064E-03
    6.500000      1.702210586083E-02      4.942296782400E-03
    6.600000      1.551033335245E-02      4.403172507292E-03
    6.700000      1.339698689584E-02      3.683438710276E-03
    6.800000      1.099486391213E-02      2.921668573828E-03
    6.900000      8.722931260462E-03      2.253282913882E-03
    7.000000      7.092549038408E-03      1.791498505451E-03
    7.100000      6.525307488065E-03      1.615387047286E-03
    7.200000      7.061505731532E-03      1.760522624418E-03
    7.300000      8.508384050562E-03      2.209220438246E-03
    7.400000      1.062733161012E-02      2.882667054161E-03
    7.500000      1.304389955034E-02      3.642856890877E-03
    7.600000      1.519910575488E-02      4.313381271554E-03
    7.700000      1.653851923879E-02      4.721838874908E-03
    7.800000      1.670736349515E-02      4.754818516851E-03
    7.900000      1.566484721021E-02      4.405497373538E-03
    8.000000      1.372605071237E-02      3.791124182949E-03
    8.100000      1.152457650882E-02      3.126321337823E-03
    8.200000      9.896306231074E-03      2.655439628150E-03
    8.300000      9.567099462429E-03      2.565656949624E-03
    8.400000      1.068175903135E-02      2.913585321362E-03
    8.500000      1.286310239510E-02      3.596040839325E-03
    8.600000      1.533333618542E-02      4.380005123810E-03
    8.700000      1.721628470526E-02      4.983467460434E-03
    8.800000      1.785926175130E-02      5.177619944261E-03
    8.900000      1.700412282247E-02      4.871242112209E-03
    9.000000      1.483987806999E-02      4.144566504963E-03
    9.100000      1.195161404652E-02      3.219855368243E-03
    9.200000      9.177147350364E-03      2.380903203963E-03
    9.300000      7.396323764137E-03      1.873232556661E-03
    9.400000      7.236236604252E-03      1.822867220315E-03
    9.500000      8.591808541184E-03      2.202202214295E-03
    9.600000      1.076429350042E-02      2.851429583228E-03
    9.700000      1.296172103203E-02      3.542419833432E-03
    9.800000      1.453934045848E-02      4.057962094411E-03
    9.900000      1.512672795615E-02      4.257601229164E-03
   10.000000      1.466642310600E-02      4.110798237267E-03
   10.100000      1.338202858343E-02      3.692992415370E-03
   10.200000      1.169882930081E-02      3.153245189902E-03
   10.300000      1.013958332295E-02      2.668534832800E-03
   10.400000      9.214310096998E-03      2.398677025959E-03
   10.500000      9.320263814519E-03      2.450356157687E-03
   10.600000      1.062613322092E-02      2.853399070484E-03
   10.700000      1.288746603332E-02      3.550226278495E-03
   10.800000      1.554507108890E-02      4.400251706387E-03
   10.900000      1.796071275859E-02      5.202173574549E-03
   11.000000      1.952839181662E-02      5.735478531067E-03
   11.100000      1.977155954752E-02      5.816781432704E-03
   11.200000      1.844661623618E-02      5.358532963985E-03
   11.300000      1.563200223346E-02      4.411260823941E-03
   11.400000      1.177647582779E-02      3.170403406265E-03
   11.500000      7.685020168128E-03      1.937329528735E-03
   11.600000      4.433246975922E-03      1.039654693569E-03
   11.700000      3.201393686580E-03      7.327423277712E-04
   11.800000      4.715154813630E-03      1.114810612638E-03
   11.900000      8.202672618444E-03      2.086735309838E-03
   12.000000      1.244748694274E-02      3.373783590098E-03
   12.100000      1.626869102360E-02      4.605053929996E-03
   12.200000      1.872204961115E-02      5.425698507563E-03
   12.300000      1.925230915363E-02      5.605178585416E-03
   12.400000      1.777869426202E-02      5.106275065508E-03
   12.500000      1.470083162131E-02      4.093428989193E-03
   12.600000      1.082672616400E-02      2.879647538089E-03
   12.700000      7.236085253801E-03      1.830945265602E-03
   12.800000      5.099286542079E-03      1.259323514662E-03
   12.900000      5.365532324046E-03      1.336311122721E-03
   13.000000      7.956689529653E-03      2.050135562723E-03
   13.100000      1.186919268788E-02      3.215004891934E-03
   13.200000      1.598674836809E-02      4.526109149111E-03
   13.300000      1.932741439139E-02      5.642968274450E-03
   13.400000      2.116949826991E-02      6.278571756370E-03
   13.500000      2.114006327251E-02      6.272219127463E-03
   13.600000      1.925800955823E-02      5.628854361805E-03
   13.700000      1.592752442905E-02      4.515663280837E-03
   13.800000      1.187886431367E-02      3.216605483678E-03
   13.900000      8.052911883563E-03      2.055930654179E-03
   14.000000      5.422584030219E-03      1.310417159400E-03
   14.100000      4.759566652224E-03      1.134459621344E-03
   14.200000      6.177148796204E-03      1.520093635458E-03
   14.300000      8.914428224455E-03      2.304975802577E-03
   14.400000      1.194195636904E-02      3.226932121746E-03
   14.500000      1.437874301071E-02      4.008160092840E-03
   14.600000      1.567384332627E-02      4.441332446011E-03
   14.700000      1.567298873599E-02      4.448717882706E-03
   14.800000      1.459877648821E-02      4.095299394612E-03
   14.900000      1.294481228376E-02      3.553997983656E-03
   15.000000      1.130965787090E-02      3.038395158057E-03
   15.100000      1.024238471261E-02      2.728894335792E-03
   15.200000      1.016067088370E-02      2.718425984287E-03
   15.300000      1.113268073837E-02      2.994245468013E-03
   15.400000      1.267781759863E-02      3.457363322191E-03
   15.500000      1.423737015405E-02      3.966889075435E-03
   15.600000      1.540541727115E-02      4.388926211687E-03
   15.700000      1.598877008673E-02      4.631599655083E-03
   15.800000      1.598860390095E-02      4.657645871088E-03
   15.900000      1.550018292395E-02      4.477948515129E-03
   16.000000      1.460591624538E-02      4.136791246207E-03
   16.100000      1.338405946966E-02      3.699018222582E-03
   16.200000      1.199158055351E-02      3.242592774118E-03
   16.300000      1.070905420969E-02      2.852683848482E-03
   16.400000      9.901892099002E-03      2.610583496939E-03
   16.500000      9.825777649137E-03      2.574231644713E-03
   16.600000      1.044159370806E-02      2.754602993132E-03
   16.700000      1.150688362179E-02      3.098980598682E-03
   16.800000      1.267180411497E-02      3.493620213021E-03
   16.900000      1.353906604946E-02      3.792395200439E-03
   17.000000      1.375921315291E-02      3.866441701745E-03
   17.100000      1.315638190529E-02      3.657829618835E-03
   17.200000      1.183018514242E-02      3.214279870254E-03
   17.300000      1.017978292257E-02      2.686184657349E-03
   17.400000      8.825607879955E-03      2.281201645135E-03
   17.500000      8.441553824819E-03      2.189994875303E-03
   17.600000      9.502178655507E-03      2.510979461910E-03
   17.700000      1.181557849891E-02      3.204939812104E-03
   17.800000      1.464117239604E-02      4.099734615101E-03
   17.900000      1.717058615374E-02      4.945121526343E-03
   18.000000      1.874094468739E-02      5.497030249685E-03
   18.100000      1.897645270315E-02      5.598815453751E-03
   18.200000      1.785651893605E-02      5.229246602279E-03
   18.300000      1.569541279112E-02      4.501660024462E-03
   18.400000      1.303922739062E-02      3.618687047327E-03
   18.500000      1.050861605408E-02      2.803344155822E-03
   18.600000      8.652065180890E-03      2.233465246439E-03
   18.700000      7.862370341950E-03      2.001020702353E-03
   18.800000      8.246710650080E-03      2.104657839226E-03
   18.900000      9.500026748484E-03      2.469663580359E-03
   19.000000      1.114631660285E-02      2.980826137567E-03
   19.100000      1.276997529419E-02      3.513331677649E-03
   19.200000      1.407577686675E-02      3.953527824054E-03
   19.300000      1.485936123034E-02      4.210432851009E-03
   19.400000      1.496397478618E-02      4.224643417245E-03
   19.500000      1.429735021119E-02      3.980278529814E-03
   19.600000      1.290886800036E-02      3.518692960536E-03
   19.700000      1.106416631802E-02      2.945027133843E-03
   19.800000      9.262454186944E-03      2.416371302408E-03
   19.900000      8.168588513691E-03      2.106267390857E-03
   20.000000      8.326290626508E-03      2.151904390364E-03
   20.100000      9.754972389150E-03      2.601376261683E-03
   20.200000      1.216732660885E-02      3.382613917711E-03
   20.300000      1.502708759439E-02      4.310327905805E-03
   20.400000      1.757846018533E-02      5.134110801897E-03
   20.500000      1.910853091719E-02      5.614729358514E-03
   20.600000      1.917547031473E-02      5.603062130542E-03
   20.700000      1.772072870347E-02      5.092776271048E-03
   20.800000      1.508802263294E-02      4.226076085020E-03
   20.900000      1.195753352019E-02      3.249083660347E-03
   21.000000      9.217034769920E-03      2.432524793656E-03
   21.100000      7.750448763714E-03      1.986082398941E-03
   21.200000      7.851299198407E-03      1.995895854861E-03
   21.300000      9.231848259246E-03      2.404709673841E-03
   21.400000      1.129463027952E-02      3.038245793194E-03
   21.500000      1.329269526824E-02      3.666080128353E-03
   21.600000      1.458331673543E-02      4.075695971167E-03
   21.700000      1.479382632973E-02      4.136588781258E-03
   21.800000      1.388649722105E-02      3.836566011094E-03
   21.900000      1.215232046251E-02      3.281965605652E-03
   22.000000      1.014635774071E-02      2.663922159218E-03
   22.100000      8.567088437253E-03      2.201197290326E-03
   22.200000      8.081794531950E-03      2.075078553160E-03
   22.300000      9.075450398149E-03      2.373320167823E-03
   22.400000      1.135470246265E-02      3.058328262178E-03
   22.500000      1.426317739145E-02      3.969846125127E-03
   22.600000      1.699986877264E-02      4.864346641857E-03
   22.700000      1.882998638570E-02      5.483120509753E-03
   22.800000      1.924520014447E-02      5.631101106317E-03
   22.900000      1.807868044684E-02      5.242423116615E-03
   23.000000      1.556076289698E-02      4.409919195511E-03
   23.100000      1.230187304644E-02      3.365346098926E-03
   23.200000      9.190614233558E-03      2.412848133802E-03
   23.300000      7.183061778530E-03      1.834807820474E-03
   23.400000      7.006849051814E-03      1.800508991021E-03
   23.500000      8.848923918982E-03      2.309044486582E-03
   23.600000      1.182599466766E-02      3.187293836906E-03
   23.700000      1.487206058300E-02      4.144807572709E-03
   23.800000      1.706479256223E-02      4.867091822769E-03
   23.900000      1.778314406154E-02      5.115209960125E-03
   24.000000      1.680932466328E-02      4.798320915189E-03
   24.100000      1.434887027952E-02      3.996910705802E-03
   24.200000      1.097738844754E-02      2.932832140843E-03
   24.300000      7.533566892807E-03      1.900072205320E-03
   24.400000      4.977842513689E-03      1.180852318385E-03
   24.500000      4.187360145961E-03      9.724797012141E-04
   24.600000      5.556812992937E-03      1.342847245676E-03
   24.700000      8.643950627494E-03      2.221091321103E-03
   24.800000      1.256826285506E-02      3.419695155338E-03
   24.900000      1.644987499549E-02      4.678560748594E-03
   25.000000      1.952651551747E-02      5.720568226280E-03
   25.100000      2.121916878804E-02      6.309624777706E-03
   25.200000      2.119366312455E-02      6.303199573836E-03
   25.300000      1.941503161022E-02      5.690439478179E-03
   25.400000      1.618377500707E-02      4.605503930200E-03
   25.500000      1.213747107239E-02      3.306975316771E-03
   25.600000      8.201802544363E-03      2.120757942145E-03
   25.700000      5.480988409470E-03      1.355467750942E-03
   25.800000      4.988275298087E-03      1.211947243855E-03
   25.900000      6.874429458740E-03      1.716081320967E-03
   26.000000      1.025407835364E-02      2.701311558655E-03
   26.100000      1.394291472525E-02      3.852887044792E-03
   26.200000      1.684629519465E-02      4.804129575298E-03
   26.300000      1.818028050514E-02      5.254299353822E-03
   26.400000      1.761694555170E-02      5.067165272195E-03
   26.500000      1.534082240719E-02      4.314505594436E-03
   26.600000      1.200617044546E-02      3.248321774759E-03
   26.700000      8.596969556808E-03      2.212077757803E-03
   26.800000      6.195068753639E-03      1.524085802302E-03
   26.900000      5.653152628536E-03      1.375819228832E-03
   27.000000      7.126944021837E-03      1.780497681054E-03
   27.100000      9.890844560827E-03      2.586264413946E-03
   27.200000      1.296871161839E-02      3.542980741705E-03
   27.300000      1.554619047301E-02      4.392754389855E-03
   27.400000      1.713100450894E-02      4.948971081316E-03
   27.500000      1.759580396187E-02      5.137750959626E-03
   27.600000      1.712117136822E-02      4.994211402912E-03
   27.700000      1.605244674088E-02      4.624863561355E-03
   27.800000      1.472628213340E-02      4.158441066767E-03
   27.900000      1.338788744305E-02      3.706451269881E-03
   28.000000      1.223689037547E-02      3.344231456274E-03
   28.100000      1.148275925863E-02      3.110487300795E-03
   28.200000      1.124068275024E-02      3.015411018016E-03
   28.300000      1.139670965196E-02      3.047512309516E-03
   28.400000      1.175371375471E-02      3.175173575947E-03
   28.500000      1.214624940899E-02      3.345959937137E-03
   28.600000      1.246363607856E-02      3.490626986096E-03
   28.700000      1.260584422992E-02      3.537475118442E-03
   28.800000      1.241729669534E-02      3.436642357401E-03
   28.900000      1.177372795827E-02      3.186029276054E-03
   29.000000      1.074627040607E-02      2.845463237269E-03
   29.100000      9.656390335044E-03      2.527607987093E-03
   29.200000      9.018098535838E-03      2.363639919893E-03
   29.300000      9.349965359841E-03      2.454485809322E-03
   29.400000      1.065629804149E-02      2.827262614554E-03
   29.500000      1.251767041223E-02      3.416132201520E-03
   29.600000      1.446295152920E-02      4.077087886653E-03
   29.700000      1.604317008047E-02      4.632241663036E-03
   29.800000      1.689313314784E-02      4.927559875511E-03
   29.900000      1.680570413863E-02      4.883281782232E-03
   30.000000      1.579617321773E-02      4.519551223284E-03
   30.100000      1.411987517777E-02      3.949199261349E-03
   30.200000      1.222778748495E-02      3.341377876688E-03
   30.300000      1.067200746722E-02      2.869438313778E-03
   30.400000      9.968684219093E-03      2.660519175307E-03
   30.500000      1.034424645076E-02      2.761724491309E-03
   30.600000      1.157606442825E-02      3.130561263674E-03
   30.700000      1.321848303196E-02      3.649235662813E-03
   30.800000      1.477140654079E-02      4.156653719161E-03
   30.900000      1.577327570277E-02      4.489552174558E-03
   31.000000      1.588414203819E-02      4.524099471189E-03
   31.100000      1.495321587008E-02      4.209947687761E-03
   31.200000      1.306418929588E-02      3.589325181749E-03
   31.300000      1.055236925138E-02      2.794954045209E-03
   31.400000      7.985674164783E-03      2.023701733946E-03
   31.500000      6.095510763464E-03      1.488681563254E-03
   31.600000      5.613257382033E-03      1.360032521444E-03
   31.700000      6.881961173458E-03      1.711007158008E-03
   31.800000      9.528511780923E-03      2.487718856212E-03
   31.900000      1.281509977439E-02      3.515636650206E-03
   32.000000      1.594828310826E-02      4.544379212130E-03
   32.100000      1.824014992413E-02      5.318615652797E-03
   32.200000      1.923362525869E-02      5.652667186513E-03
   32.300000      1.877968667005E-02      5.484239621973E-03
   32.400000      1.705568069593E-02      4.889643936464E-03
   32.500000      1.452483871732E-02      4.056178501250E-03
   32.600000      1.184678765815E-02      3.222035579707E-03
   32.700000      9.762359097523E-03      2.604742355606E-03
   32.800000      8.918288301804E-03      2.341756924929E-03
   32.900000      9.377822765614E-03      2.460523541478E-03
   33.000000      1.074979773309E-02      2.883111963750E-03
   33.100000      1.254779801103E-02      3.458328134672E-03
   33.200000      1.425770202064E-02      4.007244319863E-03
   33.300000      1.541302668447E-02      4.368255044373E-03
   33.400000      1.567928961470E-02      4.432632105825E-03
   33.500000      1.491963749733E-02      4.166839774216E-03
   33.600000      1.323333602040E-02      3.620603863651E-03
   33.700000      1.096602216209E-02      2.919856997475E-03
   33.800000      8.683978877631E-03      2.243333590238E-03
   33.900000      7.090668493557E-03      1.783145136710E-03
   34.000000      6.806382317079E-03      1.694178818730E-03
   34.100000      8.017449811861E-03      2.043593288597E-03
   34.200000      1.044638247326E-02      2.776947779548E-03
   34.300000      1.345251042866E-02      3.717527591341E-03
   34.400000      1.620898888735E-02      4.607448875610E-03
   34.500000      1.796248425784E-02      5.184172575258E-03
   34.600000      1.823803839286E-02      5.269733567912E-03
   34.700000      1.696733337349E-02      4.840230530895E-03
   34.800000      1.453116300444E-02      4.045973235696E-03
   34.900000      1.170091506501E-02      3.168796027351E-03
   35.000000      9.470930834262E-03      2.526928795674E-03
   35.100000      8.805828440020E-03      2.359952234895E-03
   35.200000      1.018494896208E-02      2.737038543013E-03
   35.300000      1.285720608818E-02      3.525234430690E-03
   35.400000      1.573989059636E-02      4.432446502220E-03
   35.500000      1.779953759963E-02      5.110692287308E-03
   35.600000      1.829488462283E-02      5.281321414262E-03
   35.700000      1.694214175069E-02      4.835416025817E-03
   35.800000      1.397427593037E-02      3.872755021703E-03
   35.900000      1.009602251566E-02      2.666867049574E-03
   36.000000      6.353309919068E-03      1.571601234346E-03
   36.100000      3.927836117772E-03      9.051205480939E-04
   36.200000      3.721681228817E-03      8.526528578154E-04
   36.300000      5.807480497005E-03      1.418757910050E-03
   36.400000      9.368179210420E-03      2.439134618395E-03
   36.500000      1.329260200324E-02      3.640583732660E-03
   36.600000      1.664184671345E-02      4.724000946245E-03
   36.700000      1.876507930229E-02      5.442885746051E-03
   36.800000      1.934238017013E-02      5.657191074648E-03
   36.900000      1.838332750059E-02      5.354314649617E-03
   37.000000      1.618927975023E-02      4.639892324525E-03
   37.100000      1.329262685887E-02      3.706934058674E-03
   37.200000      1.037971992391E-02      2.792269540263E-03
   37.300000      8.186037555669E-03      2.126951620209E-03
   37.400000      7.352304855405E-03      1.885992807465E-03
   37.500000      8.256924087862E-03      2.144556053810E-03
   37.600000      1.067367877699E-02      2.851016097874E-03
   37.700000      1.382783082479E-02      3.828262396323E-03
   37.800000      1.683438409647E-02      4.809902026603E-03
   37.900000      1.889206138593E-02      5.507591115662E-03
   38.000000      1.942314496244E-02      5.693331239799E-03
   38.100000      1.818507956189E-02      5.271886044080E-03
   38.200000      1.533325221216E-02      4.318162524919E-03
   38.300000      1.141951935709E-02      3.063841303135E-03
   38.400000      7.322038352909E-03      1.834096627374E-03
   38.500000      4.120048273592E-03      9.530307165599E-04
   38.600000      2.915626764098E-03      6.483748048203E-04
   38.700000      4.239723821161E-03      9.868253415830E-04
   38.800000      7.398962017912E-03      1.860399492051E-03
   38.900000      1.128204649474E-02      3.025918631322E-03
   39.000000      1.489977309148E-02      4.181702004710E-03
   39.100000      1.751801015812E-02      5.054681317435E-03
   39.200000      1.873083611878E-02      5.470713916864E-03
   39.300000      1.848012942137E-02      5.389636606247E-03
   39.400000      1.701997026408E-02      4.900011902512E-03
   39.500000      1.483658328817E-02      4.181084622040E-03
   39.600000      1.253968187039E-02      3.447105888062E-03
   39.700000      1.074223451481E-02      2.890596035749E-03
   39.800000      9.928779997922E-03      2.637734376885E-03
   39.900000      1.026169425302E-02      2.723676610032E-03
   40.000000      1.148147715404E-02      3.090555981483E-03
   40.100000      1.309491815485E-02      3.607000596113E-03
   40.200000      1.457241521378E-02      4.104658165891E-03
   40.300000      1.547845406250E-02      4.423864559745E-03
   40.400000      1.555642440038E-02      4.457675773015E-03
   40.500000      1.476381029189E-02      4.182467150437E-03
   40.600000      1.326168978490E-02      3.665571915419E-03
   40.700000      1.137741000287E-02      3.046191099187E-03
   40.800000      9.560773770614E-03      2.493815745625E-03
   40.900000      8.337872270138E-03      2.156316382080E-03
   41.000000      8.198215446756E-03      2.114702783387E-03
   41.100000      9.120332147640E-03      2.360562322233E-03
   41.200000      1.059590426033E-02      2.804384037680E-03
   41.300000      1.210548158393E-02      3.310835793810E-03
   41.400000      1.329019461854E-02      3.746182684715E-03
   41.500000      1.401404394018E-02      4.019090416510E-03
   41.600000      1.430571881930E-02      4.100918193796E-03
   41.700000      1.422383460631E-02      4.021992637878E-03
   41.800000      1.383560248588E-02      3.850346517046E-03
   41.900000      1.328041136604E-02      3.664476210315E-03
   42.000000      1.278593391832E-02      3.530804728130E-03
   42.100000      1.262664415392E-02      3.491522441644E-03
   42.200000      1.291560319106E-02      3.562214528752E-03
   42.300000      1.349297791776E-02      3.734142541387E-03
   42.400000      1.418629843705E-02      3.975569551619E-03
   42.500000      1.487591869288E-02      4.230582684678E-03
   42.600000      1.542047752487E-02      4.419954399258E-03
   42.700000      1.557887717382E-02      4.451949322796E-03
   42.800000      1.506047495185E-02      4.247822704402E-03
   42.900000      1.368821412836E-02      3.777564205548E-03
   43.000000      1.153939052376E-02      3.091472581407E-03
   43.100000      9.009399643970E-03      2.329195621872E-03
   43.200000      6.789436112598E-03      1.693770638905E-03
   43.300000      5.719671961399E-03      1.392359858594E-03
   43.400000      6.357785867726E-03      1.561613609708E-03
   43.500000      8.572009532936E-03      2.206186059411E-03
   43.600000      1.173649588621E-02      3.178069564463E-03
   43.700000      1.496156692382E-02      4.210959963626E-03
   43.800000      1.736552270594E-02      5.002422310272E-03
   43.900000      1.831940898787E-02      5.316105527520E-03
   44.000000      1.759999091304E-02      5.065966526463E-03
   44.100000      1.544471661835E-02      4.349573654364E-03
   44.200000      1.250558550069E-02      3.416473599456E-03
   44.300000      9.709392995155E-03      2.582654512593E-03
   44.400000      8.050614822111E-03      2.122921845451E-03
   44.500000      8.257373223985E-03      2.180845152737E-03
   44.600000      1.016684870351E-02      2.727739184606E-03
   44.700000      1.296880518640E-02      3.581906042962E-03
   44.800000      1.575879282223E-02      4.476248144810E-03
   44.900000      1.778251115810E-02      5.146170812143E-03
   45.000000      1.856645424944E-02      5.406270765818E-03
   45.100000      1.796223641037E-02      5.193267383879E-03
   45.200000      1.612246004057E-02      4.568322469150E-03
   45.300000      1.343374522157E-02      3.686678003384E-03
   45.400000      1.043598232090E-02      2.750583104256E-03
   45.500000      7.751311159361E-03      1.961195123033E-03
   45.600000      6.022013990421E-03      1.479258300317E-03
   45.700000      5.748189422369E-03      1.397742157672E-03
   45.800000      6.947891850364E-03      1.726161301145E-03
   45.900000      9.196543908944E-03      2.386853844344E-03
   46.000000      1.190729265186E-02      3.225853292842E-03
   46.100000      1.445534962666E-02      4.041608509286E-03
   46.200000      1.627144311080E-02      4.631186525817E-03
   46.300000      1.695379043238E-02      4.846054083601E-03
   46.400000      1.637081289342E-02      4.641529423320E-03
   46.500000      1.472132575154E-02      4.100580046337E-03
   46.600000      1.252542626838E-02      3.417621820399E-03
   46.700000      1.053363557747E-02      2.841241034905E-03
   46.800000      9.592559482095E-03      2.591524655281E-03
   46.900000      1.028964235843E-02      2.780394738505E-03
   47.000000      1.226213538479E-02      3.365436052982E-03
   47.100000      1.478599784289E-02      4.157107312993E-03
   47.200000      1.700772405567E-02      4.879643108092E-03
   47.300000      1.817723812558E-02      5.265289234565E-03
   47.400000      1.784969008650E-02      5.148303213710E-03
   47.500000      1.599575839288E-02      4.524799472779E-03
   47.600000      1.301639675063E-02      3.557076423467E-03
   47.700000      9.667885498363E-03      2.521404592204E-03
   47.800000      6.906522795083E-03      1.718365164572E-03
   47.900000      5.649820807398E-03      1.377131324096E-03
   48.000000      6.401714402223E-03      1.585482792928E-03
   48.100000      8.797133997877E-03      2.266677020301E-03
   48.200000      1.191722898146E-02      3.207544352747E-03
   48.300000      1.481515761957E-02      4.125889419083E-03
   48.400000      1.673036947063E-02      4.754762401068E-03
   48.500000      1.720832616045E-02      4.918675725906E-03
   48.600000      1.616323015750E-02      4.581512257476E-03
   48.700000      1.388833090696E-02      3.854939892791E-03
   48.800000      1.101631030360E-02      2.966602120562E-03
   48.900000      8.427954721286E-03      2.196934195194E-03
   49.000000      7.059775257465E-03      1.800706923728E-03
   49.100000      7.500239261087E-03      1.933304334256E-03
   49.200000      9.761770469062E-03      2.601515422349E-03
   49.300000      1.322265072277E-02      3.653808812399E-03
   49.400000      1.685644533235E-02      4.815801917156E-03
   49.500000      1.968988920132E-02      5.764182727720E-03
   49.600000      2.099030508148E-02      6.219668493217E-03
   49.700000      2.039198268621E-02      6.031251441106E-03
   49.800000      1.796403845097E-02      5.224366717199E-03
   49.900000      1.420323553917E-02      3.996127846118E-03
   50.000000      9.950911344043E-03      2.658203507489E-03
   50.100000      6.233483303235E-03      1.545628760672E-03
   50.200000      3.995582680441E-03      9.210651902019E-04
   50.300000      3.877988851859E-03      9.047694650350E-04
   50.400000      5.913971757766E-03      1.450833025421E-03
   50.500000      9.162472188124E-03      2.373812278571E-03
   50.600000      1.255996289703E-02      3.412784940581E-03
   50.700000      1.531501892737E-02      4.308636369939E-03
   50.800000      1.695633296909E-02      4.869211480607E-03
   50.900000      1.732330699535E-02      5.005550138327E-03
   51.000000      1.651335241032E-02      4.735805634146E-03
   51.100000      1.480996773660E-02      4.164765514181E-03
   51.200000      1.262314596309E-02      3.451410704301E-03
   51.300000      1.045410677406E-02      2.774524716072E-03
   51.400000      8.859695946982E-03      2.300749341434E-03
   51.500000      8.346840383880E-03      2.155326613156E-03
   51.600000      9.131692465437E-03      2.395715796810E-03
   51.700000      1.102933166775E-02      2.991798173100E-03
   51.800000      1.358975254960E-02      3.820420368822E-03
   51.900000      1.620165093041E-02      4.682739254974E-03
   52.000000      1.820668157290E-02      5.347753907686E-03
   52.100000      1.905370641462E-02      5.615246542906E-03
   52.200000      1.844095722768E-02      5.380347708156E-03
   52.300000      1.640952784382E-02      4.676115850059E-03
   52.400000      1.336771859334E-02      3.674419958444E-03
   52.500000      1.003682199049E-02      2.639192867601E-03
   52.600000      7.324555778536E-03      1.844804565789E-03
   52.700000      6.084356219543E-03      1.487733121880E-03
   52.800000      6.587450654750E-03      1.624361045682E-03
   52.900000      8.388718455010E-03      2.158581701115E-03
   53.000000      1.071862086391E-02      2.883356699195E-03
   53.100000      1.281805569457E-02      3.558898708187E-03
   53.200000      1.416321158074E-02      3.996274319543E-03
   53.300000      1.456134861892E-02      4.114821912357E-03
   53.400000      1.413637865931E-02      3.954420233853E-03
   53.500000      1.323122106736E-02      3.643097957317E-03
   53.600000      1.227449563807E-02      3.337952510797E-03
   53.700000      1.166739436651E-02      3.165583062477E-03
   53.800000      1.169842201778E-02      3.184605573001E-03
   53.900000      1.237286761699E-02      3.380174880396E-03
   54.000000      1.336710981608E-02      3.685443107108E-03
   54.100000      1.432527957028E-02      4.014592180927E-03
   54.200000      1.502165529964E-02      4.290672119116E-03
   54.300000      1.538560613122E-02      4.458548901879E-03
   54.400000      1.543776343186E-02      4.484185442911E-03
   54.500000      1.515402058633E-02      4.349693774243E-03
   54.600000      1.442851508329E-02      4.054195733086E-03
   54.700000      1.320775627797E-02      3.623383382374E-03
   54.800000      1.161772746439E-02      3.120847200080E-03
   54.900000      1.000937873018E-02      2.648797002744E-03
   55.000000      8.917753639972E-03      2.328965365747E-03
   55.100000      8.775541258621E-03      2.264851199429E-03
   55.200000      9.576935734340E-03      2.498175109610E-03
   55.300000      1.107952494736E-02      2.978958793964E-03
   55.400000      1.288156956060E-02      3.566255674153E-03
   55.500000      1.443536732857E-02      4.065635212347E-03
   55.600000      1.519467033132E-02      4.294160535714E-03
   55.700000      1.482655304941E-02      4.150162670318E-03
   55.800000      1.335283899463E-02      3.659958496419E-03
   55.900000      1.118258830109E-02      2.980247429314E-03
   56.000000      9.037630353040E-03      2.351515210915E-03
   56.100000      7.798471767347E-03      2.017490150232E-03
   56.200000      8.220904982728E-03      2.139687838805E-03
   56.300000      1.023940694480E-02      2.738181944642E-03
   56.400000      1.326177308700E-02      3.679544505088E-03
   56.500000      1.646454969621E-02      4.715381616622E-03
   56.600000      1.900300393349E-02      5.557377597263E-03
   56.700000      2.022710313166E-02      5.963538029265E-03
   56.800000      1.980981323566E-02      5.808514428538E-03
   56.900000      1.779671631334E-02      5.117948022816E-03
   57.000000      1.459061161401E-02      4.059207409687E-03
   57.100000      1.088378541311E-02      2.893951299373E-03
   57.200000      7.551658979276E-03      1.907563627782E-03
   57.300000      5.506925346258E-03      1.334750957715E-03
   57.400000      5.398949278333E-03      1.299763202104E-03
   57.500000      7.151251869941E-03      1.785280806096E-03
   57.600000      1.004643389870E-02      2.637429197488E-03
   57.700000      1.316463476742E-02      3.606504368981E-03
   57.800000      1.566218929554E-02      4.414546777567E-03
   57.900000      1.692831880092E-02      4.833215075690E-03
   58.000000      1.668640604811E-02      4.750706890091E-03
   58.100000      1.504416794030E-02      4.207190535132E-03
   58.200000      1.248157867026E-02      3.385621507532E-03
   58.300000      9.766609333384E-03      2.557799452084E-03
   58.400000      7.794638384419E-03      2.000354609933E-03
   58.500000      7.383834144165E-03      1.906775682655E-03
   58.600000      8.875877997961E-03      2.324751893450E-03
   58.700000      1.162013615106E-02      3.140731423608E-03
   58.800000      1.470404001109E-02      4.117522964046E-03
   58.900000      1.727589570634E-02      4.971807678922E-03
   59.000000      1.871245428105E-02      5.464210020997E-03
   59.100000      1.872614850342E-02      5.470975572628E-03
   59.200000      1.739191547063E-02      5.014492883837E-03
   59.300000      1.509922073709E-02      4.245885441152E-03
   59.400000      1.244640214287E-02      3.389815430032E-03
   59.500000      1.010406288257E-02      2.673055821989E-03
   59.600000      8.681562203436E-03      2.260819582027E-03
   59.700000      8.565653156062E-03      2.218657421735E-03
   59.800000      9.601770692682E-03      2.506595448230E-03
   59.900000      1.125560269825E-02      3.001207093109E-03
   60.000000      1.295097736457E-02      3.534684681970E-03
   60.100000      1.418923896484E-02      3.939023654094E-03
   60.200000      1.462167507315E-02      4.086350074332E-03
   60.300000      1.409855795003E-02      3.919857980314E-03
   60.400000      1.270296758544E-02      3.471327849968E-03
   60.500000      1.076559316746E-02      2.860871256181E-03
   60.600000      8.840646871235E-03      2.274762336667E-03
   60.700000      7.609577893162E-03      1.920655599090E-03
   60.800000      7.695890736115E-03      1.966867112134E-03
   60.900000      9.410786436144E-03      2.481356627138E-03
   61.000000      1.241278044079E-02      3.391922785867E-03
   61.100000      1.585718729980E-02      4.487252231092E-03
   61.200000      1.880226489389E-02      5.467028175020E-03
   61.300000      2.043445206361E-02      6.031193075887E-03
   61.400000      2.024959312319E-02      5.980818713350E-03
   61.500000      1.818216129468E-02      5.294221936962E-03
   61.600000      1.465373660494E-02      4.147309910664E-03
   61.700000      1.052873188183E-02      2.865945675354E-03
   61.800000      6.994107629026E-03      1.823549618296E-03
   61.900000      5.300304915931E-03      1.318939278303E-03
   62.000000      5.966918714332E-03      1.478225362857E-03
   62.100000      8.605274111940E-03      2.216234553546E-03
   62.200000      1.211535109282E-02      3.270530954106E-03
   62.300000      1.533451397885E-02      4.293847985177E-03
   62.400000      1.736971098097E-02      4.969759201249E-03
   62.500000      1.774458742517E-02      5.109898483138E-03
   62.600000      1.644945584009E-02      4.700891667716E-03
   62.700000      1.389768279529E-02      3.890472420199E-03
   62.800000      1.080658872475E-02      2.925541791298E-03
   62.900000      8.016819698040E-03      2.070322969193E-03
   63.000000      6.242205963094E-03      1.534611510948E-03
   63.100000      5.895553104800E-03      1.431702679501E-03
   63.200000      7.085453327251E-03      1.769921850356E-03
   63.300000      9.489816338413E-03      2.469061985919E-03
   63.400000      1.247235743966E-02      3.388293484482E-03
   63.500000      1.541206335974E-02      4.354974539287E-03
   63.600000      1.781992099879E-02      5.190399654922E-03
   63.700000      1.933996007309E-02      5.734213721433E-03
   63.800000      1.973214506397E-02      5.870619876011E-03
   63.900000      1.888163983883E-02      5.555773975016E-03
   64.000000      1.685111208953E-02      4.839168583367E-03
   64.100000      1.394469299850E-02      3.867148616459E-03
   64.200000      1.073274537240E-02      2.858663946569E-03
   64.300000      8.009904273217E-03      2.053043643352E-03
   64.400000      6.614385968529E-03      1.642816396733E-03
   64.500000      6.873097133533E-03      1.714135308766E-03
   64.600000      8.505486270004E-03      2.217438021109E-03
   64.700000      1.092902356534E-02      2.980914497827E-03
   64.800000      1.339806859974E-02      3.763649083697E-03
   64.900000      1.520897522831E-02      4.330732949627E-03
   65.000000      1.589667904419E-02      4.524915779021E-03
   65.100000      1.533204353285E-02      4.311087395788E-03
   65.200000      1.373193752820E-02      3.780098925068E-03
   65.300000      1.160121600453E-02      3.113147375450E-03
   65.400000      9.621557297837E-03      2.521395137427E-03
   65.500000      8.475194824166E-03      2.182415950235E-03
   65.600000      8.524391088068E-03      2.193252041410E-03
   65.700000      9.665625465595E-03      2.551309281608E-03
   65.800000      1.154946584545E-02      3.163747737923E-03
   65.900000      1.371587225372E-02      3.878010528192E-03
   66.000000      1.567465994405E-02      4.522772620324E-03
   66.100000      1.700258419749E-02      4.949181206555E-03
   66.200000      1.742799333681E-02      5.064616629520E-03
   66.300000      1.687878137803E-02      4.853422770372E-03
   66.400000      1.549744231859E-02      4.380635599328E-03
   66.500000      1.362679129731E-02      3.776569183908E-03
   66.600000      1.176542078005E-02      3.203469484813E-03
   66.700000      1.048106367161E-02      2.810591700738E-03
   66.800000      1.015449463349E-02      2.689460208085E-03
   66.900000      1.070426515774E-02      2.843829456651E-03
   67.000000      1.177309363249E-02      3.186373355748E-03
   67.100000      1.290162023703E-02      3.566004703990E-03
   67.200000      1.364267243153E-02      3.818622264024E-03
   67.300000      1.367574935668E-02      3.824629151006E-03
   67.400000      1.289594311785E-02      3.552976750079E-03
   67.500000      1.145671850116E-02      3.075483575693E-03
   67.600000      9.755621727200E-03      2.545424346791E-03
   67.700000      8.359880341200E-03      2.147246727509E-03
   67.800000      7.886923163733E-03      2.035005313598E-03
   67.900000      8.774374392712E-03      2.281299407950E-03
   68.000000      1.073857739554E-02      2.854058168303E-03
   68.100000      1.319270285327E-02      3.627266967897E-03
   68.200000      1.557648697981E-02      4.419022872253E-03
   68.300000      1.740779965630E-02      5.042038566144E-03
   68.400000      1.832967961020E-02      5.350749797420E-03
   68.500000      1.815089683385E-02      5.274019491163E-03
   68.600000      1.687935468836E-02      4.829017014173E-03
   68.700000      1.474003259460E-02      4.116715771600E-03
   68.800000      1.216778143511E-02      3.301565344597E-03
   68.900000      9.767395390620E-03      2.578346483074E-03
   69.000000      8.225708016458E-03      2.129831202131E-03
   69.100000      8.073107372360E-03      2.080972535770E-03
   69.200000      9.370052912229E-03      2.458942623480E-03
   69.300000      1.172477078873E-02      3.171624949440E-03
   69.400000      1.441725287031E-02      4.016951533857E-03
   69.500000      1.661595006557E-02      4.728998343580E-03
   69.600000      1.760426458507E-02      5.054208196710E-03
   69.700000      1.695782315023E-02      4.836873567469E-03
   69.800000      1.466627234945E-02      4.084049867858E-03
   69.900000      1.118360654907E-02      2.982208776296E-03
   70.000000      7.392011201249E-03      1.852406941107E-03
   70.100000      4.471918829447E-03      1.053071275256E-03
   70.200000      3.677358715818E-03      8.611056532957E-04
   70.300000      5.631333008866E-03      1.373568103729E-03
   70.400000      9.466437352116E-03      2.467592887314E-03
   70.500000      1.389277901428E-02      3.835975232641E-03
   70.600000      1.770978000609E-02      5.087421174873E-03
   70.700000      2.002596441042E-02      5.875564083232E-03
   70.800000      2.040647558218E-02      6.009972355999E-03
   70.900000      1.892899516663E-02      5.509960693298E-03
   71.000000      1.613675396873E-02      4.584594854611E-03
   71.100000      1.289553343769E-02      3.550328400133E-03
   71.200000      1.017110877488E-02      2.719876314384E-03
   71.300000      8.755750076643E-03      2.303691983907E-03
   71.400000      8.991444916974E-03      2.356621477114E-03
   71.500000      1.049328987614E-02      2.782015495691E-03
   71.600000      1.248068043633E-02      3.383341925107E-03
   71.700000      1.422610109452E-02      3.938360891157E-03
   71.800000      1.521332865612E-02      4.267916550826E-03
   71.900000      1.520633819054E-02      4.279286920747E-03
   72.000000      1.424693751255E-02      3.977435471241E-03
   72.100000      1.259919948308E-02      3.449728871730E-03
   72.200000      1.066604657767E-02      2.835817975531E-03
   72.300000      8.905987885171E-03      2.293433898229E-03
   72.400000      7.771841469294E-03      1.965869251643E-03
   72.500000      7.658833416732E-03      1.952721225943E-03
   72.600000      8.791751662572E-03      2.285288699290E-03
   72.700000      1.092250125927E-02      2.911277398325E-03
   72.800000      1.344670275166E-02      3.696455903284E-03
   72.900000      1.573201661017E-02      4.449620266229E-03
   73.000000      1.723304162891E-02      4.970343746100E-03
   73.100000      1.758651319512E-02      5.108930282154E-03
   73.200000      1.669726011475E-02      4.819634521442E-03
   73.300000      1.478809759904E-02      4.186314273578E-03
   73.400000      1.238676414851E-02      3.406505636685E-03
   73.500000      1.022712077050E-02      2.734002938545E-03
   73.600000      9.061911799549E-03      2.396391681715E-03
   73.700000      9.442514433048E-03      2.515734610070E-03
   73.800000      1.132555782681E-02      3.061920310928E-03
   73.900000      1.393021545277E-02      3.857418669783E-03
   74.000000      1.634190906194E-02      4.633276673311E-03
   74.100000      1.778223490406E-02      5.117003193773E-03
   74.200000      1.776106106740E-02      5.121529661613E-03
   74.300000      1.616812556118E-02      4.605034946268E-03
   74.400000      1.328972454944E-02      3.683077426241E-03
   74.500000      9.757011756016E-03      2.591820162346E-03
   74.600000      6.443016673465E-03      1.617192483902E-03
   74.700000      4.302994702462E-03      1.013999021784E-03
   74.800000      4.061626322141E-03      9.390513285903E-04
   74.900000      5.831148406972E-03      1.414943929607E-03
   75.000000      9.030639550064E-03      2.330225288842E-03
   75.100000      1.276398148286E-02      3.471752525223E-03
   75.200000      1.617293803908E-02      4.578554992544E-03
   75.300000      1.858261136796E-02      5.403856035476E-03
   75.400000      1.957669218694E-02      5.771924425070E-03
   75.500000      1.904085469074E-02      5.618097079777E-03
   75.600000      1.717020381941E-02      5.003356619418E-03
   75.700000      1.443463425216E-02      4.099436059666E-03
   75.800000      1.149613577003E-02      3.146455330463E-03
   75.900000      9.080663105592E-03      2.391811371842E-03
   76.000000      7.846730579804E-03      2.025015735813E-03
   76.100000      8.232584010843E-03      2.126349453027E-03
   76.200000      1.003158017261E-02      2.645337719646E-03
   76.300000      1.251794678053E-02      3.417050651731E-03
   76.400000      1.492805840553E-02      4.211889365151E-03
   76.500000      1.664736901712E-02      4.802690410138E-03
   76.600000      1.729722507210E-02      5.027258031295E-03
   76.700000      1.675279214398E-02      4.827491588772E-03
   76.800000      1.511859393168E-02      4.256106867964E-03
   76.900000      1.269482186903E-02      3.453507101396E-03
   77.000000      9.949455280998E-03      2.605915667512E-03
   77.100000      7.491767427174E-03      1.899116582648E-03
   77.200000      6.001211323216E-03      1.480087600715E-03
   77.300000      5.892715864110E-03      1.433091347768E-03
   77.400000      7.041343456720E-03      1.770277757298E-03
   77.500000      9.124320073939E-03      2.432882280843E-03
   77.600000      1.182443560561E-02      3.299630071053E-03
   77.700000      1.467762308180E-02      4.202724772159E-03
   77.800000      1.707584928727E-02      4.954701521486E-03
   77.900000      1.848524412500E-02      5.387500374827E-03
   78.000000      1.858941043677E-02      5.398017359816E-03
   78.100000      1.737100263031E-02      4.986219146828E-03
   78.200000      1.514611368436E-02      4.268582372711E-03
   78.300000      1.253828658486E-02      3.454851518616E-03
   78.400000      1.036777747655E-02      2.788986140718E-03
   78.500000      9.326354627760E-03      2.470577752118E-03
   78.600000      9.660343814973E-03      2.584042953050E-03
   78.700000      1.119247971649E-02      3.063788126935E-03
   78.800000      1.328005733701E-02      3.712357767300E-03
   78.900000      1.506511326701E-02      4.268704447260E-03
   79.000000      1.585103156169E-02      4.503087565462E-03
   79.100000      1.530425761200E-02      4.302883058517E-03
   79.200000      1.352747132751E-02      3.715726452019E-03
   79.300000      1.103068804581E-02      2.932629060974E-03
   79.400000      8.608602915905E-03      2.217461656465E-03
   79.500000      7.150071747731E-03      1.810527711140E-03
   79.600000      7.310462600696E-03      1.843754228896E-03
   79.700000      8.921511210458E-03      2.299170041788E-03
   79.800000      1.130142861879E-02      3.023692341552E-03
   79.900000      1.369109075302E-02      3.790395898889E-03
   80.000000      1.546096935591E-02      4.379469295325E-03
   80.100000      1.624652308236E-02      4.647639465310E-03
   80.200000      1.599155471822E-02      4.563390836213E-03
   80.300000      1.491072195657E-02      4.201474192007E-03
   80.400000      1.339807837258E-02      3.706047609597E-03
   80.500000      1.191769582311E-02      3.240738174867E-03
   80.600000      1.091164995008E-02      2.943588485078E-03
   80.700000      1.073054744536E-02      2.897610959900E-03
   80.800000      1.148721667393E-02      3.118705310773E-03
   80.900000      1.293662569226E-02      3.556892086120E-03
   81.000000      1.466879842567E-02      4.106219380771E-03
   81.100000      1.623872600096E-02      4.621827530064E-03
   81.200000      1.721057530361E-02      4.945778202292E-03
   81.300000      1.721480665678E-02      4.942779350343E-03
   81.400000      1.603151513571E-02      4.541753477508E-03
   81.500000      1.368263916562E-02      3.771766494213E-03
   81.600000      1.050152336263E-02      2.776176549936E-03
   81.700000      7.151135633345E-03      1.791615264006E-03
   81.800000      4.574855521408E-03      1.089623728316E-03
   81.900000      3.834571741987E-03      8.945497343844E-04
   82.000000      5.428711551406E-03      1.304444130511E-03
   82.100000      8.738322944137E-03      2.245242529289E-03
   82.200000      1.276430481889E-02      3.479472714023E-03
   82.300000      1.644653316800E-02      4.671722354741E-03
   82.400000      1.889511959102E-02      5.491482146428E-03
   82.500000      1.957039382314E-02      5.718676190390E-03
   82.600000      1.838637446231E-02      5.314785336531E-03
   82.700000      1.572511184320E-02      4.434259560249E-03
   82.800000      1.236017093815E-02      3.372354694219E-03
   82.900000      9.302121184015E-03      2.468191321900E-03
   83.000000      7.592252382756E-03      1.996958674663E-03
   83.100000      7.941531875657E-03      2.087318050119E-03
   83.200000      1.007928464706E-02      2.689221767733E-03
   83.300000      1.309158973532E-02      3.598695200606E-03
   83.400000      1.600381777595E-02      4.527226872723E-03
   83.500000      1.801051381762E-02      5.190900116661E-03
   83.600000      1.860375882457E-02      5.391472811095E-03
   83.700000      1.763646586322E-02      5.067463871650E-03
   83.800000      1.532605390017E-02      4.304353625047E-03
   83.900000      1.220546699560E-02      3.304972432769E-03
   84.000000      9.025805734601E-03      2.330791207177E-03
   84.100000      6.606041338189E-03      1.630569162257E-03
   84.200000      5.635327966649E-03      1.374473023039E-03
   84.300000      6.457368592550E-03      1.609879259600E-03
   84.400000      8.720037270686E-03      2.250198985401E-03
   84.500000      1.156783741985E-02      3.100619471367E-03
   84.600000      1.414907036487E-02      3.915242015532E-03
   84.700000      1.581822301680E-02      4.470434560697E-03
   84.800000      1.624805890592E-02      4.632537387897E-03
   84.900000      1.548144378505E-02      4.397915490019E-03
   85.000000      1.390698619278E-02      3.891246193395E-03
   85.100000      1.214181837174E-02      3.321712162545E-03
   85.200000      1.082756201787E-02      2.911369855268E-03
   85.300000      1.044157508960E-02      2.819881815443E-03
   85.400000      1.126296822221E-02      3.091374791153E-03
   85.500000      1.312705772897E-02      3.641624836661E-03
   85.600000      1.523801874792E-02      4.289375448857E-03
   85.700000      1.686274001583E-02      4.819460265494E-03
   85.800000      1.750072161476E-02      5.054011522633E-03
   85.900000      1.695569449413E-02      4.906414353726E-03
   86.000000      1.534711458433E-02      4.401402586532E-03
   86.100000      1.305039999255E-02      3.659189439898E-03
   86.200000      1.057532323520E-02      2.854594330598E-03
   86.300000      8.422069641176E-03      2.168218440839E-03
   86.400000      7.017011928286E-03      1.744746588048E-03
   86.500000      6.714685445957E-03      1.666464779652E-03
   86.600000      7.672906478382E-03      1.942725553006E-03
   86.700000      9.636378371621E-03      2.511902523809E-03
   86.800000      1.206189611242E-02      3.252342853828E-03
   86.900000      1.438200083361E-02      4.001398189790E-03
   87.000000      1.610033139696E-02      4.583741737647E-03
   87.100000      1.683855424135E-02      4.849051111866E-03
   87.200000      1.639678074898E-02      4.714055560978E-03
   87.300000      1.482145371118E-02      4.197292915859E-03
   87.400000      1.245277765527E-02      3.431227418141E-03
   87.500000      9.917581068435E-03      2.639676981126E-03
   87.600000      8.033358347368E-03      2.079517394550E-03
   87.700000      7.591879449344E-03      1.960676403127E-03
   87.800000      8.997468864827E-03      2.370727305511E-03
   87.900000      1.187001378375E-02      3.233284388633E-03
   88.000000      1.529053826064E-02      4.319875400046E-03
   88.100000      1.827221774556E-02      5.315708387856E-03
   88.200000      2.000695504381E-02      5.918495194591E-03
   88.300000      2.002692736822E-02      5.935615127728E-03
   88.400000      1.828843294217E-02      5.344827419708E-03
   88.500000      1.516578059627E-02      4.297692897003E-03
   88.600000      1.135868956478E-02      3.066784354963E-03
   88.700000      7.732522749917E-03      1.958301786976E-03
   88.800000      5.133472383181E-03      1.222532470747E-03
   88.900000      4.230732738871E-03      9.919816319974E-04
   89.000000      5.236544404655E-03      1.263205127307E-03
   89.100000      7.588023547291E-03      1.920253892041E-03
   89.200000      1.045386570090E-02      2.783230314787E-03
   89.300000      1.319440039023E-02      3.660334495306E-03
   89.400000      1.539114406844E-02      4.386799180049E-03
   89.500000      1.678853201384E-02      4.845287320865E-03
   89.600000      1.723655178889E-02      4.972864845004E-03
   89.700000      1.668399048765E-02      4.763619422943E-03
   89.800000      1.522385939201E-02      4.271862194102E-03
   89.900000      1.314896860659E-02      3.612592155643E-03
   90.000000      1.097309017088E-02      2.950249393364E-03
   90.100000      9.365517388902E-03      2.468504704608E-03
   90.200000      8.851414831178E-03      2.322634125684E-03
   90.300000      9.574289616885E-03      2.587118236557E-03
   90.400000      1.146370319367E-02      3.218332703758E-03
   90.500000      1.410501084031E-02      4.051160161950E-03
   90.600000      1.664732767130E-02      4.838160793382E-03
   90.700000      1.825838682230E-02      5.323685752158E-03
   90.800000      1.839621619347E-02      5.329427748392E-03
   90.900000      1.692420171840E-02      4.819902687666E-03
   91.000000      1.414787819134E-02      3.921248277982E-03
   91.100000      1.076614690996E-02      2.883711943970E-03
   91.200000      7.759278908844E-03      2.000245762228E-03
   91.300000      6.140627661858E-03      1.510834862521E-03
   91.400000      6.227303745193E-03      1.527066825997E-03
   91.500000      7.814836284223E-03      2.002591058974E-03
   91.600000      1.030013893214E-02      2.757171087864E-03
   91.700000      1.284359444627E-02      3.542741448617E-03
   91.800000      1.471653803730E-02      4.126442198881E-03
   91.900000      1.549674117352E-02      4.362140020505E-03
   92.000000      1.512341673608E-02      4.228548099126E-03
   92.100000      1.387070464419E-02      3.825235299040E-03
   92.200000      1.226131807582E-02      3.332108964650E-03
   92.300000      1.093847336428E-02      2.948280115599E-03
   92.400000      1.050232089848E-02      2.829919589007E-03
   92.500000      1.123099705026E-02      3.044198243767E-03
   92.600000      1.289865426475E-02      3.550106168805E-03
   92.700000      1.498385855883E-02      4.209534178571E-03
   92.800000      1.686446325088E-02      4.825140063949E-03
   92.900000      1.796907172565E-02      5.195790754557E-03
   93.000000      1.790606807144E-02      5.176023758463E-03
   93.100000      1.655540427738E-02      4.723719860352E-03
   93.200000      1.411427798030E-02      3.921283159144E-03
   93.300000      1.108778470901E-02      2.961125514052E-03
   93.400000      8.214679541832E-03      2.095875672007E-03
   93.500000      6.319664817234E-03      1.565249486344E-03
   93.600000      6.118904848911E-03      1.521068322467E-03
   93.700000      7.780103961690E-03      1.975307599794E-03
   93.800000      1.056572233174E-02      2.790664394936E-03
   93.900000      1.354367431636E-02      3.719617286886E-03
   94.000000      1.587034883156E-02      4.480803266566E-03
   94.100000      1.695197313882E-02      4.847575501376E-03
   94.200000      1.655050185883E-02      4.718813590329E-03
   94.300000      1.481730282559E-02      4.148506131792E-03
   94.400000      1.225371299021E-02      3.325508278801E-03
   94.500000      9.605229678240E-03      2.512127196706E-03
   94.600000      7.699502358043E-03      1.963327470750E-03
   94.700000      7.247359905232E-03      1.852959856667E-03
   94.800000      8.552456630237E-03      2.228569992627E-03
   94.900000      1.116663268947E-02      3.004795695014E-03
   95.000000      1.431315142367E-02      3.992297455184E-03
   95.100000      1.723034592690E-02      4.949725260393E-03
   95.200000      1.928306734016E-02      5.643031192979E-03
   95.300000      2.003623589028E-02      5.898665120389E-03
   95.400000      1.930168479983E-02      5.641728152165E-03
   95.500000      1.716407621930E-02      4.913991668123E-03
   95.600000      1.398630942135E-02      3.868821616958E-03
   95.700000      1.038806893175E-02      2.741730847923E-03
   95.800000      7.186586245573E-03      1.798609935186E-03
   95.900000      5.277906016294E-03      1.269628678877E-03
   96.000000      5.344316103727E-03      1.283950353048E-03
   96.100000      7.299267636649E-03      1.825200292114E-03
   96.200000      1.034852900071E-02      2.726075729381E-03
   96.300000      1.349686869234E-02      3.710595461777E-03
   96.400000      1.584688820623E-02      4.476245829554E-03
   96.500000      1.679022963799E-02      4.791659902531E-03
   96.600000      1.613420973851E-02      4.576060220619E-03
   96.700000      1.414960745864E-02      3.929931285530E-03
   96.800000      1.152190360215E-02      3.102497790055E-03
   96.900000      9.192234051836E-03      2.405014675932E-03
   97.000000      8.075283987089E-03      2.100360060880E-03
   97.100000      8.743169789572E-03      2.309780221233E-03
   97.200000      1.102822807949E-02      2.971863471914E-03
   97.300000      1.395854289474E-02      3.868706069816E-03
   97.400000      1.654882811305E-02      4.707945960231E-03
   97.500000      1.806017130686E-02      5.227892970849E-03
   97.600000      1.813753415871E-02      5.285297346188E-03
   97.700000      1.686229309718E-02      4.894262113225E-03
   97.800000      1.470441025250E-02      4.206069843222E-03
   97.900000      1.236919126698E-02      3.443635225274E-03
   98.000000      1.051072986838E-02      2.820396912596E-03
   98.100000      9.472564195207E-03      2.475346783974E-03
   98.200000      9.348145417566E-03      2.444390652186E-03
   98.300000      1.007581115086E-02      2.670455201034E-03
   98.400000      1.133139439888E-02      3.039666459214E-03
   98.500000      1.261533465030E-02      3.424480713630E-03
   98.600000      1.351784951979E-02      3.717600933431E-03
   98.700000      1.382104828102E-02      3.849412442880E-03
   98.800000      1.350199720979E-02      3.791307303669E-03
   98.900000      1.268565554148E-02      3.552877701900E-03
   99.000000      1.156139029175E-02      3.180036255167E-03
   99.100000      1.032263668598E-02      2.754801201426E-03
   99.200000      9.219148853574E-03      2.390465158475E-03
   99.300000      8.618025336631E-03      2.213821467169E-03
   99.400000      8.941991871403E-03      2.331709281739E-03
   99.500000      1.045507921063E-02      2.789648578212E-03
   99.600000      1.288523203153E-02      3.539184012878E-03
   99.700000      1.561605824846E-02      4.431641507649E-03
   99.800000      1.799138210473E-02      5.247630578251E-03
   99.900000      1.942523660101E-02      5.757352941426E-03
  100.000000      1.951100705457E-02      5.793139881603E-03
