# M=10, N=5, V0=0.0, V=0.15, PBC
#  time (tJ)                 S₁(n=3)                 S₂(n=3)
    0.000000     -8.881784197001E-16      4.440892098501E-16
    0.100000      6.956046852480E-04      1.251971012954E-04
    0.200000      2.331862529879E-03      4.775030659454E-04
    0.300000      4.477958143479E-03      9.925152759385E-04
    0.400000      6.745339608378E-03      1.579596178339E-03
    0.500000      8.793224740358E-03      2.142201728379E-03
    0.600000      1.036659888418E-02      2.598366530418E-03
    0.700000      1.132384079796E-02      2.896293411045E-03
    0.800000      1.164527638764E-02      3.021620786976E-03
    0.900000      1.142162585409E-02      2.995380782733E-03
    1.000000      1.082624521658E-02      2.864138852452E-03
    1.100000      1.007649462783E-02      2.685611001970E-03
    1.200000      9.379479441235E-03      2.513759975500E-03
    1.300000      8.897746530078E-03      2.386932544722E-03
    1.400000      8.737409621563E-03      2.321316163716E-03
    1.500000      8.875786361473E-03      2.310361430218E-03
    1.600000      9.128543710513E-03      2.329341697938E-03
    1.700000      9.323596739828E-03      2.343258077329E-03
    1.800000      9.318773258806E-03      2.315974777207E-03
    1.900000      9.015523968252E-03      2.218697028681E-03
    2.000000      8.370984734611E-03      2.036452258579E-03
    2.100000      7.402678830724E-03      1.771843518350E-03
    2.200000      6.185117147781E-03      1.445822595343E-03
    2.300000      4.842440628309E-03      1.095523562211E-03
    2.400000      3.553987275998E-03      7.693826409212E-04
    2.500000      2.545371511844E-03      5.199854866085E-04
    2.600000      2.018598169590E-03      3.954227880931E-04
    2.700000      2.125375847713E-03      4.303691402043E-04
    2.800000      2.953635380352E-03      6.384680380522E-04
    2.900000      4.409205131105E-03      1.007694557114E-03
    3.000000      6.256168934944E-03      1.500027219939E-03
    3.100000      8.247572102651E-03      2.055992479669E-03
    3.200000      1.014021157378E-02      2.603612514619E-03
    3.300000      1.171162224255E-02      3.070255453551E-03
    3.400000      1.278249974811E-02      3.395132695489E-03
    3.500000      1.324474026409E-02      3.539915853762E-03
    3.600000      1.307245559244E-02      3.495242407090E-03
    3.700000      1.232317956339E-02      3.281695781323E-03
    3.800000      1.113125992378E-02      2.945008777794E-03
    3.900000      9.692289202481E-03      2.546486497855E-03
    4.000000      8.239321243123E-03      2.150685564801E-03
    4.100000      7.020607521856E-03      1.812974838702E-03
    4.200000      6.261731519850E-03      1.569600866416E-03
    4.300000      5.947626112913E-03      1.432291685712E-03
    4.400000      5.941953332163E-03      1.388396434741E-03
    4.500000      6.096587297878E-03      1.406320788770E-03
    4.600000      6.264294956415E-03      1.444869068519E-03
    4.700000      6.323353664153E-03      1.464302090314E-03
    4.800000      6.200446294436E-03      1.436626551092E-03
    4.900000      5.886685969895E-03      1.352876023503E-03
    5.000000      5.427905222219E-03      1.225835327745E-03
    5.100000      4.908473889634E-03      1.087635080464E-03
    5.200000      4.464218171141E-03      9.827103022211E-04
    5.300000      4.265087626359E-03      9.575850074821E-04
    5.400000      4.478412550656E-03      1.049636326971E-03
    5.500000      5.238652390639E-03      1.277262028806E-03
    5.600000      6.549396234616E-03      1.633644546510E-03
    5.700000      8.198842009357E-03      2.085592385562E-03
    5.800000      9.941786871327E-03      2.577879198414E-03
    5.900000      1.153845238027E-02      3.042319147589E-03
    6.000000      1.277293500916E-02      3.409784664335E-03
    6.100000      1.347718660431E-02      3.622733468615E-03
    6.200000      1.355294278339E-02      3.645716545497E-03
    6.300000      1.298433326342E-02      3.471801593045E-03
    6.400000      1.183742265457E-02      3.123741084600E-03
    6.500000      1.024480173281E-02      2.649814200938E-03
    6.600000      8.396176772434E-03      2.115319007243E-03
    6.700000      6.519175925103E-03      1.591464652014E-03
    6.800000      4.859074105834E-03      1.143779064170E-03
    6.900000      3.661775374055E-03      8.220769944622E-04
    7.000000      3.067110718984E-03      6.535944468009E-04
    7.100000      3.058052314623E-03      6.402253873006E-04
    7.200000      3.547989854453E-03      7.600590306507E-04
    7.300000      4.385212717571E-03      9.727538461526E-04
    7.400000      5.393812030212E-03      1.227778527847E-03
    7.500000      6.371634051997E-03      1.474206452871E-03
    7.600000      7.145972337833E-03      1.670529339252E-03
    7.700000      7.615949963744E-03      1.792835251722E-03
    7.800000      7.762457575948E-03      1.839723866334E-03
    7.900000      7.648688547933E-03      1.832626635593E-03
    8.000000      7.408895107160E-03      1.810879249206E-03
    8.100000      7.226189437162E-03      1.821967501574E-03
    8.200000      7.307760857166E-03      1.908656632598E-03
    8.300000      7.863161560406E-03      2.095861107695E-03
    8.400000      8.903850137465E-03      2.380688557484E-03
    8.500000      1.022617106828E-02      2.728765104266E-03
    8.600000      1.156197603298E-02      3.078636792418E-03
    8.700000      1.262359435750E-02      3.353990963321E-03
    8.800000      1.315699201378E-02      3.481195761560E-03
    8.900000      1.298637133018E-02      3.407903956393E-03
    9.000000      1.204867594106E-02      3.117815235174E-03
    9.100000      1.041059034024E-02      2.637438717348E-03
    9.200000      8.264015541474E-03      2.032705461012E-03
    9.300000      5.900599711242E-03      1.395992273230E-03
    9.400000      3.671027387820E-03      8.267318338051E-04
    9.500000      1.943859420574E-03      4.105157473901E-04
    9.600000      1.053207507205E-03      2.019335563483E-04
    9.700000      1.168505202165E-03      2.152504939690E-04
    9.800000      2.147909846276E-03      4.247793081564E-04
    9.900000      3.653446568074E-03      7.741447258645E-04
   10.000000      5.329582201377E-03      1.191374493374E-03
   10.100000      6.894507416867E-03      1.605525071612E-03
   10.200000      8.160633544987E-03      1.960647153887E-03
   10.300000      9.038296526849E-03      2.224156775842E-03
   10.400000      9.527517708144E-03      2.388579764451E-03
   10.500000      9.699627482067E-03      2.467508757981E-03
   10.600000      9.668875806067E-03      2.487887017728E-03
   10.700000      9.543662391116E-03      2.481141454552E-03
   10.800000      9.419455385563E-03      2.475304840415E-03
   10.900000      9.382923774115E-03      2.489423837611E-03
   11.000000      9.510493925013E-03      2.530652376313E-03
   11.100000      9.803150938015E-03      2.593791075270E-03
   11.200000      1.015071457327E-02      2.662771236201E-03
   11.300000      1.042689445145E-02      2.713621493482E-03
   11.400000      1.052159214926E-02      2.718606160897E-03
   11.500000      1.034788923068E-02      2.651289740947E-03
   11.600000      9.847364042145E-03      2.492150344168E-03
   11.700000      8.993348543234E-03      2.234054723635E-03
   11.800000      7.799965044258E-03      1.886558397644E-03
   11.900000      6.338480719187E-03      1.477808867707E-03
   12.000000      4.740584244001E-03      1.052991308867E-03
   12.100000      3.199761378532E-03      6.688424128360E-04
   12.200000      1.966253550460E-03      3.846863161394E-04
   12.300000      1.330742747848E-03      2.514737430088E-04
   12.400000      1.545849953159E-03      3.010986789889E-04
   12.500000      2.579260124692E-03      5.385234954405E-04
   12.600000      4.197539101822E-03      9.388132415622E-04
   12.700000      6.143685328829E-03      1.450132384395E-03
   12.800000      8.149515900233E-03      2.002363577683E-03
   12.900000      9.962574712755E-03      2.519647680767E-03
   13.000000      1.137401665141E-02      2.934182614416E-03
   13.100000      1.224051215207E-02      3.198302218695E-03
   13.200000      1.250345134229E-02      3.292254799617E-03
   13.300000      1.219677837427E-02      3.226101793041E-03
   13.400000      1.143891797336E-02      3.035503338011E-03
   13.500000      1.041246020633E-02      2.772519213988E-03
   13.600000      9.336706940839E-03      2.493611267996E-03
   13.700000      8.446674581112E-03      2.247556706531E-03
   13.800000      7.929374865455E-03      2.065879081985E-03
   13.900000      7.736753743122E-03      1.957734251493E-03
   14.000000      7.742841314537E-03      1.910134402748E-03
   14.100000      7.808075571684E-03      1.893207546794E-03
   14.200000      7.795297140130E-03      1.869133207042E-03
   14.300000      7.588504565042E-03      1.802677439528E-03
   14.400000      7.115536219892E-03      1.670992095832E-03
   14.500000      6.368225898598E-03      1.470561775446E-03
   14.600000      5.412369220455E-03      1.219803981682E-03
   14.700000      4.385273472730E-03      9.567185866461E-04
   14.800000      3.477003323893E-03      7.319770919927E-04
   14.900000      2.893449088936E-03      5.987700508667E-04
   15.000000      2.831423727508E-03      6.014305650615E-04
   15.100000      3.428523863623E-03      7.651820166359E-04
   15.200000      4.676132314542E-03      1.089222130199E-03
   15.300000      6.384952280036E-03      1.544736442043E-03
   15.400000      8.307856705033E-03      2.078429339193E-03
   15.500000      1.019171977324E-02      2.620983208867E-03
   15.600000      1.180153164806E-02      3.098788747725E-03
   15.700000      1.294703761099E-02      3.446599584533E-03
   15.800000      1.350410476027E-02      3.618616623979E-03
   15.900000      1.342205328433E-02      3.595913201151E-03
   16.000000      1.272746981938E-02      3.388935695793E-03
   16.100000      1.152399100537E-02      3.034828584751E-03
   16.200000      9.979649118149E-03      2.590297107859E-03
   16.300000      8.308786048631E-03      2.121450117289E-03
   16.400000      6.751696354715E-03      1.692470337006E-03
   16.500000      5.552753680777E-03      1.355040428567E-03
   16.600000      4.859302694642E-03      1.140265624115E-03
   16.700000      4.653908189268E-03      1.054438129329E-03
   16.800000      4.833936243934E-03      1.079424142166E-03
   16.900000      5.253477320912E-03      1.177744628231E-03
   17.000000      5.742270829074E-03      1.301605970911E-03
   17.100000      6.143365507460E-03      1.404308059007E-03
   17.200000      6.342098983449E-03      1.451773322449E-03
   17.300000      6.284774475311E-03      1.431604855242E-03
   17.400000      5.998342621327E-03      1.357288721915E-03
   17.500000      5.595919724147E-03      1.266005799004E-03
   17.600000      5.256203243013E-03      1.209939708117E-03
   17.700000      5.187627184838E-03      1.242674781468E-03
   17.800000      5.589887995990E-03      1.403813381931E-03
   17.900000      6.623029231693E-03      1.705799234693E-03
   18.000000      8.188337885526E-03      2.126736643034E-03
   18.100000      9.982016579413E-03      2.611661139357E-03
   18.200000      1.168583820954E-02      3.082531102676E-03
   18.300000      1.300612265327E-02      3.454775115123E-03
   18.400000      1.371417450800E-02      3.656289898922E-03
   18.500000      1.368154703173E-02      3.643974706604E-03
   18.600000      1.289925405404E-02      3.413506487167E-03
   18.700000      1.147675940649E-02      2.999939043105E-03
   18.800000      9.621479776020E-03      2.469261854891E-03
   18.900000      7.604337791435E-03      1.903476681624E-03
   19.000000      5.715931119211E-03      1.383307044703E-03
   19.100000      4.198141666394E-03      9.729316087745E-04
   19.200000      3.232650074626E-03      7.101514470444E-04
   19.300000      2.897525018200E-03      6.035799900501E-04
   19.400000      3.100460283605E-03      6.364152050056E-04
   19.500000      3.682606790783E-03      7.747381162799E-04
   19.600000      4.476644243190E-03      9.774998069076E-04
   19.700000      5.336225909993E-03      1.205520935154E-03
   19.800000      6.150651810144E-03      1.427730726050E-03
   19.900000      6.855337120747E-03      1.624093837292E-03
   20.000000      7.432120773148E-03      1.785735878201E-03
   20.100000      7.883932583924E-03      1.913332300838E-03
   20.200000      8.212640528969E-03      2.014779467534E-03
   20.300000      8.443475136102E-03      2.102702749284E-03
   20.400000      8.629293794381E-03      2.191820149564E-03
   20.500000      8.847105502913E-03      2.295901548545E-03
   20.600000      9.192245187490E-03      2.424200963373E-03
   20.700000      9.708791701945E-03      2.577715399455E-03
   20.800000      1.032645839997E-02      2.746178784252E-03
   20.900000      1.093477185562E-02      2.907016736426E-03
   21.000000      1.141244362544E-02      3.027335737925E-03
   21.100000      1.163630705537E-02      3.069351249732E-03
   21.200000      1.148841906938E-02      2.998637564024E-03
   21.300000      1.088438613729E-02      2.793532162882E-03
   21.400000      9.793528958618E-03      2.453323080409E-03
   21.500000      8.260161430045E-03      2.002780807063E-03
   21.600000      6.416150418703E-03      1.491268459426E-03
   21.700000      4.474244296711E-03      9.859419601397E-04
   21.800000      2.709798911962E-03      5.600990649275E-04
   21.900000      1.441579666402E-03      2.791105318662E-04
   22.000000      1.015043323629E-03      1.871566320797E-04
   22.100000      1.551849430281E-03      2.979445700406E-04
   22.200000      2.833118700615E-03      5.916855402748E-04
   22.300000      4.565729546053E-03      1.019101264230E-03
   22.400000      6.457021566841E-03      1.511523225441E-03
   22.500000      8.237401105714E-03      1.994706828143E-03
   22.600000      9.686041384417E-03      2.403179280656E-03
   22.700000      1.066052363721E-02      2.691950270072E-03
   22.800000      1.111116937343E-02      2.843183611466E-03
   22.900000      1.107956072727E-02      2.866708479450E-03
   23.000000      1.068417038330E-02      2.794689035343E-03
   23.100000      1.009605981221E-02      2.672019903414E-03
   23.200000      9.511069520197E-03      2.544809307575E-03
   23.300000      9.121563790313E-03      2.449530053652E-03
   23.400000      9.047812811120E-03      2.405087126903E-03
   23.500000      9.222598014984E-03      2.409307901425E-03
   23.600000      9.498178965546E-03      2.440397766623E-03
   23.700000      9.716173964297E-03      2.462908931710E-03
   23.800000      9.725920006605E-03      2.436901629262E-03
   23.900000      9.409332183308E-03      2.328361458624E-03
   24.000000      8.702590935999E-03      2.118672529487E-03
   24.100000      7.611205353712E-03      1.811092800633E-03
   24.200000      6.217410248558E-03      1.432732494970E-03
   24.300000      4.676563925329E-03      1.031415824329E-03
   24.400000      3.203214771911E-03      6.678527257287E-04
   24.500000      2.062072207992E-03      4.045550241907E-04
   24.600000      1.543228730707E-03      2.936845029287E-04
   24.700000      1.848026820986E-03      3.663359874788E-04
   24.800000      2.945436350156E-03      6.255339563479E-04
   24.900000      4.616597133031E-03      1.044475913020E-03
   25.000000      6.593627479199E-03      1.570447840516E-03
   25.100000      8.609356233819E-03      2.133632049828E-03
   25.200000      1.042065186579E-02      2.659021390701E-03
   25.300000      1.182940338602E-02      3.079078571760E-03
   25.400000      1.269574290727E-02      3.344736623752E-03
   25.500000      1.295602469312E-02      3.432781995745E-03
   25.600000      1.262758109534E-02      3.348442050837E-03
   25.700000      1.180455785958E-02      3.122915538332E-03
   25.800000      1.064592543343E-02      2.806457295904E-03
   25.900000      9.356385782413E-03      2.458333730977E-03
   26.000000      8.162476026280E-03      2.135444501914E-03
   26.100000      7.286706928493E-03      1.881639145316E-03
   26.200000      6.846021284166E-03      1.719727652478E-03
   26.300000      6.765258707504E-03      1.647852166573E-03
   26.400000      6.897299787364E-03      1.641210199203E-03
   26.500000      7.066617582134E-03      1.659109619090E-03
   26.600000      7.101744935750E-03      1.656122723039E-03
   26.700000      6.874187939935E-03      1.594960843985E-03
   26.800000      6.332311843105E-03      1.457964737570E-03
   26.900000      5.524433394499E-03      1.254111925976E-03
   27.000000      4.599697343213E-03      1.019315402255E-03
   27.100000      3.759804242712E-03      8.093981271409E-04
   27.200000      3.224435870693E-03      6.870824226568E-04
   27.300000      3.196904219131E-03      7.060801831789E-04
   27.400000      3.830389277509E-03      8.963639151673E-04
   27.500000      5.180641506510E-03      1.254583591159E-03
   27.600000      7.035374427504E-03      1.742335542520E-03
   27.700000      9.056017600862E-03      2.292910503963E-03
   27.800000      1.092947236653E-02      2.824847638404E-03
   27.900000      1.239490287058E-02      3.258792156740E-03
   28.000000      1.327363126411E-02      3.533354254942E-03
   28.100000      1.348791105536E-02      3.616128051044E-03
   28.200000      1.306301422581E-02      3.507571097947E-03
   28.300000      1.211395246815E-02      3.237538062052E-03
   28.400000      1.081533603623E-02      2.856217230895E-03
   28.500000      9.350991360563E-03      2.422436424376E-03
   28.600000      7.879481096393E-03      1.992486092027E-03
   28.700000      6.552912734789E-03      1.611838759416E-03
   28.800000      5.508950314814E-03      1.310830457293E-03
   28.900000      4.836468504149E-03      1.104047136830E-03
   29.000000      4.503309042218E-03      9.922759006504E-04
   29.100000      4.436239597811E-03      9.656435358676E-04
   29.200000      4.568705725492E-03      1.006899401269E-03
   29.300000      4.843650784947E-03      1.094424886681E-03
   29.400000      5.223490438923E-03      1.205115152997E-03
   29.500000      5.677144022711E-03      1.317501144230E-03
   29.600000      6.115156040537E-03      1.415260745111E-03
   29.700000      6.455056334910E-03      1.490725520867E-03
   29.800000      6.672343873392E-03      1.547414588206E-03
   29.900000      6.800010380594E-03      1.600361172780E-03
   30.000000      6.922810127408E-03      1.673276118861E-03
   30.100000      7.164251619610E-03      1.792425471444E-03
   30.200000      7.665127603745E-03      1.978243606696E-03
   30.300000      8.508490718564E-03      2.236748950140E-03
   30.400000      9.617537725192E-03      2.553354562418E-03
   30.500000      1.083084117407E-02      2.891399607980E-03
   30.600000      1.194747472962E-02      3.196655663614E-03
   30.700000      1.275035413370E-02      3.407445612012E-03
   30.800000      1.305061563919E-02      3.468318730976E-03
   30.900000      1.272074578128E-02      3.343983302422E-03
   31.000000      1.172435458935E-02      3.029830102888E-03
   31.100000      1.013091199103E-02      2.556054917254E-03
   31.200000      8.113573218766E-03      1.983951154780E-03
   31.300000      5.930316514346E-03      1.394957338325E-03
   31.400000      3.892458209235E-03      8.749281904761E-04
   31.500000      2.329516587105E-03      4.973169431497E-04
   31.600000      1.553996388277E-03      3.091863387965E-04
   31.700000      1.665275977231E-03      3.231802928250E-04
   31.800000      2.518851621699E-03      5.170451343925E-04
   31.900000      3.879079964086E-03      8.404346428899E-04
   32.000000      5.434163096028E-03      1.227061798509E-03
   32.100000      6.905315384806E-03      1.609177254743E-03
   32.200000      8.092368917903E-03      1.931072998073E-03
   32.300000      8.885698779558E-03      2.158812611646E-03
   32.400000      9.267532087113E-03      2.284464181053E-03
   32.500000      9.301851118862E-03      2.324436968638E-03
   32.600000      9.114441386143E-03      2.312772951371E-03
   32.700000      8.867326211655E-03      2.291172116793E-03
   32.800000      8.726175261510E-03      2.298008376557E-03
   32.900000      8.840069309068E-03      2.358610276867E-03
   33.000000      9.284778707600E-03      2.478709436320E-03
   33.100000      9.962930050119E-03      2.642308607228E-03
   33.200000      1.068475269801E-02      2.814399836191E-03
   33.300000      1.125953620968E-02      2.948072088215E-03
   33.400000      1.151483685312E-02      2.994695107644E-03
   33.500000      1.131936643640E-02      2.915187233246E-03
   33.600000      1.060474803165E-02      2.690024665192E-03
   33.700000      9.380796142400E-03      2.325760246760E-03
   33.800000      7.735970152360E-03      1.856436969434E-03
   33.900000      5.835995209467E-03      1.339318506849E-03
   34.000000      3.912765929622E-03      8.455967476508E-04
   34.100000      2.242784311478E-03      4.478745893497E-04
   34.200000      1.128410945793E-03      2.069683752559E-04
   34.300000      8.952846339323E-04      1.607344096906E-04
   34.400000      1.638263739074E-03      3.171647129530E-04
   34.500000      3.089005651093E-03      6.530534652898E-04
   34.600000      4.948856929353E-03      1.118360620020E-03
   34.700000      6.935928689550E-03      1.645278328737E-03
   34.800000      8.792878088105E-03      2.160170648847E-03
   34.900000      1.030662009695E-02      2.596132748453E-03
   35.000000      1.133208807726E-02      2.903917297719E-03
   35.100000      1.180399853342E-02      3.059341269749E-03
   35.200000      1.174108239877E-02      3.065923022089E-03
   35.300000      1.124096298779E-02      2.952312926024E-03
   35.400000      1.046411111381E-02      2.764978659025E-03
   35.500000      9.606276505949E-03      2.557483800917E-03
   35.600000      8.871781031201E-03      2.378424589379E-03
   35.700000      8.456964548996E-03      2.260510996825E-03
   35.800000      8.446034336769E-03      2.213246241253E-03
   35.900000      8.681787870693E-03      2.221079021022E-03
   36.000000      8.965280131849E-03      2.247792926667E-03
   36.100000      9.097120850975E-03      2.246432976893E-03
   36.200000      8.909746691650E-03      2.172585167616E-03
   36.300000      8.302764997843E-03      1.997749448571E-03
   36.400000      7.268531677794E-03      1.719266900806E-03
   36.500000      5.903227146095E-03      1.363967065473E-03
   36.600000      4.402137917781E-03      9.842737512802E-04
   36.700000      3.037010748943E-03      6.475258863254E-04
   36.800000      2.100500296238E-03      4.211357427084E-04
   36.900000      1.806233999635E-03      3.573481419568E-04
   37.000000      2.292940680682E-03      4.814332831424E-04
   37.100000      3.538628592997E-03      7.861357951713E-04
   37.200000      5.308382651333E-03      1.233444461183E-03
   37.300000      7.286197321290E-03      1.762793659477E-03
   37.400000      9.195997292255E-03      2.303248174305E-03
   37.500000      1.081791141551E-02      2.786490580548E-03
   37.600000      1.200283901278E-02      3.157665510966E-03
   37.700000      1.267810165824E-02      3.382153895515E-03
   37.800000      1.284060776598E-02      3.447728340428E-03
   37.900000      1.253824020192E-02      3.362782014410E-03
   38.000000      1.183897755289E-02      3.152046800845E-03
   38.100000      1.082910836912E-02      2.851287351084E-03
   38.200000      9.626348539978E-03      2.502012554592E-03
   38.300000      8.375747778882E-03      2.146607383992E-03
   38.400000      7.246359505432E-03      1.823810477926E-03
   38.500000      6.392410955759E-03      1.564376177406E-03
   38.600000      5.845368567960E-03      1.387075211922E-03
   38.700000      5.576129487623E-03      1.295701314058E-03
   38.800000      5.535331191164E-03      1.278137147306E-03
   38.900000      5.653600243522E-03      1.308494700913E-03
   39.000000      5.832667701531E-03      1.352752034353E-03
   39.100000      5.952448347098E-03      1.377271804444E-03
   39.200000      5.932265499082E-03      1.358441794610E-03
   39.300000      5.730440984534E-03      1.290867459688E-03
   39.400000      5.371002627675E-03      1.191456570697E-03
   39.500000      4.964621426913E-03      1.097532872606E-03
   39.600000      4.686628806300E-03      1.058657987232E-03
   39.700000      4.740286944464E-03      1.123701960802E-03
   39.800000      5.324352837208E-03      1.326302539665E-03
   39.900000      6.541337293874E-03      1.672652479544E-03
   40.000000      8.231006187053E-03      2.135241655126E-03
   40.100000      1.011251469894E-02      2.654782835391E-03
   40.200000      1.187867517201E-02      3.150429040588E-03
   40.300000      1.323930682733E-02      3.536137586398E-03
   40.400000      1.396479464012E-02      3.739297266527E-03
   40.500000      1.392193572228E-02      3.717021785388E-03
   40.600000      1.309542006468E-02      3.466046510634E-03
   40.700000      1.159090193186E-02      3.023805034780E-03
   40.800000      9.619430342514E-03      2.460535735570E-03
   40.900000      7.466170786312E-03      1.864519537173E-03
   41.000000      5.448152677515E-03      1.324146837520E-03
   41.100000      3.874132000476E-03      9.110508026797E-04
   41.200000      3.005450120185E-03      6.679663279598E-04
   41.300000      2.872188130882E-03      6.035490261689E-04
   41.400000      3.318464617990E-03      6.945904810607E-04
   41.500000      4.148709292283E-03      8.943976913725E-04
   41.600000      5.142004924395E-03      1.144946774876E-03
   41.700000      6.090543607774E-03      1.389950144567E-03
   41.800000      6.833838517385E-03      1.586163086093E-03
   41.900000      7.288583839630E-03      1.710924358977E-03
   42.000000      7.455391631230E-03      1.764842765028E-03
   42.100000      7.407741545258E-03      1.769497413358E-03
   42.200000      7.269395196800E-03      1.760871735883E-03
   42.300000      7.188295972361E-03      1.779915581793E-03
   42.400000      7.313893549846E-03      1.862085446580E-03
   42.500000      7.772091802436E-03      2.027908381977E-03
   42.600000      8.627803556013E-03      2.276498627849E-03
   42.700000      9.751668107797E-03      2.583490994171E-03
   42.800000      1.092781558755E-02      2.904062459658E-03
   42.900000      1.194194644745E-02      3.180701886708E-03
   43.000000      1.259724393797E-02      3.354350267657E-03
   43.100000      1.274089118638E-02      3.376709271516E-03
   43.200000      1.228586176283E-02      3.221126061923E-03
   43.300000      1.122162769360E-02      2.889645106631E-03
   43.400000      9.626729880557E-03      2.414573193045E-03
   43.500000      7.663244281211E-03      1.854075512718E-03
   43.600000      5.560342272103E-03      1.282625063074E-03
   43.700000      3.589638785122E-03      7.782341692391E-04
   43.800000      2.036767884135E-03      4.090333674207E-04
   43.900000      1.183957758363E-03      2.218026096217E-04
   44.000000      1.256930451201E-03      2.345504059336E-04
   44.100000      2.168163141157E-03      4.343588396201E-04
   44.200000      3.637750094863E-03      7.806963758838E-04
   44.300000      5.363199808679E-03      1.213445623079E-03
   44.400000      7.070414530849E-03      1.664129139051E-03
   44.500000      8.536258015734E-03      2.068309124141E-03
   44.600000      9.605959334761E-03      2.376922584451E-03
   44.700000      1.020651750549E-02      2.564427844088E-03
   44.800000      1.035090409431E-02      2.632116859461E-03
   44.900000      1.012994459725E-02      2.605792580002E-03
   45.000000      9.692958608703E-03      2.528138644163E-03
   45.100000      9.223193477184E-03      2.447319705526E-03
   45.200000      8.912930355706E-03      2.404347880535E-03
   45.300000      8.950413985980E-03      2.422223476404E-03
   45.400000      9.362342762862E-03      2.499596656301E-03
   45.500000      9.938185196731E-03      2.610687854319E-03
   45.600000      1.045900949133E-02      2.711663235690E-03
   45.700000      1.072395718839E-02      2.751983124869E-03
   45.800000      1.057893489818E-02      2.687894207331E-03
   45.900000      9.943873328019E-03      2.494621915727E-03
   46.000000      8.828139964909E-03      2.174141833408E-03
   46.100000      7.329041153426E-03      1.756594146525E-03
   46.200000      5.617019368422E-03      1.295107058891E-03
   46.300000      3.916628605486E-03      8.555006144513E-04
   46.400000      2.474701523621E-03      5.035454742286E-04
   46.500000      1.538403507808E-03      2.928283185528E-04
   46.600000      1.346968777406E-03      2.557903584646E-04
   46.700000      2.007704367335E-03      3.994021064559E-04
   46.800000      3.318269870863E-03      7.056320620364E-04
   46.900000      5.009907551559E-03      1.135785957514E-03
   47.000000      6.852875698725E-03      1.637223537654E-03
   47.100000      8.648027418454E-03      2.150961194400E-03
   47.200000      1.022862612139E-02      2.619076769017E-03
   47.300000      1.146231094350E-02      2.991349352479E-03
   47.400000      1.225314366040E-02      3.230902689378E-03
   47.500000      1.253518808172E-02      3.318630943848E-03
   47.600000      1.229860382189E-02      3.255935564186E-03
   47.700000      1.160151611508E-02      3.065029255138E-03
   47.800000      1.056895279449E-02      2.786051292030E-03
   47.900000      9.384040076223E-03      2.470667210149E-03
   48.000000      8.274562525961E-03      2.172670577548E-03
   48.100000      7.481468362092E-03      1.937129253192E-03
   48.200000      7.069002064602E-03      1.790457422732E-03
   48.300000      6.998684098389E-03      1.734082005241E-03
   48.400000      7.170982319403E-03      1.743875693745E-03
   48.500000      7.403252153265E-03      1.776251541006E-03
   48.600000      7.494112425821E-03      1.780030737491E-03
   48.700000      7.284304733136E-03      1.711404180523E-03
   48.800000      6.693954436675E-03      1.548090499992E-03
   48.900000      5.750979512498E-03      1.298615994365E-03
   49.000000      4.598019060380E-03      1.003678127043E-03
   49.100000      3.468047627863E-03      7.285900080141E-04
   49.200000      2.646170923048E-03      5.482804525441E-04
   49.300000      2.418087992637E-03      5.285077062771E-04
   49.400000      3.021358642474E-03      7.081595390162E-04
   49.500000      4.526059028120E-03      1.087366506586E-03
   49.600000      6.600604996043E-03      1.624672237879E-03
   49.700000      8.884118064018E-03      2.244115701400E-03
   49.800000      1.102774854971E-02      2.850482294515E-03
   49.900000      1.272684774774E-02      3.348912811310E-03
   50.000000      1.376052660843E-02      3.664078656586E-03
   50.100000      1.401893729630E-02      3.754455749426E-03
   50.200000      1.351249565475E-02      3.618692351309E-03
   50.300000      1.236255303479E-02      3.293190310045E-03
   50.400000      1.077602407888E-02      2.842177726009E-03
   50.500000      9.007708838711E-03      2.343164039062E-03
   50.600000      7.319512222356E-03      1.871373991906E-03
   50.700000      5.948664717964E-03      1.486498475440E-03
   50.800000      5.086194958421E-03      1.224105276592E-03
   50.900000      4.756769040088E-03      1.092715564934E-03
   51.000000      4.821362524558E-03      1.076275602629E-03
   51.100000      5.132392869390E-03      1.140817277807E-03
   51.200000      5.535539950418E-03      1.243604791272E-03
   51.300000      5.892460076188E-03      1.342953022852E-03
   51.400000      6.110529699936E-03      1.407045913642E-03
   51.500000      6.154125639357E-03      1.420362395735E-03
   51.600000      6.034643743882E-03      1.386679962544E-03
   51.700000      5.809364874948E-03      1.328086050456E-03
   51.800000      5.587018603173E-03      1.280020965638E-03
   51.900000      5.505985173554E-03      1.283093412604E-03
   52.000000      5.700117777539E-03      1.373145091311E-03
   52.100000      6.281177694585E-03      1.571597169566E-03
   52.200000      7.326699119893E-03      1.878270298708E-03
   52.300000      8.720465329464E-03      2.268496897646E-03
   52.400000      1.023872666527E-02      2.695470657737E-03
   52.500000      1.165139326171E-02      3.097607822286E-03
   52.600000      1.274395270766E-02      3.409535021494E-03
   52.700000      1.333940573928E-02      3.574471466024E-03
   52.800000      1.332158181709E-02      3.555443351608E-03
   52.900000      1.265535178685E-02      3.343015865235E-03
   53.000000      1.139153507567E-02      2.957971768745E-03
   53.100000      9.661592053898E-03      2.448416124730E-03
   53.200000      7.663068459471E-03      1.881900639094E-03
   53.300000      5.639413459201E-03      1.334101736896E-03
   53.400000      3.858237281341E-03      8.761809967250E-04
   53.500000      2.598061548750E-03      5.631283244543E-04
   53.600000      2.092138032991E-03      4.251532347115E-04
   53.700000      2.318287914703E-03      4.636241536908E-04
   53.800000      3.126807761389E-03      6.522599070675E-04
   53.900000      4.308308142666E-03      9.433575728282E-04
   54.000000      5.620460724133E-03      1.277913645845E-03
   54.100000      6.835245845171E-03      1.597701578699E-03
   54.200000      7.787880644258E-03      1.856871342877E-03
   54.300000      8.393008069351E-03      2.030593057539E-03
   54.400000      8.647507002862E-03      2.118774608760E-03
   54.500000      8.625080596987E-03      2.143917916404E-03
   54.600000      8.460254805656E-03      2.143552338448E-03
   54.700000      8.323262069457E-03      2.159060098384E-03
   54.800000      8.386966412720E-03      2.223688574180E-03
   54.900000      8.795058031908E-03      2.352804208393E-03
   55.000000      9.530316054809E-03      2.538866645565E-03
   55.100000      1.039317104683E-02      2.752341606093E-03
   55.200000      1.117734310113E-02      2.948202154367E-03
   55.300000      1.169947112321E-02      3.076256241080E-03
   55.400000      1.181913307191E-02      3.092678995723E-03
   55.500000      1.145332935044E-02      2.970020919131E-03
   55.600000      1.058495682621E-02      2.703564438920E-03
   55.700000      9.267772454949E-03      2.312962020750E-03
   55.800000      7.619529604258E-03      1.839255109995E-03
   55.900000      5.801991852667E-03      1.338311397897E-03
   56.000000      4.011208802985E-03      8.722221296091E-04
   56.100000      2.469190328038E-03      5.002429477621E-04
   56.200000      1.420913491314E-03      2.705704339463E-04
   56.300000      1.146689031199E-03      2.138319540137E-04
   56.400000      1.740649900676E-03      3.388199286651E-04
   56.500000      2.990367389785E-03      6.308163444473E-04
   56.600000      4.670458986717E-03      1.052793642051E-03
   56.700000      6.548470390349E-03      1.549707261859E-03
   56.800000      8.392212668029E-03      2.055849258042E-03
   56.900000      9.982533793742E-03      2.504715895262E-03
   57.000000      1.113500982931E-02      2.840107102462E-03
   57.100000      1.173538183583E-02      3.026444688078E-03
   57.200000      1.175887289542E-02      3.055900797365E-03
   57.300000      1.127637920472E-02      2.950171287403E-03
   57.400000      1.044657635380E-02      2.755727794263E-03
   57.500000      9.494290439248E-03      2.532971317205E-03
   57.600000      8.685271522179E-03      2.341460405951E-03
   57.700000      8.278311644106E-03      2.224743894277E-03
   57.800000      8.333341514582E-03      2.198805439534E-03
   57.900000      8.718926627162E-03      2.247479977875E-03
   58.000000      9.203338339810E-03      2.326519680640E-03
   58.100000      9.538624265970E-03      2.375683351921E-03
   58.200000      9.506602548178E-03      2.335933778662E-03
   58.300000      8.963169683549E-03      2.167232951344E-03
   58.400000      7.873115112270E-03      1.862044269463E-03
   58.500000      6.326687877014E-03      1.450663002938E-03
   58.600000      4.535206215362E-03      9.966578211804E-04
   58.700000      2.808656475326E-03      5.834058236189E-04
   58.800000      1.519358385383E-03      2.951475328721E-04
   58.900000      1.034155398014E-03      1.974550657180E-04
   59.000000      1.578764428035E-03      3.220792243441E-04
   59.100000      3.045501748689E-03      6.598361136767E-04
   59.200000      5.081004941154E-03      1.162944035612E-03
   59.300000      7.325281743049E-03      1.755724109739E-03
   59.400000      9.453747350735E-03      2.350563478954E-03
   59.500000      1.120321906720E-02      2.865039141836E-03
   59.600000      1.239732862162E-02      3.236290242709E-03
   59.700000      1.295836535002E-02      3.429902886626E-03
   59.800000      1.290406508624E-02      3.442256220377E-03
   59.900000      1.233113774327E-02      3.296913953571E-03
   60.000000      1.138824799848E-02      3.036793859790E-03
   60.100000      1.024468686106E-02      2.714316907850E-03
   60.200000      9.073608328763E-03      2.381593576775E-03
   60.300000      8.037524135635E-03      2.082185532771E-03
   60.400000      7.280572266575E-03      1.845363686436E-03
   60.500000      6.842674140474E-03      1.683269014062E-03
   60.600000      6.647716886722E-03      1.591035725226E-03
   60.700000      6.592784724694E-03      1.549701329768E-03
   60.800000      6.570671052779E-03      1.531495109459E-03
   60.900000      6.481285098930E-03      1.506786475808E-03
   61.000000      6.253109852350E-03      1.451600465443E-03
   61.100000      5.862008995279E-03      1.354283490942E-03
   61.200000      5.344499328907E-03      1.219799269648E-03
   61.300000      4.795298329621E-03      1.070399799191E-03
   61.400000      4.316572578555E-03      9.420911795721E-04
   61.500000      4.035025114594E-03      8.772876712486E-04
   61.600000      4.088405084385E-03      9.150671399736E-04
   61.700000      4.600544392139E-03      1.081190437752E-03
   61.800000      5.652509218604E-03      1.380263973563E-03
   61.900000      7.149766184158E-03      1.792009745232E-03
   62.000000      8.872779817581E-03      2.272670335921E-03
   62.100000      1.058513606122E-02      2.761392678085E-03
   62.200000      1.205763095358E-02      3.190332524123E-03
   62.300000      1.309623895118E-02      3.496464796544E-03
   62.400000      1.356350372233E-02      3.632800697038E-03
   62.500000      1.339276447548E-02      3.576892100074E-03
   62.600000      1.259552683065E-02      3.335051611163E-03
   62.700000      1.126270892931E-02      2.941505392698E-03
   62.800000      9.558020437860E-03      2.452597779437E-03
   62.900000      7.701803836823E-03      1.937056522430E-03
   63.000000      5.949358184350E-03      1.464073812416E-03
   63.100000      4.579475097375E-03      1.091425494155E-03
   63.200000      3.794742818683E-03      8.559221456959E-04
   63.300000      3.566491197139E-03      7.681000795712E-04
   63.400000      3.795014223438E-03      8.122480687596E-04
   63.500000      4.341652497647E-03      9.517628895628E-04
   63.600000      5.048797444115E-03      1.138660138880E-03
   63.700000      5.771444117629E-03      1.325107496140E-03
   63.800000      6.366821131387E-03      1.474345397388E-03
   63.900000      6.739903150863E-03      1.568472116494E-03
   64.000000      6.883677878416E-03      1.611305299091E-03
   64.100000      6.869528170831E-03      1.625730366722E-03
   64.200000      6.825340811207E-03      1.646308657679E-03
   64.300000      6.898643487305E-03      1.709082807916E-03
   64.400000      7.228882270053E-03      1.841164953030E-03
   64.500000      7.911559954410E-03      2.052651104155E-03
   64.600000      8.913201392419E-03      2.332705115967E-03
   64.700000      1.006378823985E-02      2.650530189293E-03
   64.800000      1.117497578813E-02      2.960746293771E-03
   64.900000      1.207104828377E-02      3.211761164860E-03
   65.000000      1.260060073067E-02      3.355272278807E-03
   65.100000      1.265298532195E-02      3.355086405815E-03
   65.200000      1.217312913551E-02      3.193845248454E-03
   65.300000      1.116384369740E-02      2.876783265942E-03
   65.400000      9.687217016933E-03      2.432138550817E-03
   65.500000      7.868040304361E-03      1.908216256871E-03
   65.600000      5.890996065853E-03      1.367398301165E-03
   65.700000      3.990485874092E-03      8.776856523580E-04
   65.800000      2.436634142649E-03      5.027119369290E-04
   65.900000      1.513243085337E-03      2.915649006634E-04
   66.000000      1.408675704140E-03      2.700908701736E-04
   66.100000      2.144572873269E-03      4.354727395990E-04
   66.200000      3.509850727741E-03      7.556046500565E-04
   66.300000      5.205180870492E-03      1.174056198208E-03
   66.400000      6.934718415306E-03      1.620284369010E-03
   66.500000      8.435537032665E-03      2.023431710360E-03
   66.600000      9.514656336100E-03      2.326893109811E-03
   66.700000      1.007468841508E-02      2.500231221876E-03
   66.800000      1.012605600130E-02      2.545275643132E-03
   66.900000      9.782491951247E-03      2.494438251794E-03
   67.000000      9.238938056858E-03      2.401202214287E-03
   67.100000      8.736341812701E-03      2.324899762267E-03
   67.200000      8.527730499691E-03      2.313640313622E-03
   67.300000      8.825197977580E-03      2.390003475194E-03
   67.400000      9.537691458919E-03      2.543559986611E-03
   67.500000      1.040165582001E-02      2.732515380371E-03
   67.600000      1.114572677549E-02      2.894264610904E-03
   67.700000      1.152136869794E-02      2.962129459370E-03
   67.800000      1.134526379660E-02      2.883776344284E-03
   67.900000      1.053488413404E-02      2.636319384590E-03
   68.000000      9.126788139979E-03      2.234054362688E-03
   68.100000      7.274092573510E-03      1.726854557314E-03
   68.200000      5.224557668743E-03      1.189847685925E-03
   68.300000      3.285314223951E-03      7.072996969599E-04
   68.400000      1.782059585306E-03      3.549881674623E-04
   68.500000      1.007857289506E-03      1.854199202427E-04
   68.600000      1.180395529896E-03      2.191201058159E-04
   68.700000      2.227446691578E-03      4.433387943492E-04
   68.800000      3.824791559778E-03      8.175142567972E-04
   68.900000      5.661101320130E-03      1.283293833818E-03
   69.000000      7.477566771394E-03      1.776221397035E-03
   69.100000      9.076168189500E-03      2.236418497323E-03
   69.200000      1.032645473617E-02      2.616474172616E-03
   69.300000      1.116460412869E-02      2.885886582197E-03
   69.400000      1.158245890954E-02      3.032330566293E-03
   69.500000      1.161105210852E-02      3.060490346560E-03
   69.600000      1.130891080972E-02      2.989189398074E-03
   69.700000      1.076134501342E-02      2.847288845679E-03
   69.800000      1.007925904857E-02      2.668610795078E-03
   69.900000      9.397321622252E-03      2.486181658398E-03
   70.000000      8.861246329484E-03      2.326392948051E-03
   70.100000      8.537878099114E-03      2.204063949977E-03
   70.200000      8.376969294736E-03      2.119599253240E-03
   70.300000      8.288886365218E-03      2.059257161025E-03
   70.400000      8.167153339795E-03      1.998935037135E-03
   70.500000      7.908518358562E-03      1.910974435020E-03
   70.600000      7.432787770520E-03      1.772568710664E-03
   70.700000      6.709712193898E-03      1.573729704383E-03
   70.800000      5.772934744074E-03      1.322671582924E-03
   70.900000      4.721993623360E-03      1.046972699919E-03
   71.000000      3.715854044118E-03      7.898675421565E-04
   71.100000      2.943172058807E-03      6.022367278562E-04
   71.200000      2.598088013274E-03      5.319713189498E-04
   71.300000      2.842051240641E-03      6.130880359598E-04
   71.400000      3.768587454726E-03      8.570828704872E-04
   71.500000      5.280296470278E-03      1.248517704119E-03
   71.600000      7.132863906401E-03      1.745886233744E-03
   71.700000      9.070301901158E-03      2.287658018453E-03
   71.800000      1.084952414085E-02      2.802331483162E-03
   71.900000      1.225945137581E-02      3.220557225423E-03
   72.000000      1.313937656295E-02      3.487035961029E-03
   72.100000      1.339595218428E-02      3.569964938319E-03
   72.200000      1.301845054757E-02      3.466255201988E-03
   72.300000      1.208231229872E-02      3.201496323046E-03
   72.400000      1.073982740936E-02      2.824610787756E-03
   72.500000      9.200853781091E-03      2.398180687563E-03
   72.600000      7.708878681209E-03      1.986352199974E-03
   72.700000      6.512613859269E-03      1.642806133040E-03
   72.800000      5.769527339199E-03      1.401340875748E-03
   72.900000      5.442425783406E-03      1.271078049616E-03
   73.000000      5.424380189716E-03      1.237262114233E-03
   73.100000      5.587672245976E-03      1.267324341641E-03
   73.200000      5.796693992679E-03      1.320647443567E-03
   73.300000      5.932841720507E-03      1.359621737790E-03
   73.400000      5.927176333287E-03      1.359346374804E-03
   73.500000      5.770539205006E-03      1.313748464001E-03
   73.600000      5.494748399243E-03      1.236833766081E-03
   73.700000      5.185947103480E-03      1.158975565437E-03
   73.800000      4.975782001709E-03      1.119281349981E-03
   73.900000      5.012030993082E-03      1.155888091816E-03
   74.000000      5.417232131955E-03      1.296374076999E-03
   74.100000      6.265040254871E-03      1.550313689366E-03
   74.200000      7.523553530265E-03      1.905431459598E-03
   74.300000      9.021606938000E-03      2.328006191895E-03
   74.400000      1.055505435296E-02      2.767341939698E-03
   74.500000      1.191921378505E-02      3.163438317336E-03
   74.600000      1.292906292694E-02      3.456553780330E-03
   74.700000      1.343769867489E-02      3.597159836814E-03
   74.800000      1.334750303843E-02      3.554768243847E-03
   74.900000      1.262771296449E-02      3.324219075731E-03
   75.000000      1.132543881040E-02      2.928243011777E-03
   75.100000      9.569678433435E-03      2.415508647112E-03
   75.200000      7.563968545659E-03      1.853989126530E-03
   75.300000      5.568560293159E-03      1.320318194876E-03
   75.400000      3.876964698626E-03      8.867295256341E-04
   75.500000      2.786586094741E-03      6.079596003037E-04
   75.600000      2.457597528361E-03      5.108776917462E-04
   75.700000      2.844211177912E-03      5.893707710412E-04
   75.800000      3.770374664883E-03      8.060810176826E-04
   75.900000      4.971124572500E-03      1.101094539876E-03
   76.000000      6.173511131075E-03      1.405941599741E-03
   76.100000      7.147039893920E-03      1.659756834434E-03
   76.200000      7.748701018552E-03      1.823634064314E-03
   76.300000      7.946419463407E-03      1.889416195008E-03
   76.400000      7.817369084618E-03      1.880433452501E-03
   76.500000      7.526375605443E-03      1.843767720536E-03
   76.600000      7.289147794185E-03      1.835934135346E-03
   76.700000      7.326517216225E-03      1.905768107118E-03
   76.800000      7.820755656244E-03      2.079198157478E-03
   76.900000      8.821336471033E-03      2.350155114218E-03
   77.000000      1.010616563487E-02      2.680193986926E-03
   77.100000      1.137384200951E-02      3.006959749610E-03
   77.200000      1.235046809066E-02      3.259145195103E-03
   77.300000      1.281945003205E-02      3.373825007397E-03
   77.400000      1.265304442397E-02      3.311532954754E-03
   77.500000      1.183026047197E-02      3.065298361116E-03
   77.600000      1.043653666327E-02      2.661748737738E-03
   77.700000      8.646995401581E-03      2.154668831989E-03
   77.800000      6.700354544674E-03      1.613345438807E-03
   77.900000      4.845379503656E-03      1.109059250431E-03
   78.000000      3.281369229081E-03      7.030078350172E-04
   78.100000      2.188223963812E-03      4.379548037923E-04
   78.200000      1.728397323950E-03      3.344768098370E-04
   78.300000      1.997359992158E-03      3.913654369616E-04
   78.400000      2.879044943080E-03      5.889344808305E-04
   78.500000      4.139308278667E-03      8.938193422918E-04
   78.600000      5.565500863018E-03      1.264204147552E-03
   78.700000      6.987382411222E-03      1.654974213717E-03
   78.800000      8.274611011958E-03      2.022737338989E-03
   78.900000      9.329659681828E-03      2.330762076163E-03
   79.000000      1.007871115775E-02      2.553612533099E-03
   79.100000      1.048008215749E-02      2.680792249159E-03
   79.200000      1.053953465920E-02      2.718352117769E-03
   79.300000      1.032133578135E-02      2.687465826205E-03
   79.400000      9.942338734037E-03      2.619560847189E-03
   79.500000      9.557741553480E-03      2.548587945949E-03
   79.600000      9.336703254047E-03      2.502067550901E-03
   79.700000      9.367445217697E-03      2.493237436377E-03
   79.800000      9.580611751229E-03      2.516621623228E-03
   79.900000      9.841743291649E-03      2.548573163363E-03
   80.000000      9.995405077737E-03      2.553022391393E-03
   80.100000      9.891414386995E-03      2.491194654300E-03
   80.200000      9.419566239845E-03      2.332901945790E-03
   80.300000      8.530238330197E-03      2.066507330674E-03
   80.400000      7.249753613388E-03      1.704942638162E-03
   80.500000      5.689235343985E-03      1.286124400115E-03
   80.600000      4.040508556170E-03      8.674733073999E-04
   80.700000      2.560077312724E-03      5.156332347735E-04
   80.800000      1.545335242566E-03      2.935744447305E-04
   80.900000      1.286624835664E-03      2.478294522614E-04
   81.000000      1.940787271516E-03      3.985653755647E-04
   81.100000      3.367863107308E-03      7.345881195748E-04
   81.200000      5.269726305332E-03      1.214347706109E-03
   81.300000      7.359103139751E-03      1.772786795050E-03
   81.400000      9.359407631159E-03      2.332694630302E-03
   81.500000      1.102752396549E-02      2.818330598004E-03
   81.600000      1.218218551539E-02      3.168637971819E-03
   81.700000      1.272497429362E-02      3.347458847197E-03
   81.800000      1.264961549705E-02      3.348764952417E-03
   81.900000      1.203887121013E-02      3.195924544042E-03
   82.000000      1.104981051701E-02      2.935246379156E-03
   82.100000      9.888906156330E-03      2.625237149088E-03
   82.200000      8.778424394251E-03      2.323920948614E-03
   82.300000      7.929144822902E-03      2.076980357055E-03
   82.400000      7.466624517623E-03      1.909273201548E-03
   82.500000      7.330932851901E-03      1.821487425875E-03
   82.600000      7.381914515848E-03      1.792498272701E-03
   82.700000      7.468971210303E-03      1.786676010705E-03
   82.800000      7.447620477596E-03      1.764282713480E-03
   82.900000      7.206609112439E-03      1.692462628878E-03
   83.000000      6.693691418071E-03      1.554308644252E-03
   83.100000      5.931519718035E-03      1.354042421141E-03
   83.200000      5.016232682552E-03      1.117294257346E-03
   83.300000      4.107282414788E-03      8.865510239850E-04
   83.400000      3.394508526181E-03      7.128089078896E-04
   83.500000      3.073409917536E-03      6.451489810115E-04
   83.600000      3.293313659917E-03      7.202679764173E-04
   83.700000      4.133458508701E-03      9.539422827722E-04
   83.800000      5.551524832120E-03      1.336029981671E-03
   83.900000      7.351719435412E-03      1.830004314666E-03
   84.000000      9.292141250915E-03      2.377259877331E-03
   84.100000      1.112338786641E-02      2.905643476364E-03
   84.200000      1.261081448945E-02      3.340933964391E-03
   84.300000      1.355861950323E-02      3.619419719067E-03
   84.400000      1.383789926152E-02      3.699384116894E-03
   84.500000      1.340716208402E-02      3.569293169254E-03
   84.600000      1.232262912809E-02      3.250858772466E-03
   84.700000      1.073541694769E-02      2.795952709802E-03
   84.800000      8.875547972093E-03      2.277503809214E-03
   84.900000      7.024193615943E-03      1.775832769221E-03
   85.000000      5.476037495542E-03      1.363067022696E-03
   85.100000      4.508305792180E-03      1.088992600148E-03
   85.200000      4.221835219860E-03      9.716647426332E-04
   85.300000      4.465888763419E-03      9.952027739035E-04
   85.400000      5.025440568817E-03      1.115560790965E-03
   85.500000      5.663092333112E-03      1.273059610128E-03
   85.600000      6.171830111610E-03      1.408623162633E-03
   85.700000      6.420291265954E-03      1.479542803454E-03
   85.800000      6.369171213283E-03      1.470590231994E-03
   85.900000      6.068135580188E-03      1.397487549855E-03
   86.000000      5.654071842774E-03      1.301819147189E-03
   86.100000      5.324616027786E-03      1.238836854896E-03
   86.200000      5.283975845486E-03      1.261564222172E-03
   86.300000      5.690802611833E-03      1.405568410104E-03
   86.400000      6.608387962190E-03      1.678467406845E-03
   86.500000      7.981993250305E-03      2.056793324649E-03
   86.600000      9.575388428708E-03      2.490702975765E-03
   86.700000      1.109965170038E-02      2.914875327182E-03
   86.800000      1.231412239154E-02      3.262408617682E-03
   86.900000      1.304468890782E-02      3.478051829952E-03
   87.000000      1.319842446593E-02      3.527738455217E-03
   87.100000      1.276621109712E-02      3.402822603068E-03
   87.200000      1.181457992702E-02      3.119085821371E-03
   87.300000      1.046914235939E-02      2.711895974707E-03
   87.400000      8.858850234004E-03      2.229466172305E-03
   87.500000      7.120907884471E-03      1.725931080350E-03
   87.600000      5.414635153790E-03      1.255208676833E-03
   87.700000      3.919331761393E-03      8.658038662905E-04
   87.800000      2.835912636721E-03      5.962498734462E-04
   87.900000      2.339147305539E-03      4.709587738247E-04
   88.000000      2.462412167922E-03      4.967509947451E-04
   88.100000      3.132668405144E-03      6.609170702490E-04
   88.200000      4.203935779847E-03      9.319423117833E-04
   88.300000      5.490596254976E-03      1.263740199486E-03
   88.400000      6.789371107848E-03      1.603392129088E-03
   88.500000      7.910243291918E-03      1.901240698987E-03
   88.600000      8.714137272137E-03      2.121153992217E-03
   88.700000      9.137977963388E-03      2.248292737494E-03
   88.800000      9.204556698727E-03      2.292033003942E-03
   88.900000      9.017281238576E-03      2.282818428471E-03
   89.000000      8.740713962277E-03      2.263348619980E-03
   89.100000      8.573273160550E-03      2.276166050985E-03
   89.200000      8.719933437625E-03      2.350855570735E-03
   89.300000      9.266141691561E-03      2.494334588604E-03
   89.400000      1.006382328665E-02      2.686980939790E-03
   89.500000      1.090096133926E-02      2.885824765896E-03
   89.600000      1.155492351121E-02      3.034163925033E-03
   89.700000      1.182247040436E-02      3.075281427643E-03
   89.800000      1.155315593697E-02      2.966902003807E-03
   89.900000      1.067971154837E-02      2.692871723000E-03
   90.000000      9.234487667933E-03      2.269269722201E-03
   90.100000      7.350847149046E-03      1.743524235206E-03
   90.200000      5.250212969817E-03      1.186727402317E-03
   90.300000      3.217485576211E-03      6.808271617595E-04
   90.400000      1.571418039736E-03      3.034080607689E-04
   90.500000      6.475544749525E-04      1.131868653110E-04
   90.600000      7.778289355631E-04      1.391194866969E-04
   90.700000      1.899750798667E-03      3.752331197440E-04
   90.800000      3.643400472026E-03      7.821295697803E-04
   90.900000      5.673729605804E-03      1.294772582474E-03
   91.000000      7.685493506776E-03      1.834924126190E-03
   91.100000      9.421942647115E-03      2.325679787716E-03
   91.200000      1.069860484419E-02      2.705166286258E-03
   91.300000      1.141972540115E-02      2.936692451490E-03
   91.400000      1.158340153068E-02      3.013438653646E-03
   91.500000      1.127492467037E-02      2.956949079633E-03
   91.600000      1.064372407216E-02      2.809994575136E-03
   91.700000      9.876961661215E-03      2.625522695046E-03
   91.800000      9.172985680258E-03      2.454172330895E-03
   91.900000      8.717174758554E-03      2.333055973074E-03
   92.000000      8.632168761763E-03      2.278166383798E-03
   92.100000      8.816260800587E-03      2.281926026912E-03
   92.200000      9.102550754470E-03      2.316252334711E-03
   92.300000      9.321436444840E-03      2.340314971025E-03
   92.400000      9.315268340692E-03      2.311178363865E-03
   92.500000      8.967182620458E-03      2.194962438030E-03
   92.600000      8.220818334071E-03      1.976116510590E-03
   92.700000      7.091130582830E-03      1.662860067874E-03
   92.800000      5.675261047267E-03      1.287668350848E-03
   92.900000      4.149714292588E-03      9.026778218901E-04
   93.000000      2.764252480468E-03      5.708549309142E-04
   93.100000      1.820554173421E-03      3.545445354942E-04
   93.200000      1.573142398793E-03      3.034851564094E-04
   93.300000      2.135159013847E-03      4.445004630487E-04
   93.400000      3.475246337857E-03      7.748470237434E-04
   93.500000      5.362097165933E-03      1.260642296187E-03
   93.600000      7.513946252498E-03      1.840966792870E-03
   93.700000      9.638828908230E-03      2.437225071918E-03
   93.800000      1.146308037940E-02      2.966310135472E-03
   93.900000      1.276312539839E-02      3.355239425315E-03
   94.000000      1.339526923738E-02      3.554426240367E-03
   94.100000      1.331513246166E-02      3.546790646582E-03
   94.200000      1.258357383916E-02      3.350579987659E-03
   94.300000      1.135779329698E-02      3.015002831686E-03
   94.400000      9.866421273515E-03      2.609362212318E-03
   94.500000      8.372443344612E-03      2.207947256717E-03
   94.600000      7.141366025659E-03      1.874090051829E-03
   94.700000      6.426262471337E-03      1.647158758225E-03
   94.800000      6.245048660463E-03      1.535660210613E-03
   94.900000      6.389921717361E-03      1.518147545930E-03
   95.000000      6.650686172263E-03      1.551620668059E-03
   95.100000      6.829877702975E-03      1.585110976583E-03
   95.200000      6.779587928184E-03      1.574741078273E-03
   95.300000      6.433855135237E-03      1.496187356639E-03
   95.400000      5.826930249779E-03      1.351285454142E-03
   95.500000      5.096896399817E-03      1.167265367132E-03
   95.600000      4.416218080425E-03      9.892292410840E-04
   95.700000      3.948691183762E-03      8.683128295974E-04
   95.800000      3.847519973252E-03      8.489450271481E-04
   95.900000      4.208487853190E-03      9.585025301417E-04
   96.000000      5.062493162148E-03      1.201597492680E-03
   96.100000      6.377732760703E-03      1.559684015521E-03
   96.200000      7.961176780458E-03      1.995184934223E-03
   96.300000      9.583845525693E-03      2.458387550052E-03
   96.400000      1.105393534298E-02      2.895151973797E-03
   96.500000      1.222013669775E-02      3.253937041539E-03
   96.600000      1.297536355786E-02      3.491454548532E-03
   96.700000      1.325802797221E-02      3.576993889988E-03
   96.800000      1.303300199048E-02      3.495779467046E-03
   96.900000      1.228036759501E-02      3.251525529242E-03
   97.000000      1.103919740233E-02      2.867808906289E-03
   97.100000      9.413721503179E-03      2.387358489440E-03
   97.200000      7.574109811568E-03      1.868249591560E-03
   97.300000      5.748873721023E-03      1.376504840110E-03
   97.400000      4.213265170284E-03      9.756622220780E-04
   97.500000      3.237666683524E-03      7.151167451709E-04
   97.600000      2.904800233482E-03      6.199717178896E-04
   97.700000      3.189285504106E-03      6.853018841650E-04
   97.800000      3.958016197907E-03      8.769306870935E-04
   97.900000      5.003386392728E-03      1.139201761208E-03
   98.000000      6.084974093688E-03      1.408245325912E-03
   98.100000      6.962917784324E-03      1.627537279229E-03
   98.200000      7.491127723291E-03      1.761700299300E-03
   98.300000      7.635262081288E-03      1.804814092460E-03
   98.400000      7.468603111221E-03      1.780920517709E-03
   98.500000      7.151907902198E-03      1.736512405383E-03
   98.600000      6.898191345362E-03      1.726962139384E-03
   98.700000      6.931828139824E-03      1.800457244959E-03
   98.800000      7.466184224531E-03      1.983632588667E-03
   98.900000      8.541990603456E-03      2.272590368882E-03
   99.000000      9.913317310074E-03      2.631562522776E-03
   99.100000      1.130777430591E-02      2.999516165258E-03
   99.200000      1.245159676669E-02      3.303056390181E-03
   99.300000      1.311019977375E-02      3.472525659515E-03
   99.400000      1.312217750441E-02      3.457557683710E-03
   99.500000      1.242306461915E-02      3.238612290480E-03
   99.600000      1.105545984512E-02      2.832063740158E-03
   99.700000      9.164183765368E-03      2.287932504807E-03
   99.800000      6.977551583124E-03      1.680954846697E-03
   99.900000      4.778953168357E-03      1.097016159922E-03
  100.000000      2.872335676474E-03      6.177828409109E-04
