# M=22, N=11, V0=0.0, V=-0.25, PBC
#  time (tJ)                 S₁(n=3)                 S₂(n=3)
    0.000000      6.217248937901E-15      8.881784197001E-16
    0.100000      2.726980183700E-03      5.396601461314E-04
    0.200000      9.021837768653E-03      2.059077720449E-03
    0.300000      1.718328969870E-02      4.283695362338E-03
    0.400000      2.576050570473E-02      6.829441538939E-03
    0.500000      3.353200293474E-02      9.291073193759E-03
    0.600000      3.962014103816E-02      1.132925356250E-02
    0.700000      4.356695383121E-02      1.273407470025E-02
    0.800000      4.534245451370E-02      1.345101757614E-02
    0.900000      4.528531685071E-02      1.356701051290E-02
    1.000000      4.399025147214E-02      1.326541705206E-02
    1.100000      4.216186026149E-02      1.276610916453E-02
    1.200000      4.045335134244E-02      1.226847450341E-02
    1.300000      3.931583334342E-02      1.191146048638E-02
    1.400000      3.891530160728E-02      1.175748262830E-02
    1.500000      3.916748498036E-02      1.179902460929E-02
    1.600000      3.984328611984E-02      1.198067153373E-02
    1.700000      4.067270353852E-02      1.222672181328E-02
    1.800000      4.142222141741E-02      1.246553150456E-02
    1.900000      4.193978652061E-02      1.264521174642E-02
    2.000000      4.216536083849E-02      1.273946555377E-02
    2.100000      4.211582805030E-02      1.274561347557E-02
    2.200000      4.185618525658E-02      1.267834535311E-02
    2.300000      4.146914763441E-02      1.256247419665E-02
    2.400000      4.103909121754E-02      1.242665927075E-02
    2.500000      4.064380844612E-02      1.229863012143E-02
    2.600000      4.034752122193E-02      1.220157410517E-02
    2.700000      4.019430219571E-02      1.215125918803E-02
    2.800000      4.020021863810E-02      1.215390100236E-02
    2.900000      4.034767816890E-02      1.220526582769E-02
    3.000000      4.059276885958E-02      1.229161476348E-02
    3.100000      4.088300768137E-02      1.239270769558E-02
    3.200000      4.117122126282E-02      1.248638687244E-02
    3.300000      4.141472969823E-02      1.255361856061E-02
    3.400000      4.156974697203E-02      1.258262050485E-02
    3.500000      4.160381793425E-02      1.257096758877E-02
    3.600000      4.151313284581E-02      1.252522424871E-02
    3.700000      4.132473753594E-02      1.245841873406E-02
    3.800000      4.108848723105E-02      1.238626249775E-02
    3.900000      4.086575921413E-02      1.232324967253E-02
    4.000000      4.071644627101E-02      1.227962119451E-02
    4.100000      4.068084692680E-02      1.225975077944E-02
    4.200000      4.075714642787E-02      1.226198878619E-02
    4.300000      4.090187549937E-02      1.227958098773E-02
    4.400000      4.105731645655E-02      1.230209868623E-02
    4.500000      4.117075163333E-02      1.231689183958E-02
    4.600000      4.119979142623E-02      1.231030075492E-02
    4.700000      4.111220334522E-02      1.226857196863E-02
    4.800000      4.088379599424E-02      1.217850990348E-02
    4.900000      4.049402295342E-02      1.202786754821E-02
    5.000000      3.991963059630E-02      1.180544211688E-02
    5.100000      3.913132358505E-02      1.150090235030E-02
    5.200000      3.809431019678E-02      1.110455411501E-02
    5.300000      3.677004074050E-02      1.060746659437E-02
    5.400000      3.512008731086E-02      1.000249371174E-02
    5.500000      3.311291504686E-02      9.286616410305E-03
    5.600000      3.073530789173E-02      8.464665027906E-03
    5.700000      2.801028013965E-02      7.553929937603E-03
    5.800000      2.501833524055E-02      6.588599913496E-03
    5.900000      2.191577631239E-02      5.622587536338E-03
    6.000000      1.894484697622E-02      4.729275974511E-03
    6.100000      1.643056525134E-02      3.997114232446E-03
    6.200000      1.474931156441E-02      3.520741397359E-03
    6.300000      1.425585062805E-02      3.388290415687E-03
    6.400000      1.518723827111E-02      3.666523064222E-03
    6.500000      1.758829599638E-02      4.386280336624E-03
    6.600000      2.130418168338E-02      5.531193826202E-03
    6.700000      2.601791003401E-02      7.032512640055E-03
    6.800000      3.129923875099E-02      8.772150740759E-03
    6.900000      3.666167706028E-02      1.059468463627E-02
    7.000000      4.162086823876E-02      1.232723961268E-02
    7.100000      4.574831062952E-02      1.380435736984E-02
    7.200000      4.871856357066E-02      1.489348121944E-02
    7.300000      5.034673177580E-02      1.551604336540E-02
    7.400000      5.061230917869E-02      1.565957615951E-02
    7.500000      4.966436186836E-02      1.537785541491E-02
    7.600000      4.780203217256E-02      1.477858988033E-02
    7.700000      4.542752038307E-02      1.400106644662E-02
    7.800000      4.297408892411E-02      1.318869369749E-02
    7.900000      4.082288055412E-02      1.246278017488E-02
    8.000000      3.923021812334E-02      1.190361026679E-02
    8.100000      3.828830325594E-02      1.154289951761E-02
    8.200000      3.793638557197E-02      1.136854425572E-02
    8.300000      3.801536209418E-02      1.133916593679E-02
    8.400000      3.833855536713E-02      1.140333252886E-02
    8.500000      3.875297247808E-02      1.151732152141E-02
    8.600000      3.917640047584E-02      1.165617823579E-02
    8.700000      3.960311780650E-02      1.181532919930E-02
    8.800000      4.007951582048E-02      1.200332393425E-02
    8.900000      4.065964727983E-02      1.222930789692E-02
    9.000000      4.135789282720E-02      1.249054984221E-02
    9.100000      4.212136283072E-02      1.276516316468E-02
    9.200000      4.283488777263E-02      1.301314292630E-02
    9.300000      4.335164241702E-02      1.318571842716E-02
    9.400000      4.353734700162E-02      1.323992039310E-02
    9.500000      4.331510176292E-02      1.315328410158E-02
    9.600000      4.269664198533E-02      1.293343715541E-02
    9.700000      4.178932180556E-02      1.261899019102E-02
    9.800000      4.077552228221E-02      1.227106163951E-02
    9.900000      3.986822807146E-02      1.195790642263E-02
   10.000000      3.925316719851E-02      1.173739452819E-02
   10.100000      3.903647131715E-02      1.164271235336E-02
   10.200000      3.922024792366E-02      1.167543769955E-02
   10.300000      3.971323129365E-02      1.180754120418E-02
   10.400000      4.036213165129E-02      1.199087037877E-02
   10.500000      4.098950362430E-02      1.217038364549E-02
   10.600000      4.143633563310E-02      1.229662058579E-02
   10.700000      4.159421675247E-02      1.233380560905E-02
   10.800000      4.141278496147E-02      1.226210433607E-02
   10.900000      4.088699038425E-02      1.207496024485E-02
   11.000000      4.003529237317E-02      1.177415574433E-02
   11.100000      3.888090622704E-02      1.136562978513E-02
   11.200000      3.744514158612E-02      1.085808764402E-02
   11.300000      3.575454697550E-02      1.026458491693E-02
   11.400000      3.385581933911E-02      9.605438215232E-03
   11.500000      3.182787446405E-02      8.909874402481E-03
   11.600000      2.978071944622E-02      8.214254678038E-03
   11.700000      2.783636854394E-02      7.556361057266E-03
   11.800000      2.609754339656E-02      6.967385757462E-03
   11.900000      2.461947898164E-02      6.464901928076E-03
   12.000000      2.339999366121E-02      6.050359783305E-03
   12.100000      2.239557608715E-02      5.713253696877E-03
   12.200000      2.155999125422E-02      5.441484161874E-03
   12.300000      2.088985595380E-02      5.234613814682E-03
   12.400000      2.045925822580E-02      5.114880409311E-03
   12.500000      2.042900493718E-02      5.130853779065E-03
   12.600000      2.102084375867E-02      5.350684009012E-03
   12.700000      2.245666540194E-02      5.845353209565E-03
   12.800000      2.488177973871E-02      6.665992146322E-03
   12.900000      2.830325727282E-02      7.821815290804E-03
   13.000000      3.255497248899E-02      9.265634218202E-03
   13.100000      3.729507837271E-02      1.089206260836E-02
   13.200000      4.205528832606E-02      1.255004709045E-02
   13.300000      4.633184329898E-02      1.406737729317E-02
   13.400000      4.967860812381E-02      1.528156227851E-02
   13.500000      5.177895745212E-02      1.606982210417E-02
   13.600000      5.248980275063E-02      1.637130014005E-02
   13.700000      5.185616395242E-02      1.619671956620E-02
   13.800000      5.009767976875E-02      1.562387316516E-02
   13.900000      4.757095672737E-02      1.478061987935E-02
   14.000000      4.471308408511E-02      1.381963043256E-02
   14.100000      4.197172289374E-02      1.289047419458E-02
   14.200000      3.972729848131E-02      1.211466851200E-02
   14.300000      3.822135569321E-02      1.156823245275E-02
   14.400000      3.751755648064E-02      1.127447181354E-02
   14.500000      3.751183660034E-02      1.120757683852E-02
   14.600000      3.798460895872E-02      1.130551260800E-02
   14.700000      3.867155356087E-02      1.148894684162E-02
   14.800000      3.933082464622E-02      1.168185662996E-02
   14.900000      3.979442155960E-02      1.182918809457E-02
   15.000000      3.999746040706E-02      1.190763004867E-02
   15.100000      3.998175875103E-02      1.192717868228E-02
   15.200000      3.987385718589E-02      1.192346047437E-02
   15.300000      3.984178605049E-02      1.194322125199E-02
   15.400000      4.003864558826E-02      1.202727846222E-02
   15.500000      4.054568842847E-02      1.219592829703E-02
   15.600000      4.133632730780E-02      1.244099925400E-02
   15.700000      4.228075994349E-02      1.272666117108E-02
   15.800000      4.318710084632E-02      1.299840804155E-02
   15.900000      4.385666564903E-02      1.319722226891E-02
   16.000000      4.413321800105E-02      1.327457148933E-02
   16.100000      4.393562291935E-02      1.320397265091E-02
   16.200000      4.327025147061E-02      1.298625484195E-02
   16.300000      4.222400427790E-02      1.264778711680E-02
   16.400000      4.094274429157E-02      1.223302030554E-02
   16.500000      3.960180112514E-02      1.179403253638E-02
   16.600000      3.837314938884E-02      1.138003610551E-02
   16.700000      3.739210596060E-02      1.102911353135E-02
   16.800000      3.673001205633E-02      1.076325361691E-02
   16.900000      3.638365381584E-02      1.058660837448E-02
   17.000000      3.628523649298E-02      1.048621180515E-02
   17.100000      3.632307041233E-02      1.043433420198E-02
   17.200000      3.636196353009E-02      1.039202681203E-02
   17.300000      3.625974614656E-02      1.031387051775E-02
   17.400000      3.588161390476E-02      1.015409571127E-02
   17.500000      3.511513981411E-02      9.873905594803E-03
   17.600000      3.388727694565E-02      9.449144946910E-03
   17.700000      3.218084022271E-02      8.876799008447E-03
   17.800000      3.004646509023E-02      8.178606633805E-03
   17.900000      2.760821542666E-02      7.400539914245E-03
   18.000000      2.506150138782E-02      6.607911767527E-03
   18.100000      2.266069158568E-02      5.877023227291E-03
   18.200000      2.069242008907E-02      5.285090330696E-03
   18.300000      1.942956352488E-02      4.900401276863E-03
   18.400000      1.906929668970E-02      4.774251424149E-03
   18.500000      1.968590720616E-02      4.935463336839E-03
   18.600000      2.123236999097E-02      5.387610679642E-03
   18.700000      2.357593390670E-02      6.108720464352E-03
   18.800000      2.652862977659E-02      7.053273903020E-03
   18.900000      2.986241850431E-02      8.156551544454E-03
   19.000000      3.332565110126E-02      9.341440024031E-03
   19.100000      3.667281663312E-02      1.052748180213E-02
   19.200000      3.969898477659E-02      1.164119572019E-02
   19.300000      4.226699726816E-02      1.262580261287E-02
   19.400000      4.432158217179E-02      1.344792297162E-02
   19.500000      4.588710090009E-02      1.409902373745E-02
   19.600000      4.704700333403E-02      1.459058094580E-02
   19.700000      4.790486645820E-02      1.494388181618E-02
   19.800000      4.853461004681E-02      1.517747931695E-02
   19.900000      4.894272820898E-02      1.529667116693E-02
   20.000000      4.906146993573E-02      1.528926339974E-02
   20.100000      4.877332221862E-02      1.513004921718E-02
   20.200000      4.795811299353E-02      1.479334339203E-02
   20.300000      4.654883316578E-02      1.426963683998E-02
   20.400000      4.457987173994E-02      1.358028601709E-02
   20.500000      4.221248250231E-02      1.278412934601E-02
   20.600000      3.972666115141E-02      1.197225446361E-02
   20.700000      3.747569219556E-02      1.125111406676E-02
   20.800000      3.580899491830E-02      1.071839245764E-02
   20.900000      3.497936089368E-02      1.043889344483E-02
   21.000000      3.505965302951E-02      1.042814765770E-02
   21.100000      3.591370035546E-02      1.064920036105E-02
   21.200000      3.725088601597E-02      1.102387248219E-02
   21.300000      3.872527682102E-02      1.145510627124E-02
   21.400000      4.003415923516E-02      1.185341992723E-02
   21.500000      4.098831934742E-02      1.215924168224E-02
   21.600000      4.154131236291E-02      1.235440304796E-02
   21.700000      4.177669613732E-02      1.245979687401E-02
   21.800000      4.186030362567E-02      1.252082009104E-02
   21.900000      4.197132277074E-02      1.258611255826E-02
   22.000000      4.223137838544E-02      1.268698081925E-02
   22.100000      4.265389189472E-02      1.282423663993E-02
   22.200000      4.313450093763E-02      1.296636189027E-02
   22.300000      4.348837426171E-02      1.305900886520E-02
   22.400000      4.351562907111E-02      1.304221498483E-02
   22.500000      4.306613654058E-02      1.286951691828E-02
   22.600000      4.208376803971E-02      1.252298378245E-02
   22.700000      4.062231368769E-02      1.201990907158E-02
   22.800000      3.883391180626E-02      1.140973996947E-02
   22.900000      3.693666128557E-02      1.076273356525E-02
   23.000000      3.517011119703E-02      1.015390239331E-02
   23.100000      3.374474937312E-02      9.646577274867E-03
   23.200000      3.279050998073E-02      9.279418817519E-03
   23.300000      3.231899647799E-02      9.059372118828E-03
   23.400000      3.222332981472E-02      8.961441589761E-03
   23.500000      3.231496382791E-02      8.934738747624E-03
   23.600000      3.237257236651E-02      8.913281660465E-03
   23.700000      3.218600870656E-02      8.829517011459E-03
   23.800000      3.159171833574E-02      8.628350116052E-03
   23.900000      3.050166375292E-02      8.279440766478E-03
   24.000000      2.892640704829E-02      7.785605584341E-03
   24.100000      2.698809420151E-02      7.185476577583E-03
   24.200000      2.491581142777E-02      6.549295383035E-03
   24.300000      2.301589678800E-02      5.967966919510E-03
   24.400000      2.161470661530E-02      5.537089808523E-03
   24.500000      2.098682714502E-02      5.339181496796E-03
   24.600000      2.129757797642E-02      5.428157407311E-03
   24.700000      2.257488521913E-02      5.819866462910E-03
   24.800000      2.470945731679E-02      6.491036970433E-03
   24.900000      2.748367502241E-02      7.386686912608E-03
   25.000000      3.062762923085E-02      8.433594632268E-03
   25.100000      3.388342422189E-02      9.555638998035E-03
   25.200000      3.705257383243E-02      1.068637579075E-02
   25.300000      4.001380841242E-02      1.177536381732E-02
   25.400000      4.271018591396E-02      1.278716018293E-02
   25.500000      4.511237271687E-02      1.369473036875E-02
   25.600000      4.717510189829E-02      1.447120011506E-02
   25.700000      4.881378111525E-02      1.508452599362E-02
   25.800000      4.991487852393E-02      1.549844071341E-02
   25.900000      5.036846108529E-02      1.568032570708E-02
   26.000000      5.010841427572E-02      1.561349484671E-02
   26.100000      4.914995268042E-02      1.530901964080E-02
   26.200000      4.761364270430E-02      1.481171855942E-02
   26.300000      4.572421499981E-02      1.419660255236E-02
   26.400000      4.377681141076E-02      1.355537203969E-02
   26.500000      4.207209405241E-02      1.297627457156E-02
   26.600000      4.083312438470E-02      1.252333860670E-02
   26.700000      4.013504853351E-02      1.222164304273E-02
   26.800000      3.988908282128E-02      1.205357484912E-02
   26.900000      3.989017464986E-02      1.196754217588E-02
   27.000000      3.989538050225E-02      1.189656371291E-02
   27.100000      3.970138686053E-02      1.178095820588E-02
   27.200000      3.920238693607E-02      1.158810529939E-02
   27.300000      3.841764836997E-02      1.132332467703E-02
   27.400000      3.748514950533E-02      1.102887584023E-02
   27.500000      3.662612776780E-02      1.077183087639E-02
   27.600000      3.609179316093E-02      1.062483092995E-02
   27.700000      3.609784943885E-02      1.064550102597E-02
   27.800000      3.675314837490E-02      1.086018009531E-02
   27.900000      3.801298513423E-02      1.125590744985E-02
   28.000000      3.969234136314E-02      1.178203983737E-02
   28.100000      4.152163324749E-02      1.236032068364E-02
   28.200000      4.320823311567E-02      1.290036441567E-02
   28.300000      4.449020572838E-02      1.331668637261E-02
   28.400000      4.517625294524E-02      1.354358709813E-02
   28.500000      4.516901433217E-02      1.354512732853E-02
   28.600000      4.447197983191E-02      1.331874307195E-02
   28.700000      4.318089690331E-02      1.289241776252E-02
   28.800000      4.146056394730E-02      1.231653183418E-02
   28.900000      3.950866683194E-02      1.165243486204E-02
   29.000000      3.751181286554E-02      1.096034649785E-02
   29.100000      3.560898775872E-02      1.028927277438E-02
   29.200000      3.387992041983E-02      9.671107642013E-03
   29.300000      3.235528681345E-02      9.119978735469E-03
   29.400000      3.103453226798E-02      8.636416281621E-03
   29.500000      2.990099314817E-02      8.214503423963E-03
   29.600000      2.893163879302E-02      7.849286634292E-03
   29.700000      2.810761779875E-02      7.541724144049E-03
   29.800000      2.742745607470E-02      7.299383130484E-03
   29.900000      2.691192175332E-02      7.132699389102E-03
   30.000000      2.659431422363E-02      7.048368623422E-03
   30.100000      2.650106173072E-02      7.042719027023E-03
   30.200000      2.662822038715E-02      7.098192739969E-03
   30.300000      2.691809352989E-02      7.185133408353E-03
   30.400000      2.725658517023E-02      7.269192678482E-03
   30.500000      2.751561763839E-02      7.322497517764E-03
   30.600000      2.761483624394E-02      7.335094403681E-03
   30.700000      2.756333043662E-02      7.322750561184E-03
   30.800000      2.747213489266E-02      7.328125220039E-03
   30.900000      2.754004880324E-02      7.414272446405E-03
   31.000000      2.801576820498E-02      7.651692772559E-03
   31.100000      2.913835346280E-02      8.101963322005E-03
   31.200000      3.106111640387E-02      8.801841022627E-03
   31.300000      3.378359240938E-02      9.751525245768E-03
   31.400000      3.713758981402E-02      1.090969321183E-02
   31.500000      4.083655748837E-02      1.219637484967E-02
   31.600000      4.453518177065E-02      1.350312634193E-02
   31.700000      4.788220374375E-02      1.470861730159E-02
   31.800000      5.056685168468E-02      1.569685288235E-02
   31.900000      5.235569315023E-02      1.637486788812E-02
   32.000000      5.311727877880E-02      1.668683582965E-02
   32.100000      5.283356422736E-02      1.662209909977E-02
   32.200000      5.159885908753E-02      1.621562812656E-02
   32.300000      4.960718135625E-02      1.554080408890E-02
   32.400000      4.712781685758E-02      1.469600538079E-02
   32.500000      4.446909986929E-02      1.378789118789E-02
   32.600000      4.193366863190E-02      1.291504445226E-02
   32.700000      3.977285788012E-02      1.215540325082E-02
   32.800000      3.814852087404E-02      1.155965197023E-02
   32.900000      3.711590989649E-02      1.115085327752E-02
   33.000000      3.664421997631E-02      1.092875477937E-02
   33.100000      3.665471344985E-02      1.087608637486E-02
   33.200000      3.705039999494E-02      1.096418632985E-02
   33.300000      3.772895043802E-02      1.115641530208E-02
   33.400000      3.857926790952E-02      1.140953946345E-02
   33.500000      3.947216712237E-02      1.167480025653E-02
   33.600000      4.025941365871E-02      1.190097255773E-02
   33.700000      4.078958058240E-02      1.204094823444E-02
   33.800000      4.094011608059E-02      1.206148335838E-02
   33.900000      4.065631482975E-02      1.195352545785E-02
   34.000000      3.998306335893E-02      1.173907672667E-02
   34.100000      3.907619235413E-02      1.147070504056E-02
   34.200000      3.818464043555E-02      1.122177801481E-02
   34.300000      3.759845143407E-02      1.106865735409E-02
   34.400000      3.755924613947E-02      1.106927245803E-02
   34.500000      3.815035235594E-02      1.124441892352E-02
   34.600000      3.925218798411E-02      1.156793329228E-02
   34.700000      4.059655636832E-02      1.196947095988E-02
   34.800000      4.184759348184E-02      1.234969218107E-02
   34.900000      4.268044263983E-02      1.260360171312E-02
   35.000000      4.284789035450E-02      1.264509903797E-02
   35.100000      4.222383021764E-02      1.242553145006E-02
   35.200000      4.081605122501E-02      1.194132465031E-02
   35.300000      3.874755773728E-02      1.122969419773E-02
   35.400000      3.621279021662E-02      1.035546345228E-02
   35.500000      3.342364129812E-02      9.394592207038E-03
   35.600000      3.056889910601E-02      8.420269596916E-03
   35.700000      2.780500311636E-02      7.495430119913E-03
   35.800000      2.527431545346E-02      6.672268787379E-03
   35.900000      2.313121211144E-02      5.996161035425E-03
   36.000000      2.155150597560E-02      5.509619683224E-03
   36.100000      2.070732603077E-02      5.252225707962E-03
   36.200000      2.072096241967E-02      5.254679932950E-03
   36.300000      2.162645823513E-02      5.528292463238E-03
   36.400000      2.334679618829E-02      6.054014047202E-03
   36.500000      2.568851765871E-02      6.776315153192E-03
   36.600000      2.835456373160E-02      7.606247105621E-03
   36.700000      3.098643778129E-02      8.435138761706E-03
   36.800000      3.323762173853E-02      9.156611393565E-03
   36.900000      3.485150074564E-02      9.691323072158E-03
   37.000000      3.571850133303E-02      1.000731345018E-02
   37.100000      3.590233733873E-02      1.012961986635E-02
   37.200000      3.563124384440E-02      1.013574527585E-02
   37.300000      3.525497951437E-02      1.013761235292E-02
   37.400000      3.517401449472E-02      1.025450667044E-02
   37.500000      3.575192073972E-02      1.058397685308E-02
   37.600000      3.722191978224E-02      1.117801766450E-02
   37.700000      3.959719227896E-02      1.203012702501E-02
   37.800000      4.264234532377E-02      1.307567830831E-02
   37.900000      4.596049574128E-02      1.420454903157E-02
   38.000000      4.910976336627E-02      1.528215099518E-02
   38.100000      5.168808699254E-02      1.617360668745E-02
   38.200000      5.338654856091E-02      1.676596439949E-02
   38.300000      5.401717807211E-02      1.698469696945E-02
   38.400000      5.351998672457E-02      1.680265247146E-02
   38.500000      5.195501665210E-02      1.624144907120E-02
   38.600000      4.948651178801E-02      1.536654047257E-02
   38.700000      4.636477659904E-02      1.427764589969E-02
   38.800000      4.290728971877E-02      1.309609809627E-02
   38.900000      3.947652255781E-02      1.195030348536E-02
   39.000000      3.644960258159E-02      1.096034020179E-02
   39.100000      3.417539646152E-02      1.022294798109E-02
   39.200000      3.291635096272E-02      9.798673100696E-03
   39.300000      3.277798724324E-02      9.703347027138E-03
   39.400000      3.365667244001E-02      9.905975106546E-03
   39.500000      3.526476805835E-02      1.033425629673E-02
   39.600000      3.722272374927E-02      1.088744143392E-02
   39.700000      3.914872541326E-02      1.145447373841E-02
   39.800000      4.072284498503E-02      1.193390661250E-02
   39.900000      4.172987649443E-02      1.225146479568E-02
   40.000000      4.208172996970E-02      1.237155818601E-02
   40.100000      4.181842279564E-02      1.230047994993E-02
   40.200000      4.108837888653E-02      1.208101410930E-02
   40.300000      4.011063598408E-02      1.178015882175E-02
   40.400000      3.912400430062E-02      1.147307858645E-02
   40.500000      3.833616508419E-02      1.122688635847E-02
   40.600000      3.788955639194E-02      1.108741383306E-02
   40.700000      3.784429511368E-02      1.107105892930E-02
   40.800000      3.816726453903E-02      1.116255897851E-02
   40.900000      3.872752781150E-02      1.131850148030E-02
   41.000000      3.931375404742E-02      1.147568405405E-02
   41.100000      3.968235845081E-02      1.156296901240E-02
   41.200000      3.961613178527E-02      1.151486981167E-02
   41.300000      3.897081646120E-02      1.128469565223E-02
   41.400000      3.770301764147E-02      1.085480294788E-02
   41.500000      3.587879428668E-02      1.024162218065E-02
   41.600000      3.366180122223E-02      9.493873690928E-03
   41.700000      3.128036899175E-02      8.683784781422E-03
   41.800000      2.897840973935E-02      7.892913642564E-03
   41.900000      2.696538809466E-02      7.195854014963E-03
   42.000000      2.538353851213E-02      6.646018956521E-03
   42.100000      2.429474986589E-02      6.267415243619E-03
   42.200000      2.368280652805E-02      6.054744520648E-03
   42.300000      2.347298488710E-02      5.981708996246E-03
   42.400000      2.356709801200E-02      6.014829749767E-03
   42.500000      2.388467502563E-02      6.128266990959E-03
   42.600000      2.439842559173E-02      6.314710786087E-03
   42.700000      2.515045104923E-02      6.588593555901E-03
   42.800000      2.624062909466E-02      6.980339937636E-03
   42.900000      2.778817432054E-02      7.523340492999E-03
   43.000000      2.987215941604E-02      8.237823834880E-03
   43.100000      3.246988873089E-02      9.116951910531E-03
   43.200000      3.543047792052E-02      1.011988230296E-02
   43.300000      3.850169527402E-02      1.117444737211E-02
   43.400000      4.138676575733E-02      1.218921527174E-02
   43.500000      4.380589639644E-02      1.307195057435E-02
   43.600000      4.555182535248E-02      1.374968010770E-02
   43.700000      4.653173668712E-02      1.418512771467E-02
   43.800000      4.678818398916E-02      1.438521557002E-02
   43.900000      4.649412794828E-02      1.439929501605E-02
   44.000000      4.592094961667E-02      1.430723337641E-02
   44.100000      4.538215175057E-02      1.419988688258E-02
   44.200000      4.515861880621E-02      1.415635584340E-02
   44.300000      4.541443993521E-02      1.422338218154E-02
   44.400000      4.613235987661E-02      1.440206800003E-02
   44.500000      4.711769578794E-02      1.464568511437E-02
   44.600000      4.806196358004E-02      1.486987145490E-02
   44.700000      4.862297273634E-02      1.497343754539E-02
   44.800000      4.850378850718E-02      1.486506686176E-02
   44.900000      4.752156888469E-02      1.448922122255E-02
   45.000000      4.565600415098E-02      1.384424917665E-02
   45.100000      4.306778058190E-02      1.298734902594E-02
   45.200000      4.008088595164E-02      1.202440614005E-02
   45.300000      3.712751279313E-02      1.108696128353E-02
   45.400000      3.465908029916E-02      1.030240942470E-02
   45.500000      3.303677650383E-02      9.765683554335E-03
   45.600000      3.243687522175E-02      9.520308897438E-03
   45.700000      3.280362176096E-02      9.553813847000E-03
   45.800000      3.388409217700E-02      9.807950406141E-03
   45.900000      3.534244821967E-02      1.019952163487E-02
   46.000000      3.687055500191E-02      1.064443925000E-02
   46.100000      3.825474382541E-02      1.107706030165E-02
   46.200000      3.939759785814E-02      1.145909095086E-02
   46.300000      4.029896230597E-02      1.177658255664E-02
   46.400000      4.100648838848E-02      1.202818640396E-02
   46.500000      4.155178075107E-02      1.221108072627E-02
   46.600000      4.189808301118E-02      1.231154510402E-02
   46.700000      4.194295034955E-02      1.230479904114E-02
   46.800000      4.157122049656E-02      1.216440511267E-02
   46.900000      4.071573503985E-02      1.187705382388E-02
   47.000000      3.940495977645E-02      1.145578884296E-02
   47.100000      3.778216190554E-02      1.094490083397E-02
   47.200000      3.608564700713E-02      1.041281764350E-02
   47.300000      3.458785936225E-02      9.934134046145E-03
   47.400000      3.350533201582E-02      9.566521646221E-03
   47.500000      3.291495694444E-02      9.330779947406E-03
   47.600000      3.271969833831E-02      9.201698619284E-03
   47.700000      3.268067428393E-02      9.113879053706E-03
   47.800000      3.249654619419E-02      8.981501829333E-03
   47.900000      3.189706343659E-02      8.726112226528E-03
   48.000000      3.072389233647E-02      8.303604850706E-03
   48.100000      2.898187374433E-02      7.721744619382E-03
   48.200000      2.685144509918E-02      7.042670020189E-03
   48.300000      2.466020791045E-02      6.369717957602E-03
   48.400000      2.281772380403E-02      5.822810366073E-03
   48.500000      2.172196600257E-02      5.509871992304E-03
   48.600000      2.165316941839E-02      5.502366653740E-03
   48.700000      2.268941446573E-02      5.821128080597E-03
   48.800000      2.468864921395E-02      6.435154220662E-03
   48.900000      2.735148536129E-02      7.272238951068E-03
   49.000000      3.032259759749E-02      8.237401627650E-03
   49.100000      3.327612669271E-02      9.233724403233E-03
   49.200000      3.596735013555E-02      1.018050007035E-02
   49.300000      3.825522076221E-02      1.102510387029E-02
   49.400000      4.010276253719E-02      1.174704275545E-02
   49.500000      4.156111963865E-02      1.235454994540E-02
   49.600000      4.274309842022E-02      1.287548436581E-02
   49.700000      4.378930077448E-02      1.334507608032E-02
   49.800000      4.482745571730E-02      1.379333174218E-02
   49.900000      4.592988672724E-02      1.423479297697E-02
   50.000000      4.708396708512E-02      1.466285570804E-02
   50.100000      4.819256391860E-02      1.504998649819E-02
   50.200000      4.910582151241E-02      1.535393939526E-02
   50.300000      4.966714274166E-02      1.552864504567E-02
   50.400000      4.975505999457E-02      1.553712470461E-02
   50.500000      4.931307528493E-02      1.536297571624E-02
   50.600000      4.836589435888E-02      1.501704582484E-02
   50.700000      4.702014141968E-02      1.453702413796E-02
   50.800000      4.544639437427E-02      1.397964608240E-02
   50.900000      4.384168611422E-02      1.340748701096E-02
   51.000000      4.237860833272E-02      1.287413681323E-02
   51.100000      4.115932633328E-02      1.241222206221E-02
   51.200000      4.019546282497E-02      1.202797156608E-02
   51.300000      3.941893595412E-02      1.170402265048E-02
   51.400000      3.871671087677E-02      1.140958373919E-02
   51.500000      3.797863040102E-02      1.111472971657E-02
   51.600000      3.714424538034E-02      1.080424427370E-02
   51.700000      3.623407341349E-02      1.048647164263E-02
   51.800000      3.535545964864E-02      1.019411357780E-02
   51.900000      3.467978536530E-02      9.976381380706E-03
   52.000000      3.439263603253E-02      9.884625199597E-03
   52.100000      3.462855920156E-02      9.955649937146E-03
   52.200000      3.541629997596E-02      1.019772656620E-02
   52.300000      3.665803087491E-02      1.058359387584E-02
   52.400000      3.814723293559E-02      1.105278017451E-02
   52.500000      3.961687332584E-02      1.152296758655E-02
   52.600000      4.079938558606E-02      1.190760807178E-02
   52.700000      4.148225960928E-02      1.213524164565E-02
   52.800000      4.155011827941E-02      1.216542031557E-02
   52.900000      4.100641532846E-02      1.199697126195E-02
   53.000000      3.997019463743E-02      1.166635702671E-02
   53.100000      3.864671385942E-02      1.123658401675E-02
   53.200000      3.727474021021E-02      1.077971989729E-02
   53.300000      3.605978168708E-02      1.035784236885E-02
   53.400000      3.511456099645E-02      1.000763537699E-02
   53.500000      3.443355674193E-02      9.732769321134E-03
   53.600000      3.390825600904E-02      9.505981414991E-03
   53.700000      3.336992495268E-02      9.280052352339E-03
   53.800000      3.264522634885E-02      9.004407225484E-03
   53.900000      3.161084436330E-02      8.642524081561E-03
   54.000000      3.023437723091E-02      8.185154878979E-03
   54.100000      2.859201949829E-02      7.655642771547E-03
   54.200000      2.685816836873E-02      7.106019682053E-03
   54.300000      2.526766998525E-02      6.605356443312E-03
   54.400000      2.405957381538E-02      6.224095030123E-03
   54.500000      2.342185864470E-02      6.019057386743E-03
   54.600000      2.345858473280E-02      6.023213073424E-03
   54.700000      2.418394501138E-02      6.242402504636E-03
   54.800000      2.552955224411E-02      6.658798454725E-03
   54.900000      2.736092594917E-02      7.238817361355E-03
   55.000000      2.951100063274E-02      7.942143092553E-03
   55.100000      3.182085910506E-02      8.728774786451E-03
   55.200000      3.416651694486E-02      9.562364606612E-03
   55.300000      3.646242020854E-02      1.040999040245E-02
   55.400000      3.864770449012E-02      1.124014675928E-02
   55.500000      4.066782360383E-02      1.202146039323E-02
   55.600000      4.246394246942E-02      1.272412039789E-02
   55.700000      4.397783931208E-02      1.332444498442E-02
   55.800000      4.517309412351E-02      1.381104355905E-02
   55.900000      4.606068229425E-02      1.418957775034E-02
   56.000000      4.670996825754E-02      1.448294817565E-02
   56.100000      4.723507697069E-02      1.472510689758E-02
   56.200000      4.775729831995E-02      1.494920691790E-02
   56.300000      4.835359202891E-02      1.517347375078E-02
   56.400000      4.901053723871E-02      1.538987014752E-02
   56.500000      4.960686914335E-02      1.556048350339E-02
   56.600000      4.993874634389E-02      1.562442957925E-02
   56.700000      4.978025143217E-02      1.551454689136E-02
   56.800000      4.895558546922E-02      1.517946229850E-02
   56.900000      4.740028322562E-02      1.460413584428E-02
   57.000000      4.519661071234E-02      1.382179805603E-02
   57.100000      4.257458982559E-02      1.291253496169E-02
   57.200000      3.987529331200E-02      1.198794557440E-02
   57.300000      3.747900074260E-02      1.116585204199E-02
   57.400000      3.571082431657E-02      1.054237253218E-02
   57.500000      3.475245628220E-02      1.016961245601E-02
   57.600000      3.459541173913E-02      1.004548992650E-02
   57.700000      3.505475343647E-02      1.011840015609E-02
   57.800000      3.583685932870E-02      1.030482113432E-02
   57.900000      3.663303633152E-02      1.051408662500E-02
   58.000000      3.720366434594E-02      1.067266429131E-02
   58.100000      3.742928766412E-02      1.074094902873E-02
   58.200000      3.732199945398E-02      1.071847269812E-02
   58.300000      3.700179677274E-02      1.063740462544E-02
   58.400000      3.664841347482E-02      1.054779972200E-02
   58.500000      3.644163575605E-02      1.050003848501E-02
   58.600000      3.650568619402E-02      1.052981939837E-02
   58.700000      3.687759938581E-02      1.064927144408E-02
   58.800000      3.750591760985E-02      1.084520044024E-02
   58.900000      3.826942299392E-02      1.108324151691E-02
   59.000000      3.900957683853E-02      1.131550812624E-02
   59.100000      3.956483661470E-02      1.148936122608E-02
   59.200000      3.979474973583E-02      1.155575490907E-02
   59.300000      3.959343406867E-02      1.147654329599E-02
   59.400000      3.889886053006E-02      1.123057121460E-02
   59.500000      3.770344056859E-02      1.081815970657E-02
   59.600000      3.606480314612E-02      1.026305768615E-02
   59.700000      3.411020028092E-02      9.610637247225E-03
   59.800000      3.202693234694E-02      8.921531042914E-03
   59.900000      3.003265803492E-02      8.261123367452E-03
   60.000000      2.832611382738E-02      7.686923671029E-03
   60.100000      2.703526543831E-02      7.237171027699E-03
   60.200000      2.618863210423E-02      6.924328430834E-03
   60.300000      2.572314175931E-02      6.736036646813E-03
   60.400000      2.552480300797E-02      6.643779620413E-03
   60.500000      2.548340887415E-02      6.616727728981E-03
   60.600000      2.553988055798E-02      6.636076393511E-03
   60.700000      2.571127524787E-02      6.704670302801E-03
   60.800000      2.608630522190E-02      6.848177589678E-03
   60.900000      2.679400915544E-02      7.107084105308E-03
   61.000000      2.795905062948E-02      7.522154004079E-03
   61.100000      2.965949231748E-02      8.118400164880E-03
   61.200000      3.189471358765E-02      8.893088923418E-03
   61.300000      3.456497792072E-02      9.811737231018E-03
   61.400000      3.746945254449E-02      1.081314001567E-02
   61.500000      4.034788347352E-02      1.182137577604E-02
   61.600000      4.295081209676E-02      1.276065059677E-02
   61.700000      4.509157139755E-02      1.356845438921E-02
   61.800000      4.666884961299E-02      1.420379819673E-02
   61.900000      4.766423774204E-02      1.464957894456E-02
   62.000000      4.812230344464E-02      1.491031580277E-02
   62.100000      4.812556908652E-02      1.500767219715E-02
   62.200000      4.777916053285E-02      1.497592322835E-02
   62.300000      4.721020972664E-02      1.485818590556E-02
   62.400000      4.657202108011E-02      1.470267975913E-02
   62.500000      4.603745551200E-02      1.455748352727E-02
   62.600000      4.576832946451E-02      1.446272888957E-02
   62.700000      4.585588053969E-02      1.444076065855E-02
   62.800000      4.626324804985E-02      1.448672667929E-02
   62.900000      4.682564470101E-02      1.456333833073E-02
   63.000000      4.729353460458E-02      1.460338157534E-02
   63.100000      4.738248261791E-02      1.452173884993E-02
   63.200000      4.682862950153E-02      1.423566719176E-02
   63.300000      4.544852113910E-02      1.368888548207E-02
   63.400000      4.319340452501E-02      1.287287668422E-02
   63.500000      4.018489445823E-02      1.183866637343E-02
   63.600000      3.672156704836E-02      1.069446561325E-02
   63.700000      3.325176580807E-02      9.588377481218E-03
   63.800000      3.031192552418E-02      8.679623368820E-03
   63.900000      2.842881836546E-02      8.105056058762E-03
   64.000000      2.798009795654E-02      7.949091666220E-03
   64.100000      2.903771071971E-02      8.224323186498E-03
   64.200000      3.132018471371E-02      8.867380398313E-03
   64.300000      3.431271346649E-02      9.750915481664E-03
   64.400000      3.742910352722E-02      1.070888454739E-02
   64.500000      4.013199937410E-02      1.156940950790E-02
   64.600000      4.201168306511E-02      1.218802555310E-02
   64.700000      4.283328491660E-02      1.247428139334E-02
   64.800000      4.255510272513E-02      1.240632581489E-02
   64.900000      4.131974343384E-02      1.203083896980E-02
   65.000000      3.942141092488E-02      1.144882850494E-02
   65.100000      3.725361899898E-02      1.079076005087E-02
   65.200000      3.524187409953E-02      1.018666187888E-02
   65.300000      3.376273787715E-02      9.737816402538E-03
   65.400000      3.304334463273E-02      9.496210280251E-03
   65.500000      3.307382997138E-02      9.456103725785E-03
   65.600000      3.362426098399E-02      9.559244104362E-03
   65.700000      3.434561347588E-02      9.712019129602E-03
   65.800000      3.487401843671E-02      9.810020332017E-03
   65.900000      3.491307924103E-02      9.763826457176E-03
   66.000000      3.428968708034E-02      9.519789781197E-03
   66.100000      3.298027406544E-02      9.071215956670E-03
   66.200000      3.110698771735E-02      8.458074214091E-03
   66.300000      2.890731070712E-02      7.756427532389E-03
   66.400000      2.668496024041E-02      7.061242907196E-03
   66.500000      2.475294322132E-02      6.467468928141E-03
   66.600000      2.338071340633E-02      6.054008955892E-03
   66.700000      2.275498560090E-02      5.873700279163E-03
   66.800000      2.295929002241E-02      5.950236392104E-03
   66.900000      2.397879590157E-02      6.280906814339E-03
   67.000000      2.572429148669E-02      6.842727922272E-03
   67.100000      2.805975100755E-02      7.599301095519E-03
   67.200000      3.082374375267E-02      8.506431603064E-03
   67.300000      3.384093151982E-02      9.515722127039E-03
   67.400000      3.693206545261E-02      1.057647981399E-02
   67.500000      3.992656626606E-02      1.163694350851E-02
   67.600000      4.267346497201E-02      1.264589944690E-02
   67.700000      4.505010867523E-02      1.355530608918E-02
   67.800000      4.696808782377E-02      1.432385348664E-02
   67.900000      4.837481357232E-02      1.492075805225E-02
   68.000000      4.925306876238E-02      1.532880151456E-02
   68.100000      4.962066743492E-02      1.554576803517E-02
   68.200000      4.952808720919E-02      1.558391941103E-02
   68.300000      4.905250458571E-02      1.546772747087E-02
   68.400000      4.828866795378E-02      1.523048930916E-02
   68.500000      4.734194424282E-02      1.491053990863E-02
   68.600000      4.632433191609E-02      1.454758351918E-02
   68.700000      4.534595101236E-02      1.417935542157E-02
   68.800000      4.449746152757E-02      1.383858139488E-02
   68.900000      4.383235429329E-02      1.355012755553E-02
   69.000000      4.336588631852E-02      1.332833152717E-02
   69.100000      4.308284667393E-02      1.317471563688E-02
   69.200000      4.294137728596E-02      1.307652248434E-02
   69.300000      4.287355419126E-02      1.300669817711E-02
   69.400000      4.278542038221E-02      1.292598868073E-02
   69.500000      4.255842117480E-02      1.278762703337E-02
   69.600000      4.205635892064E-02      1.254463909587E-02
   69.700000      4.114603817006E-02      1.215913990012E-02
   69.800000      3.973371691591E-02      1.161228180008E-02
   69.900000      3.780425879064E-02      1.091294505553E-02
   70.000000      3.544935629783E-02      1.010300902607E-02
   70.100000      3.287873387736E-02      9.257230706294E-03
   70.200000      3.041062914140E-02      8.476443965407E-03
   70.300000      2.843779197665E-02      7.873952130812E-03
   70.400000      2.736059070433E-02      7.556475045225E-03
   70.500000      2.747795345650E-02      7.602548708169E-03
   70.600000      2.888303698273E-02      8.042484968185E-03
   70.700000      3.143709304940E-02      8.844507716092E-03
   70.800000      3.479449704735E-02      9.911222060973E-03
   70.900000      3.845018843727E-02      1.108904111550E-02
   71.000000      4.182398394687E-02      1.219069413792E-02
   71.100000      4.436270472288E-02      1.302783432943E-02
   71.200000      4.563313180350E-02      1.344772536389E-02
   71.300000      4.539488875107E-02      1.336592121147E-02
   71.400000      4.364568287717E-02      1.278665010553E-02
   71.500000      4.063149553199E-02      1.180474506128E-02
   71.600000      3.681728591286E-02      1.058717507257E-02
   71.700000      3.281861394482E-02      9.337494651304E-03
   71.800000      2.929912250685E-02      8.251331839828E-03
   71.900000      2.683774645441E-02      7.473879468900E-03
   72.000000      2.575243678208E-02      7.070263042479E-03
   72.100000      2.593003313215E-02      7.016495688060E-03
   72.200000      2.692130762040E-02      7.213266864246E-03
   72.300000      2.817291969565E-02      7.518534733241E-03
   72.400000      2.919045796981E-02      7.789618126630E-03
   72.500000      2.964580694026E-02      7.922841472761E-03
   72.600000      2.943603880121E-02      7.879686275475E-03
   72.700000      2.869046774079E-02      7.692664394460E-03
   72.800000      2.772673635912E-02      7.450439725301E-03
   72.900000      2.696114571750E-02      7.268031399320E-03
   73.000000      2.678209945977E-02      7.252148844088E-03
   73.100000      2.742014549709E-02      7.472486575273E-03
   73.200000      2.888582774407E-02      7.947023063799E-03
   73.300000      3.101258726745E-02      8.644150927399E-03
   73.400000      3.354672251201E-02      9.498739429922E-03
   73.500000      3.623148065941E-02      1.043498760815E-02
   73.600000      3.886701285831E-02      1.138751085881E-02
   73.700000      4.133667770943E-02      1.231376748862E-02
   73.800000      4.360398383790E-02      1.319481799858E-02
   73.900000      4.568811334256E-02      1.402594712900E-02
   74.000000      4.762213376561E-02      1.480220974032E-02
   74.100000      4.940584889308E-02      1.550534998572E-02
   74.200000      5.096899049148E-02      1.609752644613E-02
   74.300000      5.216357019432E-02      1.652445843249E-02
   74.400000      5.279836567262E-02      1.672714128879E-02
   74.500000      5.270076190574E-02      1.665838638541E-02
   74.600000      5.177573385634E-02      1.629899654078E-02
   74.700000      5.004352258955E-02      1.566866990655E-02
   74.800000      4.765179027493E-02      1.482842252420E-02
   74.900000      4.486370764037E-02      1.387372573816E-02
   75.000000      4.202523788460E-02      1.291987191882E-02
   75.100000      3.951486859858E-02      1.208270822611E-02
   75.200000      3.767727465332E-02      1.145857010462E-02
   75.300000      3.674205577880E-02      1.110710593176E-02
   75.400000      3.675458227514E-02      1.103999831559E-02
   75.500000      3.756633514624E-02      1.121762368541E-02
   75.600000      3.887837608211E-02      1.155457423440E-02
   75.700000      4.030689270010E-02      1.193369188940E-02
   75.800000      4.145181849483E-02      1.222682822947E-02
   75.900000      4.196284065124E-02      1.231908049011E-02
   76.000000      4.159789176892E-02      1.213208918491E-02
   76.100000      4.026749157444E-02      1.164156199792E-02
   76.200000      3.805794718720E-02      1.088488165585E-02
   76.300000      3.522856730162E-02      9.956533261817E-03
   76.400000      3.218179684371E-02      8.991784970616E-03
   76.500000      2.940713528715E-02      8.141835815429E-03
   76.600000      2.739890326664E-02      7.545656975126E-03
   76.700000      2.655129077128E-02      7.304389116896E-03
   76.800000      2.705314439971E-02      7.463297527828E-03
   76.900000      2.882909485402E-02      8.004309410339E-03
   77.000000      3.156800594197E-02      8.849742406295E-03
   77.100000      3.481605894214E-02      9.875664980905E-03
   77.200000      3.807676639717E-02      1.093186780228E-02
   77.300000      4.088859960503E-02      1.186481216634E-02
   77.400000      4.287827764258E-02      1.254002087354E-02
   77.500000      4.379476292586E-02      1.286090573891E-02
   77.600000      4.352835432973E-02      1.278171419123E-02
   77.700000      4.211747970772E-02      1.231299347658E-02
   77.800000      3.974325208863E-02      1.151875326352E-02
   77.900000      3.670867795959E-02      1.050548274414E-02
   78.000000      3.339750648748E-02      9.404409278234E-03
   78.100000      3.021320425428E-02      8.349740110593E-03
   78.200000      2.751291363101E-02      7.456758287251E-03
   78.300000      2.555405035158E-02      6.804098377060E-03
   78.400000      2.445750343790E-02      6.423957802816E-03
   78.500000      2.419100802341E-02      6.302354654925E-03
   78.600000      2.458532029577E-02      6.389164624472E-03
   78.700000      2.539232191896E-02      6.615223309444E-03
   78.800000      2.636654037997E-02      6.912027984560E-03
   78.900000      2.733155155083E-02      7.229077521690E-03
   79.000000      2.821487053361E-02      7.544781629657E-03
   79.100000      2.905287240257E-02      7.868802433159E-03
   79.200000      2.996989837661E-02      8.235995978999E-03
   79.300000      3.113556801496E-02      8.694097411223E-03
   79.400000      3.270607647188E-02      9.288464287232E-03
   79.500000      3.476786932098E-02      1.004742530100E-02
   79.600000      3.731109549791E-02      1.097124920689E-02
   79.700000      4.022954380631E-02      1.202678390487E-02
   79.800000      4.333162185497E-02      1.314873806060E-02
   79.900000      4.636197929044E-02      1.424756165422E-02
   80.000000      4.903579694270E-02      1.522292528782E-02
   80.100000      5.108430704003E-02      1.598081832875E-02
   80.200000      5.230533090984E-02      1.645129622630E-02
   80.300000      5.260685094902E-02      1.660314849551E-02
   80.400000      5.203187961744E-02      1.645166379834E-02
   80.500000      5.075803050805E-02      1.605664213955E-02
   80.600000      4.906869890415E-02      1.550993693115E-02
   80.700000      4.729483795126E-02      1.491469781680E-02
   80.800000      4.573147141395E-02      1.436127254105E-02
   80.900000      4.455288387880E-02      1.390637208253E-02
   81.000000      4.376888544197E-02      1.356178542883E-02
   81.100000      4.324371925871E-02      1.329643458322E-02
   81.200000      4.276407928054E-02      1.305148799192E-02
   81.300000      4.212098141150E-02      1.276391045859E-02
   81.400000      4.117874409970E-02      1.239079648606E-02
   81.500000      3.991822631478E-02      1.192633365205E-02
   81.600000      3.844647470149E-02      1.140560372126E-02
   81.700000      3.697002419344E-02      1.089389870256E-02
   81.800000      3.573651685388E-02      1.046522732701E-02
   81.900000      3.495615001593E-02      1.017741217844E-02
   82.000000      3.472409760381E-02      1.005229747702E-02
   82.100000      3.497684091557E-02      1.006773659847E-02
   82.200000      3.550950135842E-02      1.016391553534E-02
   82.300000      3.604598500458E-02      1.026168406193E-02
   82.400000      3.632621014318E-02      1.028662798423E-02
   82.500000      3.617865160908E-02      1.019096222439E-02
   82.600000      3.556098277610E-02      9.966453951198E-03
   82.700000      3.456422345726E-02      9.644983221536E-03
   82.800000      3.338488188922E-02      9.287678963153E-03
   82.900000      3.227404271840E-02      8.967188465210E-03
   83.000000      3.147375173101E-02      8.749262740784E-03
   83.100000      3.115575362809E-02      8.679056158488E-03
   83.200000      3.138602647621E-02      8.774932835420E-03
   83.300000      3.212776191547E-02      9.029404738821E-03
   83.400000      3.327295378700E-02      9.414439547956E-03
   83.500000      3.467989943979E-02      9.887630615728E-03
   83.600000      3.619651888889E-02      1.039669676555E-02
   83.700000      3.766442148064E-02      1.088182018319E-02
   83.800000      3.891056315993E-02      1.127736853208E-02
   83.900000      3.974119328210E-02      1.151556426996E-02
   84.000000      3.995707561241E-02      1.153411995464E-02
   84.100000      3.939353158525E-02      1.128792807854E-02
   84.200000      3.796841048176E-02      1.076241036835E-02
   84.300000      3.572166222949E-02      9.984243042014E-03
   84.400000      3.283551162170E-02      9.024852593207E-03
   84.500000      2.962724932265E-02      7.993678820800E-03
   84.600000      2.651043352433E-02      7.021282062129E-03
   84.700000      2.392529293218E-02      6.235828054931E-03
   84.800000      2.224892421927E-02      5.738992028096E-03
   84.900000      2.171051966916E-02      5.587876434541E-03
   85.000000      2.234232290238E-02      5.787858707788E-03
   85.100000      2.398750649485E-02      6.297941679241E-03
   85.200000      2.636174490980E-02      7.046342561370E-03
   85.300000      2.914762766337E-02      7.951049739649E-03
   85.400000      3.207796558665E-02      8.938891848636E-03
   85.500000      3.497988742236E-02      9.957633752339E-03
   85.600000      3.777962056407E-02      1.097833098397E-02
   85.700000      4.047469433488E-02      1.198865202605E-02
   85.800000      4.308597738070E-02      1.298089846458E-02
   85.900000      4.560654570700E-02      1.393998764464E-02
   86.000000      4.796930877123E-02      1.483623313298E-02
   86.100000      5.005037956647E-02      1.562560881448E-02
   86.200000      5.170071138233E-02      1.625718292594E-02
   86.300000      5.278678707607E-02      1.668471992210E-02
   86.400000      5.322569953643E-02      1.687807203021E-02
   86.500000      5.300502928154E-02      1.683036940049E-02
   86.600000      5.218335830374E-02      1.655889813837E-02
   86.700000      5.087308791876E-02      1.610006939046E-02
   86.800000      4.921239841484E-02      1.550096477941E-02
   86.900000      4.733673363547E-02      1.481079165606E-02
   87.000000      4.536105538247E-02      1.407498656931E-02
   87.100000      4.337843061837E-02      1.333308689664E-02
   87.200000      4.147020790876E-02      1.261964631381E-02
   87.300000      3.971754924986E-02      1.196619305632E-02
   87.400000      3.820499950775E-02      1.140199424929E-02
   87.500000      3.701285019439E-02      1.095221412602E-02
   87.600000      3.620054332289E-02      1.063354727276E-02
   87.700000      3.578606584369E-02      1.044892850165E-02
   87.800000      3.572973601401E-02      1.038380228305E-02
   87.900000      3.593279045165E-02      1.040623762455E-02
   88.000000      3.625591810491E-02      1.047189412252E-02
   88.100000      3.655185205495E-02      1.053296595982E-02
   88.200000      3.669933326722E-02      1.054855224318E-02
   88.300000      3.662723957518E-02      1.049318153923E-02
   88.400000      3.632218514904E-02      1.036080469686E-02
   88.500000      3.581905307048E-02      1.016322966810E-02
   88.600000      3.518153800533E-02      9.924003647892E-03
   88.700000      3.448178769716E-02      9.670314512903E-03
   88.800000      3.378437932518E-02      9.425981630966E-03
   88.900000      3.313713796869E-02      9.207894266386E-03
   89.000000      3.257201142654E-02      9.026667537473E-03
   89.100000      3.211675102397E-02      8.890463181015E-03
   89.200000      3.180998901562E-02      8.809566493918E-03
   89.300000      3.170850237072E-02      8.798940334025E-03
   89.400000      3.187990695688E-02      8.876752437289E-03
   89.500000      3.238101675091E-02      9.058529277115E-03
   89.600000      3.322931634274E-02      9.348515940404E-03
   89.700000      3.437848922905E-02      9.731276619647E-03
   89.800000      3.570675692921E-02      1.016697739973E-02
   89.900000      3.702398806068E-02      1.059296921254E-02
   90.000000      3.809837755680E-02      1.093249910736E-02
   90.100000      3.869819227178E-02      1.110919898237E-02
   90.200000      3.864049536620E-02      1.106409407725E-02
   90.300000      3.783475982579E-02      1.077079266939E-02
   90.400000      3.631029638429E-02      1.024460331058E-02
   90.500000      3.422102494622E-02      9.542645343326E-03
   90.600000      3.182512975380E-02      8.754319731165E-03
   90.700000      2.944107279566E-02      7.984203002215E-03
   90.800000      2.738637625334E-02      7.331702095350E-03
   90.900000      2.591243278671E-02      6.872877116094E-03
   91.000000      2.515758056560E-02      6.649262618698E-03
   91.100000      2.514112874361E-02      6.666405966699E-03
   91.200000      2.579448973389E-02      6.901836763533E-03
   91.300000      2.700205890828E-02      7.319242814472E-03
   91.400000      2.864132627941E-02      7.883717254638E-03
   91.500000      3.062139010166E-02      8.572720537906E-03
   91.600000      3.290467337233E-02      9.379006075847E-03
   91.700000      3.549615280276E-02      1.030470759315E-02
   91.800000      3.840099422048E-02      1.134908504794E-02
   91.900000      4.157345873804E-02      1.249488428730E-02
   92.000000      4.488637679668E-02      1.369893777056E-02
   92.100000      4.813493603809E-02      1.489120298262E-02
   92.200000      5.107014081259E-02      1.598337504564E-02
   92.300000      5.344674365146E-02      1.688464612925E-02
   92.400000      5.506941326062E-02      1.751949268322E-02
   92.500000      5.582713879466E-02      1.784164078517E-02
   92.600000      5.570867036070E-02      1.783991531170E-02
   92.700000      5.479275151713E-02      1.753489291146E-02
   92.800000      5.321472829254E-02      1.696880483503E-02
   92.900000      5.112167642995E-02      1.619349115267E-02
   93.000000      4.863794948445E-02      1.526143300970E-02
   93.100000      4.586194547187E-02      1.422295276501E-02
   93.200000      4.289320837662E-02      1.312944910983E-02
   93.300000      3.986820266952E-02      1.203941772099E-02
   93.400000      3.698250485258E-02      1.102234295552E-02
   93.500000      3.448485310458E-02      1.015610673738E-02
   93.600000      3.263820369525E-02      9.516227540710E-03
   93.700000      3.165817416050E-02      9.158998311856E-03
   93.800000      3.164431634420E-02      9.103884188714E-03
   93.900000      3.251965569077E-02      9.321908933259E-03
   94.000000      3.401775513212E-02      9.735477088461E-03
   94.100000      3.574556840821E-02      1.023150263338E-02
   94.200000      3.728680986065E-02      1.068515939791E-02
   94.300000      3.829922633219E-02      1.098777123235E-02
   94.400000      3.858267971714E-02      1.107077327717E-02
   94.500000      3.810899455190E-02      1.091888985303E-02
   94.600000      3.701217769972E-02      1.056920146683E-02
   94.700000      3.554361192953E-02      1.009727043747E-02
   94.800000      3.400301774356E-02      9.595324761009E-03
   94.900000      3.266333842354E-02      9.149382237692E-03
   95.000000      3.171139930232E-02      8.821665687083E-03
   95.100000      3.122176355240E-02      8.642157653873E-03
   95.200000      3.116975046197E-02      8.609757967504E-03
   95.300000      3.146919111340E-02      8.700511995655E-03
   95.400000      3.201079488906E-02      8.878755436156E-03
   95.500000      3.268889413313E-02      9.107140206827E-03
   95.600000      3.341416315239E-02      9.353027702030E-03
   95.700000      3.411383510173E-02      9.590808192927E-03
   95.800000      3.472850344448E-02      9.801369951366E-03
   95.900000      3.521281843826E-02      9.970578182110E-03
   96.000000      3.553782620068E-02      1.008819922980E-02
   96.100000      3.569166026549E-02      1.014770076835E-02
   96.200000      3.567680093750E-02      1.014644152502E-02
   96.300000      3.550431595389E-02      1.008542468827E-02
   96.400000      3.518799722469E-02      9.968135304528E-03
   96.500000      3.473968493348E-02      9.798751571246E-03
   96.600000      3.416419353832E-02      9.580744290280E-03
   96.700000      3.345640091314E-02      9.317101740205E-03
   96.800000      3.260745877935E-02      9.012902807216E-03
   96.900000      3.162395302573E-02      8.679831618318E-03
   97.000000      3.055328174269E-02      8.340961555006E-03
   97.100000      2.950202767273E-02      8.033387143985E-03
   97.200000      2.863758107663E-02      7.806554416542E-03
   97.300000      2.816656648817E-02      7.715497412900E-03
   97.400000      2.828780727090E-02      7.810159276723E-03
   97.500000      2.913030517832E-02      8.123743051814E-03
   97.600000      3.070710751021E-02      8.663814891455E-03
   97.700000      3.291346395435E-02      9.409282028010E-03
   97.800000      3.555989544231E-02      1.031455693176E-02
   97.900000      3.842069510284E-02      1.131982751759E-02
   98.000000      4.128590232172E-02      1.236421616601E-02
   98.100000      4.400428571794E-02      1.339748379233E-02
   98.200000      4.650474911131E-02      1.438626948329E-02
   98.300000      4.878877715020E-02      1.531264746115E-02
   98.400000      5.089388413240E-02      1.616552269619E-02
   98.500000      5.283759475516E-02      1.692816202695E-02
   98.600000      5.456277478566E-02      1.756694045329E-02
   98.700000      5.591520509358E-02      1.802642666278E-02
   98.800000      5.666829924853E-02      1.823410145862E-02
   98.900000      5.657621151983E-02      1.811484803121E-02
   99.000000      5.543553502190E-02      1.761190665258E-02
   99.100000      5.314482825214E-02      1.670839581374E-02
   99.200000      4.975148647384E-02      1.544265922056E-02
   99.300000      4.547492989873E-02      1.391196703977E-02
   99.400000      4.069920491747E-02      1.226218086228E-02
   99.500000      3.593351867407E-02      1.066496974878E-02
   99.600000      3.174017822137E-02      9.287778123265E-03
   99.700000      2.862564324164E-02      8.263833124261E-03
   99.800000      2.691100033061E-02      7.669415128631E-03
   99.900000      2.665390401138E-02      7.513521204419E-03
  100.000000      2.765574576081E-02      7.741672966199E-03
