# M=14, N=7, V0=0.0, V=-0.5, PBC
#  time (tJ)                 S₁(n=1)                 S₂(n=1)
    0.000000      0.000000000000E+00      4.440892098501E-16
    0.100000      3.907829477988E-03      9.094478913432E-04
    0.200000      1.256621897924E-02      3.465645874336E-03
    0.300000      2.343464798732E-02      7.195520859372E-03
    0.400000      3.454441075746E-02      1.144230474582E-02
    0.500000      4.436346424392E-02      1.552228137592E-02
    0.600000      5.188169205469E-02      1.887646453713E-02
    0.700000      5.665075534630E-02      2.117677857454E-02
    0.800000      5.875002535302E-02      2.236279055525E-02
    0.900000      5.868488215797E-02      2.260750086839E-02
    1.000000      5.723441307154E-02      2.223125809928E-02
    1.100000      5.526966156543E-02      2.159513376675E-02
    1.200000      5.355826052517E-02      2.100615536223E-02
    1.300000      5.257928190834E-02      2.065776955009E-02
    1.400000      5.244699505573E-02      2.061416110701E-02
    1.500000      5.298393363009E-02      2.083233848726E-02
    1.600000      5.386791789066E-02      2.120608808280E-02
    1.700000      5.477505265949E-02      2.161332823998E-02
    1.800000      5.546760940561E-02      2.195241723394E-02
    1.900000      5.582507469372E-02      2.216073140287E-02
    2.000000      5.583503467517E-02      2.221670387044E-02
    2.100000      5.556155498596E-02      2.213157520065E-02
    2.200000      5.510732410384E-02      2.193811752226E-02
    2.300000      5.458323392716E-02      2.168121602026E-02
    2.400000      5.409268103114E-02      2.141141085382E-02
    2.500000      5.372603326096E-02      2.117954186715E-02
    2.600000      5.355379033749E-02      2.102988948311E-02
    2.700000      5.361601110714E-02      2.099068192384E-02
    2.800000      5.391215251824E-02      2.106337936856E-02
    2.900000      5.438906384710E-02      2.121417278388E-02
    3.000000      5.492626203633E-02      2.137151632372E-02
    3.100000      5.532591231519E-02      2.143206993605E-02
    3.200000      5.532342915892E-02      2.127490420908E-02
    3.300000      5.462859888131E-02      2.078139196093E-02
    3.400000      5.298199697241E-02      1.985686950727E-02
    3.500000      5.020485405923E-02      1.845023184242E-02
    3.600000      4.623560066374E-02      1.656872456145E-02
    3.700000      4.115495431510E-02      1.428646620513E-02
    3.800000      3.519900340362E-02      1.174592455982E-02
    3.900000      2.876109740401E-02      9.151485993144E-03
    4.000000      2.240448839581E-02      6.753894859229E-03
    4.100000      1.689754046509E-02      4.824586491905E-03
    4.200000      1.321715762172E-02      3.620500203955E-03
    4.300000      1.233410863186E-02      3.342856712453E-03
    4.400000      1.461797828112E-02      4.096776683850E-03
    4.500000      1.964775572983E-02      5.861066032488E-03
    4.600000      2.662689729988E-02      8.477549409939E-03
    4.700000      3.460372148303E-02      1.166620864260E-02
    4.800000      4.261428945745E-02      1.506644725767E-02
    4.900000      4.982127459860E-02      1.829764771294E-02
    5.000000      5.560340105490E-02      2.102614063721E-02
    5.100000      5.960318184368E-02      2.302292844313E-02
    5.200000      6.173912310922E-02      2.419813015964E-02
    5.300000      6.218507866264E-02      2.460385041100E-02
    5.400000      6.132093021308E-02      2.440549177151E-02
    5.500000      5.965623383562E-02      2.383011842792E-02
    5.600000      5.772799801052E-02      2.310678324445E-02
    5.700000      5.598291892408E-02      2.241561006380E-02
    5.800000      5.467570753158E-02      2.185899337119E-02
    5.900000      5.383868671527E-02      2.146052886655E-02
    6.000000      5.334701508189E-02      2.118793468781E-02
    6.100000      5.303044435610E-02      2.098865724227E-02
    6.200000      5.276973861608E-02      2.082373062142E-02
    6.300000      5.254687440265E-02      2.068764128013E-02
    6.400000      5.244073284229E-02      2.060831103183E-02
    6.500000      5.257585129179E-02      2.062930797246E-02
    6.600000      5.304657979469E-02      2.078306672574E-02
    6.700000      5.384989089674E-02      2.106689390240E-02
    6.800000      5.485821286836E-02      2.143189222348E-02
    6.900000      5.584390873255E-02      2.178943119917E-02
    7.000000      5.654144420786E-02      2.203265845013E-02
    7.100000      5.671979251835E-02      2.206461634437E-02
    7.200000      5.623971415425E-02      2.182210938371E-02
    7.300000      5.508020801524E-02      2.128644669906E-02
    7.400000      5.332825788167E-02      2.047773130466E-02
    7.500000      5.113195283968E-02      1.943627644302E-02
    7.600000      4.862066377229E-02      1.820022364851E-02
    7.700000      4.582002803165E-02      1.679020472135E-02
    7.800000      4.263512498301E-02      1.520903595547E-02
    7.900000      3.893138756214E-02      1.345796729633E-02
    8.000000      3.464873466070E-02      1.156353931413E-02
    8.100000      2.989638566651E-02      9.603756464876E-03
    8.200000      2.501435518066E-02      7.721346558904E-03
    8.300000      2.059132234016E-02      6.115793484623E-03
    8.400000      1.740803347879E-02      5.013096399619E-03
    8.500000      1.624203892965E-02      4.620074258701E-03
    8.600000      1.754757657016E-02      5.075645004490E-03
    8.700000      2.124393422994E-02      6.412957231364E-03
    8.800000      2.681502420292E-02      8.543189305501E-03
    8.900000      3.354342345593E-02      1.126548605275E-02
    9.000000      4.066385829219E-02      1.430015929375E-02
    9.100000      4.746172522083E-02      1.733639724889E-02
    9.200000      5.335085664491E-02      2.008303068496E-02
    9.300000      5.792418803202E-02      2.231176261155E-02
    9.400000      6.097434519500E-02      2.388568630356E-02
    9.500000      6.249043669938E-02      2.477014274507E-02
    9.600000      6.263833978312E-02      2.502644699515E-02
    9.700000      6.172783743268E-02      2.479112202570E-02
    9.800000      6.016516559845E-02      2.424442216432E-02
    9.900000      5.838811022752E-02      2.357295268472E-02
   10.000000      5.678608402112E-02      2.293255542546E-02
   10.100000      5.561672153328E-02      2.241890297860E-02
   10.200000      5.494250455765E-02      2.205327893304E-02
   10.300000      5.462324448459E-02      2.178869005536E-02
   10.400000      5.438576751148E-02      2.153650104267E-02
   10.500000      5.394664978076E-02      2.120728466631E-02
   10.600000      5.313527792331E-02      2.075374726452E-02
   10.700000      5.197500826882E-02      2.020092423250E-02
   10.800000      5.070172600086E-02      1.965106048966E-02
   10.900000      4.971209269313E-02      1.925778352287E-02
   11.000000      4.944315114729E-02      1.917452018437E-02
   11.100000      5.019852825050E-02      1.949226571224E-02
   11.200000      5.196551451804E-02      2.018792986150E-02
   11.300000      5.433748672710E-02      2.110359729774E-02
   11.400000      5.662462287717E-02      2.196845935362E-02
   11.500000      5.805626474245E-02      2.246120181625E-02
   11.600000      5.797595120049E-02      2.229606103936E-02
   11.700000      5.599378530659E-02      2.130614310947E-02
   11.800000      5.207821752444E-02      1.949695143833E-02
   11.900000      4.657733323623E-02      1.705207576512E-02
   12.000000      4.016630290395E-02      1.428864130841E-02
   12.100000      3.371836900469E-02      1.157681380216E-02
   12.200000      2.809609225334E-02      9.249355684622E-03
   12.300000      2.391230722163E-02      7.529701199811E-03
   12.400000      2.140910787028E-02      6.499495050656E-03
   12.500000      2.052956002278E-02      6.112013354982E-03
   12.600000      2.101852745319E-02      6.241873324728E-03
   12.700000      2.251344569272E-02      6.749766611698E-03
   12.800000      2.469330848788E-02      7.537566439634E-03
   12.900000      2.739194957466E-02      8.574798816269E-03
   13.000000      3.059713571890E-02      9.889582920225E-03
   13.100000      3.437177281660E-02      1.153096618760E-02
   13.200000      3.875099250323E-02      1.351992128481E-02
   13.300000      4.365003940774E-02      1.580947279356E-02
   13.400000      4.881212873421E-02      1.826971994846E-02
   13.500000      5.382951724299E-02      2.070327111864E-02
   13.600000      5.824012742561E-02      2.288515474015E-02
   13.700000      6.164398403813E-02      2.461302711358E-02
   13.800000      6.378643592032E-02      2.575112949527E-02
   13.900000      6.459670714207E-02      2.625506852623E-02
   14.000000      6.418630076075E-02      2.617203790442E-02
   14.100000      6.281247228049E-02      2.561945234581E-02
   14.200000      6.081657690197E-02      2.475120252336E-02
   14.300000      5.855186437266E-02      2.372303725724E-02
   14.400000      5.631742475032E-02      2.266668089642E-02
   14.500000      5.431509871875E-02      2.167748077921E-02
   14.600000      5.264278504501E-02      2.081488586645E-02
   14.700000      5.132502323903E-02      2.011108039778E-02
   14.800000      5.036023608931E-02      1.958184020279E-02
   14.900000      4.975403299494E-02      1.923493741032E-02
   15.000000      4.952346071392E-02      1.907391403436E-02
   15.100000      4.968207630115E-02      1.909729319028E-02
   15.200000      5.022394476276E-02      1.929445519299E-02
   15.300000      5.110943376362E-02      1.963959160555E-02
   15.400000      5.224691552751E-02      2.008510020893E-02
   15.500000      5.347430175492E-02      2.055615053476E-02
   15.600000      5.455285594352E-02      2.094894216908E-02
   15.700000      5.518307016057E-02      2.113571569889E-02
   15.800000      5.504319300974E-02      2.097895931942E-02
   15.900000      5.384343346256E-02      2.035502301600E-02
   16.000000      5.138609441383E-02      1.918390720247E-02
   16.100000      4.762169310341E-02      1.745852421781E-02
   16.200000      4.269116415210E-02      1.526471788221E-02
   16.300000      3.694498705369E-02      1.278389779473E-02
   16.400000      3.093255072161E-02      1.027362090706E-02
   16.500000      2.535386507553E-02      8.027190510699E-03
   16.600000      2.096046357251E-02      6.319844026735E-03
   16.700000      1.840565185752E-02      5.354326216308E-03
   16.800000      1.807818846303E-02      5.220563995306E-03
   16.900000      1.996970769125E-02      5.881510614667E-03
   17.000000      2.362506357648E-02      7.190217698689E-03
   17.100000      2.829107475905E-02      8.933742663501E-03
   17.200000      3.322683880287E-02      1.089075349766E-02
   17.300000      3.791231494128E-02      1.288490250127E-02
   17.400000      4.210508507083E-02      1.481723462728E-02
   17.500000      4.581216332098E-02      1.666796827817E-02
   17.600000      4.921097205994E-02      1.846862919126E-02
   17.700000      5.253172929449E-02      2.025603035265E-02
   17.800000      5.590988288788E-02      2.202620128520E-02
   17.900000      5.925640791638E-02      2.370658289157E-02
   18.000000      6.224202281552E-02      2.515833413538E-02
   18.100000      6.442474331710E-02      2.620957617254E-02
   18.200000      6.542161938087E-02      2.670872287656E-02
   18.300000      6.503710488900E-02      2.657901176473E-02
   18.400000      6.333186429311E-02      2.585405617314E-02
   18.500000      6.062951077109E-02      2.468037150194E-02
   18.600000      5.745725550693E-02      2.328431514403E-02
   18.700000      5.442324686571E-02      2.191359060919E-02
   18.800000      5.205024460198E-02      2.077270009804E-02
   18.900000      5.061224199428E-02      1.997398890025E-02
   19.000000      5.005437739334E-02      1.952030489090E-02
   19.100000      5.006804060396E-02      1.932387861951E-02
   19.200000      5.026348424457E-02      1.925306481553E-02
   19.300000      5.032830704254E-02      1.918882876191E-02
   19.400000      5.012778810869E-02      1.906979266996E-02
   19.500000      4.973502570012E-02      1.890930021768E-02
   19.600000      4.938500237997E-02      1.877861285453E-02
   19.700000      4.935673954311E-02      1.876320769217E-02
   19.800000      4.981405423672E-02      1.890952603260E-02
   19.900000      5.067975482957E-02      1.918349465762E-02
   20.000000      5.162108565898E-02      1.945807632082E-02
   20.100000      5.214212153884E-02      1.953647942583E-02
   20.200000      5.172122348865E-02      1.920458684459E-02
   20.300000      4.994691960019E-02      1.829570539781E-02
   20.400000      4.662524054440E-02      1.674671809599E-02
   20.500000      4.184045496860E-02      1.462819054489E-02
   20.600000      3.596412321180E-02      1.214003661423E-02
   20.700000      2.961881704255E-02      9.575271450791E-03
   20.800000      2.360589571043E-02      7.263329288262E-03
   20.900000      1.879952993844E-02      5.508792380790E-03
   21.000000      1.599779083361E-02      4.540443542591E-03
   21.100000      1.574620046680E-02      4.480432557500E-03
   21.200000      1.817525462185E-02      5.336379501341E-03
   21.300000      2.285959126816E-02      7.013029703781E-03
   21.400000      2.899948969521E-02      9.336500251560E-03
   21.500000      3.579371398397E-02      1.208374576247E-02
   21.600000      4.257783054190E-02      1.501180161961E-02
   21.700000      4.883626433723E-02      1.788403545455E-02
   21.800000      5.419427912589E-02      2.049252697050E-02
   21.900000      5.841003788220E-02      2.267608994925E-02
   22.000000      6.137154818972E-02      2.433271903223E-02
   22.100000      6.309645935645E-02      2.542451221907E-02
   22.200000      6.372319619913E-02      2.597351464072E-02
   22.300000      6.347973082564E-02      2.604881835980E-02
   22.400000      6.262306983827E-02      2.574792876231E-02
   22.500000      6.136840223705E-02      2.517743822427E-02
   22.600000      5.986206840117E-02      2.443812814258E-02
   22.700000      5.821361397296E-02      2.361742089520E-02
   22.800000      5.653693018914E-02      2.278856764867E-02
   22.900000      5.496616314793E-02      2.201285263610E-02
   23.000000      5.364158062103E-02      2.134006867294E-02
   23.100000      5.267075919014E-02      2.080421586462E-02
   23.200000      5.208380219084E-02      2.041506335253E-02
   23.300000      5.180981977917E-02      2.015008048027E-02
   23.400000      5.168787187933E-02      1.995319460341E-02
   23.500000      5.150670073004E-02      1.974545864971E-02
   23.600000      5.106368593379E-02      1.944805076449E-02
   23.700000      5.023226250594E-02      1.901177534713E-02
   23.800000      4.902031086107E-02      1.844219170737E-02
   23.900000      4.759746891542E-02      1.780838938633E-02
   24.000000      4.627227219003E-02      1.722758265285E-02
   24.100000      4.540694938901E-02      1.682621526237E-02
   24.200000      4.526667479040E-02      1.668815747906E-02
   24.300000      4.584903939918E-02      1.680782247150E-02
   24.400000      4.682099861282E-02      1.706720963841E-02
   24.500000      4.760986083584E-02      1.724971781095E-02
   24.600000      4.756342046922E-02      1.709169988652E-02
   24.700000      4.611677070375E-02      1.635928138895E-02
   24.800000      4.293898747090E-02      1.492796960667E-02
   24.900000      3.803966108333E-02      1.283988579214E-02
   25.000000      3.182229668521E-02      1.031917525527E-02
   25.100000      2.507994928350E-02      7.738380870354E-03
   25.200000      1.893172421580E-02      5.543260096204E-03
   25.300000      1.468850079125E-02      4.155935973699E-03
   25.400000      1.360664540397E-02      3.882432561651E-03
   25.500000      1.635441179487E-02      4.848665002696E-03
   25.600000      2.236834650375E-02      6.979739037841E-03
   25.700000      3.037432110275E-02      1.002434996370E-02
   25.800000      3.911247524084E-02      1.361368437594E-02
   25.900000      4.754465185432E-02      1.733643993297E-02
   26.000000      5.491215267041E-02      2.081031428327E-02
   26.100000      6.074583333354E-02      2.373499527160E-02
   26.200000      6.483681510702E-02      2.591973294763E-02
   26.300000      6.717775143808E-02      2.728666758976E-02
   26.400000      6.790206370109E-02      2.785656132402E-02
   26.500000      6.724511447099E-02      2.772533378641E-02
   26.600000      6.551675973906E-02      2.703839715451E-02
   26.700000      6.307136806461E-02      2.596684460466E-02
   26.800000      6.027411598898E-02      2.468682999814E-02
   26.900000      5.746455015265E-02      2.336208719449E-02
   27.000000      5.492195035171E-02      2.212956722613E-02
   27.100000      5.284165493719E-02      2.108890061174E-02
   27.200000      5.132741542026E-02      2.029685996905E-02
   27.300000      5.039732641867E-02      1.976760415359E-02
   27.400000      4.999878640539E-02      1.947829626290E-02
   27.500000      5.002702278360E-02      1.937833398296E-02
   27.600000      5.034126072608E-02      1.939969899009E-02
   27.700000      5.077657691137E-02      1.946629851760E-02
   27.800000      5.115441042032E-02      1.950150584211E-02
   27.900000      5.129576889701E-02      1.943468641019E-02
   28.000000      5.104056004907E-02      1.920835059237E-02
   28.100000      5.027469969182E-02      1.878700575770E-02
   28.200000      4.896224679554E-02      1.816682861283E-02
   28.300000      4.717472750410E-02      1.738284300519E-02
   28.400000      4.510594449147E-02      1.650878594121E-02
   28.500000      4.305593938071E-02      1.564552542099E-02
   28.600000      4.135912803521E-02      1.489714932200E-02
   28.700000      4.025173285452E-02      1.433886587698E-02
   28.800000      3.976046372176E-02      1.398581522884E-02
   28.900000      3.967475787689E-02      1.377457867257E-02
   29.000000      3.958603369155E-02      1.356785715306E-02
   29.100000      3.899468836980E-02      1.318701130622E-02
   29.200000      3.745211221243E-02      1.246814470646E-02
   29.300000      3.470537804336E-02      1.132793438532E-02
   29.400000      3.082456964589E-02      9.818952914609E-03
   29.500000      2.628885590166E-02      8.153744285412E-03
   29.600000      2.200313831961E-02      6.683616728614E-03
   29.700000      1.920654940083E-02      5.830730494728E-03
   29.800000      1.915528438456E-02      5.986974117717E-03
   29.900000      2.253008581152E-02      7.405437522026E-03
   30.000000      2.921764033750E-02      1.011551645963E-02
   30.100000      3.833238057847E-02      1.388843714750E-02
   30.200000      4.844772256588E-02      1.826695732882E-02
   30.300000      5.808729891089E-02      2.265483557342E-02
   30.400000      6.601120099290E-02      2.644394249520E-02
   30.500000      7.136492240601E-02      2.914537470967E-02
   30.600000      7.375850423714E-02      3.048953691285E-02
   30.700000      7.327972932629E-02      3.046942125796E-02
   30.800000      7.044154685164E-02      2.931820429521E-02
   30.900000      6.606931775962E-02      2.743135876319E-02
   31.000000      6.113850576032E-02      2.525871595727E-02
   31.100000      5.657711815034E-02      2.319857621782E-02
   31.200000      5.305211985275E-02      2.152219897985E-02
   31.300000      5.081416601225E-02      2.034463282351E-02
   31.400000      4.972745537778E-02      1.964170300364E-02
   31.500000      4.944099343966E-02      1.929890675302E-02
   31.600000      4.956696447291E-02      1.917053418126E-02
   31.700000      4.980221080705E-02      1.912827631275E-02
   31.800000      4.997381423862E-02      1.908652290190E-02
   31.900000      5.001889332314E-02      1.900277065097E-02
   32.000000      4.992799390874E-02      1.886146891216E-02
   32.100000      4.968878028584E-02      1.865449200318E-02
   32.200000      4.925997029732E-02      1.836980576356E-02
   32.300000      4.858517746345E-02      1.799320069489E-02
   32.400000      4.763295180644E-02      1.751976165924E-02
   32.500000      4.643559777103E-02      1.696605419058E-02
   32.600000      4.510019497560E-02      1.637341899316E-02
   32.700000      4.378144557181E-02      1.579732602336E-02
   32.800000      4.262817754112E-02      1.528510176844E-02
   32.900000      4.171718384094E-02      1.485097897022E-02
   33.000000      4.098903350093E-02      1.446022337183E-02
   33.100000      4.022939494677E-02      1.403168745192E-02
   33.200000      3.913376526416E-02      1.346139166232E-02
   33.300000      3.742619746208E-02      1.266134897939E-02
   33.400000      3.497545843470E-02      1.160124071229E-02
   33.500000      3.187735437106E-02      1.033841079290E-02
   33.600000      2.848841452035E-02      9.024834603068E-03
   33.700000      2.539841704889E-02      7.886967541292E-03
   33.800000      2.333332292149E-02      7.182901938207E-03
   33.900000      2.299372480313E-02      7.147974310639E-03
   34.000000      2.484203649428E-02      7.942735593291E-03
   34.100000      2.890275929289E-02      9.615578412669E-03
   34.200000      3.475804706236E-02      1.208749371361E-02
   34.300000      4.174536451312E-02      1.516049474869E-02
   34.400000      4.912901221276E-02      1.854620958464E-02
   34.500000      5.618889849237E-02      2.190816287087E-02
   34.600000      6.228298380974E-02      2.491038593280E-02
   34.700000      6.690659535754E-02      2.726540626473E-02
   34.800000      6.974159895518E-02      2.877535251121E-02
   34.900000      7.068758800466E-02      2.936032296185E-02
   35.000000      6.987114127244E-02      2.906862082713E-02
   35.100000      6.762687489288E-02      2.806495138583E-02
   35.200000      6.444443742215E-02      2.659613687473E-02
   35.300000      6.088885121926E-02      2.493931299699E-02
   35.400000      5.750458784665E-02      2.334349024723E-02
   35.500000      5.470225202009E-02      2.197932118872E-02
   35.600000      5.265414495233E-02      2.091153457664E-02
   35.700000      5.126151779548E-02      2.010282411024E-02
   35.800000      5.023071876936E-02      1.944827710316E-02
   35.900000      4.922457513372E-02      1.882896082978E-02
   36.000000      4.801537591587E-02      1.816609247456E-02
   36.100000      4.657992437629E-02      1.745640085608E-02
   36.200000      4.511209796794E-02      1.677559102232E-02
   36.300000      4.395350655927E-02      1.624821929662E-02
   36.400000      4.345697375166E-02      1.599470711077E-02
   36.500000      4.381643853398E-02      1.607507060354E-02
   36.600000      4.493823968692E-02      1.645079740136E-02
   36.700000      4.643903093950E-02      1.698023614203E-02
   36.800000      4.776768908244E-02      1.745092304334E-02
   36.900000      4.837420451499E-02      1.763882610253E-02
   37.000000      4.785950180540E-02      1.737460605245E-02
   37.100000      4.607408691110E-02      1.659441296676E-02
   37.200000      4.315307587860E-02      1.535836378196E-02
   37.300000      3.948551109459E-02      1.383144528224E-02
   37.400000      3.562233139487E-02      1.223475651200E-02
   37.500000      3.213311516694E-02      1.078489991072E-02
   37.600000      2.944486156439E-02      9.642449737990E-03
   37.700000      2.774402100386E-02      8.885863342031E-03
   37.800000      2.700049394383E-02      8.516943707654E-03
   37.900000      2.706699798927E-02      8.492073624331E-03
   38.000000      2.778861872624E-02      8.764413011125E-03
   38.100000      2.909166139680E-02      9.319231821867E-03
   38.200000      3.102281742915E-02      1.018823883540E-02
   38.300000      3.371703842288E-02      1.143736545878E-02
   38.400000      3.730903524769E-02      1.313259378763E-02
   38.500000      4.183784657075E-02      1.529646514086E-02
   38.600000      4.718186251691E-02      1.787125544424E-02
   38.700000      5.302739810661E-02      2.070260846689E-02
   38.800000      5.887980480034E-02      2.355073171896E-02
   38.900000      6.414203978907E-02      2.612755204701E-02
   39.000000      6.824095741282E-02      2.815043428626E-02
   39.100000      7.074246452148E-02      2.939852916260E-02
   39.200000      7.142430941748E-02      2.975754159646E-02
   39.300000      7.030603099025E-02      2.924224082203E-02
   39.400000      6.764221318279E-02      2.799191771605E-02
   39.500000      6.388380611131E-02      2.624049108009E-02
   39.600000      5.961088542488E-02      2.426857189774E-02
   39.700000      5.543983138832E-02      2.234845783166E-02
   39.800000      5.191012300481E-02      2.069416572737E-02
   39.900000      4.936629298869E-02      1.942711746803E-02
   40.000000      4.787289661998E-02      1.856436616863E-02
   40.100000      4.721515653771E-02      1.803109803203E-02
   40.200000      4.700229938440E-02      1.769363993428E-02
   40.300000      4.681908489886E-02      1.740447663722E-02
   40.400000      4.635507234335E-02      1.704785085816E-02
   40.500000      4.548212643329E-02      1.657411760876E-02
   40.600000      4.427807714474E-02      1.601344112603E-02
   40.700000      4.299828145594E-02      1.546437375479E-02
   40.800000      4.199762368388E-02      1.505942130735E-02
   40.900000      4.161264514109E-02      1.491638292817E-02
   41.000000      4.202779755522E-02      1.508922660972E-02
   41.100000      4.316651572113E-02      1.553382153272E-02
   41.200000      4.465968719558E-02      1.610101287777E-02
   41.300000      4.593010332911E-02      1.656254313092E-02
   41.400000      4.635437944481E-02      1.666584526878E-02
   41.500000      4.542686412861E-02      1.620446769728E-02
   41.600000      4.289177208634E-02      1.508480649881E-02
   41.700000      3.883207828574E-02      1.336914441109E-02
   41.800000      3.370551750596E-02      1.128040576553E-02
   41.900000      2.831598135631E-02      9.164331241432E-03
   42.000000      2.369982787542E-02      7.417096828634E-03
   42.100000      2.089877213804E-02      6.396964868082E-03
   42.200000      2.065236793948E-02      6.343823727382E-03
   42.300000      2.316944240812E-02      7.328467424207E-03
   42.400000      2.806225855486E-02      9.244641790322E-03
   42.500000      3.447832656700E-02      1.184406061994E-02
   42.600000      4.142861054922E-02      1.480196380698E-02
   42.700000      4.806919797975E-02      1.779245668198E-02
   42.800000      5.383122199685E-02      2.055149608712E-02
   42.900000      5.844367376340E-02      2.291129345014E-02
   43.000000      6.188974394942E-02      2.480088364976E-02
   43.100000      6.431946605008E-02      2.621960036159E-02
   43.200000      6.593709782494E-02      2.719873218623E-02
   43.300000      6.688950962107E-02      2.776860916686E-02
   43.400000      6.720722634331E-02      2.794340288109E-02
   43.500000      6.683793916316E-02      2.772651801064E-02
   43.600000      6.573053751824E-02      2.712983009166E-02
   43.700000      6.390470556597E-02      2.619421787124E-02
   43.800000      6.148627047416E-02      2.499902645687E-02
   43.900000      5.870428474502E-02      2.365386474536E-02
   44.000000      5.584529473604E-02      2.227481386579E-02
   44.100000      5.317234794087E-02      2.095488422983E-02
   44.200000      5.083393963304E-02      1.974194501005E-02
   44.300000      4.881017917342E-02      1.863470413778E-02
   44.400000      4.694628436243E-02      1.759962576705E-02
   44.500000      4.506650435815E-02      1.660227951830E-02
   44.600000      4.309756572921E-02      1.563975853119E-02
   44.700000      4.113911184371E-02      1.475961616331E-02
   44.800000      3.946022504825E-02      1.405581344894E-02
   44.900000      3.842282566439E-02      1.364125748402E-02
   45.000000      3.834221365549E-02      1.360585164128E-02
   45.100000      3.933278519228E-02      1.397488939426E-02
   45.200000      4.122076919118E-02      1.468297734136E-02
   45.300000      4.357017910311E-02      1.557355485482E-02
   45.400000      4.579983898871E-02      1.642557065497E-02
   45.500000      4.732183000160E-02      1.700016408262E-02
   45.600000      4.765926737160E-02      1.709432943666E-02
   45.700000      4.653092669613E-02      1.658730030898E-02
   45.800000      4.389910193142E-02      1.546870650745E-02
   45.900000      3.998236228667E-02      1.384368018308E-02
   46.000000      3.523746498125E-02      1.191645160860E-02
   46.100000      3.031099248909E-02      9.958342114592E-03
   46.200000      2.595467087608E-02      8.267454813256E-03
   46.300000      2.290708671930E-02      7.126340769852E-03
   46.400000      2.176896187192E-02      6.762067010647E-03
   46.500000      2.291445924050E-02      7.312034393183E-03
   46.600000      2.645266535027E-02      8.799230513598E-03
   46.700000      3.212128477579E-02      1.112165456351E-02
   46.800000      3.918731748940E-02      1.406079909273E-02
   46.900000      4.670056441893E-02      1.731180413963E-02
   47.000000      5.378287321071E-02      2.053287552720E-02
   47.100000      5.975369845018E-02      2.340513730734E-02
   47.200000      6.418892816888E-02      2.568891393255E-02
   47.300000      6.694518431297E-02      2.726124169359E-02
   47.400000      6.814519707944E-02      2.812359435567E-02
   47.500000      6.811853578051E-02      2.837757429076E-02
   47.600000      6.729706098308E-02      2.817677989903E-02
   47.700000      6.608090008990E-02      2.767129251202E-02
   47.800000      6.470789865574E-02      2.696383691659E-02
   47.900000      6.317980169921E-02      2.609225382699E-02
   48.000000      6.132891530626E-02      2.504282766842E-02
   48.100000      5.897636415151E-02      2.378699305379E-02
   48.200000      5.606249896386E-02      2.232473443632E-02
   48.300000      5.271718869492E-02      2.071536674289E-02
   48.400000      4.926304604260E-02      1.908153014023E-02
   48.500000      4.613772639994E-02      1.758320087251E-02
   48.600000      4.374299869880E-02      1.637097253871E-02
   48.700000      4.229177678925E-02      1.553679639967E-02
   48.800000      4.173809850841E-02      1.508212960213E-02
   48.900000      4.179907319137E-02      1.491720371847E-02
   49.000000      4.206239274858E-02      1.489325553520E-02
   49.100000      4.213966249570E-02      1.485666362981E-02
   49.200000      4.179545079880E-02      1.470501986177E-02
   49.300000      4.102248379483E-02      1.442370920202E-02
   49.400000      4.005026843580E-02      1.408824639463E-02
   49.500000      3.927541774305E-02      1.383010571697E-02
   49.600000      3.910050901259E-02      1.377759757312E-02
   49.700000      3.970955871568E-02      1.399337352068E-02
   49.800000      4.094087158997E-02      1.443246404394E-02
   49.900000      4.235049493754E-02      1.493824102326E-02
   50.000000      4.335798278085E-02      1.528060800167E-02
   50.100000      4.340448975097E-02      1.522588072313E-02
   50.200000      4.210570700472E-02      1.461663554127E-02
   50.300000      3.937386702721E-02      1.343606327216E-02
   50.400000      3.548054297488E-02      1.183592629113E-02
   50.500000      3.104601722451E-02      1.011811571204E-02
   50.600000      2.695721834075E-02      8.673412100601E-03
   50.700000      2.423697661499E-02      7.893352560472E-03
   50.800000      2.390492409614E-02      8.078654263032E-03
   50.900000      2.673467093389E-02      9.368329053052E-03
   51.000000      3.254963380942E-02      1.170732670099E-02
   51.100000      4.024248209510E-02      1.485932583512E-02
   51.200000      4.859812921559E-02      1.845876906056E-02
   51.300000      5.657529617774E-02      2.208632243938E-02
   51.400000      6.338298680341E-02      2.534746145763E-02
   51.500000      6.851424210822E-02      2.793566255454E-02
   51.600000      7.174198122094E-02      2.966837262126E-02
   51.700000      7.308101099538E-02      3.049276785422E-02
   51.800000      7.272573081579E-02      3.046631880349E-02
   51.900000      7.097787331299E-02      2.972224328859E-02
   52.000000      6.818280016014E-02      2.843128673499E-02
   52.100000      6.468549637868E-02      2.676935556483E-02
   52.200000      6.080316096030E-02      2.489654092626E-02
   52.300000      5.680867832136E-02      2.294849145903E-02
   52.400000      5.292524973819E-02      2.103728130606E-02
   52.500000      4.933588118139E-02      1.925678270061E-02
   52.600000      4.620269858981E-02      1.768738754969E-02
   52.700000      4.367673008386E-02      1.639643952090E-02
   52.800000      4.188181549406E-02      1.543324559648E-02
   52.900000      4.087835216332E-02      1.482018847709E-02
   53.000000      4.063023960574E-02      1.454348308981E-02
   53.100000      4.099254573075E-02      1.454796441308E-02
   53.200000      4.172460556323E-02      1.473972628156E-02
   53.300000      4.252903249428E-02      1.499855090156E-02
   53.400000      4.310816116098E-02      1.519927803482E-02
   53.500000      4.322397279586E-02      1.523821079820E-02
   53.600000      4.275063500121E-02      1.505816685671E-02
   53.700000      4.171028161173E-02      1.466473388718E-02
   53.800000      4.028261440954E-02      1.412737322216E-02
   53.900000      3.877965774696E-02      1.356244020876E-02
   54.000000      3.757637173406E-02      1.310038952871E-02
   54.100000      3.698817750321E-02      1.284502468343E-02
   54.200000      3.712704248245E-02      1.283673606707E-02
   54.300000      3.783968204696E-02      1.303246338328E-02
   54.400000      3.876572020716E-02      1.331166237911E-02
   54.500000      3.945295129495E-02      1.351027758424E-02
   54.600000      3.948883171432E-02      1.347553243474E-02
   54.700000      3.862826795423E-02      1.312618865954E-02
   54.800000      3.689505749131E-02      1.249883647561E-02
   54.900000      3.463785137669E-02      1.176277539609E-02
   55.000000      3.253164949159E-02      1.119425533800E-02
   55.100000      3.151809648486E-02      1.111318827538E-02
   55.200000      3.257467435035E-02      1.179805951266E-02
   55.300000      3.614692726598E-02      1.340321989451E-02
   55.400000      4.194991079361E-02      1.590364170018E-02
   55.500000      4.921931242856E-02      1.908472951408E-02
   55.600000      5.692238178797E-02      2.258115615828E-02
   55.700000      6.403213945200E-02      2.595360045626E-02
   55.800000      6.972230990111E-02      2.878100722328E-02
   55.900000      7.346236169469E-02      3.074244447920E-02
   56.000000      7.504428185727E-02      3.166770547566E-02
   56.100000      7.455136565381E-02      3.154719100567E-02
   56.200000      7.228124699088E-02      3.050491299224E-02
   56.300000      6.865040834524E-02      2.874898357314E-02
   56.400000      6.411025762097E-02      2.651833699658E-02
   56.500000      5.908772015929E-02      2.404171672945E-02
   56.600000      5.395676306347E-02      2.151687195211E-02
   56.700000      4.904229310819E-02      1.910817465756E-02
   56.800000      4.463852548392E-02      1.695365053827E-02
   56.900000      4.101346156552E-02      1.517047331242E-02
   57.000000      3.838865081382E-02      1.385151208354E-02
   57.100000      3.690535299819E-02      1.305231546766E-02
   57.200000      3.658594886185E-02      1.277451371770E-02
   57.300000      3.729906196524E-02      1.295496460136E-02
   57.400000      3.875406399884E-02      1.346866107987E-02
   57.500000      4.054795220928E-02      1.414817982384E-02
   57.600000      4.225352591335E-02      1.481570074310E-02
   57.700000      4.351078584590E-02      1.531839057795E-02
   57.800000      4.408976238188E-02      1.555649379005E-02
   57.900000      4.391367954173E-02      1.549632903200E-02
   58.000000      4.304699881049E-02      1.516612107639E-02
   58.100000      4.166111648922E-02      1.463857558365E-02
   58.200000      3.999235419511E-02      1.400778730288E-02
   58.300000      3.830227488403E-02      1.336819138088E-02
   58.400000      3.684016706478E-02      1.280031839591E-02
   58.500000      3.580036260504E-02      1.236397179152E-02
   58.600000      3.528281705649E-02      1.209633605512E-02
   58.700000      3.528420530855E-02      1.201187809538E-02
   58.800000      3.571579548770E-02      1.210267426941E-02
   58.900000      3.642867243130E-02      1.234053807617E-02
   59.000000      3.725228427276E-02      1.268400707635E-02
   59.100000      3.804958005138E-02      1.309237754266E-02
   59.200000      3.877707922162E-02      1.354547978674E-02
   59.300000      3.953098074258E-02      1.406330207123E-02
   59.400000      4.054854735293E-02      1.471638796857E-02
   59.500000      4.213712831446E-02      1.561838632936E-02
   59.600000      4.456946567393E-02      1.689701054400E-02
   59.700000      4.802158633387E-02      1.864771341642E-02
   59.800000      5.252847774233E-02      2.088264266223E-02
   59.900000      5.789382809478E-02      2.349236765431E-02
   60.000000      6.360983760891E-02      2.623682643040E-02
   60.100000      6.892550819032E-02      2.877443412299E-02
   60.200000      7.303176528460E-02      3.072638682125E-02
   60.300000      7.524892923974E-02      3.176091421832E-02
   60.400000      7.516486147446E-02      3.167410068027E-02
   60.500000      7.271241765680E-02      3.044317914477E-02
   60.600000      6.818573887850E-02      2.823562777364E-02
   60.700000      6.219501310703E-02      2.537076568864E-02
   60.800000      5.556190137121E-02      2.224536773296E-02
   60.900000      4.916324496896E-02      1.924582783540E-02
   61.000000      4.374287254690E-02      1.667254976159E-02
   61.100000      3.974149251456E-02      1.469648817535E-02
   61.200000      3.722660771971E-02      1.335560378362E-02
   61.300000      3.597487262426E-02      1.258533958003E-02
   61.400000      3.564806466785E-02      1.226715844140E-02
   61.500000      3.593964825335E-02      1.227590196180E-02
   61.600000      3.663766748066E-02      1.251057352274E-02
   61.700000      3.762010217822E-02      1.290190785982E-02
   61.800000      3.880933348209E-02      1.340013793956E-02
   61.900000      4.011098900569E-02      1.395397966406E-02
   62.000000      4.136929242049E-02      1.449435808190E-02
   62.100000      4.236794604820E-02      1.493305808890E-02
   62.200000      4.288026594387E-02      1.517883913023E-02
   62.300000      4.274466156090E-02      1.516492823468E-02
   62.400000      4.193287964473E-02      1.487593967621E-02
   62.500000      4.058470203504E-02      1.436166638532E-02
   62.600000      3.899176818072E-02      1.373002893405E-02
   62.700000      3.752396905847E-02      1.311965300892E-02
   62.800000      3.651784830870E-02      1.266073347283E-02
   62.900000      3.616699920535E-02      1.243784852043E-02
   63.000000      3.645780934215E-02      1.246832496677E-02
   63.100000      3.719602441329E-02      1.270460446587E-02
   63.200000      3.810769537561E-02      1.306060956240E-02
   63.300000      3.895655789751E-02      1.345333793995E-02
   63.400000      3.964116836398E-02      1.384496780633E-02
   63.500000      4.025069207061E-02      1.426982716335E-02
   63.600000      4.106141745382E-02      1.483510285135E-02
   63.700000      4.246353124524E-02      1.569267357341E-02
   63.800000      4.483108265720E-02      1.698910654242E-02
   63.900000      4.838050195674E-02      1.880844840999E-02
   64.000000      5.306132521727E-02      2.112547058057E-02
   64.100000      5.851151989827E-02      2.378453066806E-02
   64.200000      6.411541534698E-02      2.651203512684E-02
   64.300000      6.913413633673E-02      2.896096775112E-02
   64.400000      7.285548426601E-02      3.077707868437E-02
   64.500000      7.472329938979E-02      3.167071883947E-02
   64.600000      7.442424614000E-02      3.147730288847E-02
   64.700000      7.193139312502E-02      3.019274559872E-02
   64.800000      6.750992642868E-02      2.797648184347E-02
   64.900000      6.168859761489E-02      2.512198585387E-02
   65.000000      5.519641587681E-02      2.200146366497E-02
   65.100000      4.885709213435E-02      1.899649850625E-02
   65.200000      4.343944031924E-02      1.642913023883E-02
   65.300000      3.949860067798E-02      1.450767429753E-02
   65.400000      3.724253099987E-02      1.329846754147E-02
   65.500000      3.647881563002E-02      1.272916853932E-02
   65.600000      3.671556109779E-02      1.262229255537E-02
   65.700000      3.735813213374E-02      1.275074138106E-02
   65.800000      3.788829333899E-02      1.290170611023E-02
   65.900000      3.798502808241E-02      1.293282082105E-02
   66.000000      3.758519178930E-02      1.280573438857E-02
   66.100000      3.688162341620E-02      1.258753225830E-02
   66.200000      3.625594733408E-02      1.241888424683E-02
   66.300000      3.615050899035E-02      1.245752321626E-02
   66.400000      3.689731334780E-02      1.281389960407E-02
   66.500000      3.854943264762E-02      1.349967967227E-02
   66.600000      4.080949007691E-02      1.440719570752E-02
   66.700000      4.312030246916E-02      1.532905603362E-02
   66.800000      4.484840914647E-02      1.601430370582E-02
   66.900000      4.546855677977E-02      1.624495348408E-02
   67.000000      4.470826024940E-02      1.590890872253E-02
   67.100000      4.263300634025E-02      1.504521545433E-02
   67.200000      3.965961989120E-02      1.384575906935E-02
   67.300000      3.649027962428E-02      1.261136768583E-02
   67.400000      3.396388043140E-02      1.167524517448E-02
   67.500000      3.283590212278E-02      1.131748810334E-02
   67.600000      3.355167212954E-02      1.169717388448E-02
   67.700000      3.612300803798E-02      1.282204936972E-02
   67.800000      4.015400192032E-02      1.456256781621E-02
   67.900000      4.500043916594E-02      1.670186734349E-02
   68.000000      4.999864222604E-02      1.900181219062E-02
   68.100000      5.464409053763E-02      2.126143903531E-02
   68.200000      5.866242060996E-02      2.334909041638E-02
   68.300000      6.199030189931E-02      2.520096962211E-02
   68.400000      6.469948405596E-02      2.679229002383E-02
   68.500000      6.689290611497E-02      2.809746293089E-02
   68.600000      6.859636925359E-02      2.905901586334E-02
   68.700000      6.967967295813E-02      2.958011414708E-02
   68.800000      6.987036516880E-02      2.954489025114E-02
   68.900000      6.887433962389E-02      2.885880256938E-02
   69.000000      6.651494429577E-02      2.749282682165E-02
   69.100000      6.281977790441E-02      2.551359489260E-02
   69.200000      5.804517040058E-02      2.308692458421E-02
   69.300000      5.264579929371E-02      2.045207628012E-02
   69.400000      4.719898249011E-02      1.787452553698E-02
   69.500000      4.229530193580E-02      1.559213298367E-02
   69.600000      3.840819666157E-02      1.377095066485E-02
   69.700000      3.576944427050E-02      1.248250724203E-02
   69.800000      3.432169022869E-02      1.170644294993E-02
   69.900000      3.380107227064E-02      1.135413990141E-02
   70.000000      3.387911405624E-02      1.130350462333E-02
   70.100000      3.426889814305E-02      1.143377487322E-02
   70.200000      3.477665494053E-02      1.165169828907E-02
   70.300000      3.531471747726E-02      1.190483617328E-02
   70.400000      3.588962743517E-02      1.218195858036E-02
   70.500000      3.657307825502E-02      1.250315109913E-02
   70.600000      3.746069471520E-02      1.290320199672E-02
   70.700000      3.862547552227E-02      1.341185795616E-02
   70.800000      4.007656465778E-02      1.403456718892E-02
   70.900000      4.173328447100E-02      1.473775997631E-02
   71.000000      4.341803621295E-02      1.544313559947E-02
   71.100000      4.486784660961E-02      1.603491068338E-02
   71.200000      4.577154587997E-02      1.638173846242E-02
   71.300000      4.584215281134E-02      1.637096832521E-02
   71.400000      4.490876584249E-02      1.594804293938E-02
   71.500000      4.299739533942E-02      1.514991742639E-02
   71.600000      4.037991274978E-02      1.412039492651E-02
   71.700000      3.757740504860E-02      1.309845035275E-02
   71.800000      3.530713717410E-02      1.237772491790E-02
   71.900000      3.436254454066E-02      1.224446520128E-02
   72.000000      3.540905228629E-02      1.290910601753E-02
   72.100000      3.871081051459E-02      1.445031368559E-02
   72.200000      4.396216985616E-02      1.678784842280E-02
   72.300000      5.042463631320E-02      1.969255139757E-02
   72.400000      5.720719546774E-02      2.283076568175E-02
   72.500000      6.346805600330E-02      2.583039477528E-02
   72.600000      6.853378620854E-02      2.835012393895E-02
   72.700000      7.196485096874E-02      3.013394806075E-02
   72.800000      7.357060320964E-02      3.103955922337E-02
   72.900000      7.338124432671E-02      3.103870201665E-02
   73.000000      7.159146289377E-02      3.019658461967E-02
   73.100000      6.849063767876E-02      2.864250480272E-02
   73.200000      6.439443474801E-02      2.654338733767E-02
   73.300000      5.960168738070E-02      2.408669302733E-02
   73.400000      5.440465796613E-02      2.147196266385E-02
   73.500000      4.913866251970E-02      1.890466353345E-02
   73.600000      4.421294398256E-02      1.658464118083E-02
   73.700000      4.008301359445E-02      1.468486114250E-02
   73.800000      3.716121292970E-02      1.332254917339E-02
   73.900000      3.567394051743E-02      1.253125845845E-02
   74.000000      3.550383312024E-02      1.224573779021E-02
   74.100000      3.617960793819E-02      1.230984325365E-02
   74.200000      3.706748104701E-02      1.251114576686E-02
   74.300000      3.758543763223E-02      1.263641572590E-02
   74.400000      3.735381887255E-02      1.253334052080E-02
   74.500000      3.628688249704E-02      1.215930861546E-02
   74.600000      3.462193428476E-02      1.160010048184E-02
   74.700000      3.287622185354E-02      1.104962593372E-02
   74.800000      3.173344669227E-02      1.075381613967E-02
   74.900000      3.187644964442E-02      1.093347256558E-02
   75.000000      3.374053194972E-02      1.170845364703E-02
   75.100000      3.720103056701E-02      1.304650086460E-02
   75.200000      4.158642541166E-02      1.475374248861E-02
   75.300000      4.599322004433E-02      1.651213913372E-02
   75.400000      4.952801044476E-02      1.795532597483E-02
   75.500000      5.147900668696E-02      1.876274493860E-02
   75.600000      5.144540882988E-02      1.874632761422E-02
   75.700000      4.941375014312E-02      1.790602726104E-02
   75.800000      4.577363268201E-02      1.643937534463E-02
   75.900000      4.127146582631E-02      1.470296510702E-02
   76.000000      3.690500736528E-02      1.313638709624E-02
   76.100000      3.376607564291E-02      1.216809313101E-02
   76.200000      3.284401759291E-02      1.212579877447E-02
   76.300000      3.479019552959E-02      1.317111250930E-02
   76.400000      3.958387899589E-02      1.527063264896E-02
   76.500000      4.642413905529E-02      1.820636540567E-02
   76.600000      5.417314917554E-02      2.161966295787E-02
   76.700000      6.173286232682E-02      2.507692070795E-02
   76.800000      6.818925497072E-02      2.814285742851E-02
   76.900000      7.287426002383E-02      3.044806246679E-02
   77.000000      7.539331930552E-02      3.174055721933E-02
   77.100000      7.562871684491E-02      3.191505015791E-02
   77.200000      7.372297707682E-02      3.101736925784E-02
   77.300000      7.004230334202E-02      2.922491883311E-02
   77.400000      6.511542640805E-02      2.680715733430E-02
   77.500000      5.954778860603E-02      2.407324800503E-02
   77.600000      5.392714428757E-02      2.131684919820E-02
   77.700000      4.873155222897E-02      1.876945993714E-02
   77.800000      4.425175525071E-02      1.657259938667E-02
   77.900000      4.057755501378E-02      1.477478261427E-02
   78.000000      3.766007251347E-02      1.335243771131E-02
   78.100000      3.539380673737E-02      1.224658937501E-02
   78.200000      3.368032462717E-02      1.140197746371E-02
   78.300000      3.247054849494E-02      1.079452347777E-02
   78.400000      3.178539063759E-02      1.043745742819E-02
   78.500000      3.170080292850E-02      1.036472055514E-02
   78.600000      3.229233642548E-02      1.059949996955E-02
   78.700000      3.355719849830E-02      1.112229939481E-02
   78.800000      3.533593998683E-02      1.185394742694E-02
   78.900000      3.729373424266E-02      1.266356261835E-02
   79.000000      3.902863921035E-02      1.340146595385E-02
   79.100000      4.022211577407E-02      1.394615850017E-02
   79.200000      4.074977963777E-02      1.424723963828E-02
   79.300000      4.073504337763E-02      1.434587835746E-02
   79.400000      4.052972973042E-02      1.436189795910E-02
   79.500000      4.059505986953E-02      1.444925666913E-02
   79.600000      4.127720966101E-02      1.473482735808E-02
   79.700000      4.262813380562E-02      1.526345532706E-02
   79.800000      4.441412650333E-02      1.597161549692E-02
   79.900000      4.621350896933E-02      1.670237707863E-02
   80.000000      4.753733228834E-02      1.725927241159E-02
   80.100000      4.797593718047E-02      1.748177356811E-02
   80.200000      4.734852971784E-02      1.731603720889E-02
   80.300000      4.580559647929E-02      1.685478112155E-02
   80.400000      4.385498969680E-02      1.632966785255E-02
   80.500000      4.230613015657E-02      1.605525672427E-02
   80.600000      4.210522977578E-02      1.634015347414E-02
   80.700000      4.398278869846E-02      1.739263248901E-02
   80.800000      4.804876410243E-02      1.925043453846E-02
   80.900000      5.373708650924E-02      2.175664963575E-02
   81.000000      6.008296515272E-02      2.458845711401E-02
   81.100000      6.606245109117E-02      2.732867005934E-02
   81.200000      7.080882768232E-02      2.955762723925E-02
   81.300000      7.371937472496E-02      3.093905603399E-02
   81.400000      7.449422051766E-02      3.127855456516E-02
   81.500000      7.312307315986E-02      3.054429152752E-02
   81.600000      6.983356428840E-02      2.885163499421E-02
   81.700000      6.501936099538E-02      2.642248209843E-02
   81.800000      5.916749064286E-02      2.353393694983E-02
   81.900000      5.279813050942E-02      2.046982621341E-02
   82.000000      4.642060388644E-02      1.748404429692E-02
   82.100000      4.050186851110E-02      1.477911970040E-02
   82.200000      3.543712869579E-02      1.249864334847E-02
   82.300000      3.151065116988E-02      1.072945191809E-02
   82.400000      2.885819265937E-02      9.508898606051E-03
   82.500000      2.747471208109E-02      8.833557370675E-03
   82.600000      2.726687004836E-02      8.667315956619E-03
   82.700000      2.809176343328E-02      8.948182257114E-03
   82.800000      2.976250735201E-02      9.593907701394E-03
   82.900000      3.204565881392E-02      1.050686322903E-02
   83.000000      3.467092550458E-02      1.157882731354E-02
   83.100000      3.735352894631E-02      1.269662853664E-02
   83.200000      3.982186336573E-02      1.374974737845E-02
   83.300000      4.184635076372E-02      1.464062550806E-02
   83.400000      4.326750623512E-02      1.529727652914E-02
   83.500000      4.402089461006E-02      1.568600390244E-02
   83.600000      4.415463920559E-02      1.582032125252E-02
   83.700000      4.383205105768E-02      1.576156870787E-02
   83.800000      4.331006793930E-02      1.560806640345E-02
   83.900000      4.288565152415E-02      1.547302669402E-02
   84.000000      4.281228590104E-02      1.545589693427E-02
   84.100000      4.321439970532E-02      1.561554148444E-02
   84.200000      4.404721385042E-02      1.595481224888E-02
   84.300000      4.512377165552E-02      1.642352068042E-02
   84.400000      4.619175625835E-02      1.694097227061E-02
   84.500000      4.703269353055E-02      1.743191133511E-02
   84.600000      4.755784482536E-02      1.786369238768E-02
   84.700000      4.787468914565E-02      1.827033474583E-02
   84.800000      4.829431607653E-02      1.875219139529E-02
   84.900000      4.924556276233E-02      1.944772816327E-02
   85.000000      5.109771905195E-02      2.048392782605E-02
   85.100000      5.399770676476E-02      2.192052823908E-02
   85.200000      5.781440007161E-02      2.370724141302E-02
   85.300000      6.213640651403E-02      2.567037380002E-02
   85.400000      6.631700863306E-02      2.753640606666E-02
   85.500000      6.963048159511E-02      2.898804282044E-02
   85.600000      7.145951178247E-02      2.973731959746E-02
   85.700000      7.142014550063E-02      2.959450357954E-02
   85.800000      6.941838172761E-02      2.851273807752E-02
   85.900000      6.564781808307E-02      2.659603859159E-02
   86.000000      6.053353846933E-02      2.406962058916E-02
   86.100000      5.463592134213E-02      2.122292864097E-02
   86.200000      4.854042345063E-02      1.834359234416E-02
   86.300000      4.275639030457E-02      1.566235500187E-02
   86.400000      3.764312297389E-02      1.332414502066E-02
   86.500000      3.338125077164E-02      1.139053339606E-02
   86.600000      2.999615344452E-02      9.867449368743E-03
   86.700000      2.743823035756E-02      8.743466304731E-03
   86.800000      2.570163968538E-02      8.021378823655E-03
   86.900000      2.489914377793E-02      7.729919777679E-03
   87.000000      2.522480593800E-02      7.911428803188E-03
   87.100000      2.682416507067E-02      8.591465530692E-03
   87.200000      2.965868407941E-02      9.743904343605E-03
   87.300000      3.344144527688E-02      1.126726166107E-02
   87.400000      3.766979774229E-02      1.298420745606E-02
   87.500000      4.174223248226E-02      1.466786136835E-02
   87.600000      4.509893835693E-02      1.608863406791E-02
   87.700000      4.733653541099E-02      1.706763411587E-02
   87.800000      4.828060882998E-02      1.751982905749E-02
   87.900000      4.801028694380E-02      1.747321392011E-02
   88.000000      4.683366955594E-02      1.705802503811E-02
   88.100000      4.521860530148E-02      1.646970507936E-02
   88.200000      4.368863873674E-02      1.591747122838E-02
   88.300000      4.269760158817E-02      1.557422480288E-02
   88.400000      4.250904931899E-02      1.554204127634E-02
   88.500000      4.313986927109E-02      1.584142357310E-02
   88.600000      4.441063671003E-02      1.642428841070E-02
   88.700000      4.605717602072E-02      1.720328982139E-02
   88.800000      4.783724860515E-02      1.808601652843E-02
   88.900000      4.960086489980E-02      1.900284674072E-02
   89.000000      5.131249618696E-02      1.992112557158E-02
   89.100000      5.302484644478E-02      2.084390845472E-02
   89.200000      5.482068534578E-02      2.179650968022E-02
   89.300000      5.675724893659E-02      2.280686340669E-02
   89.400000      5.884095477428E-02      2.388582895448E-02
   89.500000      6.102795610824E-02      2.501184142438E-02
   89.600000      6.322597491785E-02      2.612213641042E-02
   89.700000      6.527884788189E-02      2.711138354994E-02
   89.800000      6.694336605990E-02      2.783832390084E-02
   89.900000      6.789459756335E-02      2.814129151084E-02
   90.000000      6.777158361636E-02      2.786309959877E-02
   90.100000      6.624911293742E-02      2.688372081783E-02
   90.200000      6.312134888827E-02      2.515557378263E-02
   90.300000      5.837772649647E-02      2.273247020327E-02
   90.400000      5.225426537503E-02      1.978162538594E-02
   90.500000      4.524745963453E-02      1.657046846860E-02
   90.600000      3.807778904421E-02      1.342656553452E-02
   90.700000      3.158753081455E-02      1.067788326378E-02
   90.800000      2.655705176981E-02      8.588423531771E-03
   90.900000      2.347300462765E-02      7.307502812322E-03
   91.000000      2.240740455972E-02      6.847838809216E-03
   91.100000      2.310296379409E-02      7.098876426920E-03
   91.200000      2.511306226189E-02      7.870429261712E-03
   91.300000      2.790349459386E-02      8.951789523704E-03
   91.400000      3.097888557070E-02      1.016656969689E-02
   91.500000      3.401471165911E-02      1.140555966793E-02
   91.600000      3.689862683019E-02      1.262830868954E-02
   91.700000      3.966361129233E-02      1.383614120350E-02
   91.800000      4.236108652102E-02      1.503049642471E-02
   91.900000      4.494206379735E-02      1.617634571981E-02
   92.000000      4.721254460415E-02      1.718825671782E-02
   92.100000      4.888449649008E-02      1.794695971570E-02
   92.200000      4.968646034742E-02      1.834092676460E-02
   92.300000      4.948043465453E-02      1.831617120040E-02
   92.400000      4.834422285863E-02      1.791307672678E-02
   92.500000      4.659499193071E-02      1.727342302472E-02
   92.600000      4.474234006310E-02      1.661204460355E-02
   92.700000      4.336866264783E-02      1.616117645266E-02
   92.800000      4.295614892673E-02      1.610617033476E-02
   92.900000      4.372462831869E-02      1.653484019001E-02
   93.000000      4.558247561169E-02      1.741787587037E-02
   93.100000      4.820477073507E-02      1.862642522971E-02
   93.200000      5.115260667356E-02      1.997945919145E-02
   93.300000      5.400030954703E-02      2.130305891883E-02
   93.400000      5.645287657511E-02      2.248018312925E-02
   93.500000      5.841048168484E-02      2.347389555112E-02
   93.600000      5.995833980600E-02      2.431747813834E-02
   93.700000      6.129568697851E-02      2.507719496897E-02
   93.800000      6.262805690712E-02      2.580311333208E-02
   93.900000      6.403976236829E-02      2.648700494377E-02
   94.000000      6.539324244707E-02      2.704302227945E-02
   94.100000      6.633834572807E-02      2.731824493603E-02
   94.200000      6.642228061110E-02      2.712976266633E-02
   94.300000      6.522810387524E-02      2.631646320608E-02
   94.400000      6.248694500801E-02      2.478975189046E-02
   94.500000      5.814649590573E-02      2.256872750970E-02
   94.600000      5.239871909329E-02      1.979068906659E-02
   94.700000      4.567259315063E-02      1.669498827922E-02
   94.800000      3.859674545352E-02      1.358485339094E-02
   94.900000      3.193301398479E-02      1.077629517046E-02
   95.000000      2.646959282843E-02      8.544996415929E-03
   95.100000      2.284969507994E-02      7.081482493158E-03
   95.200000      2.137808041814E-02      6.462609600965E-03
   95.300000      2.196447739164E-02      6.644208061046E-03
   95.400000      2.420847436983E-02      7.476036166148E-03
   95.500000      2.750062669068E-02      8.736289516198E-03
   95.600000      3.116103892727E-02      1.017907947271E-02
   95.700000      3.460782092061E-02      1.158513401288E-02
   95.800000      3.747380292044E-02      1.280436791770E-02
   95.900000      3.964709380455E-02      1.377982522756E-02
   96.000000      4.124941668017E-02      1.454629957055E-02
   96.100000      4.256242951640E-02      1.520330173367E-02
   96.200000      4.391240291488E-02      1.586950653872E-02
   96.300000      4.553922824647E-02      1.663207817786E-02
   96.400000      4.749217581388E-02      1.750695979125E-02
   96.500000      4.959057206015E-02      1.842384320572E-02
   96.600000      5.147115357108E-02      1.924232999321E-02
   96.700000      5.270947827380E-02      1.979581814140E-02
   96.800000      5.296159814481E-02      1.995016494150E-02
   96.900000      5.208136210858E-02      1.965847757781E-02
   97.000000      5.019321979920E-02      1.899357376324E-02
   97.100000      4.771026853607E-02      1.814590192850E-02
   97.200000      4.529137043549E-02      1.738517843446E-02
   97.300000      4.372840144834E-02      1.699541028335E-02
   97.400000      4.374207655146E-02      1.720160359051E-02
   97.500000      4.569651411499E-02      1.810936972641E-02
   97.600000      4.940116989408E-02      1.967476909640E-02
   97.700000      5.421463408468E-02      2.171236410003E-02
   97.800000      5.932287587137E-02      2.393778256684E-02
   97.900000      6.395524343780E-02      2.603104410317E-02
   98.000000      6.750880794865E-02      2.770173054728E-02
   98.100000      6.960829345510E-02      2.873828847918E-02
   98.200000      7.011304960877E-02      2.903062470940E-02
   98.300000      6.908037744381E-02      2.856504787967E-02
   98.400000      6.669853509712E-02      2.739985696961E-02
   98.500000      6.320645830703E-02      2.563511077861E-02
   98.600000      5.882282011147E-02      2.338955276258E-02
   98.700000      5.371717736357E-02      2.079188288445E-02
   98.800000      4.804707820420E-02      1.798526976735E-02
   98.900000      4.203611695946E-02      1.513685334707E-02
   99.000000      3.603823813638E-02      1.244104269285E-02
   99.100000      3.055389426421E-02      1.010783957900E-02
   99.200000      2.618338785602E-02      8.334151298585E-03
   99.300000      2.349706974819E-02      7.264321116847E-03
   99.400000      2.280989488499E-02      6.952514186485E-03
   99.500000      2.399372934098E-02      7.341404979851E-03
   99.600000      2.653348201365E-02      8.267753110481E-03
   99.700000      2.973691378649E-02      9.497028002882E-03
   99.800000      3.293312075701E-02      1.077921123820E-02
   99.900000      3.562029694751E-02      1.191001006781E-02
  100.000000      3.755344913879E-02      1.277900069559E-02
