# M=12, N=6, V0=0.0, V=-0.25, PBC
#  time (tJ)                 S₁(n=3)                 S₂(n=3)
    0.000000     -8.881784197001E-16      8.881784197001E-16
    0.100000      2.088808690325E-03      4.122906185677E-04
    0.200000      6.909945710398E-03      1.572338772133E-03
    0.300000      1.315332168030E-02      3.268352595911E-03
    0.400000      1.969757816674E-02      5.204249599623E-03
    0.500000      2.559719683148E-02      7.068013540061E-03
    0.600000      3.017296005477E-02      8.599073958529E-03
    0.700000      3.307224582127E-02      9.637497099354E-03
    0.800000      3.427692461000E-02      1.014416056358E-02
    0.900000      3.405906501831E-02      1.019002794461E-02
    1.000000      3.289613289713E-02      9.921195259842E-03
    1.100000      3.134923162689E-02      9.512045103702E-03
    1.200000      2.995067543861E-02      9.120281555499E-03
    1.300000      2.909015450809E-02      8.854929138519E-03
    1.400000      2.884582693839E-02      8.762912960235E-03
    1.500000      2.909001830455E-02      8.833655536602E-03
    1.600000      2.963724890223E-02      9.016270171860E-03
    1.700000      3.031874466978E-02      9.241723740590E-03
    1.800000      3.101292617489E-02      9.442971938734E-03
    1.900000      3.154280811722E-02      9.568653668715E-03
    2.000000      3.177408102444E-02      9.589040930330E-03
    2.100000      3.164524027347E-02      9.495331166555E-03
    2.200000      3.115231781749E-02      9.294497203550E-03
    2.300000      3.034121457588E-02      9.001982254974E-03
    2.400000      2.929272117511E-02      8.634130210933E-03
    2.500000      2.810105820634E-02      8.201867787854E-03
    2.600000      2.681082533480E-02      7.706948062713E-03
    2.700000      2.535781583257E-02      7.141867185628E-03
    2.800000      2.362763562317E-02      6.494130784603E-03
    2.900000      2.152253781995E-02      5.754715508856E-03
    3.000000      1.900782097898E-02      4.929358014562E-03
    3.100000      1.614464028286E-02      4.049934341689E-03
    3.200000      1.313045929516E-02      3.182120758077E-03
    3.300000      1.033383601418E-02      2.425349419829E-03
    3.400000      8.289199858261E-03      1.902281152557E-03
    3.500000      7.628222706715E-03      1.737673017198E-03
    3.600000      8.692826153535E-03      2.030037298658E-03
    3.700000      1.145133652294E-02      2.822727553876E-03
    3.800000      1.563504977874E-02      4.082734736832E-03
    3.900000      2.076628264200E-02      5.694605691078E-03
    4.000000      2.622622180105E-02      7.473428054896E-03
    4.100000      3.133683581688E-02      9.195662245839E-03
    4.200000      3.548231906270E-02      1.064134273742E-02
    4.300000      3.821833219195E-02      1.163753212656E-02
    4.400000      3.933271290261E-02      1.209210801084E-02
    4.500000      3.886717943270E-02      1.200931596811E-02
    4.600000      3.709879347431E-02      1.148338572528E-02
    4.700000      3.448458656109E-02      1.067247082740E-02
    4.800000      3.157997831712E-02      9.760450179103E-03
    4.900000      2.893165994387E-02      8.917079063238E-03
    5.000000      2.694870970926E-02      8.266647518853E-03
    5.100000      2.588078532078E-02      7.871850359588E-03
    5.200000      2.579866610826E-02      7.734290010813E-03
    5.300000      2.648069591116E-02      7.807891459237E-03
    5.400000      2.753515857670E-02      8.018349457974E-03
    5.500000      2.863193017360E-02      8.281501629942E-03
    5.600000      2.952163976312E-02      8.515944546470E-03
    5.700000      3.001714926478E-02      8.648982051297E-03
    5.800000      2.997408656250E-02      8.618407953386E-03
    5.900000      2.927401051021E-02      8.374265765740E-03
    6.000000      2.782505949475E-02      7.883998329635E-03
    6.100000      2.559095768166E-02      7.141707966347E-03
    6.200000      2.262425337357E-02      6.178842807164E-03
    6.300000      1.910942609151E-02      5.071130113438E-03
    6.400000      1.538422846679E-02      3.936338771826E-03
    6.500000      1.193160600949E-02      2.919915053665E-03
    6.600000      9.318487114197E-03      2.169918949588E-03
    6.700000      8.036859927643E-03      1.807206547348E-03
    6.800000      8.374890090446E-03      1.899425005365E-03
    6.900000      1.037726591484E-02      2.446811091333E-03
    7.000000      1.369169808464E-02      3.384108695503E-03
    7.100000      1.772872421140E-02      4.597600592504E-03
    7.200000      2.196196664611E-02      5.951397684253E-03
    7.300000      2.598317573808E-02      7.314568075131E-03
    7.400000      2.952445838173E-02      8.581241302136E-03
    7.500000      3.245347375992E-02      9.679093593075E-03
    7.600000      3.474280188614E-02      1.056624522151E-02
    7.700000      3.642154980183E-02      1.122080083968E-02
    7.800000      3.750954225686E-02      1.162948716993E-02
    7.900000      3.797493352699E-02      1.178132306089E-02
    8.000000      3.773634265229E-02      1.166930174395E-02
    8.100000      3.673267021455E-02      1.129895096837E-02
    8.200000      3.498723036983E-02      1.069911165420E-02
    8.300000      3.264079074288E-02      9.928838858812E-03
    8.400000      2.995817832888E-02      9.075587662892E-03
    8.500000      2.730598554756E-02      8.243247404437E-03
    8.600000      2.511065837311E-02      7.532663833108E-03
    8.700000      2.376773570815E-02      7.020328210004E-03
    8.800000      2.336756211564E-02      6.741725893351E-03
    8.900000      2.367857854136E-02      6.684242562413E-03
    9.000000      2.439550605970E-02      6.791327757808E-03
    9.100000      2.521175150747E-02      6.976146683331E-03
    9.200000      2.584372774916E-02      7.140473087414E-03
    9.300000      2.605287857237E-02      7.193813529119E-03
    9.400000      2.567070212407E-02      7.068708726836E-03
    9.500000      2.461456631339E-02      6.730195217370E-03
    9.600000      2.289511181979E-02      6.179550640463E-03
    9.700000      2.061353208383E-02      5.453779500286E-03
    9.800000      1.795703051565E-02      4.622378458786E-03
    9.900000      1.520081406770E-02      3.781968927045E-03
   10.000000      1.269580798464E-02      3.048165106181E-03
   10.100000      1.085606146598E-02      2.543474874026E-03
   10.200000      1.014084729243E-02      2.380692723093E-03
   10.300000      1.093940994485E-02      2.643060209430E-03
   10.400000      1.338055965394E-02      3.364699032965E-03
   10.500000      1.719492864062E-02      4.516390057458E-03
   10.600000      2.191147173660E-02      6.001764808003E-03
   10.700000      2.695356538850E-02      7.667062723492E-03
   10.800000      3.173479714397E-02      9.324198797380E-03
   10.900000      3.574358287889E-02      1.078299806828E-02
   11.000000      3.860869227599E-02      1.188536297522E-02
   11.100000      4.014272654066E-02      1.253296965926E-02
   11.200000      4.035756551505E-02      1.270142508355E-02
   11.300000      3.943813513645E-02      1.243744560397E-02
   11.400000      3.768734630670E-02      1.184049663286E-02
   11.500000      3.545299023122E-02      1.103486812878E-02
   11.600000      3.304288783922E-02      1.014075965398E-02
   11.700000      3.066460071979E-02      9.252652498849E-03
   11.800000      2.843297912219E-02      8.430152311743E-03
   11.900000      2.641115166540E-02      7.701747981747E-03
   12.000000      2.466131610894E-02      7.077322604181E-03
   12.100000      2.326060954354E-02      6.562472105126E-03
   12.200000      2.223025241397E-02      6.167723108935E-03
   12.300000      2.157486582358E-02      5.908505207245E-03
   12.400000      2.133499721259E-02      5.796105580997E-03
   12.500000      2.152207050232E-02      5.824090956339E-03
   12.600000      2.204363386323E-02      5.957132292143E-03
   12.700000      2.267068725596E-02      6.128783713270E-03
   12.800000      2.311493802037E-02      6.251588705844E-03
   12.900000      2.310514020153E-02      6.238059814541E-03
   13.000000      2.246313826195E-02      6.026480976663E-03
   13.100000      2.115678377251E-02      5.603006786556E-03
   13.200000      1.930426074878E-02      5.012271927213E-03
   13.300000      1.716515195724E-02      4.352433662729E-03
   13.400000      1.511864028645E-02      3.755746474036E-03
   13.500000      1.360200685891E-02      3.360343242704E-03
   13.600000      1.303539198053E-02      3.281198655528E-03
   13.700000      1.375903773932E-02      3.587688284869E-03
   13.800000      1.599388306464E-02      4.292317399159E-03
   13.900000      1.947059040046E-02      5.351399989555E-03
   14.000000      2.368648547417E-02      6.675151127678E-03
   14.100000      2.815751929012E-02      8.142848928676E-03
   14.200000      3.244988239355E-02      9.618797552306E-03
   14.300000      3.619994890794E-02      1.096642773289E-02
   14.400000      3.912164904472E-02      1.206006352339E-02
   14.500000      4.100596387450E-02      1.279548913271E-02
   14.600000      4.170306523009E-02      1.310059700500E-02
   14.700000      4.114032024841E-02      1.294600082051E-02
   14.800000      3.936810450158E-02      1.235337556342E-02
   14.900000      3.658214078526E-02      1.139779004796E-02
   15.000000      3.311003207543E-02      1.020058113140E-02
   15.100000      2.936417392186E-02      8.911676165010E-03
   15.200000      2.579076154212E-02      7.683899453568E-03
   15.300000      2.280063052072E-02      6.645154428258E-03
   15.400000      2.067635603639E-02      5.875913433766E-03
   15.500000      1.956648536743E-02      5.398367296423E-03
   15.600000      1.934133514395E-02      5.180170015802E-03
   15.700000      1.963497723670E-02      5.151168269771E-03
   15.800000      2.010113439722E-02      5.227450431570E-03
   15.900000      2.048135391227E-02      5.334919882324E-03
   16.000000      2.064941129191E-02      5.425162907508E-03
   16.100000      2.061255591603E-02      5.479480112897E-03
   16.200000      2.046873138454E-02      5.501490257675E-03
   16.300000      2.037031962371E-02      5.503004097993E-03
   16.400000      2.042159609749E-02      5.490228114573E-03
   16.500000      2.053599805066E-02      5.456834126081E-03
   16.600000      2.054207211911E-02      5.387226000422E-03
   16.700000      2.031078367855E-02      5.268765355312E-03
   16.800000      1.980583494921E-02      5.107652416312E-03
   16.900000      1.912090809195E-02      4.941218356769E-03
   17.000000      1.848436125365E-02      4.840293674983E-03
   17.100000      1.823570822639E-02      4.898669822107E-03
   17.200000      1.879237609398E-02      5.211193633833E-03
   17.300000      2.044188813639E-02      5.846135567567E-03
   17.400000      2.320443103211E-02      6.819818027848E-03
   17.500000      2.692185211496E-02      8.081369742662E-03
   17.600000      3.121990695214E-02      9.512924518757E-03
   17.700000      3.552885559335E-02      1.094634059980E-02
   17.800000      3.923299252725E-02      1.219283761540E-02
   17.900000      4.183598782133E-02      1.307830009165E-02
   18.000000      4.301439839194E-02      1.347558363059E-02
   18.100000      4.264071965761E-02      1.332642069189E-02
   18.200000      4.077753803747E-02      1.264888700996E-02
   18.300000      3.764350121582E-02      1.153050652060E-02
   18.400000      3.356546026023E-02      1.011044019680E-02
   18.500000      2.895042777495E-02      8.555848090696E-03
   18.600000      2.427426828322E-02      7.037336637745E-03
   18.700000      2.005036284571E-02      5.707051333235E-03
   18.800000      1.680059742459E-02      4.681373525592E-03
   18.900000      1.495657145544E-02      4.029046225667E-03
   19.000000      1.455480809166E-02      3.765134431379E-03
   19.100000      1.525508579957E-02      3.851312313239E-03
   19.200000      1.666933827749E-02      4.203084257375E-03
   19.300000      1.841029416440E-02      4.704174655358E-03
   19.400000      2.010178999763E-02      5.227148443681E-03
   19.500000      2.141877526727E-02      5.657455402540E-03
   19.600000      2.215108562204E-02      5.916157429009E-03
   19.700000      2.223763587324E-02      5.975604740392E-03
   19.800000      2.177046713496E-02      5.863186774950E-03
   19.900000      2.098555077771E-02      5.651226637503E-03
   20.000000      2.021480159099E-02      5.435331461523E-03
   20.100000      1.977721052103E-02      5.307480113951E-03
   20.200000      1.986703455129E-02      5.332164394491E-03
   20.300000      2.050933248381E-02      5.533041990703E-03
   20.400000      2.159401223772E-02      5.893981046979E-03
   20.500000      2.296751512684E-02      6.373290891196E-03
   20.600000      2.452292528822E-02      6.925131491041E-03
   20.700000      2.619422433685E-02      7.519335324940E-03
   20.800000      2.791008849632E-02      8.151299792054E-03
   20.900000      2.967600979431E-02      8.837282246815E-03
   21.000000      3.156062909089E-02      9.596186938848E-03
   21.100000      3.362672985409E-02      1.042467517282E-02
   21.200000      3.585829434908E-02      1.127588005188E-02
   21.300000      3.807767492182E-02      1.205164312846E-02
   21.400000      3.987933562724E-02      1.261392616306E-02
   21.500000      4.077437996266E-02      1.281433150354E-02
   21.600000      4.035801175196E-02      1.253392489740E-02
   21.700000      3.839786920635E-02      1.172128872270E-02
   21.800000      3.490821852224E-02      1.041654765235E-02
   21.900000      3.016672389825E-02      8.753116000558E-03
   22.000000      2.468935654794E-02      6.935697704487E-03
   22.100000      1.917007945807E-02      5.200228988430E-03
   22.200000      1.438595203171E-02      3.766555490221E-03
   22.300000      1.107094848244E-02      2.796135729263E-03
   22.400000      9.764464734605E-03      2.364808665056E-03
   22.500000      1.041801707132E-02      2.455779103924E-03
   22.600000      1.244267088332E-02      2.972273086710E-03
   22.700000      1.523037183538E-02      3.764572902861E-03
   22.800000      1.821431784450E-02      4.663545354785E-03
   22.900000      2.092486032316E-02      5.512674606317E-03
   23.000000      2.303782261366E-02      6.192551772235E-03
   23.100000      2.438837149547E-02      6.634772597989E-03
   23.200000      2.496023355853E-02      6.825129421689E-03
   23.300000      2.485812300515E-02      6.798005405033E-03
   23.400000      2.427650797022E-02      6.624691753671E-03
   23.500000      2.346870000591E-02      6.398224899086E-03
   23.600000      2.269824122569E-02      6.216861499871E-03
   23.700000      2.222138270932E-02      6.167980759237E-03
   23.800000      2.227279190840E-02      6.314185876580E-03
   23.900000      2.305557453326E-02      6.683470324266E-03
   24.000000      2.464330616053E-02      7.265159738064E-03
   24.100000      2.691783329234E-02      8.012654575074E-03
   24.200000      2.955540919843E-02      8.852731899591E-03
   24.300000      3.219316414790E-02      9.699549422090E-03
   24.400000      3.452360909567E-02      1.047002317087E-02
   24.500000      3.633042167614E-02      1.109655317783E-02
   24.600000      3.750358637585E-02      1.153366780689E-02
   24.700000      3.802787118771E-02      1.175712958881E-02
   24.800000      3.794526166546E-02      1.175684014352E-02
   24.900000      3.730037752162E-02      1.152742673470E-02
   25.000000      3.610136900513E-02      1.106154437123E-02
   25.100000      3.430267053045E-02      1.035002436224E-02
   25.200000      3.181286613476E-02      9.390219862300E-03
   25.300000      2.857770369583E-02      8.200227426491E-03
   25.400000      2.465007102893E-02      6.833516920831E-03
   25.500000      2.024116179460E-02      5.387180024923E-03
   25.600000      1.574171907690E-02      3.998197320011E-03
   25.700000      1.170999339659E-02      2.825623170223E-03
   25.800000      8.831347857370E-03      2.021333510372E-03
   25.900000      7.653467244435E-03      1.696378958974E-03
   26.000000      8.349503131050E-03      1.892433879886E-03
   26.100000      1.074932961445E-02      2.567291852285E-03
   26.200000      1.433707269214E-02      3.599773112337E-03
   26.300000      1.841256713436E-02      4.813815143501E-03
   26.400000      2.229984357198E-02      6.015743996393E-03
   26.500000      2.548179471823E-02      7.034754017504E-03
   26.600000      2.765444729770E-02      7.755840944047E-03
   26.700000      2.873851776487E-02      8.137082166451E-03
   26.800000      2.885440107330E-02      8.208252534399E-03
   26.900000      2.826756145837E-02      8.053472233919E-03
   27.000000      2.731079255063E-02      7.784915082684E-03
   27.100000      2.629897152507E-02      7.516145639090E-03
   27.200000      2.549161115614E-02      7.342080818817E-03
   27.300000      2.509873977078E-02      7.328771654105E-03
   27.400000      2.530133524841E-02      7.511894633232E-03
   27.500000      2.627943265766E-02      7.899852986261E-03
   27.600000      2.803826197862E-02      8.476855598093E-03
   27.700000      3.029983683932E-02      9.203246633278E-03
   27.800000      3.278861484528E-02      1.001358253762E-02
   27.900000      3.522327741700E-02      1.081581347109E-02
   28.000000      3.729279044847E-02      1.149594410531E-02
   28.100000      3.866327352743E-02      1.193110251427E-02
   28.200000      3.903049069747E-02      1.201055378520E-02
   28.300000      3.818182924604E-02      1.166030471755E-02
   28.400000      3.604444701831E-02      1.086430645265E-02
   28.500000      3.272408522949E-02      9.675143017466E-03
   28.600000      2.850679866407E-02      8.209717144313E-03
   28.700000      2.381516286028E-02      6.629895628684E-03
   28.800000      1.913878403226E-02      5.112718633045E-03
   28.900000      1.497714116212E-02      3.817941891326E-03
   29.000000      1.177893926579E-02      2.861303657574E-03
   29.100000      9.842351122659E-03      2.299870523118E-03
   29.200000      9.301176796815E-03      2.131912000650E-03
   29.300000      1.006869456959E-02      2.309358812502E-03
   29.400000      1.175292209270E-02      2.757483889087E-03
   29.500000      1.397375747859E-02      3.395077575003E-03
   29.600000      1.643096799806E-02      4.149376650342E-03
   29.700000      1.893119976658E-02      4.962792564892E-03
   29.800000      2.137545880252E-02      5.791873368636E-03
   29.900000      2.371559259423E-02      6.601599181686E-03
   30.000000      2.590922840391E-02      7.359155866629E-03
   30.100000      2.788724742361E-02      8.030627482179E-03
   30.200000      2.952963068872E-02      8.582179515354E-03
   30.300000      3.071039100915E-02      8.985190331558E-03
   30.400000      3.134493903563E-02      9.223234334319E-03
   30.500000      3.141429092654E-02      9.298248812898E-03
   30.600000      3.098273168748E-02      9.233628704012E-03
   30.700000      3.020319979090E-02      9.073076619541E-03
   30.800000      2.930791725482E-02      8.875305494730E-03
   30.900000      2.857734011533E-02      8.705656266678E-03
   31.000000      2.827852121344E-02      8.626052508217E-03
   31.100000      2.851852767579E-02      8.684524809077E-03
   31.200000      2.931764987770E-02      8.905200244437E-03
   31.300000      3.062834737429E-02      9.279648006028E-03
   31.400000      3.228732295775E-02      9.760994995156E-03
   31.500000      3.400872936392E-02      1.026297687339E-02
   31.600000      3.542986777983E-02      1.066640998378E-02
   31.700000      3.615291206024E-02      1.083481741269E-02
   31.800000      3.580290058425E-02      1.063889257280E-02
   31.900000      3.409144965952E-02      9.986520311695E-03
   32.000000      3.087980085582E-02      8.852122370309E-03
   32.100000      2.624948884000E-02      7.297322103233E-03
   32.200000      2.054126705194E-02      5.475329537984E-03
   32.300000      1.435471340723E-02      3.614429377389E-03
   32.400000      8.509633501922E-03      1.981040892590E-03
   32.500000      3.982861441690E-03      8.287020898252E-04
   32.600000      1.844249333409E-03      3.442279107446E-04
   32.700000      3.045830409118E-03      6.045169296529E-04
   32.800000      7.025054340548E-03      1.556012144203E-03
   32.900000      1.253088239543E-02      3.023683504278E-03
   33.000000      1.847615939689E-02      4.748759985890E-03
   33.100000      2.393825574015E-02      6.446393180172E-03
   33.200000      2.823313315528E-02      7.868471491519E-03
   33.300000      3.098453230423E-02      8.855007025895E-03
   33.400000      3.214864854735E-02      9.360732253608E-03
   33.500000      3.198493959981E-02      9.450904930588E-03
   33.600000      3.097960495504E-02      9.269448412906E-03
   33.700000      2.974385758203E-02      8.990420282745E-03
   33.800000      2.888708904347E-02      8.767875646649E-03
   33.900000      2.870218689756E-02      8.698360323097E-03
   34.000000      2.910645065516E-02      8.805143140707E-03
   34.100000      2.987459596072E-02      9.045848006353E-03
   34.200000      3.073192137634E-02      9.337925774563E-03
   34.300000      3.144864899547E-02      9.591672257617E-03
   34.400000      3.191394617221E-02      9.739527307733E-03
   34.500000      3.204436854464E-02      9.753116432983E-03
   34.600000      3.182298549833E-02      9.644603536259E-03
   34.700000      3.135061588414E-02      9.454390838987E-03
   34.800000      3.076726261019E-02      9.231138804017E-03
   34.900000      3.019194723567E-02      9.011453041584E-03
   35.000000      2.970869519074E-02      8.805484899827E-03
   35.100000      2.933680058880E-02      8.592036627089E-03
   35.200000      2.888499731871E-02      8.323718302092E-03
   35.300000      2.806909245242E-02      7.940187027138E-03
   35.400000      2.665011095953E-02      7.385961541630E-03
   35.500000      2.447895423263E-02      6.628783047832E-03
   35.600000      2.153523730126E-02      5.674756358096E-03
   35.700000      1.795427170264E-02      4.577222956220E-03
   35.800000      1.403297024907E-02      3.437214574790E-03
   35.900000      1.023530895612E-02      2.394327526046E-03
   36.000000      7.196448411388E-03      1.608074953263E-03
   36.100000      5.698247598488E-03      1.231413641794E-03
   36.200000      6.283949020288E-03      1.380196433857E-03
   36.300000      8.971000434108E-03      2.104343977387E-03
   36.400000      1.339933843935E-02      3.367745400930E-03
   36.500000      1.895443444336E-02      5.043408215039E-03
   36.600000      2.488874213885E-02      6.927721081612E-03
   36.700000      3.044933509136E-02      8.773199652496E-03
   36.800000      3.496970347000E-02      1.033392456229E-02
   36.900000      3.795730409559E-02      1.141370417882E-02
   37.000000      3.916475144188E-02      1.190531958355E-02
   37.100000      3.862042936655E-02      1.181081389770E-02
   37.200000      3.662227861248E-02      1.123739142110E-02
   37.300000      3.369281303984E-02      1.036982440245E-02
   37.400000      3.050171369808E-02      9.426469861826E-03
   37.500000      2.775818321900E-02      8.610215979177E-03
   37.600000      2.601307016754E-02      8.066641564017E-03
   37.700000      2.554106462915E-02      7.859138618632E-03
   37.800000      2.627540948065E-02      7.965583908852E-03
   37.900000      2.781475300646E-02      8.295025327641E-03
   38.000000      2.957347814303E-02      8.717671553676E-03
   38.100000      3.106620904279E-02      9.098729034456E-03
   38.200000      3.195203325547E-02      9.326940750649E-03
   38.300000      3.204671441326E-02      9.331652496972E-03
   38.400000      3.131055795200E-02      9.086646779191E-03
   38.500000      2.982001739498E-02      8.603259686751E-03
   38.600000      2.772740996535E-02      7.918046633269E-03
   38.700000      2.520586254473E-02      7.080756259727E-03
   38.800000      2.239155495393E-02      6.146722319164E-03
   38.900000      1.941321261242E-02      5.174840736663E-03
   39.000000      1.642813054130E-02      4.229306769268E-03
   39.100000      1.364529406314E-02      3.381436836590E-03
   39.200000      1.133031813011E-02      2.707905572490E-03
   39.300000      9.809649506144E-03      2.283544228785E-03
   39.400000      9.346084348364E-03      2.169645197329E-03
   39.500000      1.015248148421E-02      2.401211553430E-03
   39.600000      1.222712418385E-02      2.977606426975E-03
   39.700000      1.525759322398E-02      3.860102791395E-03
   39.800000      1.889271999874E-02      4.977347912521E-03
   39.900000      2.278581668224E-02      6.236883454552E-03
   40.000000      2.662129323809E-02      7.538885577175E-03
   40.100000      3.014657831219E-02      8.788027429015E-03
   40.200000      3.318048651826E-02      9.900829694176E-03
   40.300000      3.559956631271E-02      1.080830049773E-02
   40.400000      3.731618581301E-02      1.145592417661E-02
   40.500000      3.825987435880E-02      1.180409815034E-02
   40.600000      3.833335826466E-02      1.183144542574E-02
   40.700000      3.747261957997E-02      1.154131468173E-02
   40.800000      3.571725614509E-02      1.096916083252E-02
   40.900000      3.324250071106E-02      1.018662696043E-02
   41.000000      3.036521941631E-02      9.298060729385E-03
   41.100000      2.752253012416E-02      8.427224600079E-03
   41.200000      2.522508016860E-02      7.695483737036E-03
   41.300000      2.396651333931E-02      7.196400785500E-03
   41.400000      2.379192732308E-02      6.973871023530E-03
   41.500000      2.444679587188E-02      7.010659273605E-03
   41.600000      2.557717012106E-02      7.231418990779E-03
   41.700000      2.678844587116E-02      7.519960894607E-03
   41.800000      2.768984774734E-02      7.746245853172E-03
   41.900000      2.794881227714E-02      7.795802507391E-03
   42.000000      2.735940932250E-02      7.593910193142E-03
   42.100000      2.587464631443E-02      7.118951405550E-03
   42.200000      2.360176756396E-02      6.402986101584E-03
   42.300000      2.077231713786E-02      5.521472381470E-03
   42.400000      1.770236950279E-02      4.576783441265E-03
   42.500000      1.475261320492E-02      3.680884562075E-03
   42.600000      1.226685228998E-02      2.941204574644E-03
   42.700000      1.055840029669E-02      2.451160652720E-03
   42.800000      9.925637860166E-03      2.284251157988E-03
   42.900000      1.057907892279E-02      2.489311722190E-03
   43.000000      1.261836337830E-02      3.084991149975E-03
   43.100000      1.585889886450E-02      4.053388297513E-03
   43.200000      1.993802202169E-02      5.334997714789E-03
   43.300000      2.445507089093E-02      6.828366675463E-03
   43.400000      2.899932641794E-02      8.397392657754E-03
   43.500000      3.316829534327E-02      9.887089576405E-03
   43.600000      3.660052128602E-02      1.114578986969E-02
   43.700000      3.901702171279E-02      1.204928282734E-02
   43.800000      4.024952892243E-02      1.252124592938E-02
   43.900000      4.026486387200E-02      1.254491081098E-02
   44.000000      3.916808707959E-02      1.216305390813E-02
   44.100000      3.718122774324E-02      1.146647707057E-02
   44.200000      3.460645041004E-02      1.057420658044E-02
   44.300000      3.178304285508E-02      9.610700876850E-03
   44.400000      2.903268691658E-02      8.685713726150E-03
   44.500000      2.661749054170E-02      7.881004368482E-03
   44.600000      2.473706294144E-02      7.245415874737E-03
   44.700000      2.352676558088E-02      6.797036142284E-03
   44.800000      2.297529647777E-02      6.529300272413E-03
   44.900000      2.293888128754E-02      6.417601511813E-03
   45.000000      2.325234951079E-02      6.424148961427E-03
   45.100000      2.371337269854E-02      6.500738575142E-03
   45.200000      2.412946415032E-02      6.590849728538E-03
   45.300000      2.431855981007E-02      6.633282430365E-03
   45.400000      2.410409001149E-02      6.569095892450E-03
   45.500000      2.336656572779E-02      6.352083587048E-03
   45.600000      2.207732549592E-02      5.961006232564E-03
   45.700000      2.031612015864E-02      5.410103569191E-03
   45.800000      1.825995224104E-02      4.753805025476E-03
   45.900000      1.613821271505E-02      4.082538895073E-03
   46.000000      1.423920006645E-02      3.508993024884E-03
   46.100000      1.290221476171E-02      3.147320137080E-03
   46.200000      1.247764888254E-02      3.090384454296E-03
   46.300000      1.328165035033E-02      3.391088802753E-03
   46.400000      1.548438645454E-02      4.052631116370E-03
   46.500000      1.877822196687E-02      5.029650938710E-03
   46.600000      2.268299005675E-02      6.238789783720E-03
   46.700000      2.676689727417E-02      7.574543992361E-03
   46.800000      3.066964140747E-02      8.925382172925E-03
   46.900000      3.411891174480E-02      1.018611650970E-02
   47.000000      3.692664410484E-02      1.126486572735E-02
   47.100000      3.897048967116E-02      1.208556029686E-02
   47.200000      4.017198942235E-02      1.258872938559E-02
   47.300000      4.046840894503E-02      1.273357240954E-02
   47.400000      3.981707759461E-02      1.250297634800E-02
   47.500000      3.821758951432E-02      1.191076476231E-02
   47.600000      3.574837704440E-02      1.100810535689E-02
   47.700000      3.259647872716E-02      9.884822541132E-03
   47.800000      2.906136849513E-02      8.662139762807E-03
   47.900000      2.553306387105E-02      7.476069739506E-03
   48.000000      2.245091370433E-02      6.454294644779E-03
   48.100000      2.025336690167E-02      5.692378742014E-03
   48.200000      1.918271482756E-02      5.236140874594E-03
   48.300000      1.906438386498E-02      5.075447207164E-03
   48.400000      1.959477272836E-02      5.151139082379E-03
   48.500000      2.044378151785E-02      5.372670264824E-03
   48.600000      2.131849049981E-02      5.640851248827E-03
   48.700000      2.198723147026E-02      5.868996338454E-03
   48.800000      2.231093768046E-02      5.997030794809E-03
   48.900000      2.224982828224E-02      5.996155868528E-03
   49.000000      2.183627474958E-02      5.865266739205E-03
   49.100000      2.113104342537E-02      5.623058751749E-03
   49.200000      2.019635195415E-02      5.300573379908E-03
   49.300000      1.910998701534E-02      4.937556956855E-03
   49.400000      1.798448030402E-02      4.583120897540E-03
   49.500000      1.698140659036E-02      4.298186978810E-03
   49.600000      1.630685780846E-02      4.155532153646E-03
   49.700000      1.621591992480E-02      4.233744930120E-03
   49.800000      1.701818407087E-02      4.603880594731E-03
   49.900000      1.894914281671E-02      5.310975528754E-03
   50.000000      2.198998998213E-02      6.355427435519E-03
   50.100000      2.595371787172E-02      7.680427417616E-03
   50.200000      3.044540246435E-02      9.170676118292E-03
   50.300000      3.492203664263E-02      1.066480367446E-02
   50.400000      3.880580018064E-02      1.198009440737E-02
   50.500000      4.160882543133E-02      1.294446284720E-02
   50.600000      4.299848872504E-02      1.342830489337E-02
   50.700000      4.283126666941E-02      1.336864483354E-02
   50.800000      4.115928794996E-02      1.278000454333E-02
   50.900000      3.820661547887E-02      1.174995027263E-02
   51.000000      3.433097232280E-02      1.042113630820E-02
   51.100000      2.998172783663E-02      8.964665765168E-03
   51.200000      2.565321943344E-02      7.550971049377E-03
   51.300000      2.182693743964E-02      6.324064209744E-03
   51.400000      1.893268631512E-02      5.383356335477E-03
   51.500000      1.726877387229E-02      4.775015069423E-03
   51.600000      1.682240161645E-02      4.492720967178E-03
   51.700000      1.725359757215E-02      4.486159100149E-03
   51.800000      1.816770095579E-02      4.674789353122E-03
   51.900000      1.922722998606E-02      4.964264336334E-03
   52.000000      2.017038616321E-02      5.263057528399E-03
   52.100000      2.081268253616E-02      5.497171257292E-03
   52.200000      2.105533521265E-02      5.621069172161E-03
   52.300000      2.091831422234E-02      5.623258661946E-03
   52.400000      2.051900054805E-02      5.525440252621E-03
   52.500000      2.001542181142E-02      5.375074996366E-03
   52.600000      1.960159578153E-02      5.232636621461E-03
   52.700000      1.945441576790E-02      5.156401671484E-03
   52.800000      1.962440507465E-02      5.188768685648E-03
   52.900000      2.011357616934E-02      5.348125921854E-03
   53.000000      2.089927853533E-02      5.628869056080E-03
   53.100000      2.192885978999E-02      6.009551651054E-03
   53.200000      2.315990739721E-02      6.466158883113E-03
   53.300000      2.458995827262E-02      6.985253500923E-03
   53.400000      2.618769370100E-02      7.571230702078E-03
   53.500000      2.793309638883E-02      8.243556998849E-03
   53.600000      2.987932976281E-02      9.023313339201E-03
   53.700000      3.209823495837E-02      9.912575116023E-03
   53.800000      3.462027716051E-02      1.087371355973E-02
   53.900000      3.733536977631E-02      1.181721374637E-02
   54.000000      3.982603596853E-02      1.260519320805E-02
   54.100000      4.152400824252E-02      1.307347490555E-02
   54.200000      4.191228981557E-02      1.306890494631E-02
   54.300000      4.063785889593E-02      1.249261726234E-02
   54.400000      3.759180818585E-02      1.133643391578E-02
   54.500000      3.295690637426E-02      9.700190426785E-03
   54.600000      2.720922929678E-02      7.782652946202E-03
   54.700000      2.106965713624E-02      5.846340577842E-03
   54.800000      1.541472336672E-02      4.164394540477E-03
   54.900000      1.118387045413E-02      2.963040952642E-03
   55.000000      9.286207320254E-03      2.374523936063E-03
   55.100000      9.901512327499E-03      2.412400617033E-03
   55.200000      1.227848772974E-02      2.974852405498E-03
   55.300000      1.558362643422E-02      3.874088433252E-03
   55.400000      1.901652272758E-02      4.883189018145E-03
   55.500000      2.192469260025E-02      5.787749309959E-03
   55.600000      2.388498224051E-02      6.429472467293E-03
   55.700000      2.473512415558E-02      6.732244854202E-03
   55.800000      2.455808507467E-02      6.706847206271E-03
   55.900000      2.362483373821E-02      6.436330540077E-03
   56.000000      2.231061237910E-02      6.048415478670E-03
   56.100000      2.103581632809E-02      5.683109781311E-03
   56.200000      2.019052279168E-02      5.463161675852E-03
   56.300000      2.004770187604E-02      5.472774643233E-03
   56.400000      2.070839277836E-02      5.747197272496E-03
   56.500000      2.212802390808E-02      6.273158928954E-03
   56.600000      2.417035772497E-02      6.998100334353E-03
   56.700000      2.665646975189E-02      7.844923882760E-03
   56.800000      2.932031253331E-02      8.728557893948E-03
   56.900000      3.184602786956E-02      9.570867981584E-03
   57.000000      3.399843372208E-02      1.031117236782E-02
   57.100000      3.564802046827E-02      1.091066841115E-02
   57.200000      3.676605687931E-02      1.135037845955E-02
   57.300000      3.739329353685E-02      1.162371842942E-02
   57.400000      3.759798231479E-02      1.172629764856E-02
   57.500000      3.742461429184E-02      1.164667104209E-02
   57.600000      3.681718430727E-02      1.136196293160E-02
   57.700000      3.563313624279E-02      1.084118875694E-02
   57.800000      3.370400351061E-02      1.005675973457E-02
   57.900000      3.091990934412E-02      9.001646238555E-03
   58.000000      2.728055864325E-02      7.706993855170E-03
   58.100000      2.293927957474E-02      6.253700370061E-03
   58.200000      1.823803253424E-02      4.772274140467E-03
   58.300000      1.371176133466E-02      3.428194028939E-03
   58.400000      1.005891882334E-02      2.394194220347E-03
   58.500000      7.990362560400E-03      1.815120865919E-03
   58.600000      7.874741984179E-03      1.773934676843E-03
   58.700000      9.659357467293E-03      2.268123664583E-03
   58.800000      1.293486466534E-02      3.203891988095E-03
   58.900000      1.703826174462E-02      4.411303437949E-03
   59.000000      2.121013765016E-02      5.678034769961E-03
   59.100000      2.478069472324E-02      6.794047659252E-03
   59.200000      2.728072368925E-02      7.596042193962E-03
   59.300000      2.849207771758E-02      8.000315922156E-03
   59.400000      2.845918047271E-02      8.015873750860E-03
   59.500000      2.746108274915E-02      7.735290174236E-03
   59.600000      2.593928801276E-02      7.307003018552E-03
   59.700000      2.440468730384E-02      6.897418990418E-03
   59.800000      2.332487571688E-02      6.653116208701E-03
   59.900000      2.304000639215E-02      6.672260251181E-03
   60.000000      2.371951978265E-02      6.990782208656E-03
   60.100000      2.539314617491E-02      7.584170483518E-03
   60.200000      2.787446311673E-02      8.381366989546E-03
   60.300000      3.069140195591E-02      9.284523817084E-03
   60.400000      3.343877854212E-02      1.018803446441E-02
   60.500000      3.581742728292E-02      1.099224525929E-02
   60.600000      3.761852085105E-02      1.161061403461E-02
   60.700000      3.869819531191E-02      1.197227256571E-02
   60.800000      3.893876408149E-02      1.202354023030E-02
   60.900000      3.824837879795E-02      1.173133406499E-02
   61.000000      3.658884456672E-02      1.108915398867E-02
   61.100000      3.399913347100E-02      1.012371157038E-02
   61.200000      3.060774994113E-02      8.898688224238E-03
   61.300000      2.663407666119E-02      7.512301080447E-03
   61.400000      2.238083121093E-02      6.087190882706E-03
   61.500000      1.821598732913E-02      4.753814498464E-03
   61.600000      1.453582601049E-02      3.630952267352E-03
   61.700000      1.171733571223E-02      2.808196040839E-03
   61.800000      1.006915810808E-02      2.334865663544E-03
   61.900000      9.760958220952E-03      2.217804968494E-03
   62.000000      1.063090444946E-02      2.427636006329E-03
   62.100000      1.237394023511E-02      2.910399263171E-03
   62.200000      1.467563800847E-02      3.600140841224E-03
   62.300000      1.728386657028E-02      4.428472853025E-03
   62.400000      2.001699442557E-02      5.329178864929E-03
   62.500000      2.273441411472E-02      6.238597582848E-03
   62.600000      2.529002905567E-02      7.094560214008E-03
   62.700000      2.752991326201E-02      7.837162559948E-03
   62.800000      2.928878140537E-02      8.413454727808E-03
   62.900000      3.041400793451E-02      8.785862010298E-03
   63.000000      3.082642698318E-02      8.941891236204E-03
   63.100000      3.055287575002E-02      8.901420192124E-03
   63.200000      2.973757704159E-02      8.718097080337E-03
   63.300000      2.863210646749E-02      8.472950949514E-03
   63.400000      2.756835562109E-02      8.260627128684E-03
   63.500000      2.691642861586E-02      8.170922623287E-03
   63.600000      2.702737938116E-02      8.269786174461E-03
   63.700000      2.803014620373E-02      8.584214305575E-03
   63.800000      2.978036494388E-02      9.094464983186E-03
   63.900000      3.197002801827E-02      9.735104969804E-03
   64.000000      3.422177125295E-02      1.040429659797E-02
   64.100000      3.614239689783E-02      1.097913162622E-02
   64.200000      3.737255423078E-02      1.133414833848E-02
   64.300000      3.761850309158E-02      1.136035232086E-02
   64.400000      3.667946078975E-02      1.098263787777E-02
   64.500000      3.447029307638E-02      1.017394156556E-02
   64.600000      3.103655746717E-02      8.964496127904E-03
   64.700000      2.656567431844E-02      7.444368717337E-03
   64.800000      2.139157692019E-02      5.757536986300E-03
   64.900000      1.599551840704E-02      4.086532253986E-03
   65.000000      1.098660591906E-02      2.628291489168E-03
   65.100000      7.053969731412E-03      1.564021891908E-03
   65.200000      4.894723661274E-03      1.028004451857E-03
   65.300000      5.143467476161E-03      1.081659677944E-03
   65.400000      7.694089315595E-03      1.699258072286E-03
   65.500000      1.175187973942E-02      2.769989261505E-03
   65.600000      1.648408782386E-02      4.117728224062E-03
   65.700000      2.114328919129E-02      5.535383638537E-03
   65.800000      2.513542170805E-02      6.826424959809E-03
   65.900000      2.807773517919E-02      7.843567933191E-03
   66.000000      2.983103874422E-02      8.514797069508E-03
   66.100000      3.049587971030E-02      8.850129850251E-03
   66.200000      3.037003055990E-02      8.927886410843E-03
   66.300000      2.986796583516E-02      8.865040349606E-03
   66.400000      2.941822131391E-02      8.780656737423E-03
   66.500000      2.928501645589E-02      8.763112796556E-03
   66.600000      2.951873059422E-02      8.850255994723E-03
   66.700000      3.000936237768E-02      9.027363487830E-03
   66.800000      3.056348297405E-02      9.242029467438E-03
   66.900000      3.100436189644E-02      9.429716170115E-03
   67.000000      3.124856203525E-02      9.540439703259E-03
   67.100000      3.127511289370E-02      9.557081709258E-03
   67.200000      3.110222839506E-02      9.499152366613E-03
   67.300000      3.085324905450E-02      9.411266462529E-03
   67.400000      3.071278453512E-02      9.341112233430E-03
   67.500000      3.081659696658E-02      9.315295758613E-03
   67.600000      3.114522565244E-02      9.321966939672E-03
   67.700000      3.150394702827E-02      9.306622742359E-03
   67.800000      3.155939310108E-02      9.183020842136E-03
   67.900000      3.095231895866E-02      8.856302847022E-03
   68.000000      2.940297991671E-02      8.251724886674E-03
   68.100000      2.677732190451E-02      7.340839610496E-03
   68.200000      2.313085032959E-02      6.157873986211E-03
   68.300000      1.872243060173E-02      4.801951331703E-03
   68.400000      1.399968731679E-02      3.424663300255E-03
   68.500000      9.558194895036E-03      2.206043455121E-03
   68.600000      6.103998390761E-03      1.324247164502E-03
   68.700000      4.450014803447E-03      9.248637921240E-04
   68.800000      5.225118327199E-03      1.095098299781E-03
   68.900000      8.190263496389E-03      1.846727557516E-03
   69.000000      1.276886270475E-02      3.110335186352E-03
   69.100000      1.827472853058E-02      4.742041056616E-03
   69.200000      2.399289714869E-02      6.542573075461E-03
   69.300000      2.925759658631E-02      8.286798989142E-03
   69.400000      3.351513084793E-02      9.759741608502E-03
   69.500000      3.636312679564E-02      1.079309189968E-02
   69.600000      3.759587883493E-02      1.129507013500E-02
   69.700000      3.723975550238E-02      1.126686825534E-02
   69.800000      3.555503998130E-02      1.080112279080E-02
   69.900000      3.300694822092E-02      1.006161520813E-02
   70.000000      3.020161286839E-02      9.247836034346E-03
   70.100000      2.778891308515E-02      8.552014028575E-03
   70.200000      2.631855583971E-02      8.118514332781E-03
   70.300000      2.606287314032E-02      8.015297816448E-03
   70.400000      2.697644531026E-02      8.224225640618E-03
   70.500000      2.871546832007E-02      8.652056765118E-03
   70.600000      3.067851230907E-02      9.158429080645E-03
   70.700000      3.231675654962E-02      9.592647773532E-03
   70.800000      3.323036936074E-02      9.829128180547E-03
   70.900000      3.320583005511E-02      9.792425072075E-03
   71.000000      3.222098541777E-02      9.466472373116E-03
   71.100000      3.042225941027E-02      8.887676329657E-03
   71.200000      2.807321602051E-02      8.126217913424E-03
   71.300000      2.549568720270E-02      7.262892870012E-03
   71.400000      2.292963617319E-02      6.369254814277E-03
   71.500000      2.042837634886E-02      5.496773711353E-03
   71.600000      1.799397320465E-02      4.676999668993E-03
   71.700000      1.564733432272E-02      3.930642208054E-03
   71.800000      1.345883242525E-02      3.280424165200E-03
   71.900000      1.159835905845E-02      2.761551289619E-03
   72.000000      1.030834967829E-02      2.424911707868E-03
   72.100000      9.878055298712E-03      2.331090144336E-03
   72.200000      1.059874564249E-02      2.536754994439E-03
   72.300000      1.247375698402E-02      3.077671556940E-03
   72.400000      1.537883057136E-02      3.953664899278E-03
   72.500000      1.911318392606E-02      5.120147979741E-03
   72.600000      2.335914796064E-02      6.488806934633E-03
   72.700000      2.771410292055E-02      7.937479064053E-03
   72.800000      3.176328492666E-02      9.326964325003E-03
   72.900000      3.514453478348E-02      1.052107506534E-02
   73.000000      3.758329555682E-02      1.140593696784E-02
   73.100000      3.890266349337E-02      1.190531959783E-02
   73.200000      3.903318086351E-02      1.199015316519E-02
   73.300000      3.800576723677E-02      1.168174075377E-02
   73.400000      3.596564280550E-02      1.104897620013E-02
   73.500000      3.319347857541E-02      1.020001131480E-02
   73.600000      3.009676268692E-02      9.268655935936E-03
   73.700000      2.718268198031E-02      8.395964115108E-03
   73.800000      2.499304335033E-02      7.708391833195E-03
   73.900000      2.399856072446E-02      7.295481296613E-03
   74.000000      2.420462739418E-02      7.191522758093E-03
   74.100000      2.530061167936E-02      7.366127703439E-03
   74.200000      2.690522716530E-02      7.727483867652E-03
   74.300000      2.856205481114E-02      8.139301717416E-03
   74.400000      2.979071010272E-02      8.448846591932E-03
   74.500000      3.018042049757E-02      8.520115534170E-03
   74.600000      2.947022125256E-02      8.264282059771E-03
   74.700000      2.759904309228E-02      7.659749872325E-03
   74.800000      2.471898601389E-02      6.756670538670E-03
   74.900000      2.117051426144E-02      5.664993701811E-03
   75.000000      1.741722206390E-02      4.529768534486E-03
   75.100000      1.396469296249E-02      3.500935503451E-03
   75.200000      1.126422435441E-02      2.705964705293E-03
   75.300000      9.632303790098E-03      2.232004810697E-03
   75.400000      9.261396152354E-03      2.120400229902E-03
   75.500000      1.018287478110E-02      2.372040738554E-03
   75.600000      1.229244064175E-02      2.958725398091E-03
   75.700000      1.529957314525E-02      3.834693601009E-03
   75.800000      1.884754542517E-02      4.943849302982E-03
   75.900000      2.266793253721E-02      6.221168491842E-03
   76.000000      2.655865135162E-02      7.589996897647E-03
   76.100000      3.034170596043E-02      8.959130811605E-03
   76.200000      3.381567194658E-02      1.022395453628E-02
   76.300000      3.672522093372E-02      1.127441262317E-02
   76.400000      3.879612676436E-02      1.200980462794E-02
   76.500000      3.981245631055E-02      1.235732754989E-02
   76.600000      3.966738610699E-02      1.228911136919E-02
   76.700000      3.839544260329E-02      1.183210165322E-02
   76.800000      3.618199766957E-02      1.106682461295E-02
   76.900000      3.333582599917E-02      1.011429879475E-02
   77.000000      3.024601352699E-02      9.113954905452E-03
   77.100000      2.733897446167E-02      8.198050708435E-03
   77.200000      2.501531756911E-02      7.468812633551E-03
   77.300000      2.359305191513E-02      6.983297097617E-03
   77.400000      2.317368823980E-02      6.748412644427E-03
   77.500000      2.355958096713E-02      6.725733132823E-03
   77.600000      2.436616237841E-02      6.843598073610E-03
   77.700000      2.521935449537E-02      7.013008301820E-03
   77.800000      2.581707715281E-02      7.143934141341E-03
   77.900000      2.594012623735E-02      7.159480974144E-03
   78.000000      2.545997191612E-02      7.006449701150E-03
   78.100000      2.434290104596E-02      6.661817311626E-03
   78.200000      2.265387856124E-02      6.135305835485E-03
   78.300000      2.053988812115E-02      5.468410073518E-03
   78.400000      1.821487021783E-02      4.730103438930E-03
   78.500000      1.593388385324E-02      4.009225132746E-03
   78.600000      1.394626062631E-02      3.403649233445E-03
   78.700000      1.251840087324E-02      3.006971722595E-03
   78.800000      1.193919660149E-02      2.894472449535E-03
   78.900000      1.251376863416E-02      3.110990950608E-03
   79.000000      1.439137674822E-02      3.663490800758E-03
   79.100000      1.731957051588E-02      4.520180190906E-03
   79.200000      2.088876807811E-02      5.616335653158E-03
   79.300000      2.472607163170E-02      6.865088092093E-03
   79.400000      2.851307115577E-02      8.170108631687E-03
   79.500000      3.199887451923E-02      9.436870430442E-03
   79.600000      3.499950976593E-02      1.058005715712E-02
   79.700000      3.738666653898E-02      1.152644066139E-02
   79.800000      3.907477424849E-02      1.221455391285E-02
   79.900000      4.000563794953E-02      1.259396625927E-02
   80.000000      4.011734203951E-02      1.262721203278E-02
   80.100000      3.932261242177E-02      1.229609866413E-02
   80.200000      3.756908847694E-02      1.161156337846E-02
   80.300000      3.490387914447E-02      1.062348740741E-02
   80.400000      3.150871604502E-02      9.425260588296E-03
   80.500000      2.771525161319E-02      8.148429200419E-03
   80.600000      2.399458327851E-02      6.945559124073E-03
   80.700000      2.092488629725E-02      5.963566823830E-03
   80.800000      1.905985884866E-02      5.313635116143E-03
   80.900000      1.853292646751E-02      5.045917647407E-03
   81.000000      1.916412825512E-02      5.136686518125E-03
   81.100000      2.058625064960E-02      5.492468005792E-03
   81.200000      2.230888946052E-02      5.970978583570E-03
   81.300000      2.381917137267E-02      6.413800495825E-03
   81.400000      2.469854004957E-02      6.682298533879E-03
   81.500000      2.469506955527E-02      6.687433584835E-03
   81.600000      2.375612259008E-02      6.406178578273E-03
   81.700000      2.202458423984E-02      5.881476886821E-03
   81.800000      1.980256614309E-02      5.207602131372E-03
   81.900000      1.748623738465E-02      4.506661485139E-03
   82.000000      1.548095257194E-02      3.903566912645E-03
   82.100000      1.414188727565E-02      3.505757381716E-03
   82.200000      1.368643766684E-02      3.390995282278E-03
   82.300000      1.421249779257E-02      3.603069588648E-03
   82.400000      1.578253065026E-02      4.152667397551E-03
   82.500000      1.840301593874E-02      5.019925732442E-03
   82.600000      2.187134812321E-02      6.156266552745E-03
   82.700000      2.587747318366E-02      7.485268000671E-03
   82.800000      3.008119736880E-02      8.904368864559E-03
   82.900000      3.411127039951E-02      1.029012228752E-02
   83.000000      3.757601241202E-02      1.150904426805E-02
   83.100000      4.013317811256E-02      1.243408425997E-02
   83.200000      4.153652633343E-02      1.296420579344E-02
   83.300000      4.166916307234E-02      1.304258051489E-02
   83.400000      4.055439750672E-02      1.266836304883E-02
   83.500000      3.833680151585E-02      1.189826965836E-02
   83.600000      3.527263865088E-02      1.083686923950E-02
   83.700000      3.171234421179E-02      9.617675894146E-03
   83.800000      2.804895609742E-02      8.379671205667E-03
   83.900000      2.465954354387E-02      7.244904768753E-03
   84.000000      2.187096221763E-02      6.302059517628E-03
   84.100000      1.990466614503E-02      5.598744947718E-03
   84.200000      1.884763851022E-02      5.142661560644E-03
   84.300000      1.851531978519E-02      4.909564494340E-03
   84.400000      1.863594826837E-02      4.854735866074E-03
   84.500000      1.898660241829E-02      4.924610855337E-03
   84.600000      1.940384175430E-02      5.066082902641E-03
   84.700000      1.978940042757E-02      5.232407064834E-03
   84.800000      2.010587515916E-02      5.386006758653E-03
   84.900000      2.035367022174E-02      5.499391109382E-03
   85.000000      2.054652631844E-02      5.555536012925E-03
   85.100000      2.064672366540E-02      5.548536609011E-03
   85.200000      2.060840257965E-02      5.484487885086E-03
   85.300000      2.042333559198E-02      5.381892982153E-03
   85.400000      2.012500285117E-02      5.270767227003E-03
   85.500000      1.980518428665E-02      5.190001541061E-03
   85.600000      1.961193293737E-02      5.183192650273E-03
   85.700000      1.972591828582E-02      5.293668793172E-03
   85.800000      2.031823605843E-02      5.559565543903E-03
   85.900000      2.151780340565E-02      6.009474343307E-03
   86.000000      2.335044271913E-02      6.658576767311E-03
   86.100000      2.571174453860E-02      7.504667529807E-03
   86.200000      2.850201929555E-02      8.523484459496E-03
   86.300000      3.160822418400E-02      9.663542189642E-03
   86.400000      3.486862950529E-02      1.084203815739E-02
   86.500000      3.801721561535E-02      1.194473931121E-02
   86.600000      4.065904330099E-02      1.283320173289E-02
   86.700000      4.236885927021E-02      1.336154225680E-02
   86.800000      4.276134452634E-02      1.340219956312E-02
   86.900000      4.155625023462E-02      1.287642489500E-02
   87.000000      3.866514287877E-02      1.178198775772E-02
   87.100000      3.424100185478E-02      1.020924097710E-02
   87.200000      2.869576774928E-02      8.338215698596E-03
   87.300000      2.267583129429E-02      6.413779897798E-03
   87.400000      1.700269580572E-02      4.701988218711E-03
   87.500000      1.258800391514E-02      3.436723046585E-03
   87.600000      1.036197170722E-02      2.769594462870E-03
   87.700000      1.076215571187E-02      2.736395780884E-03
   87.800000      1.307327458172E-02      3.249810630327E-03
   87.900000      1.638305728852E-02      4.121356796710E-03
   88.000000      1.980457051951E-02      5.107574152050E-03
   88.100000      2.259203819041E-02      5.968589533945E-03
   88.200000      2.425017826661E-02      6.523607697375E-03
   88.300000      2.459644369986E-02      6.688836165430E-03
   88.400000      2.376172454335E-02      6.488646105078E-03
   88.500000      2.213120940305E-02      6.038711806306E-03
   88.600000      2.025202633815E-02      5.507850550874E-03
   88.700000      1.870607600230E-02      5.070739822723E-03
   88.800000      1.798566563529E-02      4.865054621060E-03
   88.900000      1.833911909224E-02      4.963792949302E-03
   89.000000      1.964807186029E-02      5.367972217930E-03
   89.100000      2.163120290822E-02      6.018538210926E-03
   89.200000      2.398450927840E-02      6.821206384705E-03
   89.300000      2.646055522969E-02      7.675350014230E-03
   89.400000      2.885542007594E-02      8.498330864537E-03
   89.500000      3.098076041519E-02      9.239327123678E-03
   89.600000      3.275578099174E-02      9.880625504524E-03
   89.700000      3.418099234087E-02      1.042817920336E-02
   89.800000      3.531309288624E-02      1.089591043785E-02
   89.900000      3.622286388439E-02      1.128925267434E-02
   90.000000      3.696091417322E-02      1.159290547204E-02
   90.100000      3.753128906819E-02      1.176623012382E-02
   90.200000      3.774468386987E-02      1.174771892477E-02
   90.300000      3.729901678247E-02      1.146792570208E-02
   90.400000      3.593372122161E-02      1.086836809367E-02
   90.500000      3.349239982295E-02      9.922374205030E-03
   90.600000      2.996792263656E-02      8.652895728510E-03
   90.700000      2.552405700516E-02      7.142264269778E-03
   90.800000      2.050963281464E-02      5.529977376626E-03
   90.900000      1.546443172395E-02      3.996869557226E-03
   91.000000      1.110121201005E-02      2.737102247166E-03
   91.100000      8.231707817237E-03      1.922626754206E-03
   91.200000      7.372734765930E-03      1.667316992322E-03
   91.300000      8.615276561248E-03      1.999089923817E-03
   91.400000      1.164503842365E-02      2.847547023604E-03
   91.500000      1.581552306443E-02      4.051875952782E-03
   91.600000      2.029203410766E-02      5.389314916610E-03
   91.700000      2.428300247062E-02      6.619300803237E-03
   91.800000      2.717771444549E-02      7.533848913046E-03
   91.900000      2.862077888013E-02      8.002223799093E-03
   92.000000      2.855110143216E-02      7.998616514627E-03
   92.100000      2.719964548277E-02      7.605478909601E-03
   92.200000      2.504537279732E-02      6.991412056303E-03
   92.300000      2.273464212975E-02      6.369258004282E-03
   92.400000      2.096698525375E-02      5.945265552918E-03
   92.500000      2.034474618440E-02      5.872319491331E-03
   92.600000      2.119575916239E-02      6.218650928073E-03
   92.700000      2.347295759239E-02      6.958745395806E-03
   92.800000      2.677715367823E-02      7.986823638620E-03
   92.900000      3.043804220512E-02      9.147206169072E-03
   93.000000      3.385847929711E-02      1.027184973560E-02
   93.100000      3.661025986481E-02      1.121445518216E-02
   93.200000      3.844667856350E-02      1.187289079897E-02
   93.300000      3.928760069803E-02      1.219631379589E-02
   93.400000      3.918654713295E-02      1.217862329522E-02
   93.500000      3.825816329341E-02      1.184390820806E-02
   93.600000      3.662296232040E-02      1.123106320501E-02
   93.700000      3.438875159398E-02      1.038345409413E-02
   93.800000      3.163225092525E-02      9.346213083611E-03
   93.900000      2.842566647981E-02      8.169915914932E-03
   94.000000      2.486888316214E-02      6.916576761947E-03
   94.100000      2.112514483539E-02      5.663101124468E-03
   94.200000      1.743654820033E-02      4.498703054711E-03
   94.300000      1.413029783893E-02      3.515604772987E-03
   94.400000      1.160770577576E-02      2.795344738036E-03
   94.500000      1.027191054128E-02      2.394960632666E-03
   94.600000      1.020354079631E-02      2.337425818741E-03
   94.700000      1.126314654186E-02      2.609048640383E-03
   94.800000      1.319164270359E-02      3.163906190692E-03
   94.900000      1.570023288850E-02      3.932983104592E-03
   95.000000      1.851915072034E-02      4.834571932537E-03
   95.100000      2.140093007972E-02      5.783071924589E-03
   95.200000      2.413329978631E-02      6.695162296244E-03
   95.300000      2.652817086381E-02      7.494359254382E-03
   95.400000      2.840834056846E-02      8.116047049127E-03
   95.500000      2.961814009716E-02      8.514580015532E-03
   95.600000      3.006263229344E-02      8.672214871058E-03
   95.700000      2.975208394434E-02      8.607405653531E-03
   95.800000      2.882318784022E-02      8.378567811014E-03
   95.900000      2.754911458148E-02      8.079644435089E-03
   96.000000      2.632053630724E-02      7.825821510574E-03
   96.100000      2.559218979435E-02      7.730911657261E-03
   96.200000      2.581376201986E-02      7.881117537117E-03
   96.300000      2.720666287907E-02      8.311876275252E-03
   96.400000      2.952613091778E-02      8.994430045203E-03
   96.500000      3.234151794038E-02      9.836528471307E-03
   96.600000      3.515265375429E-02      1.069789717993E-02
   96.700000      3.745850231990E-02      1.141702421728E-02
   96.800000      3.883109699470E-02      1.184276696147E-02
   96.900000      3.898051693721E-02      1.186323922782E-02
   97.000000      3.778601039153E-02      1.142564772074E-02
   97.100000      3.530058986300E-02      1.054365483138E-02
   97.200000      3.172615972182E-02      9.292339445325E-03
   97.300000      2.736670760025E-02      7.793706130429E-03
   97.400000      2.259085624566E-02      6.197144053085E-03
   97.500000      1.780581986565E-02      4.659108137019E-03
   97.600000      1.344042592252E-02      3.325039864247E-03
   97.700000      9.931342344212E-03      2.314925739070E-03
   97.800000      7.702645078004E-03      1.712627572472E-03
   97.900000      7.145623858835E-03      1.558634731462E-03
   98.000000      8.342450338733E-03      1.846200900259E-03
   98.100000      1.093179645439E-02      2.521560979570E-03
   98.200000      1.437825154404E-02      3.489453878934E-03
   98.300000      1.816145161306E-02      4.624907496941E-03
   98.400000      2.183165252717E-02      5.790934841511E-03
   98.500000      2.503146609961E-02      6.859781317402E-03
   98.600000      2.751919153294E-02      7.733493727798E-03
   98.700000      2.919520563584E-02      8.358819603502E-03
   98.800000      3.009839802465E-02      8.732385073523E-03
   98.900000      3.038286647720E-02      8.894619889745E-03
   99.000000      3.026944752901E-02      8.914177446475E-03
   99.100000      2.997811160697E-02      8.867461506619E-03
   99.200000      2.967922086214E-02      8.819280848025E-03
   99.300000      2.948120574809E-02      8.810095448049E-03
   99.400000      2.941685416933E-02      8.852961847019E-03
   99.500000      2.948237554647E-02      8.939897457723E-03
   99.600000      2.968788071699E-02      9.054086426934E-03
   99.700000      3.004391705837E-02      9.182299188481E-03
   99.800000      3.050675226208E-02      9.321918500062E-03
   99.900000      3.106595076038E-02      9.479202498816E-03
  100.000000      3.174306419569E-02      9.659158063957E-03
