# M=20, N=10, V0=0.0, V=0.25, PBC
#  time (tJ)                 S₁(n=3)                 S₂(n=3)
    0.000000      9.769962616701E-15      8.881784197001E-16
    0.100000      2.657541341684E-03      5.255146191443E-04
    0.200000      8.791987866124E-03      2.004894975848E-03
    0.300000      1.674008518064E-02      4.169437243097E-03
    0.400000      2.507338426845E-02      6.641025649904E-03
    0.500000      3.257525422574E-02      9.016845088270E-03
    0.600000      3.835417043131E-02      1.095452138037E-02
    0.700000      4.192458988235E-02      1.223667462908E-02
    0.800000      4.322657110505E-02      1.280081279613E-02
    0.900000      4.258173433163E-02      1.273075555718E-02
    1.000000      4.059649346145E-02      1.221610840245E-02
    1.100000      3.803039800966E-02      1.149375934463E-02
    1.200000      3.564210326669E-02      1.078815763092E-02
    1.300000      3.400827994577E-02      1.026502928903E-02
    1.400000      3.337060117385E-02      1.000742560442E-02
    1.500000      3.364195009558E-02      1.001575135095E-02
    1.600000      3.453319184624E-02      1.022698430429E-02
    1.700000      3.568873591395E-02      1.054437149055E-02
    1.800000      3.677919025452E-02      1.086810705940E-02
    1.900000      3.755940300173E-02      1.111941972341E-02
    2.000000      3.790338368065E-02      1.125396056423E-02
    2.100000      3.780764137054E-02      1.126403454970E-02
    2.200000      3.736749257812E-02      1.117200519238E-02
    2.300000      3.674204588771E-02      1.101861793186E-02
    2.400000      3.611405968923E-02      1.085008117097E-02
    2.500000      3.564256698421E-02      1.070692434618E-02
    2.600000      3.542146074632E-02      1.061644249599E-02
    2.700000      3.547100182536E-02      1.058936433401E-02
    2.800000      3.574572521315E-02      1.062047276760E-02
    2.900000      3.614399010236E-02      1.069229811950E-02
    3.000000      3.653924855712E-02      1.078063439253E-02
    3.100000      3.682560093779E-02      1.086045654824E-02
    3.200000      3.694513279122E-02      1.091087185300E-02
    3.300000      3.689689524635E-02      1.091807351259E-02
    3.400000      3.672824007256E-02      1.087585419890E-02
    3.500000      3.648531791436E-02      1.078392230887E-02
    3.600000      3.616582063436E-02      1.064481258057E-02
    3.700000      3.574284707606E-02      1.046042448457E-02
    3.800000      3.518068273751E-02      1.022914880726E-02
    3.900000      3.444189614804E-02      9.944288645087E-03
    4.000000      3.349379510746E-02      9.594197816857E-03
    4.100000      3.230730865427E-02      9.164305434858E-03
    4.200000      3.084649267762E-02      8.640926823438E-03
    4.300000      2.906884512393E-02      8.016424102435E-03
    4.400000      2.694965695713E-02      7.294900895860E-03
    4.500000      2.451336632376E-02      6.497308077077E-03
    4.600000      2.186105352540E-02      5.664726744667E-03
    4.700000      1.918734133045E-02      4.858737852549E-03
    4.800000      1.678220920407E-02      4.158154296017E-03
    4.900000      1.500513850308E-02      3.651904984364E-03
    5.000000      1.421174928685E-02      3.428454818383E-03
    5.100000      1.465809850550E-02      3.562778482870E-03
    5.200000      1.644465530400E-02      4.102535547021E-03
    5.300000      1.950424004514E-02      5.055629819932E-03
    5.400000      2.361813451058E-02      6.381626286225E-03
    5.500000      2.845286661840E-02      7.989367301938E-03
    5.600000      3.359242506909E-02      9.742449972874E-03
    5.700000      3.856766074567E-02      1.147300396104E-02
    5.800000      4.290252764480E-02      1.300261885815E-02
    5.900000      4.617428294661E-02      1.416763263722E-02
    6.000000      4.806666771953E-02      1.484469304444E-02
    6.100000      4.841035573498E-02      1.497189615696E-02
    6.200000      4.721230221190E-02      1.456112822922E-02
    6.300000      4.466916288749E-02      1.369854638304E-02
    6.400000      4.115754877110E-02      1.253226806631E-02
    6.500000      3.719907290604E-02      1.124890758258E-02
    6.600000      3.340075385537E-02      1.004303306886E-02
    6.700000      3.036790021894E-02      9.085302455717E-03
    6.800000      2.857440443848E-02      8.495483983609E-03
    6.900000      2.821321419111E-02      8.325581984192E-03
    7.000000      2.916498997637E-02      8.556060640627E-03
    7.100000      3.109958935658E-02      9.105232401733E-03
    7.200000      3.358112749192E-02      9.849015428698E-03
    7.300000      3.615249622008E-02      1.064622318320E-02
    7.400000      3.840849434580E-02      1.136383971289E-02
    7.500000      4.004988430342E-02      1.189744484013E-02
    7.600000      4.090913771802E-02      1.218372646212E-02
    7.700000      4.095022223458E-02      1.220420263758E-02
    7.800000      4.025124907503E-02      1.198119750125E-02
    7.900000      3.897703461343E-02      1.156831474070E-02
    8.000000      3.734669539172E-02      1.103800784291E-02
    8.100000      3.560019196087E-02      1.046853301065E-02
    8.200000      3.396639595388E-02      9.931927874380E-03
    8.300000      3.263343214872E-02      9.484034885056E-03
    8.400000      3.172246764898E-02      9.157212461513E-03
    8.500000      3.126512340519E-02      8.956287050201E-03
    8.600000      3.118533637235E-02      8.858338509992E-03
    8.700000      3.130765912290E-02      8.816813552008E-03
    8.800000      3.140158721572E-02      8.770002951881E-03
    8.900000      3.123482535610E-02      8.653063891980E-03
    9.000000      3.062063288546E-02      8.411735439247E-03
    9.100000      2.945487121271E-02      8.015075612425E-03
    9.200000      2.773950271971E-02      7.464336121882E-03
    9.300000      2.559037216202E-02      6.795693112993E-03
    9.400000      2.322826036781E-02      6.075885807336E-03
    9.500000      2.095248262835E-02      5.391524511578E-03
    9.600000      1.909431726239E-02      4.834410474469E-03
    9.700000      1.795098369628E-02      4.486180147574E-03
    9.800000      1.772066432161E-02      4.405645840481E-03
    9.900000      1.846894455617E-02      4.621337503750E-03
   10.000000      2.013070849479E-02      5.130233579585E-03
   10.100000      2.254543135276E-02      5.901982898766E-03
   10.200000      2.550877156453E-02      6.886584271406E-03
   10.300000      2.881098168566E-02      8.022887248231E-03
   10.400000      3.225810893811E-02      9.245530466054E-03
   10.500000      3.567875907429E-02      1.048889467318E-02
   10.600000      3.892111905854E-02      1.168797583172E-02
   10.700000      4.184580386294E-02      1.277736772633E-02
   10.800000      4.431410039936E-02      1.369040238397E-02
   10.900000      4.617495106066E-02      1.436065045729E-02
   11.000000      4.726318730066E-02      1.472731319774E-02
   11.100000      4.742388811947E-02      1.474464747331E-02
   11.200000      4.655544606383E-02      1.439382044981E-02
   11.300000      4.465279811810E-02      1.369406223139E-02
   11.400000      4.183941800411E-02      1.270927475169E-02
   11.500000      3.838070413311E-02      1.154675280051E-02
   11.600000      3.467398618996E-02      1.034636774825E-02
   11.700000      3.121231958031E-02      9.261022687580E-03
   11.800000      2.851849137569E-02      8.431703981612E-03
   11.900000      2.703797575255E-02      7.962288991261E-03
   12.000000      2.699466450767E-02      7.899862996329E-03
   12.100000      2.830563910317E-02      8.225405234021E-03
   12.200000      3.061160171390E-02      8.857458837518E-03
   12.300000      3.340679688174E-02      9.668317834453E-03
   12.400000      3.617939638133E-02      1.050915726574E-02
   12.500000      3.849601757494E-02      1.123829884288E-02
   12.600000      4.005210650378E-02      1.174613235714E-02
   12.700000      4.069747289397E-02      1.197130981295E-02
   12.800000      4.043666455898E-02      1.190532707731E-02
   12.900000      3.940557357471E-02      1.158570442267E-02
   13.000000      3.782881804841E-02      1.108074190154E-02
   13.100000      3.596514789365E-02      1.047051902829E-02
   13.200000      3.405072110743E-02      9.829088861451E-03
   13.300000      3.225309950362E-02      9.211783335724E-03
   13.400000      3.065358326500E-02      8.649649673528E-03
   13.500000      2.926256861838E-02      8.150909956920E-03
   13.600000      2.804709452185E-02      7.707597137300E-03
   13.700000      2.695317513433E-02      7.304596015381E-03
   13.800000      2.592188522323E-02      6.928321138628E-03
   13.900000      2.490806066785E-02      6.572994814360E-03
   14.000000      2.390128281992E-02      6.243553796454E-03
   14.100000      2.294048336165E-02      5.955215754975E-03
   14.200000      2.211621485988E-02      5.730433391967E-03
   14.300000      2.155691919034E-02      5.594308886051E-03
   14.400000      2.139472689606E-02      5.569614185527E-03
   14.500000      2.171388147718E-02      5.672461505952E-03
   14.600000      2.251308649277E-02      5.909447516936E-03
   14.700000      2.372364868930E-02      6.276773173103E-03
   14.800000      2.525142212192E-02      6.761440794686E-03
   14.900000      2.700333402450E-02      7.344193225876E-03
   15.000000      2.890293151451E-02      8.003440973605E-03
   15.100000      3.089627971010E-02      8.719085735976E-03
   15.200000      3.294787219973E-02      9.474986552550E-03
   15.300000      3.503273243443E-02      1.025896302534E-02
   15.400000      3.713056648391E-02      1.105981185189E-02
   15.500000      3.922025224042E-02      1.186181990869E-02
   15.600000      4.126547552610E-02      1.263844360128E-02
   15.700000      4.318464779454E-02      1.334772454144E-02
   15.800000      4.482574970279E-02      1.393212162966E-02
   15.900000      4.598356805442E-02      1.432448278249E-02
   16.000000      4.644857368530E-02      1.446000487600E-02
   16.100000      4.605769557910E-02      1.429181831761E-02
   16.200000      4.473866776651E-02      1.380609221974E-02
   16.300000      4.254238082972E-02      1.303200733324E-02
   16.400000      3.965650097577E-02      1.204292292121E-02
   16.500000      3.639419079376E-02      1.094736965486E-02
   16.600000      3.315520226977E-02      9.871438335724E-03
   16.700000      3.035947241556E-02      8.936740861079E-03
   16.800000      2.835719288750E-02      8.239499214212E-03
   16.900000      2.733815977612E-02      7.835967430834E-03
   17.000000      2.730121637080E-02      7.737397446722E-03
   17.100000      2.810073655359E-02      7.914788354510E-03
   17.200000      2.951471175227E-02      8.310733282405E-03
   17.300000      3.130385078321E-02      8.853820174686E-03
   17.400000      3.324643849190E-02      9.470895519456E-03
   17.500000      3.515082398330E-02      1.009407306157E-02
   17.600000      3.685461339528E-02      1.066201125235E-02
   17.700000      3.821288352689E-02      1.111761517689E-02
   17.800000      3.908439191190E-02      1.140585743661E-02
   17.900000      3.932873853029E-02      1.147521365241E-02
   18.000000      3.882200415669E-02      1.128434357376E-02
   18.100000      3.748771382126E-02      1.081288978212E-02
   18.200000      3.533244674377E-02      1.007277570564E-02
   18.300000      3.247443992892E-02      9.115243138841E-03
   18.400000      2.915491779897E-02      8.029628788088E-03
   18.500000      2.572425342906E-02      6.932332569525E-03
   18.600000      2.259838545469E-02      5.947690847771E-03
   18.700000      2.018116267184E-02      5.185325191877E-03
   18.800000      1.875877720803E-02      4.719936236616E-03
   18.900000      1.841821813464E-02      4.578950795969E-03
   19.000000      1.905001980957E-02      4.741122536722E-03
   19.100000      2.041874772058E-02      5.145950628870E-03
   19.200000      2.224054096113E-02      5.710723794238E-03
   19.300000      2.424145861627E-02      6.350119951938E-03
   19.400000      2.619964099948E-02      6.993143372425E-03
   19.500000      2.797442566280E-02      7.593672698677E-03
   19.600000      2.951423465589E-02      8.133343424652E-03
   19.700000      3.083922914666E-02      8.617906874100E-03
   19.800000      3.201176679102E-02      9.069711025483E-03
   19.900000      3.311685154237E-02      9.519129468854E-03
   20.000000      3.425417978690E-02      9.996836196716E-03
   20.100000      3.552444797508E-02      1.052746886092E-02
   20.200000      3.700417713524E-02      1.112423383228E-02
   20.300000      3.871529498741E-02      1.178389561589E-02
   20.400000      4.060542220007E-02      1.248235935207E-02
   20.500000      4.254567666780E-02      1.317219771736E-02
   20.600000      4.433988198986E-02      1.378424002826E-02
   20.700000      4.574386541672E-02      1.423509353576E-02
   20.800000      4.649644062788E-02      1.444100724606E-02
   20.900000      4.636824481927E-02      1.433620189845E-02
   21.000000      4.522265130516E-02      1.389152893926E-02
   21.100000      4.306655879846E-02      1.312807496341E-02
   21.200000      4.007687543930E-02      1.212080264816E-02
   21.300000      3.659543541256E-02      1.098961078006E-02
   21.400000      3.308913797212E-02      9.878694537264E-03
   21.500000      3.007526735820E-02      8.928667108526E-03
   21.600000      2.801470435066E-02      8.248335259781E-03
   21.700000      2.717106058051E-02      7.893436084343E-03
   21.800000      2.747816603966E-02      7.857855712035E-03
   21.900000      2.860715058368E-02      8.079416873508E-03
   22.000000      3.014602316879E-02      8.458316369364E-03
   22.100000      3.170475663136E-02      8.882934696071E-03
   22.200000      3.297841088303E-02      9.255996295988E-03
   22.300000      3.378720332126E-02      9.514360879686E-03
   22.400000      3.409135261232E-02      9.637867686515E-03
   22.500000      3.397915052493E-02      9.645898753286E-03
   22.600000      3.363002083477E-02      9.583676787168E-03
   22.700000      3.325703545809E-02      9.502841834593E-03
   22.800000      3.303552518640E-02      9.441975156172E-03
   22.900000      3.302972370029E-02      9.412335458702E-03
   23.000000      3.315074526737E-02      9.392424063895E-03
   23.100000      3.319070820007E-02      9.332624615931E-03
   23.200000      3.290028681884E-02      9.168657975898E-03
   23.300000      3.205939806429E-02      8.840488275555E-03
   23.400000      3.053434274562E-02      8.312028214507E-03
   23.500000      2.831963022409E-02      7.586773846554E-03
   23.600000      2.555990909653E-02      6.715391377779E-03
   23.700000      2.254779038048E-02      5.793074192834E-03
   23.800000      1.969461736818E-02      4.946760539623E-03
   23.900000      1.747294084301E-02      4.314511808530E-03
   24.000000      1.633804464346E-02      4.021004987234E-03
   24.100000      1.664138617602E-02      4.153881388351E-03
   24.200000      1.852847604316E-02      4.745543534925E-03
   24.300000      2.183469321663E-02      5.764018838180E-03
   24.400000      2.612322870658E-02      7.114924448421E-03
   24.500000      3.084548104458E-02      8.654615470992E-03
   24.600000      3.545097132350E-02      1.021254919710E-02
   24.700000      3.945750151016E-02      1.161907326702E-02
   24.800000      4.250320800795E-02      1.273360481209E-02
   24.900000      4.438227351507E-02      1.346782389181E-02
   25.000000      4.506290971465E-02      1.379921562875E-02
   25.100000      4.468584427566E-02      1.377199766778E-02
   25.200000      4.354175600050E-02      1.348488844361E-02
   25.300000      4.202727215356E-02      1.306787978250E-02
   25.400000      4.058091524119E-02      1.265265530600E-02
   25.500000      3.959711069424E-02      1.234299143718E-02
   25.600000      3.930493006601E-02      1.219189295947E-02
   25.700000      3.964260568513E-02      1.219104738223E-02
   25.800000      4.029452792828E-02      1.227548704373E-02
   25.900000      4.084872626649E-02      1.234264329286E-02
   26.000000      4.091965921460E-02      1.228119879580E-02
   26.100000      4.023203508988E-02      1.200240295484E-02
   26.200000      3.867576270092E-02      1.146571680966E-02
   26.300000      3.632989178187E-02      1.069213310581E-02
   26.400000      3.345432179999E-02      9.761872900716E-03
   26.500000      3.045040232937E-02      8.797376075584E-03
   26.600000      2.778911679529E-02      7.936310417587E-03
   26.700000      2.590553776529E-02      7.301641847485E-03
   26.800000      2.508867508326E-02      6.976087335154E-03
   26.900000      2.540587921173E-02      6.986618850755E-03
   27.000000      2.667907707657E-02      7.301751570412E-03
   27.100000      2.855692590595E-02      7.841052818938E-03
   27.200000      3.064589755750E-02      8.493536699332E-03
   27.300000      3.259155359391E-02      9.139990145671E-03
   27.400000      3.412433953754E-02      9.674063919544E-03
   27.500000      3.507887159974E-02      1.001802285990E-02
   27.600000      3.538773162194E-02      1.013092629930E-02
   27.700000      3.505833836409E-02      1.000907251436E-02
   27.800000      3.415110664551E-02      9.680204288021E-03
   27.900000      3.277052887939E-02      9.193891902414E-03
   28.000000      3.106213966292E-02      8.610660166058E-03
   28.100000      2.920421695635E-02      7.992020006722E-03
   28.200000      2.738801874406E-02      7.392882131627E-03
   28.300000      2.577456615751E-02      6.857078622605E-03
   28.400000      2.444674779522E-02      6.416005783231E-03
   28.500000      2.343372388764E-02      6.089792247153E-03
   28.600000      2.275823621165E-02      5.889971891941E-03
   28.700000      2.246007456739E-02      5.822498957764E-03
   28.800000      2.259237208041E-02      5.890133631908E-03
   28.900000      2.319247115396E-02      6.093688556931E-03
   29.000000      2.425032222133E-02      6.432179126082E-03
   29.100000      2.570333801398E-02      6.902330925464E-03
   29.200000      2.746835736390E-02      7.497992356919E-03
   29.300000      2.947393288124E-02      8.209754478470E-03
   29.400000      3.167381259170E-02      9.024641962494E-03
   29.500000      3.404311608814E-02      9.925372640108E-03
   29.600000      3.655759153438E-02      1.088864815606E-02
   29.700000      3.915989863732E-02      1.188235950212E-02
   29.800000      4.174673927692E-02      1.286237422059E-02
   29.900000      4.417563696614E-02      1.377040843514E-02
   30.000000      4.627110416231E-02      1.453495520880E-02
   30.100000      4.782978652096E-02      1.507697370707E-02
   30.200000      4.863393836883E-02      1.532090446905E-02
   30.300000      4.849185952454E-02      1.520977622732E-02
   30.400000      4.729188718091E-02      1.472126327522E-02
   30.500000      4.504712404049E-02      1.388027416228E-02
   30.600000      4.192351204222E-02      1.276363396623E-02
   30.700000      3.824348339019E-02      1.149390026524E-02
   30.800000      3.445636672963E-02      1.022201986292E-02
   30.900000      3.106894861078E-02      9.101621800785E-03
   31.000000      2.853794847825E-02      8.260306048781E-03
   31.100000      2.715913837877E-02      7.774539165020E-03
   31.200000      2.699093817398E-02      7.654322221859E-03
   31.300000      2.783820485650E-02      7.841742971022E-03
   31.400000      2.931134313704E-02      8.224359931797E-03
   31.500000      3.093268536402E-02      8.660843476958E-03
   31.600000      3.225113970456E-02      9.013254440855E-03
   31.700000      3.293308146724E-02      9.178522949603E-03
   31.800000      3.282059888377E-02      9.111598649501E-03
   31.900000      3.195664155373E-02      8.834496420400E-03
   32.000000      3.057428336828E-02      8.428729030798E-03
   32.100000      2.904932790917E-02      8.012660981944E-03
   32.200000      2.782023224866E-02      7.709149609734E-03
   32.300000      2.728012903887E-02      7.611479683960E-03
   32.400000      2.764531692041E-02      7.756333421164E-03
   32.500000      2.883924647514E-02      8.111102357401E-03
   32.600000      3.050461932996E-02      8.579474861683E-03
   32.700000      3.214210178008E-02      9.024619521152E-03
   32.800000      3.325717463346E-02      9.304499934885E-03
   32.900000      3.347590542281E-02      9.310183731710E-03
   33.000000      3.262559886246E-02      8.996649112897E-03
   33.100000      3.077448481181E-02      8.397240310102E-03
   33.200000      2.822606261332E-02      7.617371088621E-03
   33.300000      2.546854898576E-02      6.809097986849E-03
   33.400000      2.308335773038E-02      6.133869724843E-03
   33.500000      2.160817169604E-02      5.724198735715E-03
   33.600000      2.135841794260E-02      5.655039328077E-03
   33.700000      2.232949389335E-02      5.932331551532E-03
   33.800000      2.425653470235E-02      6.500658906503E-03
   33.900000      2.674725505111E-02      7.266120523727E-03
   34.000000      2.941509407676E-02      8.126200969985E-03
   34.100000      3.197039825149E-02      8.996926491786E-03
   34.200000      3.426113241297E-02      9.829271558880E-03
   34.300000      3.627108708807E-02      1.061094157351E-02
   34.400000      3.808252379233E-02      1.135482213305E-02
   34.500000      3.981312067792E-02      1.207975834033E-02
   34.600000      4.154395972130E-02      1.279143417387E-02
   34.700000      4.326389023353E-02      1.347035076870E-02
   34.800000      4.485866208631E-02      1.407073135906E-02
   34.900000      4.614710247338E-02      1.452995475801E-02
   35.000000      4.693691359155E-02      1.478447241159E-02
   35.100000      4.707555772606E-02      1.478635675656E-02
   35.200000      4.648388574803E-02      1.451510312193E-02
   35.300000      4.516825459097E-02      1.398161867020E-02
   35.400000      4.321235852765E-02      1.322441802869E-02
   35.500000      4.075477178477E-02      1.230067992455E-02
   35.600000      3.796202403551E-02      1.127606906897E-02
   35.700000      3.500754412015E-02      1.021677388321E-02
   35.800000      3.206351892144E-02      9.185433521127E-03
   35.900000      2.930437973403E-02      8.240416098308E-03
   36.000000      2.691147201457E-02      7.436264399860E-03
   36.100000      2.506778608413E-02      6.822725323908E-03
   36.200000      2.393756506864E-02      6.440717887774E-03
   36.300000      2.363026854750E-02      6.315387547847E-03
   36.400000      2.416255639807E-02      6.448229721421E-03
   36.500000      2.543473453852E-02      6.811352240802E-03
   36.600000      2.723473338699E-02      7.346815531272E-03
   36.700000      2.927496939658E-02      7.972646553172E-03
   36.800000      3.124505757088E-02      8.595030892917E-03
   36.900000      3.286514296893E-02      9.124095741472E-03
   37.000000      3.392999977586E-02      9.489371504683E-03
   37.100000      3.433632046165E-02      9.650964508368E-03
   37.200000      3.408905701847E-02      9.603731821000E-03
   37.300000      3.328753017860E-02      9.373878389404E-03
   37.400000      3.209660485197E-02      9.009628742256E-03
   37.500000      3.071024625036E-02      8.569167886695E-03
   37.600000      2.931449305044E-02      8.109395923902E-03
   37.700000      2.805536448144E-02      7.678176187064E-03
   37.800000      2.702151987545E-02      7.311117731852E-03
   37.900000      2.625320785124E-02      7.032212702803E-03
   38.000000      2.576329845234E-02      6.856498281932E-03
   38.100000      2.555551942676E-02      6.792692839618E-03
   38.200000      2.563585244069E-02      6.844427055510E-03
   38.300000      2.601462350454E-02      7.009860767029E-03
   38.400000      2.669945383594E-02      7.280577028766E-03
   38.500000      2.768070168570E-02      7.641174158914E-03
   38.600000      2.891358802318E-02      8.070712504193E-03
   38.700000      3.031329380680E-02      8.546264938101E-03
   38.800000      3.177813180091E-02      9.047708887133E-03
   38.900000      3.322801853759E-02      9.562099799538E-03
   39.000000      3.463031252395E-02      1.008584167351E-02
   39.100000      3.600368319028E-02      1.062348446086E-02
   39.200000      3.740192602476E-02      1.118310175352E-02
   39.300000      3.888193755888E-02      1.176942266690E-02
   39.400000      4.046341479704E-02      1.237677090256E-02
   39.500000      4.209823326168E-02      1.298408779475E-02
   39.600000      4.367074452849E-02      1.355379943000E-02
   39.700000      4.502420699771E-02      1.403520089990E-02
   39.800000      4.599280327842E-02      1.437173685314E-02
   39.900000      4.642891042620E-02      1.451048231548E-02
   40.000000      4.622430131916E-02      1.441160710973E-02
   40.100000      4.532519468780E-02      1.405576874395E-02
   40.200000      4.374008881229E-02      1.344809915250E-02
   40.300000      4.153939503138E-02      1.261841247402E-02
   40.400000      3.884765023637E-02      1.161809577233E-02
   40.500000      3.583131286056E-02      1.051460422959E-02
   40.600000      3.268574919992E-02      9.384543854735E-03
   40.700000      2.962255520693E-02      8.306161417283E-03
   40.800000      2.685630774997E-02      7.351900128523E-03
   40.900000      2.458927509584E-02      6.581646954057E-03
   41.000000      2.298778513992E-02      6.037358374923E-03
   41.100000      2.214646471167E-02      5.739766326299E-03
   41.200000      2.206886868600E-02      5.687700339642E-03
   41.300000      2.268450319477E-02      5.860166549431E-03
   41.400000      2.386858874261E-02      6.220757961197E-03
   41.500000      2.546060277066E-02      6.723385289140E-03
   41.600000      2.729214823944E-02      7.317927116342E-03
   41.700000      2.920759857014E-02      7.954416055264E-03
   41.800000      3.107108266492E-02      8.584918492264E-03
   41.900000      3.276093354614E-02      9.163239432256E-03
   42.000000      3.415804106132E-02      9.643662532550E-03
   42.100000      3.513838815365E-02      9.980647953328E-03
   42.200000      3.557919147666E-02      1.013135120944E-02
   42.300000      3.537888291018E-02      1.006186877498E-02
   42.400000      3.448371709137E-02      9.756515354702E-03
   42.500000      3.291423167223E-02      9.227755383783E-03
   42.600000      3.078645288749E-02      8.523308070179E-03
   42.700000      2.832231620907E-02      7.726935207370E-03
   42.800000      2.584147925515E-02      6.950680508572E-03
   42.900000      2.372680491137E-02      6.318609600432E-03
   43.000000      2.236056193179E-02      5.944763425890E-03
   43.100000      2.204195993236E-02      5.910227330649E-03
   43.200000      2.291464684548E-02      6.245137245454E-03
   43.300000      2.492257175940E-02      6.920663475922E-03
   43.400000      2.779938422421E-02      7.853661101330E-03
   43.500000      3.111823846642E-02      8.923414473469E-03
   43.600000      3.440780949868E-02      9.996684644209E-03
   43.700000      3.726628384905E-02      1.095501295294E-02
   43.800000      3.943093370413E-02      1.171756544605E-02
   43.900000      4.080991671210E-02      1.225391623719E-02
   44.000000      4.148018948011E-02      1.258380487223E-02
   44.100000      4.165421620694E-02      1.276439364204E-02
   44.200000      4.161870530305E-02      1.286893490488E-02
   44.300000      4.164703323259E-02      1.296302622164E-02
   44.400000      4.190099389510E-02      1.308506778798E-02
   44.500000      4.237865450338E-02      1.323602373383E-02
   44.600000      4.294526875605E-02      1.338067368730E-02
   44.700000      4.339234169835E-02      1.345920589511E-02
   44.800000      4.349296141342E-02      1.340526365662E-02
   44.900000      4.305419173613E-02      1.316511692823E-02
   45.000000      4.196329671686E-02      1.271274057468E-02
   45.100000      4.021788781066E-02      1.205707188380E-02
   45.200000      3.793013966365E-02      1.124011119940E-02
   45.300000      3.530533980636E-02      1.032713586442E-02
   45.400000      3.259818714241E-02      9.392373757112E-03
   45.500000      3.004915009257E-02      8.504433484886E-03
   45.600000      2.782087098831E-02      7.715388313023E-03
   45.700000      2.598358812683E-02      7.055898304367E-03
   45.800000      2.454612556445E-02      6.536717781223E-03
   45.900000      2.348432193066E-02      6.155051202525E-03
   46.000000      2.276840774957E-02      5.903011237599E-03
   46.100000      2.239171018951E-02      5.775143648406E-03
   46.200000      2.237645679684E-02      5.772588452408E-03
   46.300000      2.275903425070E-02      5.902702890388E-03
   46.400000      2.356826835891E-02      6.174482073772E-03
   46.500000      2.481071031418E-02      6.591416405475E-03
   46.600000      2.646006305367E-02      7.144133748028E-03
   46.700000      2.844144351541E-02      7.805123775541E-03
   46.800000      3.061672214184E-02      8.527153744401E-03
   46.900000      3.279085197760E-02      9.245987259868E-03
   47.000000      3.474044574085E-02      9.887060220522E-03
   47.100000      3.624432975435E-02      1.037505768653E-02
   47.200000      3.710988081690E-02      1.064490042376E-02
   47.300000      3.719787506926E-02      1.065243490357E-02
   47.400000      3.644673033194E-02      1.038310457074E-02
   47.500000      3.489203340235E-02      9.857106049306E-03
   47.600000      3.267481674771E-02      9.130031877663E-03
   47.700000      3.003572768511E-02      8.288697348870E-03
   47.800000      2.729493413793E-02      7.442563966016E-03
   47.900000      2.481942233934E-02      6.711725596599E-03
   48.000000      2.298392133908E-02      6.212749429978E-03
   48.100000      2.213117219005E-02      6.043830512400E-03
   48.200000      2.253182809844E-02      6.270839614805E-03
   48.300000      2.433036921561E-02      6.915965275219E-03
   48.400000      2.744969189202E-02      7.950705527069E-03
   48.500000      3.155658788899E-02      9.294817059423E-03
   48.600000      3.616620171454E-02      1.082235278764E-02
   48.700000      4.075061974973E-02      1.237505689756E-02
   48.800000      4.480795137385E-02      1.378218427812E-02
   48.900000      4.791271677321E-02      1.488443013207E-02
   49.000000      4.975643489899E-02      1.555837653448E-02
   49.100000      5.017904735414E-02      1.573705637974E-02
   49.200000      4.918974515640E-02      1.542227185987E-02
   49.300000      4.697318762417E-02      1.468541034744E-02
   49.400000      4.387581129266E-02      1.365561136230E-02
   49.500000      4.037014043113E-02      1.249683639060E-02
   49.600000      3.699758556684E-02      1.137799001970E-02
   49.700000      3.428028394779E-02      1.044200030179E-02
   49.800000      3.256909198865E-02      9.780175899103E-03
   49.900000      3.190352444199E-02      9.417109846678E-03
   50.000000      3.205499590343E-02      9.309196413399E-03
   50.100000      3.264060479076E-02      9.357026606694E-03
   50.200000      3.321695137212E-02      9.429141301614E-03
   50.300000      3.336643731906E-02      9.392369263427E-03
   50.400000      3.277478922780E-02      9.142633961612E-03
   50.500000      3.129116187443E-02      8.629901249106E-03
   50.600000      2.896298716491E-02      7.871930757715E-03
   50.700000      2.604010299624E-02      6.953585296962E-03
   50.800000      2.294514368485E-02      6.011341577853E-03
   50.900000      2.021210146785E-02      5.205820988103E-03
   51.000000      1.839274885609E-02      4.687950792950E-03
   51.100000      1.792295618036E-02      4.566076458416E-03
   51.200000      1.897003919100E-02      4.881448479748E-03
   51.300000      2.137182921850E-02      5.597841210767E-03
   51.400000      2.470426499713E-02      6.607926669138E-03
   51.500000      2.840799943910E-02      7.755130224306E-03
   51.600000      3.190867000781E-02      8.865974958413E-03
   51.700000      3.472439037288E-02      9.785316907239E-03
   51.800000      3.654440897133E-02      1.040610415258E-02
   51.900000      3.726496777943E-02      1.068666747728E-02
   52.000000      3.698469165679E-02      1.065182820817E-02
   52.100000      3.596517942596E-02      1.037847239088E-02
   52.200000      3.456445078531E-02      9.970452052158E-03
   52.300000      3.315188744244E-02      9.530434060327E-03
   52.400000      3.200912250322E-02      9.136722930525E-03
   52.500000      3.123217917656E-02      8.831003885304E-03
   52.600000      3.074042737386E-02      8.619122412117E-03
   52.700000      3.039232080001E-02      8.482788819505E-03
   52.800000      3.006909966527E-02      8.396926128800E-03
   52.900000      2.972969743622E-02      8.346262737231E-03
   53.000000      2.943944441360E-02      8.335877298295E-03
   53.100000      2.935894185608E-02      8.393066278708E-03
   53.200000      2.967307982179E-02      8.560966047144E-03
   53.300000      3.051020134315E-02      8.886692434934E-03
   53.400000      3.192814674302E-02      9.407713741291E-03
   53.500000      3.393165539575E-02      1.013976445671E-02
   53.600000      3.647740601301E-02      1.106838699223E-02
   53.700000      3.946392681769E-02      1.214490509260E-02
   53.800000      4.269935010576E-02      1.328686290218E-02
   53.900000      4.586966325806E-02      1.438287159200E-02
   54.000000      4.858956288980E-02      1.530210335676E-02
   54.100000      5.047011541067E-02      1.590879337972E-02
   54.200000      5.116522115907E-02      1.608152145998E-02
   54.300000      5.041781975990E-02      1.573557497344E-02
   54.400000      4.811032020571E-02      1.484471658246E-02
   54.500000      4.431060782700E-02      1.345703519895E-02
   54.600000      3.930072911507E-02      1.169922117382E-02
   54.700000      3.357796250839E-02      9.765219404223E-03
   54.800000      2.782062545003E-02      7.888711055663E-03
   54.900000      2.280870351729E-02      6.303380595459E-03
   55.000000      1.928642223030E-02      5.199006843002E-03
   55.100000      1.777077471804E-02      4.683604058269E-03
   55.200000      1.832979776484E-02      4.761198719934E-03
   55.300000      2.052688736776E-02      5.331349834990E-03
   55.400000      2.364329141925E-02      6.211153404871E-03
   55.500000      2.690001181200E-02      7.174796471673E-03
   55.600000      2.960714566991E-02      8.001408497066E-03
   55.700000      3.126765188359E-02      8.520185413711E-03
   55.800000      3.163803270200E-02      8.642881555175E-03
   55.900000      3.074563134363E-02      8.377247899460E-03
   56.000000      2.886690559961E-02      7.819712251649E-03
   56.100000      2.647293547188E-02      7.130249433117E-03
   56.200000      2.415081139657E-02      6.495899356129E-03
   56.300000      2.251100960126E-02      6.091127049639E-03
   56.400000      2.208576623756E-02      6.043050517690E-03
   56.500000      2.318944095464E-02      6.407795037882E-03
   56.600000      2.573021586610E-02      7.161473484514E-03
   56.700000      2.923501297634E-02      8.206268295398E-03
   56.800000      3.309065916475E-02      9.389444656311E-03
   56.900000      3.669456473690E-02      1.053125337089E-02
   57.000000      3.952929728838E-02      1.145668866876E-02
   57.100000      4.121511403246E-02      1.202584709820E-02
   57.200000      4.154728443527E-02      1.215803868358E-02
   57.300000      4.051654626345E-02      1.184575534100E-02
   57.400000      3.831004807933E-02      1.115610110882E-02
   57.500000      3.529126605966E-02      1.021928819006E-02
   57.600000      3.195956442621E-02      9.206083708542E-03
   57.700000      2.889073738258E-02      8.298232111398E-03
   57.800000      2.665314561773E-02      7.657359114894E-03
   57.900000      2.568688926389E-02      7.398259165059E-03
   58.000000      2.618076777023E-02      7.571606785988E-03
   58.100000      2.804327231047E-02      8.159153768025E-03
   58.200000      3.096133246137E-02      9.081794596711E-03
   58.300000      3.448731593340E-02      1.021809647477E-02
   58.400000      3.813620052865E-02      1.142864987198E-02
   58.500000      4.148360184227E-02      1.258047014474E-02
   58.600000      4.422484737923E-02      1.356600630054E-02
   58.700000      4.619116526387E-02      1.431306478794E-02
   58.800000      4.733659455384E-02      1.478469938088E-02
   58.900000      4.770320708481E-02      1.497107996437E-02
   59.000000      4.737333626799E-02      1.487762433876E-02
   59.100000      4.641964877273E-02      1.451450073274E-02
   59.200000      4.486938848962E-02      1.389166216997E-02
   59.300000      4.270382590899E-02      1.302113622321E-02
   59.400000      3.989747634762E-02      1.192520541875E-02
   59.500000      3.647469903370E-02      1.064650924208E-02
   59.600000      3.255695474463E-02      9.254988532505E-03
   59.700000      2.838591646255E-02      7.847451297915E-03
   59.800000      2.431798522869E-02      6.538082801604E-03
   59.900000      2.078913921790E-02      5.441500799850E-03
   60.000000      1.823053292677E-02      4.652728175921E-03
   60.100000      1.692334403428E-02      4.229694041523E-03
   60.200000      1.690824980351E-02      4.183169612496E-03
   60.300000      1.800427389101E-02      4.476725113322E-03
   60.400000      1.990172895697E-02      5.036248521461E-03
   60.500000      2.225362111170E-02      5.765876312605E-03
   60.600000      2.474125823836E-02      6.565722324343E-03
   60.700000      2.711242610447E-02      7.346932792816E-03
   60.800000      2.919369723082E-02      8.041138582326E-03
   60.900000      3.088063048865E-02      8.603641317957E-03
   61.000000      3.211474950917E-02      9.011774253608E-03
   61.100000      3.286490355853E-02      9.261062697454E-03
   61.200000      3.312917290869E-02      9.361719586598E-03
   61.300000      3.295347649127E-02      9.336824887963E-03
   61.400000      3.244961876776E-02      9.221871673908E-03
   61.500000      3.180092518883E-02      9.064013321855E-03
   61.600000      3.124060276185E-02      8.918949253792E-03
   61.700000      3.097716944805E-02      8.844142990267E-03
   61.800000      3.112562067772E-02      8.888666320429E-03
   61.900000      3.172646637113E-02      9.081729212584E-03
   62.000000      3.276078750285E-02      9.423136838541E-03
   62.100000      3.413590600641E-02      9.879000761688E-03
   62.200000      3.567166435355E-02      1.038493617424E-02
   62.300000      3.711287643079E-02      1.085704711139E-02
   62.400000      3.818206886747E-02      1.120885509674E-02
   62.500000      3.864985134562E-02      1.137061786471E-02
   62.600000      3.839170049133E-02      1.130668704146E-02
   62.700000      3.742189243157E-02      1.102683511418E-02
   62.800000      3.590358916039E-02      1.058870290906E-02
   62.900000      3.413475693820E-02      1.009033066628E-02
   63.000000      3.250980412194E-02      9.653722576052E-03
   63.100000      3.145645529252E-02      9.402185435562E-03
   63.200000      3.135102432578E-02      9.435497219714E-03
   63.300000      3.241779990637E-02      9.807604906789E-03
   63.400000      3.462830477909E-02      1.051139422707E-02
   63.500000      3.768749676943E-02      1.147406539324E-02
   63.600000      4.112456025807E-02      1.256485261553E-02
   63.700000      4.439307740160E-02      1.361446812706E-02
   63.800000      4.696134789210E-02      1.444314487314E-02
   63.900000      4.838934691738E-02      1.489205593137E-02
   64.000000      4.838764485714E-02      1.485179451004E-02
   64.100000      4.685330935375E-02      1.428193990794E-02
   64.200000      4.387892459820E-02      1.321759064098E-02
   64.300000      3.973378804245E-02      1.176173189198E-02
   64.400000      3.482031885636E-02      1.006563657835E-02
   64.500000      2.961321991719E-02      8.302229270299E-03
   64.600000      2.459125567568E-02      6.638678073079E-03
   64.700000      2.017459122980E-02      5.214061651360E-03
   64.800000      1.669067803028E-02      4.125981313881E-03
   64.900000      1.437446531961E-02      3.427129747486E-03
   65.000000      1.337383248408E-02      3.130020473799E-03
   65.100000      1.371232499324E-02      3.216200968950E-03
   65.200000      1.524722182730E-02      3.645845987146E-03
   65.300000      1.771877645282E-02      4.364662061178E-03
   65.400000      2.082752630370E-02      5.307022837568E-03
   65.500000      2.428519997029E-02      6.396378810713E-03
   65.600000      2.781974002164E-02      7.545428646448E-03
   65.700000      3.116734017952E-02      8.658792594444E-03
   65.800000      3.407533175409E-02      9.639953415131E-03
   65.900000      3.631513737102E-02      1.040243758430E-02
   66.000000      3.771087247060E-02      1.088327692237E-02
   66.100000      3.817635238715E-02      1.105541023729E-02
   66.200000      3.774410523336E-02      1.093533714160E-02
   66.300000      3.657565717010E-02      1.058315982453E-02
   66.400000      3.494890432250E-02      1.009391958335E-02
   66.500000      3.322214970242E-02      9.581350398877E-03
   66.600000      3.177606449774E-02      9.157202123816E-03
   66.700000      3.093328721775E-02      8.910556297688E-03
   66.800000      3.086679067691E-02      8.891709921355E-03
   66.900000      3.156189007446E-02      9.104190021426E-03
   67.000000      3.284697262315E-02      9.506554302126E-03
   67.100000      3.445100174641E-02      1.002333589192E-02
   67.200000      3.607104391225E-02      1.056240242465E-02
   67.300000      3.743591494332E-02      1.103464931508E-02
   67.400000      3.835447097431E-02      1.137164527612E-02
   67.500000      3.874237138499E-02      1.153761009320E-02
   67.600000      3.862400249780E-02      1.153366468041E-02
   67.700000      3.811353923070E-02      1.139420316524E-02
   67.800000      3.738548572652E-02      1.117700011254E-02
   67.900000      3.663714918419E-02      1.094986225630E-02
   68.000000      3.605017295162E-02      1.077700973419E-02
   68.100000      3.576364526944E-02      1.070790144813E-02
   68.200000      3.586369050674E-02      1.077012245755E-02
   68.300000      3.638376461169E-02      1.096663539004E-02
   68.400000      3.730076793153E-02      1.127661775267E-02
   68.500000      3.851528414161E-02      1.165859327383E-02
   68.600000      3.984552425221E-02      1.205470265308E-02
   68.700000      4.105767721756E-02      1.239557134623E-02
   68.800000      4.190476491800E-02      1.260596604911E-02
   68.900000      4.215331172838E-02      1.261189067145E-02
   69.000000      4.160457767091E-02      1.234965895923E-02
   69.100000      4.011915587580E-02      1.177672031063E-02
   69.200000      3.764459601495E-02      1.088282812839E-02
   69.300000      3.423979891763E-02      9.699005810560E-03
   69.400000      3.008917795264E-02      8.301254969042E-03
   69.500000      2.550139862481E-02      6.806475550555E-03
   69.600000      2.089049866940E-02      5.359667508129E-03
   69.700000      1.674183324615E-02      4.113762735446E-03
   69.800000      1.356865073392E-02      3.205687905732E-03
   69.900000      1.185045482603E-02      2.733719688906E-03
   70.000000      1.189706834425E-02      2.741313600118E-03
   70.100000      1.365875815340E-02      3.211223400974E-03
   70.200000      1.673600292741E-02      4.071203948937E-03
   70.300000      2.058656387255E-02      5.209617136771E-03
   70.400000      2.469732861842E-02      6.496732575863E-03
   70.500000      2.866071224042E-02      7.806234848286E-03
   70.600000      3.219937158810E-02      9.031852460136E-03
   70.700000      3.516076051978E-02      1.009599187001E-02
   70.800000      3.748687975785E-02      1.095011382389E-02
   70.900000      3.916819680038E-02      1.156929806487E-02
   71.000000      4.020347035110E-02      1.194500576903E-02
   71.100000      4.058709101834E-02      1.207990703454E-02
   71.200000      4.032264112622E-02      1.198692507144E-02
   71.300000      3.944907691431E-02      1.169213663371E-02
   71.400000      3.806664705476E-02      1.123894740832E-02
   71.500000      3.635142722327E-02      1.068996437352E-02
   71.600000      3.454986767326E-02      1.012361643625E-02
   71.700000      3.294810234246E-02      9.624568494940E-03
   71.800000      3.181587534380E-02      9.269541992093E-03
   71.900000      3.133699479580E-02      9.112293407378E-03
   72.000000      3.155814422035E-02      9.172364260549E-03
   72.100000      3.238710607908E-02      9.431415604581E-03
   72.200000      3.363435659258E-02      9.838714286184E-03
   72.300000      3.507085668359E-02      1.032440490662E-02
   72.400000      3.648280903816E-02      1.081662118320E-02
   72.500000      3.771108777141E-02      1.125721847389E-02
   72.600000      3.867137986676E-02      1.161145568171E-02
   72.700000      3.935149330376E-02      1.186916398690E-02
   72.800000      3.979029071785E-02      1.203800999991E-02
   72.900000      4.004509797296E-02      1.213223032368E-02
   73.000000      4.015600081358E-02      1.216162561329E-02
   73.100000      4.011977434948E-02      1.212514536216E-02
   73.200000      3.988680983477E-02      1.201131557430E-02
   73.300000      3.938718662542E-02      1.180492910699E-02
   73.400000      3.857191741697E-02      1.149693414608E-02
   73.500000      3.744884614753E-02      1.109321353960E-02
   73.600000      3.609950894817E-02      1.061833544861E-02
   73.700000      3.466729909709E-02      1.011218024101E-02
   73.800000      3.331486897311E-02      9.619944764354E-03
   73.900000      3.216286070386E-02      9.178494064675E-03
   74.000000      3.124258957862E-02      8.803536898271E-03
   74.100000      3.048766578651E-02      8.482148463458E-03
   74.200000      2.974924380907E-02      8.173748892922E-03
   74.300000      2.882350117451E-02      7.820232894753E-03
   74.400000      2.750153496541E-02      7.363276395376E-03
   74.500000      2.564090254780E-02      6.764684140631E-03
   74.600000      2.323270922745E-02      6.024553381266E-03
   74.700000      2.044517376623E-02      5.192253925210E-03
   74.800000      1.762766058068E-02      4.366660062600E-03
   74.900000      1.525602907966E-02      3.684337965114E-03
   75.000000      1.384497918226E-02      3.296977760687E-03
   75.100000      1.385519633697E-02      3.341755648858E-03
   75.200000      1.560142316474E-02      3.910113111824E-03
   75.300000      1.915847851315E-02      5.021353961813E-03
   75.400000      2.424814705978E-02      6.607267427139E-03
   75.500000      3.023928069875E-02      8.512541036255E-03
   75.600000      3.633958689406E-02      1.051303663687E-02
   75.700000      4.176687466662E-02      1.235035401362E-02
   75.800000      4.585327920717E-02      1.377715406746E-02
   75.900000      4.812713935231E-02      1.460442282917E-02
   76.000000      4.837469084537E-02      1.474027025541E-02
   76.100000      4.667242276858E-02      1.421073833710E-02
   76.200000      4.338377695664E-02      1.315659029433E-02
   76.300000      3.911909865731E-02      1.180552239479E-02
   76.400000      3.466237962350E-02      1.042533080984E-02
   76.500000      3.086895269239E-02      9.268580862011E-03
   76.600000      2.849523446185E-02      8.521759589277E-03
   76.700000      2.789504973736E-02      8.270943122097E-03
   76.800000      2.890550189714E-02      8.491856108687E-03
   76.900000      3.102078009493E-02      9.065942049864E-03
   77.000000      3.359870975168E-02      9.817392704787E-03
   77.100000      3.603323930925E-02      1.056081537445E-02
   77.200000      3.786937490892E-02      1.114679726795E-02
   77.300000      3.887031125066E-02      1.149372779669E-02
   77.400000      3.903892853399E-02      1.159852646632E-02
   77.500000      3.858953615904E-02      1.152510890328E-02
   77.600000      3.787880818972E-02      1.137564528660E-02
   77.700000      3.730510909010E-02      1.125408812461E-02
   77.800000      3.717508517989E-02      1.123286485723E-02
   77.900000      3.757746955941E-02      1.133183970647E-02
   78.000000      3.835446944861E-02      1.151443078451E-02
   78.100000      3.918076369942E-02      1.170054133060E-02
   78.200000      3.969255399558E-02      1.179128400384E-02
   78.300000      3.959273877571E-02      1.169759598654E-02
   78.400000      3.871595825724E-02      1.136442535235E-02
   78.500000      3.705630608715E-02      1.078417177297E-02
   78.600000      3.475577482139E-02      9.996755835011E-03
   78.700000      3.205860122725E-02      9.077841841242E-03
   78.800000      2.924565675030E-02      8.119996259455E-03
   78.900000      2.657050817107E-02      7.212929421859E-03
   79.000000      2.422089555636E-02      6.428180543303E-03
   79.100000      2.231782916722E-02      5.811223430472E-03
   79.200000      2.093725533394E-02      5.381085970806E-03
   79.300000      2.012528728602E-02      5.135315501238E-03
   79.400000      1.988171958255E-02      5.057177034433E-03
   79.500000      2.013286891503E-02      5.122394198894E-03
   79.600000      2.076239246094E-02      5.304043155359E-03
   79.700000      2.166458545212E-02      5.575650400350E-03
   79.800000      2.275633194231E-02      5.913468870062E-03
   79.900000      2.397382607106E-02      6.298969021901E-03
   80.000000      2.527440875879E-02      6.721844829525E-03
   80.100000      2.663780320036E-02      7.182721929871E-03
   80.200000      2.806985621707E-02      7.693883672755E-03
   80.300000      2.961420510176E-02      8.276259022457E-03
   80.400000      3.135531443752E-02      8.951880593920E-03
   80.500000      3.339216251648E-02      9.732776294093E-03
   80.600000      3.577731628168E-02      1.060912362316E-02
   80.700000      3.843147802128E-02      1.154062602431E-02
   80.800000      4.110200013090E-02      1.245484143847E-02
   80.900000      4.345000334892E-02      1.325451458216E-02
   81.000000      4.514239447303E-02      1.383335380086E-02
   81.100000      4.591059566235E-02      1.409706372266E-02
   81.200000      4.559157783404E-02      1.398471525963E-02
   81.300000      4.415198334953E-02      1.348525585647E-02
   81.400000      4.169808161943E-02      1.264513514469E-02
   81.500000      3.847585299099E-02      1.156516298949E-02
   81.600000      3.486016882863E-02      1.038712013917E-02
   81.700000      3.133007153907E-02      9.272664581852E-03
   81.800000      2.842424398280E-02      8.378341371791E-03
   81.900000      2.665450717342E-02      7.830935720956E-03
   82.000000      2.636280458430E-02      7.707144249888E-03
   82.100000      2.757371634197E-02      8.020778255874E-03
   82.200000      3.000613235705E-02      8.719612800294E-03
   82.300000      3.320787848158E-02      9.692643840808E-03
   82.400000      3.666879449490E-02      1.078697729132E-02
   82.500000      3.988851709841E-02      1.183196485898E-02
   82.600000      4.242581021734E-02      1.266674255779E-02
   82.700000      4.394507497691E-02      1.316634412700E-02
   82.800000      4.425681646669E-02      1.326141211038E-02
   82.900000      4.334254218133E-02      1.294747063283E-02
   83.000000      4.135573332086E-02      1.228175035290E-02
   83.100000      3.859632365635E-02      1.136829671572E-02
   83.200000      3.546040361961E-02      1.033484864903E-02
   83.300000      3.236602025401E-02      9.306926182381E-03
   83.400000      2.965495066381E-02      8.385079595077E-03
   83.500000      2.750987641584E-02      7.630153529882E-03
   83.600000      2.595017205527E-02      7.059077051681E-03
   83.700000      2.487905865070E-02      6.650878133255E-03
   83.800000      2.413811274910E-02      6.360206268469E-03
   83.900000      2.355759627285E-02      6.134265668150E-03
   84.000000      2.299778188047E-02      5.928920802014E-03
   84.100000      2.237998730515E-02      5.720617538310E-03
   84.200000      2.170683188370E-02      5.512194067276E-03
   84.300000      2.106820546196E-02      5.332142345781E-03
   84.400000      2.062932608850E-02      5.228088983606E-03
   84.500000      2.059562010313E-02      5.256081857613E-03
   84.600000      2.115862762659E-02      5.467748896825E-03
   84.700000      2.244186471294E-02      5.897639596365E-03
   84.800000      2.445692163902E-02      6.553106001849E-03
   84.900000      2.708783502418E-02      7.408857877463E-03
   85.000000      3.011470376630E-02      8.407703886736E-03
   85.100000      3.325920877861E-02      9.467892091958E-03
   85.200000      3.623322174428E-02      1.049600158994E-02
   85.300000      3.878109873892E-02      1.140286091770E-02
   85.400000      4.071512581076E-02      1.211896770322E-02
   85.500000      4.194194954585E-02      1.260577871252E-02
   85.600000      4.247361068131E-02      1.286016879097E-02
   85.700000      4.241709354773E-02      1.291108977216E-02
   85.800000      4.194223244829E-02      1.280948041656E-02
   85.900000      4.123694812360E-02      1.261418754805E-02
   86.000000      4.046530932073E-02      1.237758277027E-02
   86.100000      3.973611727028E-02      1.213447819108E-02
   86.200000      3.908357688870E-02      1.189692658809E-02
   86.300000      3.846693271805E-02      1.165585372862E-02
   86.400000      3.779693048553E-02      1.138868485405E-02
   86.500000      3.697960576501E-02      1.107067983998E-02
   86.600000      3.595637532472E-02      1.068692803936E-02
   86.700000      3.473046428927E-02      1.024197343622E-02
   86.800000      3.337761040337E-02      9.764700160189E-03
   86.900000      3.204490737030E-02      9.307139123576E-03
   87.000000      3.093937231701E-02      8.937018382184E-03
   87.100000      3.029626238238E-02      8.725044047740E-03
   87.200000      3.032114610031E-02      8.729008207697E-03
   87.300000      3.112230710771E-02      8.977775947157E-03
   87.400000      3.266603077822E-02      9.458785622320E-03
   87.500000      3.476400607143E-02      1.011260500015E-02
   87.600000      3.709172208432E-02      1.083708522002E-02
   87.700000      3.923823045181E-02      1.150173683431E-02
   87.800000      4.078207719420E-02      1.197043092716E-02
   87.900000      4.137313222046E-02      1.212802227409E-02
   88.000000      4.079948392127E-02      1.190479339956E-02
   88.100000      3.902830289154E-02      1.129245431417E-02
   88.200000      3.621514986424E-02      1.034715284367E-02
   88.300000      3.267971229459E-02      9.178269787474E-03
   88.400000      2.884915388396E-02      7.925736313005E-03
   88.500000      2.517205998567E-02      6.731887692725E-03
   88.600000      2.202040029150E-02      5.715290941859E-03
   88.700000      1.963287087869E-02      4.953061417956E-03
   88.800000      1.811484849439E-02      4.475297711358E-03
   88.900000      1.746403922749E-02      4.271472449899E-03
   89.000000      1.760083384212E-02      4.305193655330E-03
   89.100000      1.838986238389E-02      4.531727678757E-03
   89.200000      1.967136423794E-02      4.912548935931E-03
   89.300000      2.131322812428E-02      5.422839515826E-03
   89.400000      2.324264976418E-02      6.050659294522E-03
   89.500000      2.543557682815E-02      6.789476708108E-03
   89.600000      2.787675198762E-02      7.627901539617E-03
   89.700000      3.051528090589E-02      8.541112259727E-03
   89.800000      3.323753379598E-02      9.487491301727E-03
   89.900000      3.587354790362E-02      1.041183309762E-02
   90.000000      3.823438186452E-02      1.125402907512E-02
   90.100000      4.015728026710E-02      1.196026596332E-02
   90.200000      4.154011668484E-02      1.249310250933E-02
   90.300000      4.235787013515E-02      1.283741886888E-02
   90.400000      4.265952086944E-02      1.300078899114E-02
   90.500000      4.254737741114E-02      1.300866702679E-02
   90.600000      4.214383651892E-02      1.289626927923E-02
   90.700000      4.155661596370E-02      1.269975960790E-02
   90.800000      4.085763483341E-02      1.244919801918E-02
   90.900000      4.007992553670E-02      1.216485026112E-02
   91.000000      3.922598585068E-02      1.185722568056E-02
   91.100000      3.828484411813E-02      1.153003723240E-02
   91.200000      3.725463250405E-02      1.118454616729E-02
   91.300000      3.615946585063E-02      1.082367190433E-02
   91.400000      3.505371425188E-02      1.045474771487E-02
   91.500000      3.401191918996E-02      1.009056595790E-02
   91.600000      3.310533146158E-02      9.748977364358E-03
   91.700000      3.238222681012E-02      9.451520512894E-03
   91.800000      3.187421052255E-02      9.221372567703E-03
   91.900000      3.161515230701E-02      9.080587395256E-03
   92.000000      3.164388194915E-02      9.046445813699E-03
   92.100000      3.198538576191E-02      9.126976691783E-03
   92.200000      3.262409192911E-02      9.316272615049E-03
   92.300000      3.349293181773E-02      9.590864517399E-03
   92.400000      3.448057367007E-02      9.908784855773E-03
   92.500000      3.543931366436E-02      1.021273747908E-02
   92.600000      3.619040472692E-02      1.043788737308E-02
   92.700000      3.654542327480E-02      1.052334343388E-02
   92.800000      3.635073983753E-02      1.042487485094E-02
   92.900000      3.553187809022E-02      1.012538996453E-02
   93.000000      3.411838659892E-02      9.639768252514E-03
   93.100000      3.224278221307E-02      9.011990662057E-03
   93.200000      3.011223627447E-02      8.304865587543E-03
   93.300000      2.795484113455E-02      7.585217100639E-03
   93.400000      2.595182001787E-02      6.909192197111E-03
   93.500000      2.419406847454E-02      6.312555650157E-03
   93.600000      2.269250108378E-02      5.809244826804E-03
   93.700000      2.142150583080E-02      5.398538813592E-03
   93.800000      2.037061996087E-02      5.077995254979E-03
   93.900000      1.958689935545E-02      4.857010727221E-03
   94.000000      1.919227898488E-02      4.765339670749E-03
   94.100000      1.936476880891E-02      4.852406904543E-03
   94.200000      2.028572110650E-02      5.176317441758E-03
   94.300000      2.208651881089E-02      5.785121763387E-03
   94.400000      2.480838508606E-02      6.695929979470E-03
   94.500000      2.835269626833E-02      7.878821185348E-03
   94.600000      3.244257789650E-02      9.251588488784E-03
   94.700000      3.665897134854E-02      1.068834490594E-02
   94.800000      4.053803820982E-02      1.204078918768E-02
   94.900000      4.366767899737E-02      1.316688360969E-02
   95.000000      4.576098270633E-02      1.395922337672E-02
   95.100000      4.670010837487E-02      1.436535178323E-02
   95.200000      4.654610815268E-02      1.439470452389E-02
   95.300000      4.551429463118E-02      1.411089451891E-02
   95.400000      4.391984186950E-02      1.361229458898E-02
   95.500000      4.210318545895E-02      1.300696035257E-02
   95.600000      4.035159267296E-02      1.238897354066E-02
   95.700000      3.884345759874E-02      1.182214643510E-02
   95.800000      3.763158682134E-02      1.133429470857E-02
   95.900000      3.665871453150E-02      1.092196545126E-02
   96.000000      3.580436414851E-02      1.056264458410E-02
   96.100000      3.494789012433E-02      1.022982197178E-02
   96.200000      3.401965042054E-02      9.906162629647E-03
   96.300000      3.302939910053E-02      9.591246196793E-03
   96.400000      3.206954137056E-02      9.302364846838E-03
   96.500000      3.129088332739E-02      9.069020015041E-03
   96.600000      3.084945467739E-02      8.923399872834E-03
   96.700000      3.084294528652E-02      8.889871480105E-03
   96.800000      3.127608420914E-02      8.976341955099E-03
   96.900000      3.206471927326E-02      9.169485250270E-03
   97.000000      3.305699096845E-02      9.434694365280E-03
   97.100000      3.406347033484E-02      9.720566535246E-03
   97.200000      3.489222716559E-02      9.966959947262E-03
   97.300000      3.537855315692E-02      1.011518517468E-02
   97.400000      3.540549599680E-02      1.011861445494E-02
   97.500000      3.491696510524E-02      9.951830044509E-03
   97.600000      3.392553502513E-02      9.616430090517E-03
   97.700000      3.251534759891E-02      9.141921064452E-03
   97.800000      3.083615410691E-02      8.580903187858E-03
   97.900000      2.908336648744E-02      7.998995836675E-03
   98.000000      2.746343737594E-02      7.461401163133E-03
   98.100000      2.614838793457E-02      7.019209917637E-03
   98.200000      2.522890309383E-02      6.699025750082E-03
   98.300000      2.469122003424E-02      6.498918855021E-03
   98.400000      2.443534081971E-02      6.392152844437E-03
   98.500000      2.432027690687E-02      6.337965296782E-03
   98.600000      2.421696353420E-02      6.296580180846E-03
   98.700000      2.405206021548E-02      6.244273773819E-03
   98.800000      2.383245586407E-02      6.184163585240E-03
   98.900000      2.365063500983E-02      6.149502592767E-03
   99.000000      2.367222077550E-02      6.198287952552E-03
   99.100000      2.410639733559E-02      6.400318935984E-03
   99.200000      2.516041116241E-02      6.819806369551E-03
   99.300000      2.698293559264E-02      7.497741136094E-03
   99.400000      2.960637079184E-02      8.438230789102E-03
   99.500000      3.291336366171E-02      9.601965689191E-03
   99.600000      3.664698430970E-02      1.090820858047E-02
   99.700000      4.045644894571E-02      1.224473452189E-02
   99.800000      4.396004699244E-02      1.348353313997E-02
   99.900000      4.680347038275E-02      1.449920460874E-02
  100.000000      4.870433603099E-02      1.518690621641E-02
