# M=22, N=11, V0=0.0, V=-0.25, PBC
#  time (tJ)                 S₁(n=2)                 S₂(n=2)
    0.000000      1.776356839400E-15     -8.881784197001E-16
    0.100000      2.035209870717E-03      4.047456833636E-04
    0.200000      6.727915959002E-03      1.544314326847E-03
    0.300000      1.280677306205E-02      3.212779996369E-03
    0.400000      1.919032185533E-02      5.122034786403E-03
    0.500000      2.496977604437E-02      6.968041244032E-03
    0.600000      2.949338935546E-02      8.496188936911E-03
    0.700000      3.242204859399E-02      9.549011308331E-03
    0.800000      3.373469679167E-02      1.008570177526E-02
    0.900000      3.368356738390E-02      1.017163554068E-02
    1.000000      3.270990976232E-02      9.944530181268E-03
    1.100000      3.133596997605E-02      9.569412261371E-03
    1.200000      3.004825346922E-02      9.195828456591E-03
    1.300000      2.918576094306E-02      8.927896414747E-03
    1.400000      2.887333782944E-02      8.812294554570E-03
    1.500000      2.904855734317E-02      8.843272989564E-03
    1.600000      2.954131081928E-02      8.979213857195E-03
    1.700000      3.015154649246E-02      9.163344851412E-03
    1.800000      3.070726990656E-02      9.341981810777E-03
    1.900000      3.109600240253E-02      9.476278722704E-03
    2.000000      3.127116521910E-02      9.546582672703E-03
    2.100000      3.124103581696E-02      9.550934604889E-03
    2.200000      3.104959411101E-02      9.500371931678E-03
    2.300000      3.075780941898E-02      9.413492931252E-03
    2.400000      3.043064581339E-02      9.311758405654E-03
    2.500000      3.012913613643E-02      9.215924893471E-03
    2.600000      2.990393110786E-02      9.143348575359E-03
    2.700000      2.978907474657E-02      9.105831694408E-03
    2.800000      2.979666400435E-02      9.108016326789E-03
    2.900000      2.991401790092E-02      9.146699629446E-03
    3.000000      3.010753940310E-02      9.211535426829E-03
    3.100000      3.033358251815E-02      9.287296401943E-03
    3.200000      3.054957644454E-02      9.357338258753E-03
    3.300000      3.071947008736E-02      9.407412435659E-03
    3.400000      3.081513413350E-02      9.428775956057E-03
    3.500000      3.082177869094E-02      9.419749107846E-03
    3.600000      3.074439912975E-02      9.385383396148E-03
    3.700000      3.060679414270E-02      9.335502616033E-03
    3.800000      3.044473242923E-02      9.281833657361E-03
    3.900000      3.029735218000E-02      9.235103814275E-03
    4.000000      3.019896375702E-02      9.202834263561E-03
    4.100000      3.017091176035E-02      9.188207356693E-03
    4.200000      3.021276354170E-02      9.189989690231E-03
    4.300000      3.030259392447E-02      9.203204499342E-03
    4.400000      3.040807885339E-02      9.220148036086E-03
    4.500000      3.049483776691E-02      9.231421446184E-03
    4.600000      3.052997114641E-02      9.226810308361E-03
    4.700000      3.048406865688E-02      9.195977300480E-03
    4.800000      3.033260377280E-02      9.128977053222E-03
    4.900000      3.005562678992E-02      9.016575618084E-03
    5.000000      2.963551095658E-02      8.850336684533E-03
    5.100000      2.905384679294E-02      8.622493120882E-03
    5.200000      2.828795372588E-02      8.325764374600E-03
    5.300000      2.730946248016E-02      7.953443617592E-03
    5.400000      2.608786310362E-02      7.500160583422E-03
    5.500000      2.459802399675E-02      6.963640146973E-03
    5.600000      2.283028666947E-02      6.347498136528E-03
    5.700000      2.080337506084E-02      5.664701684120E-03
    5.800000      1.857851990083E-02      4.940897414907E-03
    5.900000      1.627156238455E-02      4.216528793838E-03
    6.000000      1.406076979505E-02      3.546645379439E-03
    6.100000      1.218654534122E-02      2.997598437775E-03
    6.200000      1.093050121183E-02      2.640380417672E-03
    6.300000      1.056063050319E-02      2.541095365685E-03
    6.400000      1.125504823485E-02      2.749802838571E-03
    6.500000      1.304410258161E-02      3.289604378034E-03
    6.600000      1.580932033647E-02      4.148184108379E-03
    6.700000      1.931553930482E-02      5.273940182775E-03
    6.800000      2.324305335114E-02      6.578278085906E-03
    6.900000      2.722871331703E-02      7.944608952861E-03
    7.000000      3.091190365207E-02      9.243260172847E-03
    7.100000      3.397503741535E-02      1.035012703430E-02
    7.200000      3.617715547240E-02      1.116579904282E-02
    7.300000      3.738072850966E-02      1.163139595594E-02
    7.400000      3.757018034768E-02      1.173766683693E-02
    7.500000      3.685654526793E-02      1.152509354083E-02
    7.600000      3.546274623043E-02      1.107462846259E-02
    7.700000      3.368787251713E-02      1.049088171040E-02
    7.800000      3.185378620817E-02      9.881482537480E-03
    7.900000      3.024507613381E-02      9.337386064553E-03
    8.000000      2.905480900137E-02      8.918683819826E-03
    8.100000      2.835262245138E-02      8.648979120538E-03
    8.200000      2.809117560723E-02      8.519001452290E-03
    8.300000      2.814830272763E-02      8.497565477516E-03
    8.400000      2.838316237789E-02      8.546017203258E-03
    8.500000      2.868344963916E-02      8.631556734410E-03
    8.600000      2.899139269139E-02      8.735509470345E-03
    8.700000      2.930562475873E-02      8.854508448131E-03
    8.800000      2.966154616948E-02      8.995034389421E-03
    8.900000      3.009777762544E-02      9.164018964199E-03
    9.000000      3.062213488239E-02      9.359493020995E-03
    9.100000      3.119318901877E-02      9.565120435786E-03
    9.200000      3.172503237333E-02      9.750955241890E-03
    9.300000      3.210976766265E-02      9.880433333979E-03
    9.400000      3.224852800559E-02      9.921290801765E-03
    9.500000      3.208347730345E-02      9.856609083841E-03
    9.600000      3.162168458137E-02      9.692040347542E-03
    9.700000      3.094181338113E-02      9.456506049834E-03
    9.800000      3.017998977690E-02      9.195848262174E-03
    9.900000      2.949696158979E-02      8.961282690888E-03
   10.000000      2.903410432399E-02      8.796226653586E-03
   10.100000      2.887266158691E-02      8.725552692734E-03
   10.200000      2.901358085495E-02      8.750395267394E-03
   10.300000      2.938510660049E-02      8.849674797763E-03
   10.400000      2.986918983776E-02      8.987243485741E-03
   10.500000      3.033413640285E-02      9.121836786218E-03
   10.600000      3.066551593531E-02      9.216432446339E-03
   10.700000      3.078630951542E-02      9.244310101548E-03
   10.800000      3.066082745822E-02      9.190704947475E-03
   10.900000      3.028504191881E-02      9.050764340560E-03
   11.000000      2.967058063293E-02      8.825810428591E-03
   11.100000      2.883127345401E-02      8.520201727848E-03
   11.200000      2.777907879847E-02      8.140326193318E-03
   11.300000      2.653059611717E-02      7.695847651152E-03
   11.400000      2.511941255460E-02      7.201940245523E-03
   11.500000      2.360595197930E-02      6.680542395266E-03
   11.600000      2.207620077957E-02      6.159000093136E-03
   11.700000      2.062509889879E-02      5.665732486972E-03
   11.800000      1.933041142483E-02      5.224180375817E-03
   11.900000      1.823143778619E-02      4.847520264661E-03
   12.000000      1.732400478137E-02      4.536805399919E-03
   12.100000      1.657455338665E-02      4.284125509050E-03
   12.200000      1.594908757575E-02      4.080402513401E-03
   12.300000      1.544646554230E-02      3.925330389687E-03
   12.400000      1.512350774832E-02      3.835610779708E-03
   12.500000      1.510126441274E-02      3.847670753657E-03
   12.600000      1.554506487589E-02      4.012593308334E-03
   12.700000      1.661855607249E-02      4.383571635413E-03
   12.800000      1.842683004777E-02      4.998915400563E-03
   12.900000      2.097186875751E-02      5.865504910996E-03
   13.000000      2.412885372977E-02      6.947912481936E-03
   13.100000      2.764571804575E-02      8.167046032560E-03
   13.200000      3.117801634131E-02      9.409561799506E-03
   13.300000      3.435337126140E-02      1.054628583222E-02
   13.400000      3.683986250047E-02      1.145540952066E-02
   13.500000      3.840051952538E-02      1.204499083380E-02
   13.600000      3.892709235062E-02      1.226958050746E-02
   13.700000      3.845156968093E-02      1.213740789811E-02
   13.800000      3.713672476837E-02      1.170694804863E-02
   13.900000      3.524858549125E-02      1.107414604272E-02
   14.000000      3.311420092664E-02      1.035348215358E-02
   14.100000      3.106817024729E-02      9.657059335367E-03
   14.200000      2.939355624365E-02      9.075913774808E-03
   14.300000      2.826990732379E-02      8.666946088876E-03
   14.400000      2.774570747073E-02      8.447518391726E-03
   14.500000      2.774472150543E-02      8.398159791438E-03
   14.600000      2.810292438520E-02      8.472247043641E-03
   14.700000      2.862128497315E-02      8.610218953965E-03
   14.800000      2.911748694365E-02      8.755046294638E-03
   14.900000      2.946545212304E-02      8.865475033003E-03
   15.000000      2.961706160959E-02      8.924084477519E-03
   15.100000      2.960401647040E-02      8.938429355506E-03
   15.200000      2.952055780598E-02      8.935261467585E-03
   15.300000      2.949064241830E-02      8.949650192047E-03
   15.400000      2.962617545661E-02      9.012219874768E-03
   15.500000      2.998656085231E-02      9.138228943120E-03
   15.600000      3.055426368055E-02      9.321616546783E-03
   15.700000      3.123786659312E-02      9.535594116487E-03
   15.800000      3.189998505845E-02      9.739355107926E-03
   15.900000      3.239638763180E-02      9.888673245408E-03
   16.000000      3.261204651257E-02      9.947138191596E-03
   16.100000      3.248534959727E-02      9.894832629262E-03
   16.200000      3.201725505616E-02      9.732295597367E-03
   16.300000      3.126665403525E-02      9.479214031905E-03
   16.400000      3.033604967382E-02      9.168846482921E-03
   16.500000      2.935165744796E-02      8.840192622775E-03
   16.600000      2.844011153684E-02      8.530128437154E-03
   16.700000      2.770332898990E-02      8.267211389701E-03
   16.800000      2.719681944834E-02      8.067958594336E-03
   16.900000      2.692134655867E-02      7.935534376259E-03
   17.000000      2.683080701373E-02      7.860275132242E-03
   17.100000      2.684694989216E-02      7.821436162099E-03
   17.200000      2.687286883956E-02      7.789836802173E-03
   17.300000      2.680393218846E-02      7.731421428388E-03
   17.400000      2.653797759595E-02      7.611858917508E-03
   17.500000      2.598718396214E-02      7.402044098808E-03
   17.600000      2.509267250409E-02      7.083849440333E-03
   17.700000      2.383883592496E-02      6.654992723733E-03
   17.800000      2.226287480875E-02      6.131744539371E-03
   17.900000      2.045769561079E-02      5.548548144124E-03
   18.000000      1.856837015557E-02      4.954369169210E-03
   18.100000      1.678205869961E-02      4.406443952529E-03
   18.200000      1.530949430000E-02      3.962716716169E-03
   18.300000      1.435431143915E-02      3.674428293636E-03
   18.400000      1.406990100267E-02      3.580035555626E-03
   18.500000      1.451955007874E-02      3.701092915977E-03
   18.600000      1.566881141266E-02      4.040198054487E-03
   18.700000      1.741264506677E-02      4.580819096280E-03
   18.800000      1.960613465153E-02      5.288834235704E-03
   18.900000      2.208084559950E-02      6.115787422785E-03
   19.000000      2.465523670964E-02      7.003945411113E-03
   19.100000      2.715097730927E-02      7.893021920116E-03
   19.200000      2.941496709391E-02      8.727881414278E-03
   19.300000      3.134005959664E-02      9.465846640090E-03
   19.400000      3.287840125764E-02      1.008177436765E-02
   19.500000      3.404317797717E-02      1.056919704826E-02
   19.600000      3.489576311077E-02      1.093672301044E-02
   19.700000      3.551654104576E-02      1.120038023395E-02
   19.800000      3.596487869835E-02      1.137418133081E-02
   19.900000      3.624814346013E-02      1.146221312511E-02
   20.000000      3.631680394518E-02      1.145545537362E-02
   20.100000      3.608467072217E-02      1.133513998131E-02
   20.200000      3.546482364951E-02      1.108213667216E-02
   20.300000      3.441038425742E-02      1.068940765826E-02
   20.400000      3.294923564502E-02      1.017298380913E-02
   20.500000      3.120210136621E-02      9.576908695633E-03
   20.600000      2.937591443164E-02      8.969333416138E-03
   20.700000      2.772971842298E-02      8.429900093955E-03
   20.800000      2.651756135263E-02      8.031688374960E-03
   20.900000      2.592045512837E-02      7.823156434070E-03
   21.000000      2.598753525208E-02      7.815849493191E-03
   21.100000      2.661763541842E-02      7.981986797823E-03
   21.200000      2.759720301453E-02      8.262909551750E-03
   21.300000      2.867215289738E-02      8.585847928628E-03
   21.400000      2.962121894480E-02      8.883766252343E-03
   21.500000      3.030755725233E-02      9.112108032356E-03
   21.600000      3.069958584079E-02      9.257401721261E-03
   21.700000      3.086110324915E-02      9.335484400553E-03
   21.800000      3.091582399525E-02      9.380558439728E-03
   21.900000      3.099634343917E-02      9.429215578895E-03
   22.000000      3.119187253309E-02      9.504977940856E-03
   22.100000      3.151144744219E-02      9.608416562228E-03
   22.200000      3.187741676798E-02      9.715789057986E-03
   22.300000      3.215263326547E-02      9.786197736801E-03
   22.400000      3.218800437239E-02      9.774536996139E-03
   22.500000      3.187019516713E-02      9.645855265829E-03
   22.600000      3.115488406640E-02      9.386642393151E-03
   22.700000      3.007943015962E-02      9.009850531227E-03
   22.800000      2.875517242706E-02      8.552585700813E-03
   22.900000      2.734389565585E-02      8.067587412107E-03
   23.000000      2.602459872854E-02      7.611169126879E-03
   23.100000      2.495538529929E-02      7.230871017893E-03
   23.200000      2.423510248494E-02      6.955706696147E-03
   23.300000      2.387571452123E-02      6.790879789475E-03
   23.400000      2.380084824297E-02      6.717626223562E-03
   23.500000      2.387133100106E-02      6.697765112701E-03
   23.600000      2.392143933972E-02      6.681810303381E-03
   23.700000      2.379255290240E-02      6.619116284323E-03
   23.800000      2.336086209315E-02      6.468395338907E-03
   23.900000      2.255974853514E-02      6.206924922037E-03
   24.000000      2.139657297726E-02      5.836831197008E-03
   24.100000      1.996121850088E-02      5.387071589025E-03
   24.200000      1.842198501486E-02      4.910285825735E-03
   24.300000      1.700449295210E-02      4.474607852448E-03
   24.400000      1.595248250146E-02      4.151712313192E-03
   24.500000      1.547675449368E-02      4.003489730160E-03
   24.600000      1.570679466966E-02      4.070386732428E-03
   24.700000      1.666248062321E-02      4.364275287768E-03
   24.800000      1.825560527123E-02      4.867641640785E-03
   24.900000      2.031910235001E-02      5.539154966859E-03
   25.000000      2.265282410567E-02      6.323811404151E-03
   25.100000      2.506865982670E-02      7.164488239794E-03
   25.200000      2.742134685384E-02      8.011404692023E-03
   25.300000      2.961944499800E-02      8.826856885962E-03
   25.400000      3.161663255311E-02      9.584420426889E-03
   25.500000      3.338815306692E-02      1.026395264517E-02
   25.600000      3.490262554804E-02      1.084536801350E-02
   25.700000      3.610383508573E-02      1.130463582226E-02
   25.800000      3.691325466756E-02      1.161451226055E-02
   25.900000      3.725143556675E-02      1.175047617558E-02
   26.000000      3.706842986327E-02      1.169996323764E-02
   26.100000      3.637298340501E-02      1.147124329493E-02
   26.200000      3.525111772848E-02      1.109791723520E-02
   26.300000      3.386550511419E-02      1.063625934672E-02
   26.400000      3.243046876857E-02      1.015509624892E-02
   26.500000      3.116436424184E-02      9.720692204723E-03
   26.600000      3.023098162354E-02      9.381148081764E-03
   26.700000      2.969190470620E-02      9.155319256520E-03
   26.800000      2.949254648194E-02      9.029984591473E-03
   26.900000      2.948859038086E-02      8.966378381835E-03
   27.000000      2.949966731424E-02      8.914149270063E-03
   27.100000      2.936899342802E-02      8.828404360836E-03
   27.200000      2.901067774844E-02      8.684557511997E-03
   27.300000      2.843386594669E-02      8.486511221066E-03
   27.400000      2.774019052945E-02      8.265919590126E-03
   27.500000      2.709744109005E-02      8.073092721597E-03
   27.600000      2.669660319977E-02      7.962550399948E-03
   27.700000      2.669837694690E-02      7.977563603050E-03
   27.800000      2.717912434797E-02      8.137939509050E-03
   27.900000      2.810260157590E-02      8.434014776127E-03
   28.000000      2.933413421871E-02      8.827883193546E-03
   28.100000      3.067871097486E-02      9.260957439353E-03
   28.200000      3.192329337383E-02      9.665571616641E-03
   28.300000      3.287535984319E-02      9.977721541035E-03
   28.400000      3.339264777046E-02      1.014818963909E-02
   28.500000      3.340121100812E-02      1.015000151039E-02
   28.600000      3.290112496458E-02      9.981137352199E-03
   28.700000      3.196033772815E-02      9.662434959635E-03
   28.800000      3.069784926532E-02      9.231516600989E-03
   28.900000      2.925805200706E-02      8.734263192873E-03
   29.000000      2.777953237093E-02      8.215776993337E-03
   29.100000      2.636733677602E-02      7.712832166178E-03
   29.200000      2.508210680208E-02      7.249431532821E-03
   29.300000      2.394671164532E-02      6.836271720191E-03
   29.400000      2.295996253552E-02      6.473824958843E-03
   29.500000      2.210930327108E-02      6.157680161714E-03
   29.600000      2.137964333149E-02      5.884108010089E-03
   29.700000      2.076110473352E-02      5.653793860630E-03
   29.800000      2.025611839127E-02      5.472377334053E-03
   29.900000      1.988055211684E-02      5.347652503816E-03
   30.000000      1.965637827288E-02      5.284613764553E-03
   30.100000      1.959853833183E-02      5.280493879252E-03
   30.200000      1.969931542294E-02      5.322137162347E-03
   30.300000      1.991335055705E-02      5.387342671328E-03
   30.400000      2.015703181852E-02      5.450402814763E-03
   30.500000      2.033906183175E-02      5.490450149415E-03
   30.600000      2.040385043056E-02      5.500018417318E-03
   30.700000      2.036153752070E-02      5.490894100314E-03
   30.800000      2.029741993555E-02      5.495017171853E-03
   30.900000      2.036060248996E-02      5.559633912881E-03
   31.000000      2.073364359071E-02      5.737594035092E-03
   31.100000      2.158603227305E-02      6.075058740133E-03
   31.200000      2.301923604081E-02      6.599555110130E-03
   31.300000      2.502633450022E-02      7.311164540861E-03
   31.400000      2.748959340319E-02      8.178818453357E-03
   31.500000      3.020812489486E-02      9.142494946548E-03
   31.600000      3.293410232889E-02      1.012088996523E-02
   31.700000      3.540953779189E-02      1.102312750585E-02
   31.800000      3.740208823750E-02      1.176241332259E-02
   31.900000      3.873500040703E-02      1.226926172488E-02
   32.000000      3.930718520021E-02      1.250201581800E-02
   32.100000      3.910294887041E-02      1.245281190292E-02
   32.200000      3.819182669561E-02      1.214789200448E-02
   32.300000      3.671867637569E-02      1.164219993262E-02
   32.400000      3.488423908865E-02      1.100936619548E-02
   32.500000      3.291723865873E-02      1.032922731355E-02
   32.600000      3.104082557308E-02      9.675596874067E-03
   32.700000      2.943841246715E-02      9.106846083923E-03
   32.800000      2.822705520186E-02      8.660932006058E-03
   32.900000      2.744994752453E-02      8.355106069200E-03
   33.000000      2.709111488494E-02      8.189142064748E-03
   33.100000      2.709771285722E-02      8.150066713709E-03
   33.200000      2.739800821580E-02      8.216383453293E-03
   33.300000      2.791089838314E-02      8.360627897176E-03
   33.400000      2.854694161882E-02      8.550397118502E-03
   33.500000      2.920577138391E-02      8.749149809780E-03
   33.600000      2.977722803606E-02      8.918503340464E-03
   33.700000      3.015222118977E-02      9.023171606879E-03
   33.800000      3.024472497962E-02      9.038267238392E-03
   33.900000      3.001916862124E-02      8.957037228050E-03
   34.000000      2.951263892487E-02      8.796010179466E-03
   34.100000      2.884212365229E-02      8.594639279409E-03
   34.200000      2.819046745398E-02      8.407982543100E-03
   34.300000      2.776744344932E-02      8.293333940400E-03
   34.400000      2.774474624822E-02      8.294125768853E-03
   34.500000      2.818160276480E-02      8.425888181289E-03
   34.600000      2.899449587502E-02      8.668901987282E-03
   34.700000      2.999069029326E-02      8.970332659605E-03
   34.800000      3.092498112581E-02      9.255663623203E-03
   34.900000      3.155709636152E-02      9.446204543422E-03
   35.000000      3.170144209226E-02      9.477466399146E-03
   35.100000      3.126030195274E-02      9.313028933316E-03
   35.200000      3.023427904817E-02      8.950240183148E-03
   35.300000      2.870940656494E-02      8.417007757616E-03
   35.400000      2.682630714307E-02      7.761931342060E-03
   35.500000      2.474288397677E-02      7.041957463374E-03
   35.600000      2.260568376925E-02      6.311943705464E-03
   35.700000      2.053984367098E-02      5.619040557410E-03
   35.800000      1.865684293718E-02      5.002335111819E-03
   35.900000      1.706987716161E-02      4.495807895557E-03
   36.000000      1.590199449783E-02      4.131313709120E-03
   36.100000      1.527571392458E-02      3.938529900695E-03
   36.200000      1.528465180969E-02      3.940485546488E-03
   36.300000      1.595941087940E-02      4.145669765748E-03
   36.400000      1.724382662588E-02      4.539804745163E-03
   36.500000      1.898965724636E-02      5.081261315953E-03
   36.600000      2.097084943644E-02      5.703360120604E-03
   36.700000      2.291944937887E-02      6.324641638551E-03
   36.800000      2.457996964862E-02      6.865366480849E-03
   36.900000      2.576555751944E-02      7.266060376136E-03
   37.000000      2.639921091362E-02      7.502765094148E-03
   37.100000      2.653211339056E-02      7.594252667442E-03
   37.200000      2.633590747488E-02      7.598634963335E-03
   37.300000      2.606972035206E-02      7.599835144276E-03
   37.400000      2.602704384894E-02      7.687289535830E-03
   37.500000      2.647089767398E-02      7.934105527366E-03
   37.600000      2.756605679176E-02      8.379182030794E-03
   37.700000      2.931884387087E-02      9.017505956921E-03
   37.800000      3.156015781633E-02      9.800471235221E-03
   37.900000      3.400222000554E-02      1.064542170009E-02
   38.000000      3.632122084795E-02      1.145149597835E-02
   38.100000      3.822091846355E-02      1.211778864273E-02
   38.200000      3.947264568535E-02      1.255996657880E-02
   38.300000      3.993602936861E-02      1.272253237187E-02
   38.400000      3.956476753776E-02      1.258540838207E-02
   38.500000      3.840201449801E-02      1.216489534987E-02
   38.600000      3.656992227345E-02      1.150996103300E-02
   38.700000      3.425660476517E-02      1.069512244520E-02
   38.800000      3.170139733011E-02      9.811048314963E-03
   38.900000      2.917656409912E-02      8.953735648493E-03
   39.000000      2.696182014085E-02      8.213007260955E-03
   39.100000      2.530918588261E-02      7.661270824864E-03
   39.200000      2.440024038655E-02      7.343873069301E-03
   39.300000      2.430198544538E-02      7.272693822801E-03
   39.400000      2.493812968799E-02      7.424543781779E-03
   39.500000      2.610503799061E-02      7.745286560837E-03
   39.600000      2.753007508522E-02      8.159469724161E-03
   39.700000      2.893444533993E-02      8.583923241190E-03
   39.800000      3.008189643143E-02      8.942691436165E-03
   39.900000      3.081232301681E-02      9.180189955001E-03
   40.000000      3.105981211004E-02      9.269817312325E-03
   40.100000      3.085430760832E-02      9.216329225625E-03
   40.200000      3.030725984267E-02      9.051786844400E-03
   40.300000      2.958284208779E-02      8.826369128719E-03
   40.400000      2.885864887506E-02      8.596375654144E-03
   40.500000      2.828698779839E-02      8.412095562517E-03
   40.600000      2.797038808476E-02      8.307889147318E-03
   40.700000      2.795018773325E-02      8.296049068189E-03
   40.800000      2.819938049481E-02      8.365101595040E-03
   40.900000      2.862089906281E-02      8.482434911728E-03
   41.000000      2.906093662546E-02      8.600596542819E-03
   41.100000      2.934186160457E-02      8.666225133025E-03
   41.200000      2.930329773727E-02      8.630263116734E-03
   41.300000      2.883663275194E-02      8.457799531538E-03
   41.400000      2.790684589613E-02      8.135709301837E-03
   41.500000      2.656007067941E-02      7.676367201267E-03
   41.600000      2.491563594918E-02      7.116279172999E-03
   41.700000      2.314204090009E-02      6.509509182410E-03
   41.800000      2.142074678055E-02      5.917098765501E-03
   41.900000      1.990980794471E-02      5.394904391838E-03
   42.000000      1.872015752068E-02      4.982966243150E-03
   42.100000      1.790391379527E-02      4.699326231935E-03
   42.200000      1.745184892702E-02      4.540062356411E-03
   42.300000      1.730516312240E-02      4.485480978056E-03
   42.400000      1.738388828862E-02      4.510472097920E-03
   42.500000      1.762332897638E-02      4.595641330099E-03
   42.600000      1.800342805278E-02      4.735496573592E-03
   42.700000      1.855912053888E-02      4.940858597928E-03
   42.800000      1.936817799629E-02      5.234534075525E-03
   42.900000      2.051981487176E-02      5.641533784083E-03
   43.000000      2.207069012710E-02      6.176981767489E-03
   43.100000      2.400129417690E-02      6.835707807433E-03
   43.200000      2.619738901478E-02      7.587067285868E-03
   43.300000      2.847167503723E-02      8.376962566016E-03
   43.400000      3.060692494238E-02      9.136886276797E-03
   43.500000      3.239995030561E-02      9.797754979838E-03
   43.600000      3.370029100340E-02      1.030494340446E-02
   43.700000      3.443949481267E-02      1.063059294557E-02
   43.800000      3.464597126031E-02      1.077996479252E-02
   43.900000      3.444182654067E-02      1.079008561443E-02
   44.000000      3.402095584985E-02      1.072079145237E-02
   44.100000      3.361067410499E-02      1.064008601193E-02
   44.200000      3.342030721092E-02      1.060712361476E-02
   44.300000      3.357974635390E-02      1.065682927231E-02
   44.400000      3.408561303906E-02      1.079000849490E-02
   44.500000      3.479746327698E-02      1.097173534878E-02
   44.600000      3.548625042567E-02      1.113896952815E-02
   44.700000      3.589727651352E-02      1.121608127214E-02
   44.800000      3.581012823327E-02      1.113478389199E-02
   44.900000      3.508973705666E-02      1.085349751080E-02
   45.000000      3.372176613129E-02      1.037091567326E-02
   45.100000      3.182554338545E-02      9.729762073301E-03
   45.200000      2.964015867935E-02      9.009230582704E-03
   45.300000      2.748292910029E-02      8.307770921376E-03
   45.400000      2.568352210281E-02      7.720770234931E-03
   45.500000      2.450367937064E-02      7.319315970064E-03
   45.600000      2.406560093630E-02      7.135970460961E-03
   45.700000      2.432163896391E-02      7.161322591842E-03
   45.800000      2.508932051568E-02      7.351669487945E-03
   45.900000      2.613073243424E-02      7.644664836563E-03
   46.000000      2.722723933982E-02      7.977373624687E-03
   46.100000      2.822704526586E-02      8.300750260148E-03
   46.200000      2.906057269653E-02      8.586262543941E-03
   46.300000      2.972565670723E-02      8.823584914661E-03
   46.400000      3.025122425436E-02      9.011766563452E-03
   46.500000      3.065392660066E-02      9.148694165245E-03
   46.600000      3.090657187416E-02      9.224062197425E-03
   46.700000      3.093894608480E-02      9.219281127152E-03
   46.800000      3.067020976262E-02      9.114526411950E-03
   46.900000      3.005138632734E-02      8.899795562090E-03
   47.000000      2.910093438696E-02      8.584795229218E-03
   47.100000      2.792026589209E-02      8.202609438436E-03
   47.200000      2.668093964239E-02      7.804403269359E-03
   47.300000      2.558175705824E-02      7.446000463909E-03
   47.400000      2.478347331492E-02      7.170610096990E-03
   47.500000      2.434484218497E-02      6.993878784311E-03
   47.600000      2.419453443535E-02      6.897021015738E-03
   47.700000      2.415579703939E-02      6.831148424217E-03
   47.800000      2.400724398491E-02      6.732045655416E-03
   47.900000      2.355163258099E-02      6.540954546139E-03
   48.000000      2.267401893606E-02      6.224770522882E-03
   48.100000      2.137897199446E-02      5.789181778714E-03
   48.200000      1.979989533266E-02      5.280601292823E-03
   48.300000      1.817826167972E-02      4.776376410985E-03
   48.400000      1.681559952993E-02      4.366404148631E-03
   48.500000      1.600474286297E-02      4.131705239347E-03
   48.600000      1.595248876025E-02      4.126015064344E-03
   48.700000      1.671745376291E-02      4.365064967730E-03
   48.800000      1.819539201973E-02      4.825614528095E-03
   48.900000      2.016529680823E-02      5.453424643447E-03
   49.000000      2.236495328601E-02      6.177132760244E-03
   49.100000      2.455443821240E-02      6.923949260361E-03
   49.200000      2.655401281884E-02      7.633313560446E-03
   49.300000      2.825976969639E-02      8.265802719360E-03
   49.400000      2.964338800652E-02      8.806139762679E-03
   49.500000      3.074058411233E-02      9.260598889368E-03
   49.600000      3.163153294947E-02      9.650148835126E-03
   49.700000      3.241601057140E-02      1.000125159725E-02
   49.800000      3.318505520817E-02      1.033642491665E-02
   49.900000      3.399244724072E-02      1.066657732293E-02
   50.000000      3.483346471839E-02      1.098676115802E-02
   50.100000      3.564157509893E-02      1.127634146204E-02
   50.200000      3.630806956166E-02      1.150365932048E-02
   50.300000      3.671592218226E-02      1.163419431725E-02
   50.400000      3.677336372357E-02      1.164023968488E-02
   50.500000      3.643821286868E-02      1.150950231763E-02
   50.600000      3.572992234288E-02      1.125010008210E-02
   50.700000      3.472869339187E-02      1.089026341652E-02
   50.800000      3.356125740007E-02      1.047251418315E-02
   50.900000      3.237334395421E-02      1.004378532406E-02
   51.000000      3.129267605913E-02      9.644302252211E-03
   51.100000      3.039484699063E-02      9.298568710107E-03
   51.200000      2.968749340234E-02      9.011248929197E-03
   51.300000      2.911834409892E-02      8.769252002004E-03
   51.400000      2.860228783033E-02      8.549372768392E-03
   51.500000      2.805782221492E-02      8.329058235555E-03
   51.600000      2.744142706060E-02      8.096828153604E-03
   51.700000      2.676947335248E-02      7.858923636266E-03
   51.800000      2.612124694188E-02      7.639888145808E-03
   51.900000      2.562130856650E-02      7.476657353358E-03
   52.000000      2.540377752308E-02      7.407765095985E-03
   52.100000      2.556744733243E-02      7.460824801555E-03
   52.200000      2.613727270141E-02      7.642039726530E-03
   52.300000      2.704605422258E-02      7.930964372610E-03
   52.400000      2.814338768256E-02      8.282266827869E-03
   52.500000      2.923044821437E-02      8.634276321287E-03
   52.600000      3.010667334015E-02      8.922202201752E-03
   52.700000      3.061325094360E-02      9.092594194334E-03
   52.800000      3.066484618112E-02      9.115227017037E-03
   52.900000      3.026484467618E-02      8.989241924207E-03
   53.000000      2.950163596188E-02      8.741901323139E-03
   53.100000      2.852596649488E-02      8.420308252625E-03
   53.200000      2.751244868187E-02      8.078363081551E-03
   53.300000      2.661230598519E-02      7.762532356350E-03
   53.400000      2.591052262260E-02      7.500313077915E-03
   53.500000      2.540492482333E-02      7.294498047373E-03
   53.600000      2.501569003857E-02      7.124704890673E-03
   53.700000      2.461771770873E-02      6.955587020883E-03
   53.800000      2.408276725434E-02      6.749272512922E-03
   53.900000      2.331995500762E-02      6.478405694226E-03
   54.000000      2.230537246436E-02      6.136041478795E-03
   54.100000      2.109424558478E-02      5.739620638908E-03
   54.200000      1.981282113886E-02      5.328058300907E-03
   54.300000      1.863170852199E-02      4.953049729050E-03
   54.400000      1.772745725170E-02      4.667365085170E-03
   54.500000      1.724355255313E-02      4.513623460567E-03
   54.600000      1.726270884706E-02      4.516599129194E-03
   54.700000      1.779669620330E-02      4.680727992245E-03
   54.800000      1.879135836270E-02      4.992681506388E-03
   54.900000      2.014419060836E-02      5.427304864783E-03
   55.000000      2.173318948033E-02      5.954402131079E-03
   55.100000      2.344569577120E-02      6.544025029832E-03
   55.200000      2.519388928980E-02      7.168951061444E-03
   55.300000      2.691423254516E-02      7.804473955376E-03
   55.400000      2.855700141459E-02      8.426876764563E-03
   55.500000      3.007513172893E-02      9.012491290671E-03
   55.600000      3.141999441579E-02      9.538830309251E-03
   55.700000      3.254727291144E-02      9.988073926817E-03
   55.800000      3.343162755450E-02      1.035171688940E-02
   55.900000      3.408315956799E-02      1.063411803991E-02
   56.000000      3.455468916032E-02      1.085259247540E-02
   56.100000      3.493215612959E-02      1.103272920699E-02
   56.200000      3.530731703807E-02      1.119948747395E-02
   56.300000      3.573943252736E-02      1.136660764797E-02
   56.400000      3.622024624713E-02      1.152812453613E-02
   56.500000      3.666032011030E-02      1.165566590593E-02
   56.600000      3.690784378473E-02      1.170362375721E-02
   56.700000      3.679400306947E-02      1.162165308601E-02
   56.800000      3.618704420893E-02      1.137119171775E-02
   56.900000      3.503819228176E-02      1.094085147006E-02
   57.000000      3.340825272518E-02      1.035538630302E-02
   57.100000      3.146826427213E-02      9.674681578531E-03
   57.200000      2.947150885996E-02      8.982307204336E-03
   57.300000      2.769926720609E-02      8.366581313336E-03
   57.400000      2.639090974551E-02      7.899608096849E-03
   57.500000      2.567953284167E-02      7.620499990060E-03
   57.600000      2.555839845469E-02      7.527710910938E-03
   57.700000      2.589189297157E-02      7.582534668051E-03
   57.800000      2.646477451439E-02      7.722336316669E-03
   57.900000      2.704976114820E-02      7.879155134791E-03
   58.000000      2.746939924064E-02      7.997909938593E-03
   58.100000      2.763443358238E-02      8.048967448253E-03
   58.200000      2.755284137180E-02      8.032020625345E-03
   58.300000      2.731279623047E-02      7.971201264088E-03
   58.400000      2.704731975661E-02      7.904023039953E-03
   58.500000      2.688995397744E-02      7.868229504058E-03
   58.600000      2.693321963624E-02      7.890556357818E-03
   58.700000      2.720530273047E-02      7.980077555333E-03
   58.800000      2.766935432718E-02      8.126895401448E-03
   58.900000      2.823705972977E-02      8.305257150685E-03
   59.000000      2.879141804591E-02      8.479293043579E-03
   59.100000      2.921122565045E-02      8.609590804674E-03
   59.200000      2.938962137100E-02      8.659442339169E-03
   59.300000      2.924587008675E-02      8.600298418767E-03
   59.400000      2.873366120914E-02      8.416307031969E-03
   59.500000      2.784897673688E-02      8.107662674449E-03
   59.600000      2.663692083001E-02      7.692085460273E-03
   59.700000      2.519326382614E-02      7.203509183107E-03
   59.800000      2.365571336324E-02      6.687352089894E-03
   59.900000      2.218164360910E-02      6.192650492462E-03
   60.000000      2.091440834820E-02      5.762567766668E-03
   60.100000      1.994936184849E-02      5.425808414778E-03
   60.200000      1.931287949023E-02      5.191711165002E-03
   60.300000      1.896343960089E-02      5.050964742729E-03
   60.400000      1.881813463173E-02      4.982127142214E-03
   60.500000      1.879316376155E-02      4.962027694718E-03
   60.600000      1.884060449872E-02      4.976528871773E-03
   60.700000      1.896924657905E-02      5.027746789357E-03
   60.800000      1.924354308552E-02      5.134940020277E-03
   60.900000      1.976163668574E-02      5.328517957314E-03
   61.000000      2.062072283370E-02      5.639137070178E-03
   61.100000      2.188149244581E-02      6.085653611671E-03
   61.200000      2.354105762067E-02      6.666083063856E-03
   61.300000      2.551915608399E-02      7.354562575462E-03
   61.400000      2.766398550758E-02      8.105121965082E-03
   61.500000      2.978677061858E-02      8.860728233307E-03
   61.600000      3.170869620554E-02      9.564475248626E-03
   61.700000      3.329565784400E-02      1.016949020482E-02
   61.800000      3.447408548448E-02      1.064511184842E-02
   61.900000      3.522941237289E-02      1.097862646596E-02
   62.000000      3.559222106698E-02      1.117351435973E-02
   62.100000      3.562066885023E-02      1.124604397829E-02
   62.200000      3.538949455117E-02      1.122185671949E-02
   62.300000      3.498962411479E-02      1.113316663390E-02
   62.400000      3.453123805815E-02      1.101601764229E-02
   62.500000      3.413854115309E-02      1.090641915607E-02
   62.600000      3.392730768397E-02      1.083452893998E-02
   62.700000      3.396472911748E-02      1.081725740914E-02
   62.800000      3.423171343776E-02      1.085114973635E-02
   62.900000      3.461756651013E-02      1.090838806198E-02
   63.000000      3.494402339037E-02      1.093863645887E-02
   63.100000      3.500132692378E-02      1.087805945458E-02
   63.200000      3.459160969585E-02      1.066455215069E-02
   63.300000      3.357568264549E-02      1.025581796939E-02
   63.400000      3.191492786385E-02      9.645341719202E-03
   63.500000      2.969849034637E-02      8.871224614250E-03
   63.600000      2.714800700113E-02      8.014445404330E-03
   63.700000      2.459610065759E-02      7.185942697006E-03
   63.800000      2.243816577984E-02      6.505076087620E-03
   63.900000      2.105741563545E-02      6.074507261142E-03
   64.000000      2.072329748832E-02      5.957601132965E-03
   64.100000      2.148736977651E-02      6.163833892146E-03
   64.200000      2.315216390814E-02      6.645676887314E-03
   64.300000      2.534635025788E-02      7.307626522170E-03
   64.400000      2.763901360792E-02      8.025223158700E-03
   64.500000      2.963141298986E-02      8.669720671906E-03
   64.600000      3.101820577846E-02      9.132983680455E-03
   64.700000      3.162400449238E-02      9.347356123026E-03
   64.800000      3.141769108687E-02      9.296524892718E-03
   64.900000      3.050594202782E-02      9.015440875269E-03
   65.000000      2.910833528104E-02      8.579698450789E-03
   65.100000      2.751752152747E-02      8.086952144687E-03
   65.200000      2.604806912122E-02      7.634562761709E-03
   65.300000      2.497495293296E-02      7.298405320046E-03
   65.400000      2.445866783593E-02      7.117462046048E-03
   65.500000      2.448480245799E-02      7.087481458075E-03
   65.600000      2.488272066307E-02      7.164861284615E-03
   65.700000      2.539961853914E-02      7.279485920173E-03
   65.800000      2.577284238652E-02      7.353126166152E-03
   65.900000      2.578782740925E-02      7.318761944424E-03
   66.000000      2.531866486050E-02      7.136167418176E-03
   66.100000      2.434780307035E-02      6.800299974748E-03
   66.200000      2.296393830591E-02      6.341090715618E-03
   66.300000      2.134058048774E-02      5.815524637589E-03
   66.400000      1.970077428431E-02      5.294755962070E-03
   66.500000      1.827530018587E-02      4.849926309364E-03
   66.600000      1.726278228283E-02      4.540155712622E-03
   66.700000      1.680061181001E-02      4.405033841489E-03
   66.800000      1.695186332161E-02      4.462310753063E-03
   66.900000      1.770782387403E-02      4.709946680498E-03
   67.000000      1.900211439090E-02      5.130708803781E-03
   67.100000      2.073046101872E-02      5.697320258771E-03
   67.200000      2.276923822018E-02      6.376680393144E-03
   67.300000      2.498836839748E-02      7.132557681514E-03
   67.400000      2.725971821200E-02      7.927007427190E-03
   67.500000      2.946316692374E-02      8.721276480791E-03
   67.600000      3.149162792516E-02      9.477004891674E-03
   67.700000      3.325615095034E-02      1.015819168806E-02
   67.800000      3.469036285922E-02      1.073386421860E-02
   67.900000      3.575230614522E-02      1.118092403296E-02
   68.000000      3.642494328986E-02      1.148642988987E-02
   68.100000      3.671778586071E-02      1.164868858428E-02
   68.200000      3.666650408125E-02      1.167688040250E-02
   68.300000      3.632790647444E-02      1.158937057864E-02
   68.400000      3.577221482865E-02      1.141116377297E-02
   68.500000      3.507697499122E-02      1.117103915152E-02
   68.600000      3.432314672250E-02      1.089877455753E-02
   68.700000      3.358892769239E-02      1.062263864572E-02
   68.800000      3.294010578830E-02      1.036713195232E-02
   68.900000      3.242136883914E-02      1.015088138297E-02
   69.000000      3.205303047981E-02      9.984657354826E-03
   69.100000      3.183095960222E-02      9.869650281452E-03
   69.200000      3.172658447950E-02      9.796343191264E-03
   69.300000      3.168724688394E-02      9.744469648193E-03
   69.400000      3.163776471354E-02      9.684573596370E-03
   69.500000      3.148367997616E-02      9.581532996443E-03
   69.600000      3.111915717634E-02      9.400059117221E-03
   69.700000      3.044448874902E-02      9.111688634836E-03
   69.800000      2.939258006600E-02      8.702256666577E-03
   69.900000      2.795577740698E-02      8.178415806666E-03
   70.000000      2.620499532976E-02      7.571580299572E-03
   70.100000      2.429706666088E-02      6.937819704257E-03
   70.200000      2.246729712090E-02      6.352745046909E-03
   70.300000      2.100395737462E-02      5.901298874698E-03
   70.400000      2.019949576043E-02      5.663469769987E-03
   70.500000      2.027571533642E-02      5.698098482647E-03
   70.600000      2.130841774732E-02      6.027853869962E-03
   70.700000      2.319786241765E-02      6.628850028534E-03
   70.800000      2.568510484039E-02      7.428033724203E-03
   70.900000      2.839386571399E-02      8.310304082389E-03
   71.000000      3.089435183055E-02      9.135422692839E-03
   71.100000      3.277721825810E-02      9.762435349049E-03
   71.200000      3.372203672636E-02      1.007707964535E-02
   71.300000      3.355129770106E-02      1.001616051097E-02
   71.400000      3.226385126103E-02      9.582757657874E-03
   71.500000      3.004233965112E-02      8.847705350996E-03
   71.600000      2.723126465870E-02      7.935873961383E-03
   71.700000      2.428581589029E-02      6.999663697738E-03
   71.800000      2.169482435885E-02      6.185709976989E-03
   71.900000      1.988003725300E-02      5.602983626042E-03
   72.000000      1.906558994768E-02      5.300473855684E-03
   72.100000      1.916996372897E-02      5.260310427967E-03
   72.200000      1.987552376841E-02      5.408065701934E-03
   72.300000      2.078473439793E-02      5.637215638611E-03
   72.400000      2.153685507511E-02      5.840741661594E-03
   72.500000      2.188841981970E-02      5.940875241325E-03
   72.600000      2.175848583778E-02      5.908697237999E-03
   72.700000      2.123501366743E-02      5.768530688719E-03
   72.800000      2.054299603275E-02      5.586797372839E-03
   72.900000      1.997977411783E-02      5.449710034955E-03
   73.000000      1.982810716652E-02      5.437309261933E-03
   73.100000      2.026827458722E-02      5.601936840400E-03
   73.200000      2.132715467940E-02      5.957173288469E-03
   73.300000      2.289282776600E-02      6.479381689347E-03
   73.400000      2.477492748025E-02      7.119716784680E-03
   73.500000      2.677307290777E-02      7.821266142171E-03
   73.600000      2.872969655744E-02      8.534904520182E-03
   73.700000      3.055621135308E-02      9.228667029755E-03
   73.800000      3.223123794169E-02      9.888353029138E-03
   73.900000      3.377637297122E-02      1.051048833943E-02
   74.000000      3.521896860028E-02      1.109144849129E-02
   74.100000      3.655433485026E-02      1.161760984223E-02
   74.200000      3.772172066173E-02      1.206063383982E-02
   74.300000      3.860626832125E-02      1.237985273280E-02
   74.400000      3.906802003960E-02      1.253109269288E-02
   74.500000      3.898456566869E-02      1.247908733368E-02
   74.600000      3.829073908794E-02      1.220956879043E-02
   74.700000      3.700479642073E-02      1.173737332332E-02
   74.800000      3.523719852750E-02      1.110820018425E-02
   74.900000      3.318206454501E-02      1.039346316200E-02
   75.000000      3.109306491845E-02      9.679377396186E-03
   75.100000      2.924605109172E-02      9.052603358866E-03
   75.200000      2.789081609124E-02      8.585271199416E-03
   75.300000      2.719523982438E-02      8.322118594681E-03
   75.400000      2.719678610215E-02      8.271995577721E-03
   75.500000      2.779053432781E-02      8.405297270500E-03
   75.600000      2.875713326752E-02      8.658055591024E-03
   75.700000      2.981140351035E-02      8.942449920739E-03
   75.800000      3.065509269966E-02      9.162393536454E-03
   75.900000      3.102728495131E-02      9.231735198536E-03
   76.000000      3.074843131340E-02      9.091741381707E-03
   76.100000      2.975297930687E-02      8.724226294508E-03
   76.200000      2.810611620939E-02      8.157236785737E-03
   76.300000      2.600166230833E-02      7.461613229042E-03
   76.400000      2.374011319801E-02      6.738758057460E-03
   76.500000      2.168710204020E-02      6.102010199542E-03
   76.600000      2.021135442087E-02      5.655528811817E-03
   76.700000      1.960234400796E-02      5.475082141504E-03
   76.800000      1.998849425980E-02      5.594510965177E-03
   76.900000      2.130433880595E-02      6.000155338240E-03
   77.000000      2.332367356103E-02      6.633701625589E-03
   77.100000      2.572069002015E-02      7.402253919614E-03
   77.200000      2.813367168272E-02      8.193328335269E-03
   77.300000      3.022093560254E-02      8.892025800341E-03
   77.400000      3.170262717526E-02      9.397745035000E-03
   77.500000      3.238868531717E-02      9.638218124127E-03
   77.600000      3.219521654427E-02      9.579169093663E-03
   77.700000      3.115046899182E-02      9.228413717847E-03
   77.800000      2.939006364659E-02      8.633778814994E-03
   77.900000      2.713979829608E-02      7.874931871496E-03
   78.000000      2.468408369877E-02      7.050132115383E-03
   78.100000      2.232149886622E-02      6.259941314136E-03
   78.200000      2.031664015214E-02      5.590796283166E-03
   78.300000      1.886045397590E-02      5.101697539862E-03
   78.400000      1.804363283308E-02      4.816843107076E-03
   78.500000      1.784463344428E-02      4.725798159310E-03
   78.600000      1.813960769301E-02      4.791003305380E-03
   78.700000      1.874410913517E-02      4.960589259158E-03
   78.800000      1.947407174621E-02      5.183152454124E-03
   78.900000      2.019590856337E-02      5.420771846542E-03
   79.000000      2.085322522535E-02      5.657209951753E-03
   79.100000      2.147160286562E-02      5.899685599443E-03
   79.200000      2.214393847180E-02      6.174337340814E-03
   79.300000      2.299920926808E-02      6.516986610966E-03
   79.400000      2.415822720682E-02      6.961692311941E-03
   79.500000      2.568768181514E-02      7.529759330009E-03
   79.600000      2.757837619800E-02      8.221457718994E-03
   79.700000      2.974811564496E-02      9.011986244665E-03
   79.800000      3.205246393381E-02      9.852414942380E-03
   79.900000      3.430135704375E-02      1.067558733443E-02
   80.000000      3.628369917002E-02      1.140624192453E-02
   80.100000      3.780050849573E-02      1.197386346672E-02
   80.200000      3.870237687105E-02      1.232601895296E-02
   80.300000      3.892200276922E-02      1.243936300251E-02
   80.400000      3.849294863861E-02      1.232543799961E-02
   80.500000      3.754917449206E-02      1.202914160641E-02
   80.600000      3.630259371187E-02      1.161934638682E-02
   80.700000      3.499795076374E-02      1.117332380099E-02
   80.800000      3.385017951211E-02      1.075870316439E-02
   80.900000      3.298445102215E-02      1.041790797356E-02
   81.000000      3.240602834778E-02      1.015975164583E-02
   81.100000      3.201408687913E-02      9.960997394967E-03
   81.200000      3.165199017381E-02      9.777652911068E-03
   81.300000      3.116771383610E-02      9.562552754120E-03
   81.400000      3.046385877100E-02      9.283537324019E-03
   81.500000      2.952829145912E-02      8.936159271029E-03
   81.600000      2.844049667348E-02      8.546582421900E-03
   81.700000      2.735168764600E-02      8.163645680517E-03
   81.800000      2.644209942079E-02      7.842794970846E-03
   81.900000      2.586410636881E-02      7.627403176016E-03
   82.000000      2.568576709942E-02      7.533883047267E-03
   82.100000      2.585886223985E-02      7.545638719507E-03
   82.200000      2.623299874842E-02      7.617806081894E-03
   82.300000      2.660780307518E-02      7.691031271471E-03
   82.400000      2.679568659355E-02      7.709554082047E-03
   82.500000      2.667361103386E-02      7.637627455722E-03
   82.600000      2.621215493599E-02      7.469179912540E-03
   82.700000      2.547849280647E-02      7.228198857066E-03
   82.800000      2.461641297733E-02      6.960558221778E-03
   82.900000      2.380984786777E-02      6.720712166172E-03
   83.000000      2.323677527145E-02      6.557885433032E-03
   83.100000      2.302259927617E-02      6.505809196692E-03
   83.200000      2.321125493313E-02      6.578104752067E-03
   83.300000      2.376958171019E-02      6.769035428041E-03
   83.400000      2.461577710826E-02      7.057538637355E-03
   83.500000      2.564821038814E-02      7.411878983817E-03
   83.600000      2.675990955173E-02      7.793004293434E-03
   83.700000      2.783791431458E-02      8.156242417812E-03
   83.800000      2.875482040256E-02      8.452527362464E-03
   83.900000      2.936551943010E-02      8.631108710118E-03
   84.000000      2.952116662880E-02      8.645273110337E-03
   84.100000      2.909925210179E-02      8.461135745730E-03
   84.200000      2.803887244903E-02      8.067683708302E-03
   84.300000      2.637024797644E-02      7.484840575278E-03
   84.400000      2.422969841474E-02      6.766094950629E-03
   84.500000      2.185390909980E-02      5.993450053507E-03
   84.600000      1.955051278551E-02      5.264761678154E-03
   84.700000      1.764574086926E-02      4.676113053256E-03
   84.800000      1.641687834853E-02      4.303746215111E-03
   84.900000      1.602870265998E-02      4.190486931759E-03
   85.000000      1.649981450070E-02      4.340356535676E-03
   85.100000      1.771269394700E-02      4.722569292461E-03
   85.200000      1.946017338421E-02      5.283233790536E-03
   85.300000      2.151195653690E-02      5.960803519843E-03
   85.400000      2.367367104307E-02      6.700413986738E-03
   85.500000      2.581917274347E-02      7.462967586790E-03
   85.600000      2.789386577569E-02      8.226880340673E-03
   85.700000      2.989400087965E-02      8.983034865436E-03
   85.800000      3.183181770547E-02      9.725761100788E-03
   85.900000      3.369969124747E-02      1.044381074566E-02
   86.000000      3.544789094439E-02      1.111495122256E-02
   86.100000      3.698633310367E-02      1.170617812776E-02
   86.200000      3.820635291202E-02      1.217929571219E-02
   86.300000      3.901024242145E-02      1.249961271876E-02
   86.400000      3.933740480924E-02      1.264448334706E-02
   86.500000      3.917922843306E-02      1.260871343483E-02
   86.600000      3.857930635466E-02      1.240524560424E-02
   86.700000      3.762026637954E-02      1.206140405495E-02
   86.800000      3.640262678709E-02      1.161254088319E-02
   86.900000      3.502408296818E-02      1.109558504765E-02
   87.000000      3.356743297679E-02      1.054457762194E-02
   87.100000      3.210015424169E-02      9.989070240551E-03
   87.200000      3.068189875346E-02      9.454854815047E-03
   87.300000      2.937309456026E-02      8.965495635215E-03
   87.400000      2.823813386167E-02      8.542939361829E-03
   87.500000      2.733996556934E-02      8.206116808925E-03
   87.600000      2.672695963145E-02      7.967613044527E-03
   87.700000      2.641574060651E-02      7.829651190286E-03
   87.800000      2.637736943025E-02      7.781286931524E-03
   87.900000      2.653613683070E-02      7.798526273565E-03
   88.000000      2.678466173846E-02      7.848088514883E-03
   88.100000      2.700964318319E-02      7.894127921226E-03
   88.200000      2.711836264796E-02      7.905995689961E-03
   88.300000      2.705743217751E-02      7.864609348208E-03
   88.400000      2.681860818941E-02      7.765439050283E-03
   88.500000      2.643125194699E-02      7.617345841248E-03
   88.600000      2.594646286799E-02      7.438010323008E-03
   88.700000      2.542031651748E-02      7.247861876576E-03
   88.800000      2.490135280504E-02      7.064805964223E-03
   88.900000      2.442457416088E-02      6.901529012668E-03
   89.000000      2.401314192042E-02      6.765973571610E-03
   89.100000      2.368691515726E-02      6.664202364123E-03
   89.200000      2.347287111485E-02      6.603844420900E-03
   89.300000      2.341026707124E-02      6.596035512128E-03
   89.400000      2.354597127135E-02      6.654345746141E-03
   89.500000      2.392011894397E-02      6.790424990922E-03
   89.600000      2.454649343807E-02      7.007534458554E-03
   89.700000      2.539384625120E-02      7.294225946681E-03
   89.800000      2.637466251311E-02      7.620752780881E-03
   89.900000      2.734851498304E-02      7.940201654166E-03
   90.000000      2.814270825394E-02      8.195000417262E-03
   90.100000      2.858513125479E-02      8.327804564958E-03
   90.200000      2.854061722119E-02      8.294302885574E-03
   90.300000      2.794245489744E-02      8.074652594307E-03
   90.400000      2.681227039750E-02      7.680327425317E-03
   90.500000      2.526368756208E-02      7.154180263001E-03
   90.600000      2.348767821960E-02      6.563269349622E-03
   90.700000      2.172049205463E-02      5.986016577700E-03
   90.800000      2.019887753950E-02      5.496953551125E-03
   90.900000      1.911212218191E-02      5.153097910814E-03
   91.000000      1.856551898552E-02      4.985571300139E-03
   91.100000      1.857151250749E-02      4.998497977185E-03
   91.200000      1.907235657507E-02      5.174978025891E-03
   91.300000      1.997621789937E-02      5.487723652521E-03
   91.400000      2.119058991001E-02      5.910506725947E-03
   91.500000      2.264962167409E-02      6.426394405703E-03
   91.600000      2.432810303358E-02      7.029952557551E-03
   91.700000      2.623209221352E-02      7.722811702935E-03
   91.800000      2.836752382381E-02      8.504469998657E-03
   91.900000      3.070265445680E-02      9.362056491309E-03
   92.000000      3.314499026295E-02      1.026328102990E-02
   92.100000      3.554393573744E-02      1.115571561091E-02
   92.200000      3.771584692946E-02      1.197324870233E-02
   92.300000      3.947923406440E-02      1.264788517833E-02
   92.400000      4.068811125608E-02      1.312306196117E-02
   92.500000      4.125810409823E-02      1.336411268464E-02
   92.600000      4.117957217286E-02      1.336267077222E-02
   92.700000      4.051071068623E-02      1.313418479109E-02
   92.800000      3.935201234958E-02      1.271035005038E-02
   92.900000      3.781239329514E-02      1.213004407083E-02
   93.000000      3.598357771086E-02      1.143255766168E-02
   93.100000      3.393741185052E-02      1.065547877722E-02
   93.200000      3.174570680999E-02      9.837150130749E-03
   93.300000      2.950743426223E-02      9.021245668461E-03
   93.400000      2.736633013177E-02      8.259741150331E-03
   93.500000      2.550742753511E-02      7.610988013127E-03
   93.600000      2.412860353354E-02      7.131630065071E-03
   93.700000      2.339324410209E-02      6.863936576935E-03
   93.800000      2.337648412310E-02      6.822587063172E-03
   93.900000      2.402066975769E-02      6.985951834994E-03
   94.000000      2.512784543748E-02      7.295943542567E-03
   94.100000      2.640656792152E-02      7.667840180377E-03
   94.200000      2.754814069159E-02      8.008075419481E-03
   94.300000      2.829835167631E-02      8.235148437060E-03
   94.400000      2.850770686887E-02      8.297608002780E-03
   94.500000      2.815385511473E-02      8.183962507506E-03
   94.600000      2.733511438389E-02      7.922002875288E-03
   94.700000      2.623827620635E-02      7.568400225209E-03
   94.800000      2.508813027978E-02      7.192327316544E-03
   94.900000      2.409068037115E-02      6.858280912660E-03
   95.000000      2.338646838805E-02      6.612887217210E-03
   95.100000      2.303056716302E-02      6.478581898479E-03
   95.200000      2.300370811644E-02      6.454499061434E-03
   95.300000      2.324055818026E-02      6.522652366504E-03
   95.400000      2.365758921034E-02      6.656288740984E-03
   95.500000      2.417281022850E-02      6.827400728572E-03
   95.600000      2.471658876654E-02      7.011525553028E-03
   95.700000      2.523427534523E-02      7.189497625965E-03
   95.800000      2.568393863726E-02      7.347055879859E-03
   95.900000      2.603457650555E-02      7.473688703053E-03
   96.000000      2.626628378558E-02      7.561798417854E-03
   96.100000      2.637080832258E-02      7.606525625726E-03
   96.200000      2.635075826419E-02      7.605880614937E-03
   96.300000      2.621644057614E-02      7.560560781969E-03
   96.400000      2.598073897812E-02      7.473087562561E-03
   96.500000      2.565310766610E-02      7.346481004658E-03
   96.600000      2.523432147191E-02      7.183239460591E-03
   96.700000      2.471596237795E-02      6.985550098047E-03
   96.800000      2.408870898646E-02      6.757251308644E-03
   96.900000      2.335873354378E-02      6.507213711972E-03
   97.000000      2.256549725610E-02      6.252876392660E-03
   97.100000      2.179258539576E-02      6.022147321044E-03
   97.200000      2.116570668651E-02      5.852101489229E-03
   97.300000      2.083450520443E-02      5.783914176003E-03
   97.400000      2.093858132729E-02      5.854905623695E-03
   97.500000      2.156645634674E-02      6.089866249527E-03
   97.600000      2.272592918837E-02      6.494415678671E-03
   97.700000      2.434201112791E-02      7.052728667480E-03
   97.800000      2.627970270594E-02      7.730633008534E-03
   97.900000      2.837851810308E-02      8.483296025293E-03
   98.000000      3.048894767680E-02      9.265094965518E-03
   98.100000      3.250241176522E-02      1.003840221953E-02
   98.200000      3.436617310665E-02      1.077826513654E-02
   98.300000      3.607733183212E-02      1.147131637598E-02
   98.400000      3.765605625433E-02      1.210931545199E-02
   98.500000      3.910685447320E-02      1.267980059119E-02
   98.600000      4.038388584646E-02      1.315765660338E-02
   98.700000      4.137645995224E-02      1.350143194048E-02
   98.800000      4.192226823539E-02      1.365686769897E-02
   98.900000      4.184278286174E-02      1.356774032942E-02
   99.000000      4.098913404557E-02      1.319153951631E-02
   99.100000      3.928760615694E-02      1.251556726064E-02
   99.200000      3.677485136608E-02      1.156842347308E-02
   99.300000      3.361472484209E-02      1.042279897170E-02
   99.400000      3.009213956621E-02      9.187790420733E-03
   99.500000      2.658274539776E-02      7.991901434008E-03
   99.600000      2.349789478947E-02      6.960581150905E-03
   99.700000      2.120417616225E-02      6.193730655032E-03
   99.800000      1.993500399387E-02      5.748604871782E-03
   99.900000      1.973600558533E-02      5.632005216314E-03
  100.000000      2.046587389203E-02      5.803119902304E-03
