# M=24, N=12, V0=0.0, V=0.25, PBC
#  time (tJ)                 S₁(n=6)                 S₂(n=6)
    0.000000     -4.352074256531E-14     -8.881784197001E-16
    0.100000      3.734523070677E-03      7.349920310968E-04
    0.200000      1.236504107877E-02      2.804198024965E-03
    0.300000      2.355892577894E-02      5.832182147604E-03
    0.400000      3.530875275853E-02      9.290714695191E-03
    0.500000      4.590195418584E-02      1.261713430131E-02
    0.600000      5.408130666292E-02      1.533318689330E-02
    0.700000      5.915981978904E-02      1.713501707994E-02
    0.800000      6.104932183813E-02      1.793476065370E-02
    0.900000      6.019932561660E-02      1.784852370066E-02
    1.000000      5.746178411193E-02      1.713989483498E-02
    1.100000      5.390649236525E-02      1.613846590921E-02
    1.200000      5.059833208015E-02      1.515669009065E-02
    1.300000      4.833594185400E-02      1.442547773387E-02
    1.400000      4.745467509545E-02      1.406091637469E-02
    1.500000      4.783856190946E-02      1.406438935294E-02
    1.600000      4.909103456314E-02      1.434937419766E-02
    1.700000      5.070907277335E-02      1.478272022799E-02
    1.800000      5.222305394087E-02      1.522714539996E-02
    1.900000      5.330196441274E-02      1.557443148767E-02
    2.000000      5.379416550246E-02      1.576367964094E-02
    2.100000      5.371517431651E-02      1.578410423136E-02
    2.200000      5.319781711970E-02      1.566571361379E-02
    2.300000      5.244005423279E-02      1.546316360416E-02
    2.400000      5.165162299370E-02      1.523815319224E-02
    2.500000      5.100419950823E-02      1.504453550765E-02
    2.600000      5.060537586826E-02      1.491856160404E-02
    2.700000      5.049552233634E-02      1.487496013228E-02
    2.800000      5.064348072034E-02      1.490823395833E-02
    2.900000      5.096166985434E-02      1.499773800037E-02
    3.000000      5.135914363189E-02      1.511475509311E-02
    3.100000      5.177450511818E-02      1.522981853043E-02
    3.200000      5.215555230784E-02      1.531884396614E-02
    3.300000      5.243126635033E-02      1.536712618115E-02
    3.400000      5.254342056807E-02      1.537081184679E-02
    3.500000      5.247534887417E-02      1.533596575759E-02
    3.600000      5.225390693041E-02      1.527573090647E-02
    3.700000      5.194166858431E-02      1.520632651858E-02
    3.800000      5.162940520450E-02      1.514275601676E-02
    3.900000      5.142427172798E-02      1.509511856021E-02
    4.000000      5.140185442825E-02      1.506629265037E-02
    4.100000      5.152863460242E-02      1.505142999947E-02
    4.200000      5.168722943121E-02      1.503918058185E-02
    4.300000      5.175716353259E-02      1.501402746231E-02
    4.400000      5.165626313642E-02      1.495879536010E-02
    4.500000      5.135312095528E-02      1.485649027860E-02
    4.600000      5.085805582484E-02      1.469109131564E-02
    4.700000      5.018819766080E-02      1.444749991606E-02
    4.800000      4.931781685371E-02      1.411125738680E-02
    4.900000      4.817152987411E-02      1.366871140175E-02
    5.000000      4.666351231975E-02      1.310810072148E-02
    5.100000      4.473209338897E-02      1.242171158201E-02
    5.200000      4.235678888555E-02      1.160898661296E-02
    5.300000      3.956305085330E-02      1.068026678310E-02
    5.400000      3.642185676693E-02      9.660658854318E-03
    5.500000      3.305454962906E-02      8.593295824110E-03
    5.600000      2.964800610363E-02      7.541033826041E-03
    5.700000      2.647128345624E-02      6.585527393303E-03
    5.800000      2.387406048313E-02      5.822778997123E-03
    5.900000      2.224733036615E-02      5.354731486433E-03
    6.000000      2.194601520223E-02      5.277216952996E-03
    6.100000      2.320524344283E-02      5.665451198701E-03
    6.200000      2.608969892047E-02      6.559079695077E-03
    6.300000      3.047669046879E-02      7.949348626317E-03
    6.400000      3.607095743192E-02      9.771135795245E-03
    6.500000      4.244165472613E-02      1.190222669199E-02
    6.600000      4.906680318646E-02      1.417133011508E-02
    6.700000      5.538186705380E-02      1.637496294687E-02
    6.800000      6.083313646594E-02      1.830168146175E-02
    6.900000      6.493380240007E-02      1.976049747628E-02
    7.000000      6.731851967658E-02      2.060905904768E-02
    7.100000      6.779085539744E-02      2.077664449297E-02
    7.200000      6.635753892884E-02      2.027744308236E-02
    7.300000      6.324343766286E-02      1.921100759357E-02
    7.400000      5.888197062594E-02      1.774896740356E-02
    7.500000      5.387842305754E-02      1.610968333210E-02
    7.600000      4.894527006977E-02      1.452496703495E-02
    7.700000      4.480596255152E-02      1.320471437781E-02
    7.800000      4.206104138782E-02      1.230586643564E-02
    7.900000      4.103688984376E-02      1.191131476840E-02
    8.000000      4.170187118728E-02      1.202233760779E-02
    8.100000      4.372384228091E-02      1.256533694490E-02
    8.200000      4.660686904034E-02      1.341070753612E-02
    8.300000      4.981150060028E-02      1.439932117568E-02
    8.400000      5.284185399057E-02      1.537092024481E-02
    8.500000      5.530583135847E-02      1.618893325839E-02
    8.600000      5.694935300421E-02      1.675769781391E-02
    8.700000      5.766547499976E-02      1.703028957102E-02
    8.800000      5.748352445634E-02      1.700741458053E-02
    8.900000      5.654491144889E-02      1.672949882732E-02
    9.000000      5.506995851195E-02      1.626485714412E-02
    9.100000      5.332067680960E-02      1.569666363564E-02
    9.200000      5.156339257826E-02      1.511069139920E-02
    9.300000      5.003431162447E-02      1.458487309316E-02
    9.400000      4.891150156091E-02      1.418102190583E-02
    9.500000      4.829646226253E-02      1.393872796891E-02
    9.600000      4.820917873190E-02      1.387148652363E-02
    9.700000      4.859701535277E-02      1.396534657035E-02
    9.800000      4.934896759315E-02      1.418055271630E-02
    9.900000      5.030342559766E-02      1.445657645435E-02
   10.000000      5.125069709893E-02      1.472049159159E-02
   10.100000      5.195572338579E-02      1.489789861390E-02
   10.200000      5.220413190340E-02      1.492476848994E-02
   10.300000      5.184310602058E-02      1.475798574681E-02
   10.400000      5.080747322952E-02      1.438232560496E-02
   10.500000      4.912947593243E-02      1.381223066424E-02
   10.600000      4.693150772087E-02      1.308793410631E-02
   10.700000      4.440301864216E-02      1.226686250518E-02
   10.800000      4.176411413173E-02      1.141241244419E-02
   10.900000      3.922155676763E-02      1.058278555064E-02
   11.000000      3.692751083976E-02      9.822440526825E-03
   11.100000      3.495719297065E-02      9.157956599508E-03
   11.200000      3.331798185474E-02      8.598946594934E-03
   11.300000      3.198138140137E-02      8.143425891675E-03
   11.400000      3.091655858707E-02      7.786024482217E-03
   11.500000      3.011536347314E-02      7.526816289690E-03
   11.600000      2.961162441303E-02      7.378408110078E-03
   11.700000      2.949482499680E-02      7.369259676491E-03
   11.800000      2.990798708826E-02      7.541923533952E-03
   11.900000      3.102068613710E-02      7.945905765537E-03
   12.000000      3.297887381718E-02      8.626041614577E-03
   12.100000      3.585360133945E-02      9.608485931138E-03
   12.200000      3.960724038990E-02      1.088738723555E-02
   12.300000      4.407568326074E-02      1.241573308931E-02
   12.400000      4.896778682788E-02      1.410344076684E-02
   12.500000      5.389592492141E-02      1.582441536342E-02
   12.600000      5.843396190083E-02      1.743220715706E-02
   12.700000      6.218107249818E-02      1.878159626148E-02
   12.800000      6.481847020152E-02      1.975162780785E-02
   12.900000      6.615162730640E-02      2.026495511731E-02
   13.000000      6.613245995132E-02      2.029912269174E-02
   13.100000      6.485902255837E-02      1.988745547089E-02
   13.200000      6.255364870461E-02      1.910990571247E-02
   13.300000      5.952423698541E-02      1.807671946523E-02
   13.400000      5.611653559844E-02      1.690936467343E-02
   13.500000      5.266539863248E-02      1.572336833336E-02
   13.600000      4.945695060347E-02      1.461654113009E-02
   13.700000      4.671361610304E-02      1.366396223990E-02
   13.800000      4.459745217582E-02      1.291878823751E-02
   13.900000      4.321869066194E-02      1.241622635592E-02
   14.000000      4.263930981449E-02      1.217744162438E-02
   14.100000      4.287329291641E-02      1.221088857193E-02
   14.200000      4.389023068787E-02      1.251022961473E-02
   14.300000      4.561192853732E-02      1.304993872351E-02
   14.400000      4.789677052792E-02      1.378113107334E-02
   14.500000      5.052912463364E-02      1.463055972501E-02
   14.600000      5.322951420600E-02      1.550493317813E-02
   14.700000      5.568695139486E-02      1.630102116372E-02
   14.800000      5.760297114413E-02      1.692003320245E-02
   14.900000      5.873742896503E-02      1.728317383308E-02
   15.000000      5.894792909159E-02      1.734465129170E-02
   15.100000      5.821344417023E-02      1.709895802650E-02
   15.200000      5.663690162059E-02      1.658075923850E-02
   15.300000      5.442667828007E-02      1.585769212020E-02
   15.400000      5.186081231382E-02      1.501812594154E-02
   15.500000      4.924175037581E-02      1.415690075316E-02
   15.600000      4.685158515561E-02      1.336200239791E-02
   15.700000      4.491786401432E-02      1.270419534083E-02
   15.800000      4.359429032119E-02      1.223030437728E-02
   15.900000      4.294682960267E-02      1.195971781123E-02
   16.000000      4.293993597251E-02      1.188324075981E-02
   16.100000      4.343602174110E-02      1.196376094305E-02
   16.200000      4.421541357021E-02      1.213899094641E-02
   16.300000      4.500629674545E-02      1.232724706037E-02
   16.400000      4.551745313294E-02      1.243726370587E-02
   16.500000      4.547526550436E-02      1.238217551009E-02
   16.600000      4.466798742587E-02      1.209622375724E-02
   16.700000      4.299389176201E-02      1.155104853683E-02
   16.800000      4.050203408119E-02      1.076736642432E-02
   16.900000      3.741226386287E-02      9.818018844675E-03
   17.000000      3.410439045130E-02      8.820006991592E-03
   17.100000      3.106990011897E-02      7.915861648095E-03
   17.200000      2.882221973471E-02      7.247729611040E-03
   17.300000      2.777666072641E-02      6.929911965250E-03
   17.400000      2.814597969165E-02      7.026456883763E-03
   17.500000      2.989484670488E-02      7.539439228740E-03
   17.600000      3.276491324868E-02      8.410960277764E-03
   17.700000      3.635550233255E-02      9.538368621321E-03
   17.800000      4.022453985984E-02      1.079871565573E-02
   17.900000      4.398037586862E-02      1.207600695174E-02
   18.000000      4.735051823895E-02      1.328411510134E-02
   18.100000      5.021840675317E-02      1.437950400189E-02
   18.200000      5.262196611290E-02      1.536081704274E-02
   18.300000      5.471469530831E-02      1.625606206203E-02
   18.400000      5.669592804681E-02      1.710153926587E-02
   18.500000      5.872226157171E-02      1.791888205842E-02
   18.600000      6.082329899643E-02      1.869706481776E-02
   18.700000      6.285928055905E-02      1.938489960314E-02
   18.800000      6.454271440960E-02      1.989675824756E-02
   18.900000      6.551282127035E-02      2.013070754651E-02
   19.000000      6.543185822177E-02      1.999480833718E-02
   19.100000      6.407444160561E-02      1.943489407400E-02
   19.200000      6.139420042217E-02      1.845640729313E-02
   19.300000      5.755855610606E-02      1.713411518453E-02
   19.400000      5.294634578292E-02      1.560647227797E-02
   19.500000      4.810710208632E-02      1.405525051703E-02
   19.600000      4.368519962235E-02      1.267473815628E-02
   19.700000      4.031696742565E-02      1.163732451491E-02
   19.800000      3.850565226088E-02      1.106303554613E-02
   19.900000      3.847704932158E-02      1.099948666814E-02
   20.000000      4.010417068205E-02      1.141615858370E-02
   20.100000      4.297106801658E-02      1.221356274658E-02
   20.200000      4.650163906674E-02      1.324455758455E-02
   20.300000      5.010939426795E-02      1.434258890578E-02
   20.400000      5.330406171446E-02      1.535054601895E-02
   20.500000      5.574046918665E-02      1.614446073885E-02
   20.600000      5.723191549321E-02      1.664815770647E-02
   20.700000      5.774203026409E-02      1.683750706600E-02
   20.800000      5.736327068396E-02      1.673530570460E-02
   20.900000      5.628523619799E-02      1.639939054658E-02
   21.000000      5.475372674961E-02      1.590716382400E-02
   21.100000      5.302356920247E-02      1.533950276301E-02
   21.200000      5.131326627186E-02      1.476645526953E-02
   21.300000      4.977146569461E-02      1.423653824601E-02
   21.400000      4.846000600781E-02      1.377096453500E-02
   21.500000      4.735531396698E-02      1.336360759368E-02
   21.600000      4.636653592868E-02      1.298677545549E-02
   21.700000      4.536567068784E-02      1.260182969043E-02
   21.800000      4.422691635615E-02      1.217250594639E-02
   21.900000      4.286591268269E-02      1.167783718498E-02
   22.000000      4.126861236788E-02      1.112127920349E-02
   22.100000      3.950490646462E-02      1.053327980753E-02
   22.200000      3.772399769899E-02      9.966104798980E-03
   22.300000      3.612999754371E-02      9.481874527378E-03
   22.400000      3.493870259219E-02      9.136853872551E-03
   22.500000      3.431928275489E-02      8.966388039441E-03
   22.600000      3.433446169622E-02      8.974964761412E-03
   22.700000      3.490919312453E-02      9.134562397048E-03
   22.800000      3.584915244939E-02      9.392043227932E-03
   22.900000      3.690417798777E-02      9.683619651807E-03
   23.000000      3.784820133470E-02      9.952281626042E-03
   23.100000      3.854203874130E-02      1.016327239565E-02
   23.200000      3.896354560627E-02      1.031348528853E-02
   23.300000      3.920587677170E-02      1.043266228672E-02
   23.400000      3.945230729812E-02      1.057669268179E-02
   23.500000      3.993513268610E-02      1.081525473675E-02
   23.600000      4.088536313613E-02      1.121695329460E-02
   23.700000      4.248217803094E-02      1.183494322389E-02
   23.800000      4.481442354027E-02      1.269520314083E-02
   23.900000      4.785815857652E-02      1.378871290855E-02
   24.000000      5.146283846825E-02      1.506820975790E-02
   24.100000      5.535610907161E-02      1.645001083416E-02
   24.200000      5.918655847885E-02      1.782131290667E-02
   24.300000      6.258201095903E-02      1.905300292509E-02
   24.400000      6.519893136680E-02      2.001708673879E-02
   24.500000      6.676439282578E-02      2.060648420714E-02
   24.600000      6.711168662225E-02      2.075363206083E-02
   24.700000      6.620463172974E-02      2.044372468969E-02
   24.800000      6.414650917486E-02      1.971899575935E-02
   24.900000      6.117280757753E-02      1.867227437794E-02
   25.000000      5.762617067998E-02      1.743071264239E-02
   25.100000      5.390950417504E-02      1.613326911434E-02
   25.200000      5.041701193351E-02      1.490733346514E-02
   25.300000      4.745314765771E-02      1.385011821454E-02
   25.400000      4.517767938366E-02      1.301896846305E-02
   25.500000      4.361627770954E-02      1.243200240417E-02
   25.600000      4.271416650302E-02      1.207740620733E-02
   25.700000      4.239101959876E-02      1.192730576390E-02
   25.800000      4.257504147880E-02      1.195121019352E-02
   25.900000      4.321148248765E-02      1.212481433405E-02
   26.000000      4.425741646630E-02      1.243208159101E-02
   26.100000      4.567053895147E-02      1.286115376495E-02
   26.200000      4.738659704150E-02      1.339676827308E-02
   26.300000      4.930536231533E-02      1.401278514924E-02
   26.400000      5.129408695834E-02      1.466794987915E-02
   26.500000      5.319553017779E-02      1.530651634350E-02
   26.600000      5.483660064345E-02      1.586353861631E-02
   26.700000      5.604115334560E-02      1.627322038413E-02
   26.800000      5.665346664768E-02      1.647810388587E-02
   26.900000      5.656408793332E-02      1.643709883692E-02
   27.000000      5.572396576417E-02      1.613108494639E-02
   27.100000      5.414482563666E-02      1.556564017796E-02
   27.200000      5.189455872987E-02      1.477101790000E-02
   27.300000      4.909743907736E-02      1.379971025016E-02
   27.400000      4.593535948509E-02      1.272190348190E-02
   27.500000      4.264090397093E-02      1.161907281988E-02
   27.600000      3.947678334192E-02      1.057605698104E-02
   27.700000      3.670354171669E-02      9.672228902229E-03
   27.800000      3.454597188750E-02      8.972721241348E-03
   27.900000      3.316205130399E-02      8.520886916984E-03
   28.000000      3.261716594495E-02      8.333138343253E-03
   28.100000      3.287569572408E-02      8.397002342626E-03
   28.200000      3.380996328038E-02      8.672763326710E-03
   28.300000      3.521992727384E-02      9.098606455892E-03
   28.400000      3.686063235630E-02      9.598825613780E-03
   28.500000      3.847399776817E-02      1.009442370941E-02
   28.600000      3.982436510022E-02      1.051519622633E-02
   28.700000      4.073736153667E-02      1.081202580190E-02
   28.800000      4.113869488265E-02      1.096760084452E-02
   28.900000      4.108147787012E-02      1.100326828064E-02
   29.000000      4.075117975097E-02      1.097957721864E-02
   29.100000      4.044342500940E-02      1.098864056635E-02
   29.200000      4.051387154503E-02      1.113793156225E-02
   29.300000      4.130675835007E-02      1.152737506115E-02
   29.400000      4.307402268711E-02      1.222401298277E-02
   29.500000      4.589751956443E-02      1.324027765638E-02
   29.600000      4.962473020526E-02      1.452218525146E-02
   29.700000      5.386331913391E-02      1.595212126019E-02
   29.800000      5.807077681018E-02      1.736749567057E-02
   29.900000      6.168048981223E-02      1.859221064554E-02
   30.000000      6.421973991753E-02      1.947388013685E-02
   30.100000      6.540124374401E-02      1.991741264060E-02
   30.200000      6.517547598115E-02      1.990585651611E-02
   30.300000      6.373762819142E-02      1.950245889974E-02
   30.400000      6.148790310898E-02      1.883292488221E-02
   30.500000      5.894722358735E-02      1.805239548118E-02
   30.600000      5.663197305424E-02      1.730599745867E-02
   30.700000      5.490370195821E-02      1.669364030959E-02
   30.800000      5.385567417821E-02      1.624853295519E-02
   30.900000      5.331338137904E-02      1.593506114705E-02
   31.000000      5.293603497905E-02      1.566631468972E-02
   31.100000      5.234234954783E-02      1.533614363746E-02
   31.200000      5.122548890444E-02      1.485659877359E-02
   31.300000      4.944174900668E-02      1.419007344170E-02
   31.400000      4.706156016100E-02      1.336689053138E-02
   31.500000      4.437398065108E-02      1.248314720899E-02
   31.600000      4.183992757827E-02      1.167922620727E-02
   31.700000      3.999637132089E-02      1.110487972117E-02
   31.800000      3.931619768803E-02      1.088055757504E-02
   31.900000      4.003190188630E-02      1.106559273184E-02
   32.000000      4.203458476051E-02      1.164177063158E-02
   32.100000      4.494880255173E-02      1.251638999996E-02
   32.200000      4.826288048676E-02      1.354348542437E-02
   32.300000      5.144506673766E-02      1.455695331449E-02
   32.400000      5.403944329158E-02      1.540625757197E-02
   32.500000      5.573645946372E-02      1.598504820475E-02
   32.600000      5.640896443998E-02      1.624551852533E-02
   32.700000      5.610852357169E-02      1.619591579848E-02
   32.800000      5.502342956447E-02      1.588386400745E-02
   32.900000      5.340580591297E-02      1.537235283053E-02
   33.000000      5.147509180015E-02      1.471703835108E-02
   33.100000      4.932940103699E-02      1.395238405237E-02
   33.200000      4.694616231825E-02      1.309064525858E-02
   33.300000      4.425569641890E-02      1.213302452451E-02
   33.400000      4.122262720153E-02      1.108803857533E-02
   33.500000      3.791177254688E-02      9.989579406644E-03
   33.600000      3.452591871711E-02      8.907110645836E-03
   33.700000      3.140458638271E-02      7.942945847491E-03
   33.800000      2.897694623184E-02      7.215845401172E-03
   33.900000      2.766706980056E-02      6.834873242475E-03
   34.000000      2.776291894367E-02      6.871016311193E-03
   34.100000      2.930098455205E-02      7.335279807957E-03
   34.200000      3.204534382655E-02      8.170399426040E-03
   34.300000      3.555905228285E-02      9.259443321303E-03
   34.400000      3.931691447414E-02      1.044962441756E-02
   34.500000      4.282029724845E-02      1.158514651247E-02
   34.600000      4.568860930300E-02      1.254026423363E-02
   34.700000      4.771429821102E-02      1.324378279304E-02
   34.800000      4.887957130156E-02      1.368894282319E-02
   34.900000      4.933779886368E-02      1.392711888784E-02
   35.000000      4.936616321771E-02      1.404848739212E-02
   35.100000      4.930043823486E-02      1.415620948686E-02
   35.200000      4.946288370023E-02      1.434168405953E-02
   35.300000      5.008987409920E-02      1.466692939455E-02
   35.400000      5.127945625904E-02      1.515693756676E-02
   35.500000      5.299212407697E-02      1.580125110037E-02
   35.600000      5.509302791423E-02      1.656137908003E-02
   35.700000      5.739824186279E-02      1.737984389848E-02
   35.800000      5.970921166313E-02      1.818769382570E-02
   35.900000      6.182301707331E-02      1.890953453518E-02
   36.000000      6.352458689793E-02      1.946737962353E-02
   36.100000      6.458755620445E-02      1.978579409640E-02
   36.200000      6.480235119465E-02      1.980032887372E-02
   36.300000      6.401743158477E-02      1.946932556305E-02
   36.400000      6.217684011906E-02      1.878670765606E-02
   36.500000      5.934875907020E-02      1.779155251265E-02
   36.600000      5.574165025284E-02      1.657000415532E-02
   36.700000      5.170226110804E-02      1.524673589020E-02
   36.800000      4.768806545031E-02      1.396622091189E-02
   36.900000      4.420952088027E-02      1.286744433959E-02
   37.000000      4.173700591644E-02      1.205814432196E-02
   37.100000      4.056036774755E-02      1.159526367390E-02
   37.200000      4.064790248004E-02      1.147675449623E-02
   37.300000      4.168133885674E-02      1.164669765698E-02
   37.400000      4.324113545470E-02      1.201193604764E-02
   37.500000      4.493525005817E-02      1.246530621411E-02
   37.600000      4.646025980400E-02      1.290905808865E-02
   37.700000      4.762875215409E-02      1.327257254327E-02
   37.800000      4.837245834137E-02      1.352073278573E-02
   37.900000      4.872453659602E-02      1.365242429535E-02
   38.000000      4.878476082900E-02      1.369151968513E-02
   38.100000      4.867432116435E-02      1.367439378928E-02
   38.200000      4.850232124971E-02      1.363806964516E-02
   38.300000      4.836149445029E-02      1.361174694680E-02
   38.400000      4.832864543295E-02      1.361247260043E-02
   38.500000      4.844905892523E-02      1.364400229223E-02
   38.600000      4.870795107806E-02      1.369714348061E-02
   38.700000      4.901757929642E-02      1.375022465521E-02
   38.800000      4.923906617289E-02      1.376945236238E-02
   38.900000      4.921280471095E-02      1.371014323622E-02
   39.000000      4.877668783064E-02      1.352049003201E-02
   39.100000      4.777721611431E-02      1.314922449907E-02
   39.200000      4.608802573013E-02      1.255726755141E-02
   39.300000      4.364691083466E-02      1.173162477106E-02
   39.400000      4.049942983673E-02      1.069810132768E-02
   39.500000      3.683158083863E-02      9.528618854579E-03
   39.600000      3.298014075706E-02      8.339499110010E-03
   39.700000      2.941240111344E-02      7.279036511019E-03
   39.800000      2.667313679529E-02      6.505498345764E-03
   39.900000      2.530107343276E-02      6.159505855124E-03
   40.000000      2.571154665253E-02      6.336662304087E-03
   40.100000      2.805181874863E-02      7.066686989988E-03
   40.200000      3.209415801629E-02      8.304047641247E-03
   40.300000      3.730543000339E-02      9.932514268748E-03
   40.400000      4.303472741957E-02      1.178289334914E-02
   40.500000      4.864395019701E-02      1.366027613880E-02
   40.600000      5.358589351448E-02      1.537517918353E-02
   40.700000      5.745710282971E-02      1.677241109796E-02
   40.800000      6.002832205265E-02      1.775241311584E-02
   40.900000      6.125181945440E-02      1.828183634385E-02
   41.000000      6.124796157276E-02      1.839259802570E-02
   41.100000      6.027503797146E-02      1.817090071141E-02
   41.200000      5.868645457997E-02      1.773918006946E-02
   41.300000      5.688260239579E-02      1.723449138063E-02
   41.400000      5.526631960660E-02      1.678662747375E-02
   41.500000      5.419981601174E-02      1.649866528393E-02
   41.600000      5.394908783181E-02      1.643203068191E-02
   41.700000      5.459512709323E-02      1.659771563793E-02
   41.800000      5.596349767863E-02      1.695488634326E-02
   41.900000      5.769269630307E-02      1.741753946435E-02
   42.000000      5.935469190765E-02      1.786889097922E-02
   42.100000      6.053727898305E-02      1.818183050058E-02
   42.200000      6.090190597871E-02      1.824233045565E-02
   42.300000      6.022871297298E-02      1.797162921861E-02
   42.400000      5.844732656565E-02      1.734275933363E-02
   42.500000      5.564976463472E-02      1.638780628606E-02
   42.600000      5.208309737785E-02      1.519408113520E-02
   42.700000      4.812106251552E-02      1.388977593961E-02
   42.800000      4.421731826170E-02      1.262203368151E-02
   42.900000      4.084651578923E-02      1.153205657862E-02
   43.000000      3.843763019928E-02      1.073242215530E-02
   43.100000      3.729273779589E-02      1.029103546760E-02
   43.200000      3.747822774888E-02      1.022435905115E-02
   43.300000      3.877313408968E-02      1.050025451715E-02
   43.400000      4.080942875740E-02      1.104857267690E-02
   43.500000      4.321661188486E-02      1.177610553069E-02
   43.600000      4.568106521196E-02      1.258203041290E-02
   43.700000      4.796631823828E-02      1.337061833389E-02
   43.800000      4.990797270161E-02      1.405949561580E-02
   43.900000      5.139006057927E-02      1.458358376341E-02
   44.000000      5.231627950177E-02      1.489629431562E-02
   44.100000      5.259860403378E-02      1.497005316286E-02
   44.200000      5.217418245055E-02      1.479760742011E-02
   44.300000      5.103695924716E-02      1.439416964734E-02
   44.400000      4.926586625023E-02      1.379898479151E-02
   44.500000      4.703893312647E-02      1.307411310196E-02
   44.600000      4.462633063949E-02      1.229856184469E-02
   44.700000      4.235178320176E-02      1.155732975987E-02
   44.800000      4.049638213126E-02      1.092692645293E-02
   44.900000      3.920190825999E-02      1.046069278516E-02
   45.000000      3.848390652767E-02      1.017801970597E-02
   45.100000      3.825709565067E-02      1.006093691380E-02
   45.200000      3.835476284738E-02      1.005964342798E-02
   45.300000      3.856433514436E-02      1.010599970856E-02
   45.400000      3.867759376190E-02      1.013167694728E-02
   45.500000      3.854197053517E-02      1.008636314009E-02
   45.600000      3.809936388945E-02      9.951563279813E-03
   45.700000      3.740458811269E-02      9.746964620555E-03
   45.800000      3.661871657100E-02      9.528463085383E-03
   45.900000      3.598004127909E-02      9.378965361442E-03
   46.000000      3.576966174050E-02      9.394349718574E-03
   46.100000      3.627987888313E-02      9.667261903038E-03
   46.200000      3.777012306968E-02      1.027098477959E-02
   46.300000      4.039909339740E-02      1.124498191711E-02
   46.400000      4.415165064058E-02      1.258337447070E-02
   46.500000      4.882671863723E-02      1.422775175801E-02
   46.600000      5.406316278330E-02      1.606610707454E-02
   46.700000      5.937951642435E-02      1.793980885009E-02
   46.800000      6.423403076245E-02      1.965983565813E-02
   46.900000      6.809450403658E-02      2.103179993439E-02
   47.000000      7.050894053669E-02      2.188683478291E-02
   47.100000      7.117177133421E-02      2.211296975138E-02
   47.200000      6.997740184121E-02      2.168014516751E-02
   47.300000      6.705313786822E-02      2.065230507769E-02
   47.400000      6.276494808161E-02      1.918230601659E-02
   47.500000      5.769119494063E-02      1.748918979426E-02
   47.600000      5.256313201214E-02      1.582160056025E-02
   47.700000      4.817320555535E-02      1.441449853088E-02
   47.800000      4.524115451742E-02      1.344786973569E-02
   47.900000      4.419735703614E-02      1.301555182504E-02
   48.000000      4.498390936390E-02      1.310997878841E-02
   48.100000      4.711587066554E-02      1.362539475220E-02
   48.200000      4.989281957680E-02      1.437872665252E-02
   48.300000      5.256860303213E-02      1.514440842822E-02
   48.400000      5.446906107964E-02      1.569726996908E-02
   48.500000      5.508466284138E-02      1.585621463627E-02
   48.600000      5.414213831002E-02      1.552089758198E-02
   48.700000      5.165097066374E-02      1.469419512358E-02
   48.800000      4.791677514203E-02      1.348517945878E-02
   48.900000      4.351227397439E-02      1.209063919257E-02
   49.000000      3.919991914637E-02      1.075751694603E-02
   49.100000      3.580750768227E-02      9.733063244928E-03
   49.200000      3.406066360413E-02      9.212851024131E-03
   49.300000      3.438224842197E-02      9.298025690752E-03
   49.400000      3.672986247302E-02      9.971763839460E-03
   49.500000      4.057279816458E-02      1.110102014093E-02
   49.600000      4.507226804096E-02      1.246400118833E-02
   49.700000      4.933536826980E-02      1.379763064333E-02
   49.800000      5.260137718920E-02      1.485407230013E-02
   49.900000      5.436362917893E-02      1.545267615373E-02
   50.000000      5.443408638897E-02      1.551457272701E-02
   50.100000      5.294777121845E-02      1.507166177877E-02
   50.200000      5.031010097357E-02      1.424878868213E-02
   50.300000      4.709762983445E-02      1.322534152924E-02
   50.400000      4.392512016652E-02      1.218793307986E-02
   50.500000      4.129035897416E-02      1.128751323937E-02
   50.600000      3.944030470480E-02      1.061179791677E-02
   50.700000      3.835539142213E-02      1.017837658454E-02
   50.800000      3.784841323464E-02      9.947330263771E-03
   50.900000      3.767194879108E-02      9.846840914228E-03
   51.000000      3.759707231440E-02      9.802613171123E-03
   51.100000      3.746803982691E-02      9.762361411167E-03
   51.200000      3.723704235252E-02      9.709483238953E-03
   51.300000      3.697077840849E-02      9.664052886408E-03
   51.400000      3.682454092409E-02      9.673046600106E-03
   51.500000      3.699524654768E-02      9.794238704272E-03
   51.600000      3.767236134646E-02      1.007904189962E-02
   51.700000      3.899401838899E-02      1.055883649615E-02
   51.800000      4.099605102829E-02      1.123757146953E-02
   51.900000      4.356307646385E-02      1.209132658567E-02
   52.000000      4.645871282111E-02      1.307373868091E-02
   52.100000      4.942671715916E-02      1.412511570585E-02
   52.200000      5.226123520122E-02      1.518276989690E-02
   52.300000      5.483272078689E-02      1.619040417291E-02
   52.400000      5.708585458136E-02      1.710496831024E-02
   52.500000      5.901495254820E-02      1.790000829289E-02
   52.600000      6.063158415742E-02      1.856508716419E-02
   52.700000      6.194836679438E-02      1.910144509930E-02
   52.800000      6.297862872181E-02      1.951479581692E-02
   52.900000      6.373514657682E-02      1.980698088811E-02
   53.000000      6.421970409493E-02      1.996886404547E-02
   53.100000      6.439995538728E-02      1.997697650935E-02
   53.200000      6.417379722842E-02      1.979575848657E-02
   53.300000      6.337158393225E-02      1.938580785634E-02
   53.400000      6.182256020713E-02      1.871670619326E-02
   53.500000      5.942836145050E-02      1.778132656029E-02
   53.600000      5.621615453815E-02      1.660762346684E-02
   53.700000      5.236554022255E-02      1.526412816776E-02
   53.800000      4.820251079379E-02      1.385671741082E-02
   53.900000      4.415543530778E-02      1.251631269350E-02
   54.000000      4.068031410273E-02      1.137940158920E-02
   54.100000      3.818235537222E-02      1.056506668125E-02
   54.200000      3.695218113306E-02      1.015316608999E-02
   54.300000      3.711578213683E-02      1.016827071075E-02
   54.400000      3.859000888981E-02      1.057294868492E-02
   54.500000      4.105470578583E-02      1.127217069243E-02
   54.600000      4.401005851540E-02      1.212833876559E-02
   54.700000      4.690661460561E-02      1.298423247164E-02
   54.800000      4.925578930475E-02      1.368957083950E-02
   54.900000      5.069868309458E-02      1.412627363353E-02
   55.000000      5.104358031674E-02      1.422790947804E-02
   55.100000      5.027963787511E-02      1.398999932703E-02
   55.200000      4.857138469924E-02      1.346947098762E-02
   55.300000      4.623531467915E-02      1.277336704830E-02
   55.400000      4.369774500228E-02      1.203869465924E-02
   55.500000      4.143386279553E-02      1.140684998749E-02
   55.600000      3.989117972895E-02      1.099707869781E-02
   55.700000      3.939656056814E-02      1.088370597100E-02
   55.800000      4.005515366896E-02      1.108130163508E-02
   55.900000      4.169731106384E-02      1.154065072680E-02
   56.000000      4.391860093114E-02      1.215661543385E-02
   56.100000      4.619686244818E-02      1.278696225041E-02
   56.200000      4.800868526157E-02      1.327923204289E-02
   56.300000      4.891620965844E-02      1.350101450076E-02
   56.400000      4.863801004998E-02      1.336788665005E-02
   56.500000      4.710192511668E-02      1.286316679963E-02
   56.600000      4.447019855912E-02      1.204480457201E-02
   56.700000      4.113041443963E-02      1.103716639189E-02
   56.800000      3.764637400118E-02      1.000875484291E-02
   56.900000      3.466109153765E-02      9.140223149436E-03
   57.000000      3.275701172487E-02      8.589494757225E-03
   57.100000      3.231453954226E-02      8.461656560034E-03
   57.200000      3.342780039298E-02      8.790288450682E-03
   57.300000      3.590460999589E-02      9.534252726925E-03
   57.400000      3.933555235226E-02      1.059033828861E-02
   57.500000      4.320653694400E-02      1.181841861546E-02
   57.600000      4.701656208417E-02      1.307285633187E-02
   57.700000      5.037146991159E-02      1.423251024156E-02
   57.800000      5.304284717527E-02      1.522224185267E-02
   57.900000      5.498781919291E-02      1.602115992596E-02
   58.000000      5.632918300416E-02      1.665639056904E-02
   58.100000      5.730181717585E-02      1.718498858264E-02
   58.200000      5.817609353577E-02      1.766967818829E-02
   58.300000      5.917142095966E-02      1.815555721082E-02
   58.400000      6.038054805323E-02      1.865427644506E-02
   58.500000      6.173735632185E-02      1.913968683612E-02
   58.600000      6.304783500493E-02      1.955532289366E-02
   58.700000      6.406026105272E-02      1.983054235455E-02
   58.800000      6.453752767062E-02      1.989982280177E-02
   58.900000      6.431199175358E-02      1.971931876276E-02
   59.000000      6.331486320654E-02      1.927629290578E-02
   59.100000      6.157941914593E-02      1.858977672567E-02
   59.200000      5.922226302705E-02      1.770375336071E-02
   59.300000      5.641054841758E-02      1.667629196327E-02
   59.400000      5.332589075747E-02      1.556877784505E-02
   59.500000      5.013783342837E-02      1.443859064130E-02
   59.600000      4.699565796111E-02      1.333670536212E-02
   59.700000      4.403631168856E-02      1.230947491958E-02
   59.800000      4.139903317129E-02      1.140210998076E-02
   59.900000      3.923406844704E-02      1.066072066838E-02
   60.000000      3.769682781470E-02      1.013045298541E-02
   60.100000      3.692530635270E-02      9.849000301958E-03
   60.200000      3.700377777621E-02      9.836953157661E-03
   60.300000      3.792163810087E-02      1.008823077764E-02
   60.400000      3.954580208120E-02      1.056448257142E-02
   60.500000      4.163288756057E-02      1.119651928567E-02
   60.600000      4.387602991135E-02      1.189374203607E-02
   60.700000      4.596314451671E-02      1.255988518117E-02
   60.800000      4.763281184102E-02      1.311111594650E-02
   60.900000      4.871820428660E-02      1.349147285760E-02
   61.000000      4.917143836978E-02      1.368120187171E-02
   61.100000      4.906235972730E-02      1.369562908727E-02
   61.200000      4.854900500269E-02      1.357513408554E-02
   61.300000      4.782299905603E-02      1.336958746755E-02
   61.400000      4.704240385978E-02      1.312233217150E-02
   61.500000      4.628309820944E-02      1.285881695092E-02
   61.600000      4.553893382050E-02      1.258331176353E-02
   61.700000      4.475363911706E-02      1.228432750723E-02
   61.800000      4.385711723150E-02      1.194639032244E-02
   61.900000      4.280330888700E-02      1.156368075704E-02
   62.000000      4.160687274584E-02      1.115043096036E-02
   62.100000      4.036260129093E-02      1.074405762984E-02
   62.200000      3.923743162441E-02      1.039943606233E-02
   62.300000      3.843531083601E-02      1.017572014663E-02
   62.400000      3.813878977744E-02      1.011972477284E-02
   62.500000      3.844006568144E-02      1.025124334189E-02
   62.600000      3.930263602427E-02      1.055528416114E-02
   62.700000      4.057822210052E-02      1.098416229944E-02
   62.800000      4.205218289846E-02      1.146934146263E-02
   62.900000      4.349404231365E-02      1.193988479718E-02
   63.000000      4.470964885479E-02      1.234230288065E-02
   63.100000      4.559238893294E-02      1.265606902088E-02
   63.200000      4.616228874472E-02      1.290019268203E-02
   63.300000      4.657357106879E-02      1.312865239107E-02
   63.400000      4.708299058185E-02      1.341555229610E-02
   63.500000      4.798204916542E-02      1.383379019570E-02
   63.600000      4.949690937594E-02      1.443299865803E-02
   63.700000      5.168008695094E-02      1.522290979886E-02
   63.800000      5.438325988245E-02      1.616687941945E-02
   63.900000      5.732335374807E-02      1.718744190096E-02
   64.000000      6.016456090968E-02      1.818231579592E-02
   64.100000      6.258375205034E-02      1.904631339915E-02
   64.200000      6.432393826986E-02      1.969302439723E-02
   64.300000      6.523761029722E-02      2.007038990922E-02
   64.400000      6.530927921806E-02      2.016626122100E-02
   64.500000      6.464823363150E-02      2.000316276806E-02
   64.600000      6.345081486665E-02      1.962481826948E-02
   64.700000      6.193408447131E-02      1.907948914404E-02
   64.800000      6.024487829477E-02      1.840594536885E-02
   64.900000      5.840355547409E-02      1.762662497168E-02
   65.000000      5.634386972742E-02      1.674968832877E-02
   65.100000      5.398631546316E-02      1.577832832424E-02
   65.200000      5.129506617902E-02      1.472313459300E-02
   65.300000      4.831196403106E-02      1.361243332279E-02
   65.400000      4.516907982254E-02      1.249650870105E-02
   65.500000      4.208100484241E-02      1.144392588649E-02
   65.600000      3.931578309528E-02      1.053090244227E-02
   65.700000      3.714512388204E-02      9.826911077529E-03
   65.800000      3.578178307168E-02      9.380815257645E-03
   65.900000      3.532249006094E-02      9.211586144698E-03
   66.000000      3.572509736821E-02      9.306140196282E-03
   66.100000      3.683392490836E-02      9.624536887632E-03
   66.200000      3.843682809923E-02      1.011043340707E-02
   66.300000      4.032263526360E-02      1.070314006278E-02
   66.400000      4.231577490671E-02      1.134744033824E-02
   66.500000      4.428400345805E-02      1.199856514112E-02
   66.600000      4.612638867435E-02      1.262177700414E-02
   66.700000      4.775647572733E-02      1.318805459993E-02
   66.800000      4.909365261003E-02      1.366863327266E-02
   66.900000      5.006105058683E-02      1.403134411612E-02
   67.000000      5.058339607378E-02      1.424091201455E-02
   67.100000      5.058656565488E-02      1.426394800384E-02
   67.200000      5.000852805331E-02      1.407768268547E-02
   67.300000      4.882774655593E-02      1.367994921933E-02
   67.400000      4.709702240235E-02      1.309700351624E-02
   67.500000      4.496392748322E-02      1.238588160557E-02
   67.600000      4.266665969663E-02      1.162927875250E-02
   67.700000      4.050284838484E-02      1.092308462652E-02
   67.800000      3.877425575342E-02      1.035903221104E-02
   67.900000      3.771593017551E-02      1.000662388007E-02
   68.000000      3.743382668925E-02      9.899023846931E-03
   68.100000      3.788401774113E-02      1.002680441413E-02
   68.200000      3.889403766618E-02      1.034155395220E-02
   68.300000      4.021244992360E-02      1.076889764975E-02
   68.400000      4.157532862880E-02      1.122803780702E-02
   68.500000      4.277279712338E-02      1.165306012561E-02
   68.600000      4.369987955555E-02      1.201046074429E-02
   68.700000      4.438027867411E-02      1.230794276153E-02
   68.800000      4.496002628891E-02      1.259154077940E-02
   68.900000      4.567254313787E-02      1.293119017282E-02
   69.000000      4.677445710820E-02      1.339819645903E-02
   69.100000      4.845666029266E-02      1.404068627962E-02
   69.200000      5.075900866722E-02      1.486413916545E-02
   69.300000      5.353256755551E-02      1.582304714183E-02
   69.400000      5.646762977004E-02      1.682680192558E-02
   69.500000      5.917775286277E-02      1.775885993119E-02
   69.600000      6.129910339862E-02      1.850427227147E-02
   69.700000      6.257316024886E-02      1.897802020266E-02
   69.800000      6.290177668850E-02      1.914614462111E-02
   69.900000      6.236622396148E-02      1.903361159692E-02
   70.000000      6.120757002395E-02      1.871664111786E-02
   70.100000      5.977247942716E-02      1.830165680421E-02
   70.200000      5.843351318810E-02      1.789671024789E-02
   70.300000      5.749573422480E-02      1.758311384568E-02
   70.400000      5.710432079438E-02      1.739464629067E-02
   70.500000      5.718660845085E-02      1.730936177851E-02
   70.600000      5.747329309467E-02      1.725556543215E-02
   70.700000      5.758928865667E-02      1.712996589560E-02
   70.800000      5.715568395431E-02      1.682332393259E-02
   70.900000      5.587208487868E-02      1.624764897268E-02
   71.000000      5.357476188582E-02      1.535921292165E-02
   71.100000      5.027126498879E-02      1.417296742100E-02
   71.200000      4.615295104194E-02      1.276578706913E-02
   71.300000      4.158729496733E-02      1.126785317251E-02
   71.400000      3.708900059963E-02      9.843272655843E-03
   71.500000      3.326228897297E-02      8.662746434174E-03
   71.600000      3.069616943545E-02      7.872764576108E-03
   71.700000      2.980061240108E-02      7.567133807564E-03
   71.800000      3.065473105042E-02      7.767082291621E-03
   71.900000      3.299410109120E-02      8.415179456521E-03
   72.000000      3.631880579397E-02      9.385664300032E-03
   72.100000      4.002329276774E-02      1.050991068054E-02
   72.200000      4.352083601220E-02      1.161166485415E-02
   72.300000      4.635035913741E-02      1.254363942929E-02
   72.400000      4.824923014798E-02      1.321614396915E-02
   72.500000      4.918312335449E-02      1.361019240567E-02
   72.600000      4.933002832998E-02      1.377163588512E-02
   72.700000      4.902063514955E-02      1.378821374032E-02
   72.800000      4.864193150607E-02      1.375640132440E-02
   72.900000      4.850925111401E-02      1.374798872587E-02
   73.000000      4.872924995768E-02      1.378641941141E-02
   73.100000      4.914690408223E-02      1.383993555693E-02
   73.200000      4.943039361927E-02      1.383339941295E-02
   73.300000      4.921145785504E-02      1.367492261500E-02
   73.400000      4.820585169836E-02      1.328899451049E-02
   73.500000      4.629742977564E-02      1.264607635980E-02
   73.600000      4.358082629368E-02      1.178006961512E-02
   73.700000      4.035971265513E-02      1.078899245752E-02
   73.800000      3.710091944038E-02      9.819120181998E-03
   73.900000      3.434818898971E-02      9.037120361215E-03
   74.000000      3.261420599758E-02      8.597200980568E-03
   74.100000      3.229667548267E-02      8.610670721672E-03
   74.200000      3.362935026169E-02      9.123983913648E-03
   74.300000      3.660990355402E-02      1.010904302348E-02
   74.400000      4.090243330594E-02      1.146695156557E-02
   74.500000      4.589066800954E-02      1.304401967404E-02
   74.600000      5.089060489817E-02      1.465689242814E-02
   74.700000      5.530306882961E-02      1.612236166301E-02
   74.800000      5.868246275327E-02      1.728684003646E-02
   74.900000      6.076955954545E-02      1.805064470765E-02
   75.000000      6.150340107807E-02      1.838308151256E-02
   75.100000      6.101756052905E-02      1.832570480581E-02
   75.200000      5.962089729397E-02      1.798292105408E-02
   75.300000      5.775931154311E-02      1.750117248315E-02
   75.400000      5.595639670874E-02      1.704005850100E-02
   75.500000      5.472959668763E-02      1.674053806909E-02
   75.600000      5.446363953089E-02      1.669630526697E-02
   75.700000      5.526615285340E-02      1.693413974704E-02
   75.800000      5.694165569404E-02      1.740742758790E-02
   75.900000      5.907868939881E-02      1.800445711669E-02
   76.000000      6.115434435920E-02      1.857012634648E-02
   76.100000      6.263506182997E-02      1.893700021359E-02
   76.200000      6.307029352810E-02      1.895972946856E-02
   76.300000      6.216902810630E-02      1.854600343507E-02
   76.400000      5.984959314544E-02      1.767762322593E-02
   76.500000      5.625820069945E-02      1.641698406533E-02
   76.600000      5.175587249237E-02      1.489707974748E-02
   76.700000      4.687469659702E-02      1.329663753357E-02
   76.800000      4.224392280306E-02      1.180542035870E-02
   76.900000      3.848045778911E-02      1.058722082891E-02
   77.000000      3.603171183570E-02      9.748871130157E-03
   77.100000      3.502598105523E-02      9.322353282342E-03
   77.200000      3.525021619413E-02      9.264016227582E-03
   77.300000      3.626950836831E-02      9.470727007813E-03
   77.400000      3.759156468811E-02      9.808592678058E-03
   77.500000      3.879078933446E-02      1.014683283356E-02
   77.600000      3.958286860435E-02      1.038832139050E-02
   77.700000      3.985938893045E-02      1.048954318244E-02
   77.800000      3.968549842465E-02      1.046582635643E-02
   77.900000      3.926637222545E-02      1.038174048960E-02
   78.000000      3.889389725637E-02      1.033027988533E-02
   78.100000      3.888369334633E-02      1.040685213072E-02
   78.200000      3.950886176042E-02      1.068464013269E-02
   78.300000      4.093160036886E-02      1.119669101684E-02
   78.400000      4.313763007372E-02      1.192770475521E-02
   78.500000      4.591333726978E-02      1.281581451951E-02
   78.600000      4.890593784818E-02      1.376250874203E-02
   78.700000      5.171363092754E-02      1.464777236493E-02
   78.800000      5.395057455201E-02      1.534755923843E-02
   78.900000      5.528805806037E-02      1.575140912621E-02
   79.000000      5.548449281586E-02      1.577872970905E-02
   79.100000      5.441306920049E-02      1.539248227119E-02
   79.200000      5.208963378986E-02      1.460870664852E-02
   79.300000      4.869377587265E-02      1.349992552098E-02
   79.400000      4.457236978427E-02      1.219057341916E-02
   79.500000      4.021709130845E-02      1.084356975445E-02
   79.600000      3.621069943496E-02      9.638915258317E-03
   79.700000      3.314117183464E-02      8.747252271414E-03
   79.800000      3.149138683712E-02      8.303031584836E-03
   79.900000      3.153851487644E-02      8.382677525306E-03
   80.000000      3.331664644747E-02      8.992572132806E-03
   80.100000      3.662475465141E-02      1.006975226188E-02
   80.200000      4.104310479696E-02      1.149529257514E-02
   80.300000      4.600785119879E-02      1.311718407300E-02
   80.400000      5.095218773722E-02      1.477708527748E-02
   80.500000      5.542073588234E-02      1.633448394798E-02
   80.600000      5.911939202626E-02      1.768293732430E-02
   80.700000      6.191636521052E-02      1.875582646109E-02
   80.800000      6.380975455683E-02      1.952250072071E-02
   80.900000      6.487334279773E-02      1.997856649194E-02
   81.000000      6.519501794515E-02      2.013537153714E-02
   81.100000      6.483224016529E-02      2.001305148764E-02
   81.200000      6.381206352367E-02      1.963920065831E-02
   81.300000      6.217283268758E-02      1.905227846820E-02
   81.400000      6.001408353987E-02      1.830645928802E-02
   81.500000      5.752958986645E-02      1.747372169890E-02
   81.600000      5.500943707126E-02      1.663988267588E-02
   81.700000      5.279527311716E-02      1.589362013941E-02
   81.800000      5.118189742115E-02      1.531036830587E-02
   81.900000      5.032139430206E-02      1.493524898840E-02
   82.000000      5.019192609703E-02      1.477011984710E-02
   82.100000      5.060919396343E-02      1.476909509390E-02
   82.200000      5.126219337160E-02      1.484478737982E-02
   82.300000      5.177461270071E-02      1.488469391297E-02
   82.400000      5.178009560289E-02      1.477444018139E-02
   82.500000      5.099284390022E-02      1.442276321940E-02
   82.600000      4.926101142773E-02      1.378263593282E-02
   82.700000      4.659749301234E-02      1.286385768314E-02
   82.800000      4.318752922153E-02      1.173441440560E-02
   82.900000      3.937354061455E-02      1.051035842961E-02
   83.000000      3.561721044400E-02      9.336281563270E-03
   83.100000      3.243686097772E-02      8.360220876906E-03
   83.200000      3.031500565718E-02      7.707805324529E-03
   83.300000      2.957397657591E-02      7.460526535817E-03
   83.400000      3.027020754669E-02      7.642201632634E-03
   83.500000      3.220741008988E-02      8.216104926642E-03
   83.600000      3.503372830101E-02      9.093143240193E-03
   83.700000      3.833502472123E-02      1.014924121456E-02
   83.800000      4.170146123671E-02      1.124825098396E-02
   83.900000      4.477320598662E-02      1.226560779678E-02
   84.000000      4.727913963957E-02      1.310787015136E-02
   84.100000      4.906830247116E-02      1.372426380451E-02
   84.200000      5.012024414342E-02      1.410823324510E-02
   84.300000      5.053052686224E-02      1.428940899215E-02
   84.400000      5.047468971097E-02      1.431874827251E-02
   84.500000      5.015662933217E-02      1.425124765999E-02
   84.600000      4.975364650743E-02      1.413103748513E-02
   84.700000      4.937016638162E-02      1.398267692391E-02
   84.800000      4.901125648830E-02      1.381036208565E-02
   84.900000      4.859091322029E-02      1.360421145977E-02
   85.000000      4.799382200250E-02      1.335063975657E-02
   85.100000      4.714482643990E-02      1.304278291761E-02
   85.200000      4.604218089986E-02      1.268733222577E-02
   85.300000      4.476104931523E-02      1.230580878387E-02
   85.400000      4.343676033085E-02      1.193062161027E-02
   85.500000      4.223321818684E-02      1.159829532021E-02
   85.600000      4.130019552651E-02      1.134319398797E-02
   85.700000      4.073063158540E-02      1.119450950621E-02
   85.800000      4.055304343063E-02      1.117746862417E-02
   85.900000      4.078070619593E-02      1.131744035161E-02
   86.000000      4.146935531076E-02      1.164389081184E-02
   86.100000      4.273882818774E-02      1.219069011448E-02
   86.200000      4.475064264882E-02      1.299034430549E-02
   86.300000      4.764035199897E-02      1.406196036266E-02
   86.400000      5.140806816391E-02      1.539542336150E-02
   86.500000      5.585894500287E-02      1.693649671823E-02
   86.600000      6.063922401212E-02      1.857854352350E-02
   86.700000      6.527663114348E-02      2.016577823124E-02
   86.800000      6.922757930941E-02      2.151034789597E-02
   86.900000      7.195163834498E-02      2.242169321451E-02
   87.000000      7.300381079598E-02      2.274268612663E-02
   87.100000      7.211951837998E-02      2.238430604873E-02
   87.200000      6.927305693139E-02      2.135009567678E-02
   87.300000      6.470159922968E-02      1.974359497186E-02
   87.400000      5.889203570534E-02      1.775584928235E-02
   87.500000      5.253181635376E-02      1.563482575886E-02
   87.600000      4.642909445125E-02      1.364287989467E-02
   87.700000      4.140754472889E-02      1.201119911304E-02
   87.800000      3.816239137864E-02      1.090074844327E-02
   87.900000      3.702961007149E-02      1.037756372488E-02
   88.000000      3.779286360932E-02      1.040678802226E-02
   88.100000      3.986060767737E-02      1.086559103745E-02
   88.200000      4.252580993226E-02      1.157116731880E-02
   88.300000      4.510978222346E-02      1.231729422005E-02
   88.400000      4.705197031439E-02      1.291191183735E-02
   88.500000      4.796823775369E-02      1.320883302142E-02
   88.600000      4.768060737094E-02      1.312859774468E-02
   88.700000      4.621778552735E-02      1.266606740896E-02
   88.800000      4.378782575559E-02      1.188500986856E-02
   88.900000      4.073086735243E-02      1.090214899486E-02
   89.000000      3.746290374214E-02      9.864604485298E-03
   89.100000      3.442207993181E-02      8.925192671397E-03
   89.200000      3.202681294431E-02      8.219752280072E-03
   89.300000      3.064381633073E-02      7.849687034732E-03
   89.400000      3.055036654619E-02      7.871531185514E-03
   89.500000      3.185501775668E-02      8.293827521469E-03
   89.600000      3.440936746447E-02      9.080268159080E-03
   89.700000      3.787760738968E-02      1.015718877720E-02
   89.800000      4.186167269308E-02      1.142333268693E-02
   89.900000      4.596462981580E-02      1.276030319925E-02
   90.000000      4.981973882322E-02      1.404302072699E-02
   90.100000      5.310531028522E-02      1.515032066393E-02
   90.200000      5.555237830078E-02      1.597610750366E-02
   90.300000      5.695292986278E-02      1.644101118166E-02
   90.400000      5.717873278779E-02      1.650345857488E-02
   90.500000      5.621149371403E-02      1.616800155076E-02
   90.600000      5.416958537667E-02      1.548825679612E-02
   90.700000      5.131670370568E-02      1.456232754506E-02
   90.800000      4.804565355727E-02      1.352009261153E-02
   90.900000      4.483219232798E-02      1.250384127462E-02
   91.000000      4.214198300735E-02      1.164573543557E-02
   91.100000      4.029173255718E-02      1.104682570493E-02
   91.200000      3.940030964737E-02      1.076237747660E-02
   91.300000      3.943585742008E-02      1.079695643150E-02
   91.400000      4.026686720194E-02      1.111035072795E-02
   91.500000      4.170865730848E-02      1.163259589406E-02
   91.600000      4.355903814653E-02      1.228394687282E-02
   91.700000      4.561751677699E-02      1.299437469284E-02
   91.800000      4.771529649776E-02      1.371747045305E-02
   91.900000      4.975398162535E-02      1.443542527037E-02
   92.000000      5.171999264664E-02      1.515446025473E-02
   92.100000      5.366259325489E-02      1.589287772999E-02
   92.200000      5.564800142809E-02      1.666596188756E-02
   92.300000      5.771235656945E-02      1.747267126141E-02
   92.400000      5.983258782691E-02      1.828823066011E-02
   92.500000      6.191588178219E-02      1.906461520291E-02
   92.600000      6.379872254202E-02      1.973822175488E-02
   92.700000      6.527932950544E-02      2.024167438589E-02
   92.800000      6.617426307237E-02      2.051556095422E-02
   92.900000      6.634944933329E-02      2.051638970117E-02
   93.000000      6.572614177693E-02      2.021901401763E-02
   93.100000      6.427073345136E-02      1.961442411711E-02
   93.200000      6.197558811424E-02      1.870602571286E-02
   93.300000      5.884502984797E-02      1.750828532284E-02
   93.400000      5.490441679596E-02      1.605042854955E-02
   93.500000      5.024025959421E-02      1.438506423472E-02
   93.600000      4.505185229853E-02      1.259828290416E-02
   93.700000      3.968560743787E-02      1.081542270571E-02
   93.800000      3.463482061070E-02      9.196544903960E-03
   93.900000      3.049851629046E-02      7.918147060344E-03
   94.000000      2.789155822751E-02      7.142157981574E-03
   94.100000      2.730501755842E-02      6.978337845638E-03
   94.200000      2.891879045406E-02      7.450033465816E-03
   94.300000      3.244592606725E-02      8.474274168080E-03
   94.400000      3.716980487769E-02      9.864711144122E-03
   94.500000      4.214889142451E-02      1.136028219421E-02
   94.600000      4.644127450747E-02      1.267519529154E-02
   94.700000      4.928122771450E-02      1.355907510536E-02
   94.800000      5.020269236060E-02      1.385218930676E-02
   94.900000      4.910877194529E-02      1.352111443381E-02
   95.000000      4.628252319459E-02      1.266516080925E-02
   95.100000      4.233856256264E-02      1.149190552678E-02
   95.200000      3.812143924654E-02      1.026869744523E-02
   95.300000      3.455497014533E-02      9.263240134809E-03
   95.400000      3.244056767791E-02      8.688444754478E-03
   95.500000      3.226501817798E-02      8.664319103670E-03
   95.600000      3.409577067872E-02      9.203881845900E-03
   95.700000      3.757686767669E-02      1.022305469161E-02
   95.800000      4.205768599361E-02      1.156840266541E-02
   95.900000      4.682046928242E-02      1.305310451900E-02
   96.000000      5.124727690841E-02      1.449131818513E-02
   96.100000      5.488684579132E-02      1.572378786196E-02
   96.200000      5.746233396048E-02      1.663188187779E-02
   96.300000      5.884408772279E-02      1.714156375113E-02
   96.400000      5.900432995066E-02      1.722152259010E-02
   96.500000      5.797846387553E-02      1.687998296859E-02
   96.600000      5.585866782200E-02      1.616280745494E-02
   96.700000      5.281969216751E-02      1.515258845240E-02
   96.800000      4.914767301966E-02      1.396608081148E-02
   96.900000      4.524852378779E-02      1.274674622568E-02
   97.000000      4.162340391336E-02      1.165060689906E-02
   97.100000      3.879930516561E-02      1.082628785382E-02
   97.200000      3.721924988506E-02      1.039278628634E-02
   97.300000      3.714529285669E-02      1.041999905632E-02
   97.400000      3.861561609004E-02      1.091683160074E-02
   97.500000      4.145520887390E-02      1.182997473627E-02
   97.600000      4.530526725538E-02      1.305383269844E-02
   97.700000      4.966630844790E-02      1.444944488398E-02
   97.800000      5.399762727270E-02      1.586828165779E-02
   97.900000      5.783940998945E-02      1.717594255240E-02
   98.000000      6.088397617432E-02      1.827112150568E-02
   98.100000      6.299668118653E-02      1.909649097278E-02
   98.200000      6.420236125497E-02      1.963997499850E-02
   98.300000      6.464453049320E-02      1.992680469522E-02
   98.400000      6.452971947490E-02      2.000447272513E-02
   98.500000      6.407580859822E-02      1.992405187270E-02
   98.600000      6.346238406168E-02      1.972218502940E-02
   98.700000      6.277160130217E-02      1.940821069974E-02
   98.800000      6.193400623555E-02      1.896013925508E-02
   98.900000      6.072721363631E-02      1.833141118538E-02
   99.000000      5.885937942556E-02      1.746770101545E-02
   99.100000      5.608542153316E-02      1.633003306317E-02
   99.200000      5.230052973616E-02      1.491803861548E-02
   99.300000      4.760055951487E-02      1.328625192706E-02
   99.400000      4.230602814954E-02      1.154750471405E-02
   99.500000      3.694384302324E-02      9.860643504289E-03
   99.600000      3.217581875420E-02      8.404128456609E-03
   99.700000      2.865727578908E-02      7.341268597184E-03
   99.800000      2.687095980093E-02      6.785592561022E-03
   99.900000      2.699700775552E-02      6.775276006903E-03
  100.000000      2.884393810156E-02      7.263481116362E-03
