# M=20, N=10, V0=0.0, V=0.25, PBC
#  time (tJ)                 S₁(n=1)                 S₂(n=1)
    0.000000      0.000000000000E+00     -8.881784197001E-16
    0.100000      1.125224461946E-03      2.252213721992E-04
    0.200000      3.715497238548E-03      8.592492669197E-04
    0.300000      7.064727830549E-03      1.786912881697E-03
    0.400000      1.057044460501E-02      2.846082926184E-03
    0.500000      1.372193291739E-02      3.863971411538E-03
    0.600000      1.614659324192E-02      4.693693521746E-03
    0.700000      1.764270801262E-02      5.242046636832E-03
    0.800000      1.818661491154E-02      5.482390038151E-03
    0.900000      1.791337015495E-02      5.450930989993E-03
    1.000000      1.707543272882E-02      5.229226601244E-03
    1.100000      1.598733630565E-02      4.918971070101E-03
    1.200000      1.496477937994E-02      4.616336016259E-03
    1.300000      1.425545150641E-02      4.392172810006E-03
    1.400000      1.396609733680E-02      4.281850102670E-03
    1.500000      1.406115487840E-02      4.285364893835E-03
    1.600000      1.442151053850E-02      4.375629769526E-03
    1.700000      1.489783161179E-02      4.511199321233E-03
    1.800000      1.535123693279E-02      4.649390840334E-03
    1.900000      1.568063348548E-02      4.756575829857E-03
    2.000000      1.583493456425E-02      4.813885772585E-03
    2.100000      1.581222642763E-02      4.818131384608E-03
    2.200000      1.564978411217E-02      4.778934870911E-03
    2.300000      1.540902784678E-02      4.713694892930E-03
    2.400000      1.515878233704E-02      4.642050380004E-03
    2.500000      1.495906818806E-02      4.581150554135E-03
    2.600000      1.484799776564E-02      4.542500502804E-03
    2.700000      1.483656252457E-02      4.530625409427E-03
    2.800000      1.491209211360E-02      4.543391209677E-03
    2.900000      1.504503521816E-02      4.573564094656E-03
    3.000000      1.519709197818E-02      4.611067518808E-03
    3.100000      1.533054412894E-02      4.645373408956E-03
    3.200000      1.541623226808E-02      4.667523469355E-03
    3.300000      1.543797724428E-02      4.671405709862E-03
    3.400000      1.539295930033E-02      4.654097380512E-03
    3.500000      1.528831684050E-02      4.615302144738E-03
    3.600000      1.513480703923E-02      4.556115915711E-03
    3.700000      1.493945966982E-02      4.477506674951E-03
    3.800000      1.469983735010E-02      4.378953237322E-03
    3.900000      1.440204281919E-02      4.257643847180E-03
    4.000000      1.402350995570E-02      4.108502855272E-03
    4.100000      1.353938096897E-02      3.925129238056E-03
    4.200000      1.292915276858E-02      3.701538597152E-03
    4.300000      1.218076444739E-02      3.434436962877E-03
    4.400000      1.129268969510E-02      3.125639760828E-03
    4.500000      1.027892289319E-02      2.784186484837E-03
    4.600000      9.178983266088E-03      2.427688666971E-03
    4.700000      8.067773029816E-03      2.082488242432E-03
    4.800000      7.059470172854E-03      1.782306825935E-03
    4.900000      6.300551941151E-03      1.565247053275E-03
    5.000000      5.945012069060E-03      1.469265653657E-03
    5.100000      6.112671737195E-03      1.526549355987E-03
    5.200000      6.856862882449E-03      1.757535860327E-03
    5.300000      8.153254088784E-03      2.165561591511E-03
    5.400000      9.900190267129E-03      2.733214695813E-03
    5.500000      1.194505963344E-02      3.421373417749E-03
    5.600000      1.411179780261E-02      4.171596368265E-03
    5.700000      1.620873003084E-02      4.912021690131E-03
    5.800000      1.803595356612E-02      5.566289513146E-03
    5.900000      1.941072921706E-02      6.064332139580E-03
    6.000000      2.019691753086E-02      6.353319284608E-03
    6.100000      2.032495232489E-02      6.406753569867E-03
    6.200000      1.980263264640E-02      6.229810652946E-03
    6.300000      1.871787809975E-02      5.859563127907E-03
    6.400000      1.723287220885E-02      5.359660955660E-03
    6.500000      1.556865990652E-02      4.810184362506E-03
    6.600000      1.397965045872E-02      4.294466492613E-03
    6.700000      1.271620689122E-02      3.885411763987E-03
    6.800000      1.196990422592E-02      3.633995153087E-03
    6.900000      1.181643375987E-02      3.562153080956E-03
    7.000000      1.220734154293E-02      3.661284081727E-03
    7.100000      1.300561135713E-02      3.896328170421E-03
    7.200000      1.402780963944E-02      4.214211776060E-03
    7.300000      1.508331182455E-02      4.554620874218E-03
    7.400000      1.600576708929E-02      4.860777939037E-03
    7.500000      1.667381447846E-02      5.088175331649E-03
    7.600000      1.702074438282E-02      5.209933220574E-03
    7.700000      1.703429892509E-02      5.218367414177E-03
    7.800000      1.674889833386E-02      5.123199087523E-03
    7.900000      1.623320622012E-02      4.947396028563E-03
    8.000000      1.557590585018E-02      4.721811216049E-03
    8.100000      1.487185826625E-02      4.479633187515E-03
    8.200000      1.420982767566E-02      4.251343080423E-03
    8.300000      1.366225469407E-02      4.060567902909E-03
    8.400000      1.327671543804E-02      3.921050723141E-03
    8.500000      1.306772646470E-02      3.834940978948E-03
    8.600000      1.300998548898E-02      3.792656670477E-03
    8.700000      1.303937191997E-02      3.774553369437E-03
    8.800000      1.306602100019E-02      3.754450120463E-03
    8.900000      1.299492984865E-02      3.704696587396E-03
    9.000000      1.274681500526E-02      3.602014493829E-03
    9.100000      1.227503647501E-02      3.432978850568E-03
    9.200000      1.157655992863E-02      3.197892230716E-03
    9.300000      1.069561455196E-02      2.912045058054E-03
    9.400000      9.719417380938E-03      2.603919816084E-03
    9.500000      8.766839481820E-03      2.310638445723E-03
    9.600000      7.972328163975E-03      2.071648810321E-03
    9.700000      7.465801173569E-03      1.922082147308E-03
    9.800000      7.346182505571E-03      1.887253481994E-03
    9.900000      7.652734971488E-03      1.979410996484E-03
   10.000000      8.355373236875E-03      2.197184765004E-03
   10.100000      9.376578180678E-03      2.527443574502E-03
   10.200000      1.062418560821E-02      2.948666646106E-03
   10.300000      1.201306047426E-02      3.434653212244E-03
   10.400000      1.347097794137E-02      3.957501610782E-03
   10.500000      1.493290894462E-02      4.489236953998E-03
   10.600000      1.633218197271E-02      5.002088398355E-03
   10.700000      1.759606005933E-02      5.467997240008E-03
   10.800000      1.864867854533E-02      5.858282417739E-03
   10.900000      1.941788338706E-02      6.144391057038E-03
   11.000000      1.984051214880E-02      6.300315750175E-03
   11.100000      1.986610898656E-02      6.306660161898E-03
   11.200000      1.946434332570E-02      6.155642103467E-03
   11.300000      1.863938052146E-02      5.855739918945E-03
   11.400000      1.744552864324E-02      5.434416629012E-03
   11.500000      1.599543820781E-02      4.937543084508E-03
   11.600000      1.445645600072E-02      4.424810063371E-03
   11.700000      1.303398873713E-02      3.961431964266E-03
   11.800000      1.194068810723E-02      3.607524655793E-03
   11.900000      1.134975959825E-02      3.407355991161E-03
   12.000000      1.134063290003E-02      3.380945400536E-03
   12.100000      1.187057044007E-02      3.520103755883E-03
   12.200000      1.279697028763E-02      3.790023629049E-03
   12.300000      1.392422137904E-02      4.136199883757E-03
   12.400000      1.504762368548E-02      4.495143165041E-03
   12.500000      1.598878639017E-02      4.806418167200E-03
   12.600000      1.662069943073E-02      5.023264233600E-03
   12.700000      1.688076204480E-02      5.119513100381E-03
   12.800000      1.677154395635E-02      5.091560995341E-03
   12.900000      1.635060655328E-02      4.955460992449E-03
   13.000000      1.571183773335E-02      4.740392441945E-03
   13.100000      1.496150198880E-02      4.480512483297E-03
   13.200000      1.419342880200E-02      4.207331696533E-03
   13.300000      1.347038957201E-02      3.944309670825E-03
   13.400000      1.281900733061E-02      3.704533659169E-03
   13.500000      1.223824070718E-02      3.491411751790E-03
   13.600000      1.171376988548E-02      3.301559293936E-03
   13.700000      1.122992152327E-02      3.128667811589E-03
   13.800000      1.077442800625E-02      2.967164236720E-03
   13.900000      1.033900176225E-02      2.814804252982E-03
   14.000000      9.923094805754E-03      2.673821711827E-03
   14.100000      9.540140199686E-03      2.550694022523E-03
   14.200000      9.219984301682E-03      2.454865062281E-03
   14.300000      9.005110865193E-03      2.396874814468E-03
   14.400000      8.941243349828E-03      2.386335499212E-03
   14.500000      9.063649962311E-03      2.430139059233E-03
   14.600000      9.384167220594E-03      2.531215615260E-03
   14.700000      9.886670755948E-03      2.688076156136E-03
   14.800000      1.053288841937E-02      2.895238137755E-03
   14.900000      1.127606636612E-02      3.144442889778E-03
   15.000000      1.207622459039E-02      3.426357750746E-03
   15.100000      1.290858102428E-02      3.732270934911E-03
   15.200000      1.376168985922E-02      4.055202217369E-03
   15.300000      1.462884061712E-02      4.389930840906E-03
   15.400000      1.550179940717E-02      4.731717627895E-03
   15.500000      1.637062020675E-02      5.073943591662E-03
   15.600000      1.722147587304E-02      5.405388827215E-03
   15.700000      1.802578923967E-02      5.708246222425E-03
   15.800000      1.872569914733E-02      5.958008400438E-03
   15.900000      1.923350645610E-02      6.125972279288E-03
   16.000000      1.945292559970E-02      6.184324463771E-03
   16.100000      1.930699059014E-02      6.112828101255E-03
   16.200000      1.876065837390E-02      5.905362740041E-03
   16.300000      1.783525380915E-02      5.574293827109E-03
   16.400000      1.661327056653E-02      5.151041037265E-03
   16.500000      1.523210757260E-02      4.682212211439E-03
   16.600000      1.386569540044E-02      4.221972708192E-03
   16.700000      1.269264723740E-02      3.822487631187E-03
   16.800000      1.185336060920E-02      3.524887558282E-03
   16.900000      1.141686862644E-02      3.353035165854E-03
   17.000000      1.138009648515E-02      3.311462801213E-03
   17.100000      1.168735086912E-02      3.387530841586E-03
   17.200000      1.225301145270E-02      3.556592385295E-03
   17.300000      1.298175773393E-02      3.788181675539E-03
   17.400000      1.378268284755E-02      4.051222639954E-03
   17.500000      1.457611284087E-02      4.316954234765E-03
   17.600000      1.529350508801E-02      4.559400342914E-03
   17.700000      1.587254178084E-02      4.754323462574E-03
   17.800000      1.625176424602E-02      4.878248219026E-03
   17.900000      1.636981333044E-02      4.909054834583E-03
   18.000000      1.617226397699E-02      4.828848108779E-03
   18.100000      1.562510280757E-02      4.628624247609E-03
   18.200000      1.473042093372E-02      4.313181196984E-03
   18.300000      1.353849784529E-02      3.904215918168E-03
   18.400000      1.215128187111E-02      3.439868339642E-03
   18.500000      1.071463645343E-02      2.970023253822E-03
   18.600000      9.399299952055E-03      2.548090757413E-03
   18.700000      8.371647378394E-03      2.221232163253E-03
   18.800000      7.756425252711E-03      2.021619789472E-03
   18.900000      7.601975927451E-03      1.961086132763E-03
   19.000000      7.870066811332E-03      2.030514434450E-03
   19.100000      8.458381326709E-03      2.203907613021E-03
   19.200000      9.237119679520E-03      2.445740667493E-03
   19.300000      1.008218526847E-02      2.719396747833E-03
   19.400000      1.089867283584E-02      2.994440505823E-03
   19.500000      1.163232226259E-02      3.251137897732E-03
   19.600000      1.226834177741E-02      3.481683760514E-03
   19.700000      1.282077970139E-02      3.688625932442E-03
   19.800000      1.332020461806E-02      3.881613786258E-03
   19.900000      1.380475896988E-02      4.073685145461E-03
   20.000000      1.431270233064E-02      4.277923886688E-03
   20.100000      1.487505325165E-02      4.504747325663E-03
   20.200000      1.551040516288E-02      4.759645793397E-03
   20.300000      1.622280114564E-02      5.041121045879E-03
   20.400000      1.699789016190E-02      5.338873015271E-03
   20.500000      1.779308293448E-02      5.632769935769E-03
   20.600000      1.853059642955E-02      5.893487478720E-03
   20.700000      1.910643460527E-02      6.085632178595E-03
   20.800000      1.941042106521E-02      6.173567334008E-03
   20.900000      1.934839930023E-02      6.129185321231E-03
   21.000000      1.886572739794E-02      5.939883935012E-03
   21.100000      1.796777843110E-02      5.614441565110E-03
   21.200000      1.673045537134E-02      5.184664063797E-03
   21.300000      1.529700184884E-02      4.701645495406E-03
   21.400000      1.385957826743E-02      4.226986796261E-03
   21.500000      1.262532286345E-02      3.820866210604E-03
   21.600000      1.177226067214E-02      3.529919643263E-03
   21.700000      1.140041160463E-02      3.378084949315E-03
   21.800000      1.149060971079E-02      3.362802863276E-03
   21.900000      1.192301790702E-02      3.457484412702E-03
   22.000000      1.253392842857E-02      3.619419928024E-03
   22.100000      1.316045881491E-02      3.800852898983E-03
   22.200000      1.367306171921E-02      3.960194248951E-03
   22.300000      1.399657220226E-02      4.070491105507E-03
   22.400000      1.411722125446E-02      4.123192845350E-03
   22.500000      1.407565628598E-02      4.126653887450E-03
   22.600000      1.394808786064E-02      4.100247904836E-03
   22.700000      1.381880649103E-02      4.066047084896E-03
   22.800000      1.374930423975E-02      4.040496149899E-03
   22.900000      1.375460997249E-02      4.028332546343E-03
   23.000000      1.379784484716E-02      4.020291716979E-03
   23.100000      1.380199125059E-02      3.995115176232E-03
   23.200000      1.367131620318E-02      3.925307242002E-03
   23.300000      1.331671846824E-02      3.785197912517E-03
   23.400000      1.268034615564E-02      3.559338600918E-03
   23.500000      1.175553793360E-02      3.249177025832E-03
   23.600000      1.059903659020E-02      2.876329286194E-03
   23.700000      9.333106549209E-03      2.481504003925E-03
   23.800000      8.135208380570E-03      2.119075336597E-03
   23.900000      7.212337215558E-03      1.848245866972E-03
   24.000000      6.759589989155E-03      1.722484302060E-03
   24.100000      6.912803547366E-03      1.779311328148E-03
   24.200000      7.712014559026E-03      2.032468330860E-03
   24.300000      9.086723675936E-03      2.468061716064E-03
   24.400000      1.087145938409E-02      3.045533121256E-03
   24.500000      1.284611878604E-02      3.703411890179E-03
   24.600000      1.478002690318E-02      4.368921803261E-03
   24.700000      1.646765781465E-02      4.969786743416E-03
   24.800000      1.775450527809E-02      5.446127768771E-03
   24.900000      1.855349991029E-02      5.760245901308E-03
   25.000000      1.885194621991E-02      5.902375082584E-03
   25.100000      1.870911239246E-02      5.891153538553E-03
   25.200000      1.824520580225E-02      5.768528444686E-03
   25.300000      1.762262910409E-02      5.589940127583E-03
   25.400000      1.701968443289E-02      5.411717386100E-03
   25.500000      1.659502275681E-02      5.278392465646E-03
   25.600000      1.644112179065E-02      5.212859710434E-03
   25.700000      1.654350682710E-02      5.211803727943E-03
   25.800000      1.678644008933E-02      5.247644773053E-03
   25.900000      1.700451760524E-02      5.276643248894E-03
   26.000000      1.703606493445E-02      5.251193660352E-03
   26.100000      1.676158993638E-02      5.133189312150E-03
   26.200000      1.612911620311E-02      4.905011465646E-03
   26.300000      1.516619676572E-02      4.575312085821E-03
   26.400000      1.397746814876E-02      4.178152411315E-03
   26.500000      1.272838713699E-02      3.765827437734E-03
   26.600000      1.161638775255E-02      3.397337770284E-03
   26.700000      1.082613406129E-02      3.125507916029E-03
   26.800000      1.047381211493E-02      2.985930293955E-03
   26.900000      1.057802955209E-02      2.990239134542E-03
   27.000000      1.107185751529E-02      3.124940196226E-03
   27.100000      1.182928335414E-02      3.355549024442E-03
   27.200000      1.269572741709E-02      3.634548864121E-03
   27.300000      1.352013808001E-02      3.910980730784E-03
   27.400000      1.418062443975E-02      4.139433953059E-03
   27.500000      1.459798428067E-02      4.286717357355E-03
   27.600000      1.473670970459E-02      4.335315178667E-03
   27.700000      1.459761055426E-02      4.283585332662E-03
   27.800000      1.421004123826E-02      4.143321505655E-03
   27.900000      1.362621552598E-02      3.935671421030E-03
   28.000000      1.291352517965E-02      3.686486804831E-03
   28.100000      1.214423371430E-02      3.422043225336E-03
   28.200000      1.138567686801E-02      3.165792374367E-03
   28.300000      1.069400552171E-02      2.936469878450E-03
   28.400000      1.011238932458E-02      2.747544286194E-03
   28.500000      9.672322835308E-03      2.607718356143E-03
   28.600000      9.395829935489E-03      2.522031850015E-03
   28.700000      9.296900949947E-03      2.493090367325E-03
   28.800000      9.381411001572E-03      2.522046816877E-03
   28.900000      9.646056253640E-03      2.609146571009E-03
   29.000000      1.007935869419E-02      2.753847880112E-03
   29.100000      1.066638348916E-02      2.954675246376E-03
   29.200000      1.139239748335E-02      3.209001990567E-03
   29.300000      1.224184326205E-02      3.512876338679E-03
   29.400000      1.319530336297E-02      3.860846288193E-03
   29.500000      1.422873766886E-02      4.245595676683E-03
   29.600000      1.531497131031E-02      4.657184101359E-03
   29.700000      1.642328928560E-02      5.081849769681E-03
   29.800000      1.751416981281E-02      5.500658012386E-03
   29.900000      1.853194639374E-02      5.888629803807E-03
   30.000000      1.940301289793E-02      6.215179512961E-03
   30.100000      2.004160904522E-02      6.446570698693E-03
   30.200000      2.035884747184E-02      6.550612058528E-03
   30.300000      2.027733831140E-02      6.503062248404E-03
   30.400000      1.975314991238E-02      6.294425637709E-03
   30.500000      1.879592686626E-02      5.935294665695E-03
   30.600000      1.747974720632E-02      5.458375864432E-03
   30.700000      1.594213031660E-02      4.915926592927E-03
   30.800000      1.436931801243E-02      4.372425593524E-03
   30.900000      1.296686747822E-02      3.893611505322E-03
   31.000000      1.191871212705E-02      3.534157071636E-03
   31.100000      1.134388566181E-02      3.326840119193E-03
   31.200000      1.126493263868E-02      3.275915814065E-03
   31.300000      1.160320015687E-02      3.356500218263E-03
   31.400000      1.220026505702E-02      3.520367674291E-03
   31.500000      1.285803416972E-02      3.707007329986E-03
   31.600000      1.338830041151E-02      3.857472414647E-03
   31.700000      1.365410924530E-02      3.927815067347E-03
   31.800000      1.359481035349E-02      3.898913303459E-03
   31.900000      1.323422348367E-02      3.780274650292E-03
   32.000000      1.267256015913E-02      3.606782281163E-03
   32.100000      1.206406608234E-02      3.429034990210E-03
   32.200000      1.158353679797E-02      3.299539150611E-03
   32.300000      1.138390164873E-02      3.258146388041E-03
   32.400000      1.154659385068E-02      3.320480571716E-03
   32.500000      1.204052509107E-02      3.472510447046E-03
   32.600000      1.272412550777E-02      3.672971176225E-03
   32.700000      1.339393644694E-02      3.863326630157E-03
   32.800000      1.384535620076E-02      3.982891859511E-03
   32.900000      1.392335679414E-02      3.985180950802E-03
   33.000000      1.355759555580E-02      3.851011975493E-03
   33.100000      1.277930292978E-02      3.594640480310E-03
   33.200000      1.171795703834E-02      3.261081451470E-03
   33.300000      1.057774763184E-02      2.915301947819E-03
   33.400000      9.595954306674E-03      2.626351798563E-03
   33.500000      8.986574739818E-03      2.450974188445E-03
   33.600000      8.877790758883E-03      2.421304567735E-03
   33.700000      9.272364349555E-03      2.539896221654E-03
   33.800000      1.006374550835E-02      2.782963886141E-03
   33.900000      1.109130404437E-02      3.110199826490E-03
   34.000000      1.219559866207E-02      3.477623208432E-03
   34.100000      1.325695437663E-02      3.849263907326E-03
   34.200000      1.421458788705E-02      4.204211694821E-03
   34.300000      1.506625240560E-02      4.537367973099E-03
   34.400000      1.585041026358E-02      4.854462202273E-03
   34.500000      1.661606982207E-02      5.163768325751E-03
   34.600000      1.738993701870E-02      5.467858739650E-03
   34.700000      1.815507561053E-02      5.758410289092E-03
   34.800000      1.885162004605E-02      6.015724357872E-03
   34.900000      1.939617775990E-02      6.212803722285E-03
   35.000000      1.970746814889E-02      6.322242188150E-03
   35.100000      1.972773470154E-02      6.323386629360E-03
   35.200000      1.943458564752E-02      6.207433141940E-03
   35.300000      1.884202509849E-02      5.979129890032E-03
   35.400000      1.799284097209E-02      5.655106319113E-03
   35.500000      1.694710039641E-02      5.259988158706E-03
   35.600000      1.577204856231E-02      4.821988225176E-03
   35.700000      1.453658827337E-02      4.369460155021E-03
   35.800000      1.331023843394E-02      3.929138897188E-03
   35.900000      1.216417950882E-02      3.525845862299E-03
   36.000000      1.117147359173E-02      3.182726124817E-03
   36.100000      1.040436556642E-02      2.920898184355E-03
   36.200000      9.927371395108E-03      2.757784008199E-03
   36.300000      9.785293155547E-03      2.704155713743E-03
   36.400000      9.988179423905E-03      2.760740892498E-03
   36.500000      1.050010759192E-02      2.915719504674E-03
   36.600000      1.123872862377E-02      3.144401046137E-03
   36.700000      1.208730478546E-02      3.411784973759E-03
   36.800000      1.291593654179E-02      3.677787925806E-03
   36.900000      1.360534492691E-02      3.904008748871E-03
   37.000000      1.406663703277E-02      4.060338464828E-03
   37.100000      1.425328141039E-02      4.129718214538E-03
   37.200000      1.416417800873E-02      4.109905048964E-03
   37.300000      1.383851318171E-02      4.012017973318E-03
   37.400000      1.334427811108E-02      3.856576074547E-03
   37.500000      1.276289133629E-02      3.668381504271E-03
   37.600000      1.217273363822E-02      3.471741853450E-03
   37.700000      1.163558285570E-02      3.287162790075E-03
   37.800000      1.119083546082E-02      3.129953697403E-03
   37.900000      1.085888669378E-02      3.010464439747E-03
   38.000000      1.064892851514E-02      2.935185712505E-03
   38.100000      1.056537342146E-02      2.907853018256E-03
   38.200000      1.061069092509E-02      2.929976181603E-03
   38.300000      1.078553956739E-02      3.000703172917E-03
   38.400000      1.108763645280E-02      3.116381886166E-03
   38.500000      1.150875911073E-02      3.270404518746E-03
   38.600000      1.202890808290E-02      3.453819095354E-03
   38.700000      1.261351930579E-02      3.656826721187E-03
   38.800000      1.322215532892E-02      3.870819460316E-03
   38.900000      1.382359690810E-02      4.090261281605E-03
   39.000000      1.440593619720E-02      4.313637200210E-03
   39.100000      1.497778092469E-02      4.542945037546E-03
   39.200000      1.556167898024E-02      4.781696611873E-03
   39.300000      1.618165715801E-02      5.031944663023E-03
   39.400000      1.684760272034E-02      5.291245621083E-03
   39.500000      1.754233123364E-02      5.550554176777E-03
   39.600000      1.821896361900E-02      5.793792442807E-03
   39.700000      1.880979445383E-02      5.999342196363E-03
   39.800000      1.924054092176E-02      6.143153849177E-03
   39.900000      1.944411013284E-02      6.202737511474E-03
   40.000000      1.937113175962E-02      6.161122579494E-03
   40.100000      1.899656543968E-02      6.009964174442E-03
   40.200000      1.832272295314E-02      5.751264861646E-03
   40.300000      1.737944939497E-02      5.397543678603E-03
   40.400000      1.622202495382E-02      4.970599952373E-03
   40.500000      1.492663929465E-02      4.499212363259E-03
   40.600000      1.358272866025E-02      4.016174492502E-03
   40.700000      1.228317876970E-02      3.555039417853E-03
   40.800000      1.111673794370E-02      3.146891403588E-03
   40.900000      1.016343042978E-02      2.817431450391E-03
   41.000000      9.487837468412E-03      2.584665153734E-03
   41.100000      9.129013197273E-03      2.457482083494E-03
   41.200000      9.092218042490E-03      2.435358307423E-03
   41.300000      9.348551450725E-03      2.509254836409E-03
   41.400000      9.843560327559E-03      2.663533731021E-03
   41.500000      1.051019942916E-02      2.878444190651E-03
   41.600000      1.128013626786E-02      3.132556805112E-03
   41.700000      1.208969279803E-02      3.404545932344E-03
   41.800000      1.288043420347E-02      3.673972060293E-03
   41.900000      1.359745144209E-02      3.921138168044E-03
   42.000000      1.418800212378E-02      4.126542513476E-03
   42.100000      1.460092541775E-02      4.270741041741E-03
   42.200000      1.478752690271E-02      4.335409406492E-03
   42.300000      1.470622239901E-02      4.306000442934E-03
   42.400000      1.433258292605E-02      4.175717187008E-03
   42.500000      1.367296515539E-02      3.949791570166E-03
   42.600000      1.277662608964E-02      3.648566043892E-03
   42.700000      1.174092838278E-02      3.307860133797E-03
   42.800000      1.070599322490E-02      2.975651635222E-03
   42.900000      9.836588596454E-03      2.705096039895E-03
   43.000000      9.290453389206E-03      2.545057889281E-03
   43.100000      9.181138770976E-03      2.530262892162E-03
   43.200000      9.556359540206E-03      2.673569849565E-03
   43.300000      1.039422939837E-02      2.962531897049E-03
   43.400000      1.159409527037E-02      3.361415237660E-03
   43.500000      1.297973557741E-02      3.818436103721E-03
   43.600000      1.435108900120E-02      4.276567477863E-03
   43.700000      1.554064929640E-02      4.685272851682E-03
   43.800000      1.644286995577E-02      5.010244975212E-03
   43.900000      1.702416939307E-02      5.238755405778E-03
   44.000000      1.731890608537E-02      5.379411995621E-03
   44.100000      1.741289302891E-02      5.456637051161E-03
   44.200000      1.741679365504E-02      5.501583062594E-03
   44.300000      1.743421807648E-02      5.542094863918E-03
   44.400000      1.753196054538E-02      5.594464151942E-03
   44.500000      1.772016070587E-02      5.659091915104E-03
   44.600000      1.794992779900E-02      5.720989622050E-03
   44.700000      1.813213740825E-02      5.754674009757E-03
   44.800000      1.816776962566E-02      5.731839897659E-03
   44.900000      1.797584534940E-02      5.629545159679E-03
   45.000000      1.751266433248E-02      5.436660486600E-03
   45.100000      1.678100508627E-02      5.156975408094E-03
   45.200000      1.582939574735E-02      4.808391027581E-03
   45.300000      1.474213423767E-02      4.418749145009E-03
   45.400000      1.362074446975E-02      4.019723556482E-03
   45.500000      1.255908153578E-02      3.640598077844E-03
   45.600000      1.162191392867E-02      3.303595682038E-03
   45.700000      1.083977431019E-02      3.021793197446E-03
   45.800000      1.021801430108E-02      2.799782822388E-03
   45.900000      9.750229471804E-03      2.636412265534E-03
   46.000000      9.430770099745E-03      2.528399942538E-03
   46.100000      9.262462872937E-03      2.473512334537E-03
   46.200000      9.256260807080E-03      2.472287997143E-03
   46.300000      9.424190157474E-03      2.527853114614E-03
   46.400000      9.772647557127E-03      2.643997305408E-03
   46.500000      1.030002113264E-02      2.822183597079E-03
   46.600000      1.099434181928E-02      3.058437192497E-03
   46.700000      1.182618207458E-02      3.341058673938E-03
   46.800000      1.273933078675E-02      3.649874108485E-03
   46.900000      1.365056213510E-02      3.957351260353E-03
   47.000000      1.446276607345E-02      4.231484051941E-03
   47.100000      1.508129337921E-02      4.439977262863E-03
   47.200000      1.542708683191E-02      4.555021371976E-03
   47.300000      1.544690770596E-02      4.557861727134E-03
   47.400000      1.512109713326E-02      4.442424253153E-03
   47.500000      1.446852813315E-02      4.217423035964E-03
   47.600000      1.354848342257E-02      3.906597929773E-03
   47.700000      1.245912578474E-02      3.546974594257E-03
   47.800000      1.133169400178E-02      3.185278020350E-03
   47.900000      1.031919817549E-02      2.872844513664E-03
   48.000000      9.579193288387E-03      2.659551768204E-03
   48.100000      9.252871987943E-03      2.587413402993E-03
   48.200000      9.445376731305E-03      2.684563018694E-03
   48.300000      1.020710651287E-02      2.960388304734E-03
   48.400000      1.150695812168E-02      3.402564814709E-03
   48.500000      1.321680924111E-02      3.976656628307E-03
   48.600000      1.514073461436E-02      4.628751183044E-03
   48.700000      1.705870374260E-02      5.291235835353E-03
   48.800000      1.875794522614E-02      5.891304949823E-03
   48.900000      2.005646733345E-02      6.361181857930E-03
   49.000000      2.082261493540E-02      6.648493447900E-03
   49.100000      2.099007344046E-02      6.724921263955E-03
   49.200000      2.056655097006E-02      6.591317538659E-03
   49.300000      1.963448566633E-02      6.277977071979E-03
   49.400000      1.834271911463E-02      5.839636647958E-03
   49.500000      1.688897845336E-02      5.345856630062E-03
   49.600000      1.549410853247E-02      4.868471884978E-03
   49.700000      1.436742615395E-02      4.468520255285E-03
   49.800000      1.365002192872E-02      4.185272729091E-03
   49.900000      1.335627781050E-02      4.029630345547E-03
   50.000000      1.339499852715E-02      3.983290005364E-03
   50.100000      1.361692473461E-02      4.003903020572E-03
   50.200000      1.384442000303E-02      4.035210302600E-03
   50.300000      1.390331817092E-02      4.020096615822E-03
   50.400000      1.365807059737E-02      3.913876582309E-03
   50.500000      1.304095047781E-02      3.695034726054E-03
   50.600000      1.206885116680E-02      3.371112616033E-03
   50.700000      1.084561774134E-02      2.978384654889E-03
   50.800000      9.549697924826E-03      2.575219299488E-03
   50.900000      8.406801366891E-03      2.230353177919E-03
   51.000000      7.646501766005E-03      2.008450965098E-03
   51.100000      7.445789969523E-03      1.956030567345E-03
   51.200000      7.878565077418E-03      2.090902965366E-03
   51.300000      8.889292385596E-03      2.397623424333E-03
   51.400000      1.029847346220E-02      2.830153554199E-03
   51.500000      1.185739754536E-02      3.321251576745E-03
   51.600000      1.331809548460E-02      3.796446207169E-03
   51.700000      1.448115970228E-02      4.189261760032E-03
   51.800000      1.522304549296E-02      4.454015339251E-03
   51.900000      1.550725626175E-02      4.573150010665E-03
   52.000000      1.538025021715E-02      4.557557661291E-03
   52.100000      1.495354707844E-02      4.440267818195E-03
   52.200000      1.437512755148E-02      4.265666522776E-03
   52.300000      1.379303241811E-02      4.077520664605E-03
   52.400000      1.331333297726E-02      3.909183587742E-03
   52.500000      1.297270489698E-02      3.778439998535E-03
   52.600000      1.275210529347E-02      3.687841364200E-03
   52.700000      1.260795894839E-02      3.629639400215E-03
   52.800000      1.249786259446E-02      3.593120877067E-03
   52.900000      1.239978735273E-02      3.571672618201E-03
   53.000000      1.232332444338E-02      3.567333877712E-03
   53.100000      1.231066176036E-02      3.591674719887E-03
   53.200000      1.242684769772E-02      3.663122311553E-03
   53.300000      1.274147814871E-02      3.801878346131E-03
   53.400000      1.330732606575E-02      4.024031706285E-03
   53.500000      1.414384116185E-02      4.336334459757E-03
   53.600000      1.523015885803E-02      4.732582228357E-03
   53.700000      1.650519328659E-02      5.191948251959E-03
   53.800000      1.787045381324E-02      5.679245117645E-03
   53.900000      1.919582517213E-02      6.147032200569E-03
   54.000000      2.033031106690E-02      6.539636635406E-03
   54.100000      2.111689733160E-02      6.799251994429E-03
   54.200000      2.141104388402E-02      6.874065810859E-03
   54.300000      2.110271872292E-02      6.727749333774E-03
   54.400000      2.013974400692E-02      6.348775517948E-03
   54.500000      1.854830135138E-02      5.757288113033E-03
   54.600000      1.644579414735E-02      5.007064891831E-03
   54.700000      1.404176585413E-02      4.180792989658E-03
   54.800000      1.162360080113E-02      3.378377483034E-03
   54.900000      9.522245516437E-03      2.699951775425E-03
   55.000000      8.047348111039E-03      2.227027191340E-03
   55.100000      7.402079078048E-03      2.006176213588E-03
   55.200000      7.618551928747E-03      2.039388481754E-03
   55.300000      8.532528357736E-03      2.283762071081E-03
   55.400000      9.843412568950E-03      2.660891899933E-03
   55.500000      1.121608940555E-02      3.073863211387E-03
   55.600000      1.235456504170E-02      3.427868113199E-03
   55.700000      1.304734432553E-02      3.649663650653E-03
   55.800000      1.319280328164E-02      3.701555416077E-03
   55.900000      1.280630753088E-02      3.587112040190E-03
   56.000000      1.201032493140E-02      3.347899466063E-03
   56.100000      1.100982485109E-02      3.052574594987E-03
   56.200000      1.005610768506E-02      2.781191000854E-03
   56.300000      9.402858003948E-03      2.608263178001E-03
   56.400000      9.257508214199E-03      2.587988908518E-03
   56.500000      9.725274115169E-03      2.744228970262E-03
   56.600000      1.076096405677E-02      3.066681716352E-03
   56.700000      1.218801782283E-02      3.513458432947E-03
   56.800000      1.376703381202E-02      4.019184092392E-03
   56.900000      1.525143289720E-02      4.506944322145E-03
   57.000000      1.642430764700E-02      4.901922982760E-03
   57.100000      1.712478784335E-02      5.144429616489E-03
   57.200000      1.726588517972E-02      5.200186204152E-03
   57.300000      1.684349663632E-02      5.066201839783E-03
   57.400000      1.593619038757E-02      4.771268887431E-03
   57.500000      1.469574665170E-02      4.370990959752E-03
   57.600000      1.332886749831E-02      3.938187708243E-03
   57.700000      1.207081738602E-02      3.550364259166E-03
   57.800000      1.115134300159E-02      3.276519124299E-03
   57.900000      1.075181483950E-02      3.165746984540E-03
   58.000000      1.095810412290E-02      3.239785150543E-03
   58.100000      1.173512424018E-02      3.490867238561E-03
   58.200000      1.294613920622E-02      3.885119239971E-03
   58.300000      1.440122362657E-02      4.370508332538E-03
   58.400000      1.590532682541E-02      4.887340525512E-03
   58.500000      1.729163049833E-02      5.378782330025E-03
   58.600000      1.843962229456E-02      5.799020922291E-03
   58.700000      1.928012665068E-02      6.117461839030E-03
   58.800000      1.978946042255E-02      6.318582535833E-03
   58.900000      1.997567020863E-02      6.398355649692E-03
   59.000000      1.986107719779E-02      6.359123025853E-03
   59.100000      1.946632566068E-02      6.205120905771E-03
   59.200000      1.880116460191E-02      5.940412216977E-03
   59.300000      1.786566517525E-02      5.569920054180E-03
   59.400000      1.666197550328E-02      5.102950486289E-03
   59.500000      1.521184979193E-02      4.557516055756E-03
   59.600000      1.357228003212E-02      3.963323628811E-03
   59.700000      1.184292304784E-02      3.361646967896E-03
   59.800000      1.016280226824E-02      2.801347984181E-03
   59.900000      8.696742942450E-03      2.331671060522E-03
   60.000000      7.611669968675E-03      1.993623180454E-03
   60.100000      7.038186257776E-03      1.812339030875E-03
   60.200000      7.018811929161E-03      1.792602036818E-03
   60.300000      7.484818143973E-03      1.918732959156E-03
   60.400000      8.295241322780E-03      2.158715977501E-03
   60.500000      9.292061919924E-03      2.471190785691E-03
   60.600000      1.033569788827E-02      2.813232069132E-03
   60.700000      1.132275642795E-02      3.146885028368E-03
   60.800000      1.218867315799E-02      3.443151528794E-03
   60.900000      1.289555032546E-02      3.683190826904E-03
   61.000000      1.341620957658E-02      3.857462845446E-03
   61.100000      1.373158568065E-02      3.964032245572E-03
   61.200000      1.383885693098E-02      4.007133124494E-03
   61.300000      1.375927830417E-02      3.996505081866E-03
   61.400000      1.354281815650E-02      3.947275788311E-03
   61.500000      1.326791771412E-02      3.879633552920E-03
   61.600000      1.302937482458E-02      3.817433516479E-03
   61.700000      1.290810520525E-02      3.785242514731E-03
   61.800000      1.295015981667E-02      3.803994068556E-03
   61.900000      1.317620462613E-02      3.886129778061E-03
   62.000000      1.358699722954E-02      4.031570482717E-03
   62.100000      1.415312526400E-02      4.225898049950E-03
   62.200000      1.480117567589E-02      4.441692271136E-03
   62.300000      1.541765065470E-02      4.643175421298E-03
   62.400000      1.587908539921E-02      4.793410069420E-03
   62.500000      1.608578582316E-02      4.862551465482E-03
   62.600000      1.598528276139E-02      4.835291886562E-03
   62.700000      1.558560141180E-02      4.715739037215E-03
   62.800000      1.495889667583E-02      4.528490557900E-03
   62.900000      1.423472897569E-02      4.315449333085E-03
   63.000000      1.358141473098E-02      4.128784973084E-03
   63.100000      1.317431771690E-02      4.021222200717E-03
   63.200000      1.315600244418E-02      4.035404757552E-03
   63.300000      1.360145388778E-02      4.194358044802E-03
   63.400000      1.449726746633E-02      4.494998730296E-03
   63.500000      1.573730703847E-02      4.906194801296E-03
   63.600000      1.714013661322E-02      5.372099129965E-03
   63.700000      1.848490696736E-02      5.820469042389E-03
   63.800000      1.955139956939E-02      6.174623678738E-03
   63.900000      2.015445455482E-02      6.366814744136E-03
   64.000000      2.016986852605E-02      6.350335740713E-03
   64.100000      1.955025485645E-02      6.107844988336E-03
   64.200000      1.832952247874E-02      5.654160562061E-03
   64.300000      1.661560537135E-02      5.033043799818E-03
   64.400000      1.457260850691E-02      4.308896743245E-03
   64.500000      1.239540458726E-02      3.555457335842E-03
   64.600000      1.028219990155E-02      2.844145395023E-03
   64.700000      8.412368122240E-03      2.234536923391E-03
   64.800000      6.933453522955E-03      1.768608404469E-03
   64.900000      5.953595444364E-03      1.469188032702E-03
   65.000000      5.532937452963E-03      1.341872399631E-03
   65.100000      5.673493635758E-03      1.378878339612E-03
   65.200000      6.314879212978E-03      1.563113786776E-03
   65.300000      7.349696470549E-03      1.871168450436E-03
   65.400000      8.655050119426E-03      2.274741062052E-03
   65.500000      1.011192547349E-02      2.740905772374E-03
   65.600000      1.160562742650E-02      3.232241075071E-03
   65.700000      1.302113200091E-02      3.707978161118E-03
   65.800000      1.424508042572E-02      4.126937082274E-03
   65.900000      1.517694198095E-02      4.452265851836E-03
   66.000000      1.574435063137E-02      4.657164489080E-03
   66.100000      1.591701288739E-02      4.730169111946E-03
   66.200000      1.571560331414E-02      4.678411386693E-03
   66.300000      1.521328519901E-02      4.527622499033E-03
   66.400000      1.452845472717E-02      4.318417968577E-03
   66.500000      1.380849178838E-02      4.099353893121E-03
   66.600000      1.320573137821E-02      3.918109716672E-03
   66.700000      1.284854974829E-02      3.812683129517E-03
   66.800000      1.281262889588E-02      3.804535010167E-03
   66.900000      1.310137400865E-02      3.895186777322E-03
   67.000000      1.364694656716E-02      4.066969176159E-03
   67.100000      1.433321383840E-02      4.287660711567E-03
   67.200000      1.502785521710E-02      4.517877106834E-03
   67.300000      1.561167919700E-02      4.719491796573E-03
   67.400000      1.600020308735E-02      4.863214118206E-03
   67.500000      1.615580265404E-02      4.933750693206E-03
   67.600000      1.608989564627E-02      4.931636010522E-03
   67.700000      1.585572819175E-02      4.871656041558E-03
   67.800000      1.553373455897E-02      4.778574143754E-03
   67.900000      1.521302133312E-02      4.681394306596E-03
   68.000000      1.497369330179E-02      4.607543227565E-03
   68.100000      1.487427476151E-02      4.578123555316E-03
   68.200000      1.494593084543E-02      4.604904543039E-03
   68.300000      1.519223372356E-02      4.689158503138E-03
   68.400000      1.559131327599E-02      4.822007114834E-03
   68.500000      1.609705518324E-02      4.985736255414E-03
   68.600000      1.663981114112E-02      5.155600899659E-03
   68.700000      1.713119443417E-02      5.301900446659E-03
   68.800000      1.747365537608E-02      5.392411846252E-03
   68.900000      1.757122949437E-02      5.395453136530E-03
   69.000000      1.734027904629E-02      5.283788521210E-03
   69.100000      1.672101009241E-02      5.039256337257E-03
   69.200000      1.568948999588E-02      4.657507719740E-03
   69.300000      1.426827604474E-02      4.151787654941E-03
   69.400000      1.253293410710E-02      3.554494042207E-03
   69.500000      1.061200332839E-02      2.915467194301E-03
   69.600000      8.679414964500E-03      2.296606301821E-03
   69.700000      6.940421691406E-03      1.763337756423E-03
   69.800000      5.612762045116E-03      1.374408062839E-03
   69.900000      4.898130299595E-03      1.172132218052E-03
   70.000000      4.919980679986E-03      1.175342091039E-03
   70.100000      5.651302527562E-03      1.376743081148E-03
   70.200000      6.931873762610E-03      1.745305270625E-03
   70.300000      8.543087068283E-03      2.232993904513E-03
   70.400000      1.027182617472E-02      2.784003045652E-03
   70.500000      1.194490374663E-02      3.344079701697E-03
   70.600000      1.344157885505E-02      3.867711836926E-03
   70.700000      1.469251703837E-02      4.321830809901E-03
   70.800000      1.566942322365E-02      4.685926468686E-03
   70.900000      1.636893575680E-02      4.949639812783E-03
   71.000000      1.679506153763E-02      5.109567930802E-03
   71.100000      1.694850937440E-02      5.166962997301E-03
   71.200000      1.683068819838E-02      5.127282615178E-03
   71.300000      1.645729571478E-02      5.001465972725E-03
   71.400000      1.587088268399E-02      4.807825589022E-03
   71.500000      1.514667932003E-02      4.572974574975E-03
   71.600000      1.438907595075E-02      4.330459017785E-03
   71.700000      1.371734596483E-02      4.116641727997E-03
   71.800000      1.324164269615E-02      3.964536891051E-03
   71.900000      1.303604549000E-02      3.897260638901E-03
   72.000000      1.312125998508E-02      3.923145087645E-03
   72.100000      1.346425454185E-02      4.034188720383E-03
   72.200000      1.399036853102E-02      4.208497406031E-03
   72.300000      1.460253110697E-02      4.416069105034E-03
   72.400000      1.520521176277E-02      4.626167733603E-03
   72.500000      1.572664570676E-02      4.814028895512E-03
   72.600000      1.613093463109E-02      4.964929492076E-03
   72.700000      1.641670410808E-02      5.074625408586E-03
   72.800000      1.660459926663E-02      5.146454490907E-03
   72.900000      1.671948123951E-02      5.186540714722E-03
   73.000000      1.677467869162E-02      5.199110010280E-03
   73.100000      1.676422549804E-02      5.183743715743E-03
   73.200000      1.666538355935E-02      5.135540151318E-03
   73.300000      1.644990692282E-02      5.047963038709E-03
   73.400000      1.609955773379E-02      4.917080805547E-03
   73.500000      1.561982948202E-02      4.745342872592E-03
   73.600000      1.504619216792E-02      4.543194380913E-03
   73.700000      1.443924775649E-02      4.327626307511E-03
   73.800000      1.386825721416E-02      4.117890684327E-03
   73.900000      1.338691260498E-02      3.929672027681E-03
   74.000000      1.301109010676E-02      3.769633646673E-03
   74.100000      1.270990365370E-02      3.632254843622E-03
   74.200000      1.241343730482E-02      3.500260754461E-03
   74.300000      1.203201220790E-02      3.348926164705E-03
   74.400000      1.148064896339E-02      3.153417451540E-03
   74.500000      1.070421760928E-02      2.897434605033E-03
   74.600000      9.699756182495E-03      2.580956346123E-03
   74.700000      8.532576015242E-03      2.224972049524E-03
   74.800000      7.342204329089E-03      1.871664495166E-03
   74.900000      6.331944483803E-03      1.579443338737E-03
   75.000000      5.732997354578E-03      1.413323520215E-03
   75.100000      5.746288861088E-03      1.432192559505E-03
   75.200000      6.495456134372E-03      1.675333187763E-03
   75.300000      8.000667070203E-03      2.151006847993E-03
   75.400000      1.013906212783E-02      2.829832786032E-03
   75.500000      1.264631773439E-02      3.645041406299E-03
   75.600000      1.519439836457E-02      4.500459789663E-03
   75.700000      1.745804956212E-02      5.285465648683E-03
   75.800000      1.915888014120E-02      5.894444209029E-03
   75.900000      2.010097431384E-02      6.246927252997E-03
   76.000000      2.019731039924E-02      6.304003313446E-03
   76.100000      1.948321470981E-02      6.077033378588E-03
   76.200000      1.811418963886E-02      5.626201308617E-03
   76.300000      1.634735274664E-02      5.048693343069E-03
   76.400000      1.450800441286E-02      4.458811279499E-03
   76.500000      1.294331709030E-02      3.964425356581E-03
   76.600000      1.195047307222E-02      3.645252677007E-03
   76.700000      1.167472470548E-02      3.538123101479E-03
   76.800000      1.207291581544E-02      3.632669398301E-03
   76.900000      1.294700353417E-02      3.878183981393E-03
   77.000000      1.402151816119E-02      4.199474251355E-03
   77.100000      1.503256985300E-02      4.517261019206E-03
   77.200000      1.578681685804E-02      4.767649561166E-03
   77.300000      1.618957745933E-02      4.915718300820E-03
   77.400000      1.624906447804E-02      4.960118861224E-03
   77.500000      1.606054741519E-02      4.928193160411E-03
   77.600000      1.577414393087E-02      4.863726498781E-03
   77.700000      1.555114799957E-02      4.811337325706E-03
   77.800000      1.551310491406E-02      4.802155587787E-03
   77.900000      1.569170213127E-02      4.844736046632E-03
   78.000000      1.601659186377E-02      4.923367454472E-03
   78.100000      1.635594342211E-02      5.003658150903E-03
   78.200000      1.656493314980E-02      5.043206141182E-03
   78.300000      1.652339891249E-02      5.003895427850E-03
   78.400000      1.616185923376E-02      4.862215824842E-03
   78.500000      1.547347638624E-02      4.614931947188E-03
   78.600000      1.451126940964E-02      4.279051884008E-03
   78.700000      1.337293305945E-02      3.886801873711E-03
   78.800000      1.217784524560E-02      3.477641439136E-03
   78.900000      1.104167503487E-02      3.089886329082E-03
   79.000000      1.005520326229E-02      2.754176176215E-03
   79.100000      9.275079283257E-03      2.490057720739E-03
   79.200000      8.726613423888E-03      2.305768510833E-03
   79.300000      8.410992702232E-03      2.200338759264E-03
   79.400000      8.312560595343E-03      2.166682472427E-03
   79.500000      8.405008844941E-03      2.194490782562E-03
   79.600000      8.655492265782E-03      2.272300274796E-03
   79.700000      9.027118004395E-03      2.388767377360E-03
   79.800000      9.482444659100E-03      2.533612862550E-03
   79.900000      9.989254284635E-03      2.698721748110E-03
   80.000000      1.052634248148E-02      2.879520987072E-03
   80.100000      1.108680682900E-02      3.076231201880E-03
   80.200000      1.167948867373E-02      3.294206459092E-03
   80.300000      1.232987723677E-02      3.542586241452E-03
   80.400000      1.307635064830E-02      3.830957137720E-03
   80.500000      1.395457090778E-02      4.164508737468E-03
   80.600000      1.496998237718E-02      4.538952847140E-03
   80.700000      1.607633014790E-02      4.936906643981E-03
   80.800000      1.717725110232E-02      5.327287699834E-03
   80.900000      1.814463128942E-02      5.668528589505E-03
   81.000000      1.884437719527E-02      5.915324341484E-03
   81.100000      1.916306000700E-02      6.027551323147E-03
   81.200000      1.902952612602E-02      5.979301833843E-03
   81.300000      1.842856004302E-02      5.765873177208E-03
   81.400000      1.740585750715E-02      5.407027498773E-03
   81.500000      1.606601501923E-02      4.945710746752E-03
   81.600000      1.456639678617E-02      4.442410884058E-03
   81.700000      1.310635379658E-02      3.966193288535E-03
   81.800000      1.190701742680E-02      3.584014918730E-03
   81.900000      1.117379921513E-02      3.350139168686E-03
   82.000000      1.103951113581E-02      3.297385224640E-03
   82.100000      1.151670528183E-02      3.431621971278E-03
   82.200000      1.250034245829E-02      3.730428342413E-03
   82.300000      1.380994100692E-02      4.146241318509E-03
   82.400000      1.523393295534E-02      4.613639064558E-03
   82.500000      1.656286200976E-02      5.059712371152E-03
   82.600000      1.761284334016E-02      5.415854982602E-03
   82.700000      1.824480852146E-02      5.628891896260E-03
   82.800000      1.838148237410E-02      5.669420179592E-03
   82.900000      1.801735720256E-02      5.535665978333E-03
   83.000000      1.721708815789E-02      5.252048504063E-03
   83.100000      1.610199898248E-02      4.862810989782E-03
   83.200000      1.482711653038E-02      4.422224184588E-03
   83.300000      1.355249319913E-02      3.983652777399E-03
   83.400000      1.241297790930E-02      3.589957841665E-03
   83.500000      1.149204325971E-02      3.267240087211E-03
   83.600000      1.081059349655E-02      3.022971814072E-03
   83.700000      1.033781987248E-02      2.848426574392E-03
   83.800000      1.001323196990E-02      2.724326793939E-03
   83.900000      9.767196400997E-03      2.628034292093E-03
   84.000000      9.538254065130E-03      2.540496955234E-03
   84.100000      9.288342141374E-03      2.451475201984E-03
   84.200000      9.014293211522E-03      2.362143437195E-03
   84.300000      8.752519604284E-03      2.284807141200E-03
   84.400000      8.574080225789E-03      2.240045008315E-03
   84.500000      8.567987448576E-03      2.251996950043E-03
   84.600000      8.813890939388E-03      2.342759450314E-03
   84.700000      9.355914366605E-03      2.526943781992E-03
   84.800000      1.019227424102E-02      2.807423339032E-03
   84.900000      1.127712614865E-02      3.173142087886E-03
   85.000000      1.252622638837E-02      3.599554441260E-03
   85.100000      1.382843673082E-02      4.051806900086E-03
   85.200000      1.506371909551E-02      4.490196023158E-03
   85.300000      1.612345349069E-02      4.876863062637E-03
   85.400000      1.692878768382E-02      5.182284676831E-03
   85.500000      1.744315136060E-02      5.390055037218E-03
   85.600000      1.767571243473E-02      5.498805365832E-03
   85.700000      1.767388593620E-02      5.520812627358E-03
   85.800000      1.750618379732E-02      5.477715360655E-03
   85.900000      1.724241335314E-02      5.394515665710E-03
   86.000000      1.693984530583E-02      5.293463520628E-03
   86.100000      1.663664554131E-02      5.189372695400E-03
   86.200000      1.634850261201E-02      5.087447060342E-03
   86.300000      1.606760637155E-02      4.983976845913E-03
   86.400000      1.576745883875E-02      4.869525596727E-03
   86.500000      1.541472126051E-02      4.733663523188E-03
   86.600000      1.498403344539E-02      4.570013331044E-03
   86.700000      1.447124352889E-02      4.380367707398E-03
   86.800000      1.390252328265E-02      4.176861988798E-03
   86.900000      1.333757660026E-02      3.981572601954E-03
   87.000000      1.286483122035E-02      3.823399716842E-03
   87.100000      1.258617840261E-02      3.732626903354E-03
   87.200000      1.258994895326E-02      3.734072527952E-03
   87.300000      1.291950940683E-02      3.840179859913E-03
   87.400000      1.355624643760E-02      4.045634442206E-03
   87.500000      1.442099382783E-02      4.325036598853E-03
   87.600000      1.538210342194E-02      4.634709515744E-03
   87.700000      1.627191445487E-02      4.918888638247E-03
   87.800000      1.691662702209E-02      5.119449876089E-03
   87.900000      1.717084856031E-02      5.187266197280E-03
   88.000000      1.694578665522E-02      5.092584411780E-03
   88.100000      1.622607153743E-02      4.831786718006E-03
   88.200000      1.507320867183E-02      4.428659291824E-03
   88.300000      1.361504476291E-02      3.929680100459E-03
   88.400000      1.202243629583E-02      3.394462879796E-03
   88.500000      1.047717747258E-02      2.883839220847E-03
   88.600000      9.139057340565E-03      2.448678683037E-03
   88.700000      8.120903743083E-03      2.122225462995E-03
   88.800000      7.476909456488E-03      1.917575057020E-03
   88.900000      7.206586406661E-03      1.830314353468E-03
   89.000000      7.270096371264E-03      1.844836452563E-03
   89.100000      7.604304649208E-03      1.941904177999E-03
   89.200000      8.140469334622E-03      2.104945936007E-03
   89.300000      8.825925874906E-03      2.323295505672E-03
   89.400000      9.635135674355E-03      2.591828926293E-03
   89.500000      1.056144995490E-02      2.907749278148E-03
   89.600000      1.159710608637E-02      3.266183133031E-03
   89.700000      1.271536801958E-02      3.656508150769E-03
   89.800000      1.386406142448E-02      4.060903717005E-03
   89.900000      1.497077204103E-02      4.455711711388E-03
   90.000000      1.595637430676E-02      4.815159544030E-03
   90.100000      1.675226215126E-02      5.116193290647E-03
   90.200000      1.731559719906E-02      5.342849933338E-03
   90.300000      1.763766390018E-02      5.488835931502E-03
   90.400000      1.774289286500E-02      5.557649105938E-03
   90.500000      1.767896753681E-02      5.560414244112E-03
   90.600000      1.750112679866E-02      5.512295537085E-03
   90.700000      1.725626244193E-02      5.428676585356E-03
   90.800000      1.697324604599E-02      5.322194732406E-03
   90.900000      1.666279116277E-02      5.201278962454E-03
   91.000000      1.632416621888E-02      5.070271818084E-03
   91.100000      1.595336387584E-02      4.930730359282E-03
   91.200000      1.554955321627E-02      4.783245967757E-03
   91.300000      1.511891190806E-02      4.629136514613E-03
   91.400000      1.467574928553E-02      4.471582002620E-03
   91.500000      1.424131852545E-02      4.316066720415E-03
   91.600000      1.384121685581E-02      4.170221398473E-03
   91.700000      1.350267225215E-02      4.043243555439E-03
   91.800000      1.325266735914E-02      3.945015530149E-03
   91.900000      1.311614683607E-02      3.884921140808E-03
   92.000000      1.311216503328E-02      3.870301110556E-03
   92.100000      1.324762109958E-02      3.904569217774E-03
   92.200000      1.351218884469E-02      3.985235914258E-03
   92.300000      1.387712294978E-02      4.102360015630E-03
   92.400000      1.429592890472E-02      4.238120698905E-03
   92.500000      1.470515500027E-02      4.368129334454E-03
   92.600000      1.502752172686E-02      4.464721102511E-03
   92.700000      1.518242225215E-02      4.501845080078E-03
   92.800000      1.510436914354E-02      4.460504630510E-03
   92.900000      1.476183800250E-02      4.333258934475E-03
   93.000000      1.416824739716E-02      4.126321544453E-03
   93.100000      1.338117989392E-02      3.858372746140E-03
   93.200000      1.248897284755E-02      3.556206080948E-03
   93.300000      1.158611653765E-02      3.248420660758E-03
   93.400000      1.074593109323E-02      2.959132201307E-03
   93.500000      1.000620836986E-02      2.703776420496E-03
   93.600000      9.373677889299E-03      2.488420785831E-03
   93.700000      8.840629120054E-03      2.312775865925E-03
   93.800000      8.405058745229E-03      2.175727251621E-03
   93.900000      8.086298923719E-03      2.081193364941E-03
   94.000000      7.930570609497E-03      2.041847623655E-03
   94.100000      8.005629148425E-03      2.078865349351E-03
   94.200000      8.386854496667E-03      2.217193456915E-03
   94.300000      9.136504353082E-03      2.477457814817E-03
   94.400000      1.027792642030E-02      2.866961289871E-03
   94.500000      1.176967850646E-02      3.372796580174E-03
   94.600000      1.349288769772E-02      3.959660965535E-03
   94.700000      1.527020830290E-02      4.573619711726E-03
   94.800000      1.690651044046E-02      5.151246444308E-03
   94.900000      1.822839711384E-02      5.631873088062E-03
   95.000000      1.911452304359E-02      5.969673340072E-03
   95.100000      1.951389750935E-02      6.142313641855E-03
   95.200000      1.945009760594E-02      6.153922888912E-03
   95.300000      1.901110823577E-02      6.031813332123E-03
   95.400000      1.832696040806E-02      5.818178181183E-03
   95.500000      1.754013239037E-02      5.559326980940E-03
   95.600000      1.677605153054E-02      5.295504765246E-03
   95.700000      1.611976841715E-02      5.053883978916E-03
   95.800000      1.560079538084E-02      4.846141353578E-03
   95.900000      1.519504236448E-02      4.670569207687E-03
   96.000000      1.484925307545E-02      4.517400275875E-03
   96.100000      1.450983107680E-02      4.375306654861E-03
   96.200000      1.414407118318E-02      4.237006501128E-03
   96.300000      1.375201986466E-02      4.102483021895E-03
   96.400000      1.336825358573E-02      3.979226641358E-03
   96.500000      1.305268312834E-02      3.879831930031E-03
   96.600000      1.286956903917E-02      3.817948569105E-03
   96.700000      1.286023312949E-02      3.803862519351E-03
   96.800000      1.302690276673E-02      3.840879918306E-03
   96.900000      1.333629878274E-02      3.923323687166E-03
   97.000000      1.373045698870E-02      4.036495300476E-03
   97.100000      1.413653483279E-02      4.158537613463E-03
   97.200000      1.447749979419E-02      4.263824315538E-03
   97.300000      1.468329641590E-02      4.327292485701E-03
   97.400000      1.470062866197E-02      4.328990636528E-03
   97.500000      1.450135003186E-02      4.258020088586E-03
   97.600000      1.408886080767E-02      4.115037738956E-03
   97.700000      1.350024774923E-02      3.912634271239E-03
   97.800000      1.280170005885E-02      3.673257443930E-03
   97.900000      1.207641198242E-02      3.424894614453E-03
   98.000000      1.140726687951E-02      3.195343077182E-03
   98.100000      1.085938702769E-02      3.006391369409E-03
   98.200000      1.046734720300E-02      2.869417379796E-03
   98.300000      1.022960835533E-02      2.783664687009E-03
   98.400000      1.011202832226E-02      2.737805440584E-03
   98.500000      1.006079852335E-02      2.714498619207E-03
   98.600000      1.002121002249E-02      2.696769682584E-03
   98.700000      9.957113715915E-03      2.674450491898E-03
   98.800000      9.866391161892E-03      2.648825502983E-03
   98.900000      9.787730144398E-03      2.634077992869E-03
   99.000000      9.795584372323E-03      2.654993132408E-03
   99.100000      9.983693325641E-03      2.741396349378E-03
   99.200000      1.044085758468E-02      2.920682757322E-03
   99.300000      1.122524938866E-02      3.210277179332E-03
   99.400000      1.234410210413E-02      3.611837874709E-03
   99.500000      1.374354704218E-02      4.108526685248E-03
   99.600000      1.531342915272E-02      4.665894103594E-03
   99.700000      1.690715179927E-02      5.236109896365E-03
   99.800000      1.836721823858E-02      5.764622050046E-03
   99.900000      1.954818973073E-02      6.197972170261E-03
  100.000000      2.033455981770E-02      6.491446723900E-03
