# M=22, N=11, V0=0.0, V=0.25, PBC
#  time (tJ)                 S₁(n=5)                 S₂(n=5)
    0.000000      3.463895836830E-14      8.881784197001E-16
    0.100000      3.426259913652E-03      6.745692089547E-04
    0.200000      1.134343254579E-02      2.573617084154E-03
    0.300000      2.161053482263E-02      5.352427205934E-03
    0.400000      3.238510606515E-02      8.525984471103E-03
    0.500000      4.209538596973E-02      1.157765572601E-02
    0.600000      4.958763156394E-02      1.406832606965E-02
    0.700000      5.423159853754E-02      1.571906534360E-02
    0.800000      5.594684072636E-02      1.644936107877E-02
    0.900000      5.514669331677E-02      1.636611028543E-02
    1.000000      5.261426802481E-02      1.571174843415E-02
    1.100000      4.933321001440E-02      1.478938579717E-02
    1.200000      4.628353516304E-02      1.388637378520E-02
    1.300000      4.420186406645E-02      1.321505142511E-02
    1.400000      4.339452082184E-02      1.288207680767E-02
    1.500000      4.375687501003E-02      1.288846817682E-02
    1.600000      4.491930636088E-02      1.315421412934E-02
    1.700000      4.640903898819E-02      1.355626060547E-02
    1.800000      4.780107018821E-02      1.396768559797E-02
    1.900000      4.880002348006E-02      1.428836635309E-02
    2.000000      4.926082206291E-02      1.446191673670E-02
    2.100000      4.917904115995E-02      1.447837317897E-02
    2.200000      4.866783928838E-02      1.436567666101E-02
    2.300000      4.791218437188E-02      1.417479708438E-02
    2.400000      4.711768846996E-02      1.396344122570E-02
    2.500000      4.646776507601E-02      1.378219616066E-02
    2.600000      4.608743465725E-02      1.366534608823E-02
    2.700000      4.601604087085E-02      1.362702085966E-02
    2.800000      4.622522244254E-02      1.366213314076E-02
    2.900000      4.665474382535E-02      1.375085641039E-02
    3.000000      4.720775020587E-02      1.386512972611E-02
    3.100000      4.774082988092E-02      1.397569476164E-02
    3.200000      4.811691815517E-02      1.405832876461E-02
    3.300000      4.825509752898E-02      1.409817294440E-02
    3.400000      4.814630895419E-02      1.409140660547E-02
    3.500000      4.785094947806E-02      1.404404335295E-02
    3.600000      4.748543808967E-02      1.396829740368E-02
    3.700000      4.718546374413E-02      1.387760668733E-02
    3.800000      4.701266655836E-02      1.378173879283E-02
    3.900000      4.691293930876E-02      1.368325766039E-02
    4.000000      4.678707024223E-02      1.357603915579E-02
    4.100000      4.653990531292E-02      1.344578375631E-02
    4.200000      4.610269120905E-02      1.327195038959E-02
    4.300000      4.543839664493E-02      1.303043034812E-02
    4.400000      4.452362447185E-02      1.269651800726E-02
    4.500000      4.331126717250E-02      1.224805253072E-02
    4.600000      4.172447116567E-02      1.166876429236E-02
    4.700000      3.969344382797E-02      1.095180182177E-02
    4.800000      3.719287853722E-02      1.010324266919E-02
    4.900000      3.426348581564E-02      9.145235908510E-03
    5.000000      3.102064969754E-02      8.118329432798E-03
    5.100000      2.765633654387E-02      7.082457282316E-03
    5.200000      2.443935976444E-02      6.115958068366E-03
    5.300000      2.171129804905E-02      5.311910593105E-03
    5.400000      1.985788082312E-02      4.771145550768E-03
    5.500000      1.923879690979E-02      4.591673199026E-03
    5.600000      2.010344936855E-02      4.855010386804E-03
    5.700000      2.254491798728E-02      5.610887742981E-03
    5.800000      2.649319310381E-02      6.862808025645E-03
    5.900000      3.170952056202E-02      8.557575369128E-03
    6.000000      3.779530639835E-02      1.058192672803E-02
    6.100000      4.422994830433E-02      1.276861366947E-02
    6.200000      5.042887359499E-02      1.491274264959E-02
    6.300000      5.580830510076E-02      1.679712588872E-02
    6.400000      5.985110859614E-02      1.822323366472E-02
    6.500000      6.217009295556E-02      1.904258504159E-02
    6.600000      6.256229883382E-02      1.918257603316E-02
    6.700000      6.104560560138E-02      1.866118423583E-02
    6.800000      5.787098249283E-02      1.758678249064E-02
    6.900000      5.350697037598E-02      1.614215288930E-02
    7.000000      4.859527634990E-02      1.455510157842E-02
    7.100000      4.387723847009E-02      1.306104252909E-02
    7.200000      4.008644299758E-02      1.186478676092E-02
    7.300000      3.779529233141E-02      1.110902468738E-02
    7.400000      3.724289080796E-02      1.085549761282E-02
    7.500000      3.828225834526E-02      1.108195045641E-02
    7.600000      4.050679444170E-02      1.169437581216E-02
    7.700000      4.339769931159E-02      1.255075218256E-02
    7.800000      4.642940218727E-02      1.349032786618E-02
    7.900000      4.914844544658E-02      1.436201832229E-02
    8.000000      5.122260817160E-02      1.504663760763E-02
    8.100000      5.246050445982E-02      1.546993869984E-02
    8.200000      5.281078777478E-02      1.560598780950E-02
    8.300000      5.234472179237E-02      1.547247955245E-02
    8.400000      5.122718901900E-02      1.512074054662E-02
    8.500000      4.968214655253E-02      1.462329395399E-02
    8.600000      4.795801175615E-02      1.406124030924E-02
    8.700000      4.629553652584E-02      1.351281074609E-02
    8.800000      4.489924173406E-02      1.304370861397E-02
    8.900000      4.391317704618E-02      1.269952362360E-02
    9.000000      4.340424816985E-02      1.250056060812E-02
    9.100000      4.335687079660E-02      1.243963664077E-02
    9.200000      4.367538509796E-02      1.248345879775E-02
    9.300000      4.418684761961E-02      1.257789066659E-02
    9.400000      4.466346545335E-02      1.265674217279E-02
    9.500000      4.487299521519E-02      1.265287078799E-02
    9.600000      4.462174606479E-02      1.250967061946E-02
    9.700000      4.378308225238E-02      1.219073943172E-02
    9.800000      4.231563533795E-02      1.168581183776E-02
    9.900000      4.026860335227E-02      1.101189468302E-02
   10.000000      3.777279747258E-02      1.020970749912E-02
   10.100000      3.501960755562E-02      9.336657592525E-03
   10.200000      3.223112256018E-02      8.458301880120E-03
   10.300000      2.962793751145E-02      7.640338632910E-03
   10.400000      2.740569194811E-02      6.942637139760E-03
   10.500000      2.572847579082E-02      6.415889121001E-03
   10.600000      2.473021983426E-02      6.100519357330E-03
   10.700000      2.450812751593E-02      6.026864734594E-03
   10.800000      2.511329661406E-02      6.215496372252E-03
   10.900000      2.654994661444E-02      6.676871640751E-03
   11.000000      2.878141613042E-02      7.410040088391E-03
   11.100000      3.173372847090E-02      8.400624669457E-03
   11.200000      3.529399899446E-02      9.618592637104E-03
   11.300000      3.930981614896E-02      1.101642404262E-02
   11.400000      4.359185661411E-02      1.252830281162E-02
   11.500000      4.791850002634E-02      1.407100167333E-02
   11.600000      5.203808378257E-02      1.554718295970E-02
   11.700000      5.567598103249E-02      1.685173672623E-02
   11.800000      5.855730101548E-02      1.788135623892E-02
   11.900000      6.044006767216E-02      1.854677171946E-02
   12.000000      6.114797573650E-02      1.878609131212E-02
   12.100000      6.059847019243E-02      1.857684986082E-02
   12.200000      5.882445044766E-02      1.794398045671E-02
   12.300000      5.598671667661E-02      1.696123323500E-02
   12.400000      5.237359904683E-02      1.574461557676E-02
   12.500000      4.838428943651E-02      1.443804998011E-02
   12.600000      4.449417890564E-02      1.319328041823E-02
   12.700000      4.119849708600E-02      1.214762143304E-02
   12.800000      3.891872174123E-02      1.140395247859E-02
   12.900000      3.788288427056E-02      1.101708730948E-02
   13.000000      3.807964436047E-02      1.098926664991E-02
   13.100000      3.930281285874E-02      1.127535572556E-02
   13.200000      4.122702656513E-02      1.179597847417E-02
   13.300000      4.349245183697E-02      1.245497992419E-02
   13.400000      4.577778311589E-02      1.315682507830E-02
   13.500000      4.784232872541E-02      1.382002883107E-02
   13.600000      4.953534188216E-02      1.438427229714E-02
   13.700000      5.078184604054E-02      1.481096604522E-02
   13.800000      5.155479513226E-02      1.507898411707E-02
   13.900000      5.184479760466E-02      1.517849529513E-02
   14.000000      5.164134526802E-02      1.510590507462E-02
   14.100000      5.093365870776E-02      1.486192207192E-02
   14.200000      4.972539651904E-02      1.445309143471E-02
   14.300000      4.805374389184E-02      1.389546157509E-02
   14.400000      4.600591168072E-02      1.321803431883E-02
   14.500000      4.372529462408E-02      1.246367609484E-02
   14.600000      4.139901095333E-02      1.168617047520E-02
   14.700000      3.922463815490E-02      1.094359118708E-02
   14.800000      3.736778647743E-02      1.028952271743E-02
   14.900000      3.593383315485E-02      9.764347116493E-03
   15.000000      3.496133446529E-02      9.388692846133E-03
   15.100000      3.442301244990E-02      9.160404324624E-03
   15.200000      3.422926635706E-02      9.055436299159E-03
   15.300000      3.424494413241E-02      9.032281910822E-03
   15.400000      3.431629937168E-02      9.039104468375E-03
   15.500000      3.429656668585E-02      9.022635972497E-03
   15.600000      3.406584319546E-02      8.937946788493E-03
   15.700000      3.354791692742E-02      8.758157201386E-03
   15.800000      3.272838039879E-02      8.482916304379E-03
   15.900000      3.167438846274E-02      8.144061685432E-03
   16.000000      3.055183479249E-02      7.806545759864E-03
   16.100000      2.963067836326E-02      7.562848433258E-03
   16.200000      2.926093018200E-02      7.520009550146E-03
   16.300000      2.980822850833E-02      7.780147686031E-03
   16.400000      3.154770065890E-02      8.417511673036E-03
   16.500000      3.455714486881E-02      9.457012805301E-03
   16.600000      3.868206251039E-02      1.085998902405E-02
   16.700000      4.356145698016E-02      1.252208855044E-02
   16.800000      4.868737409103E-02      1.428558788879E-02
   16.900000      5.349325582771E-02      1.596475387073E-02
   17.000000      5.745462896719E-02      1.737908324378E-02
   17.100000      6.017857797388E-02      1.838663420290E-02
   17.200000      6.146454592123E-02      1.890917431078E-02
   17.300000      6.132833445056E-02      1.894283690490E-02
   17.400000      5.998633959063E-02      1.855190173320E-02
   17.500000      5.780128632022E-02      1.784799557950E-02
   17.600000      5.519324833263E-02      1.696097060499E-02
   17.700000      5.253041820341E-02      1.600974411119E-02
   17.800000      5.004303251656E-02      1.508091757215E-02
   17.900000      4.780379296124E-02      1.422027387982E-02
   18.000000      4.577161656879E-02      1.343817267926E-02
   18.100000      4.386542362280E-02      1.272566106636E-02
   18.200000      4.203858800304E-02      1.207501088242E-02
   18.300000      4.033264927270E-02      1.149726256299E-02
   18.400000      3.889602137410E-02      1.103050120969E-02
   18.500000      3.796121081829E-02      1.073564998216E-02
   18.600000      3.777943315075E-02      1.068060808592E-02
   18.700000      3.853660819015E-02      1.091736404385E-02
   18.800000      4.028111919609E-02      1.145913986214E-02
   18.900000      4.287993212660E-02      1.226494742540E-02
   19.000000      4.600995412547E-02      1.323705779280E-02
   19.100000      4.920302086179E-02      1.423331891183E-02
   19.200000      5.194573637075E-02      1.509201885498E-02
   19.300000      5.378297591877E-02      1.566332244147E-02
   19.400000      5.439750013530E-02      1.583933752900E-02
   19.500000      5.365871682432E-02      1.557523671695E-02
   19.600000      5.163708330965E-02      1.489645868431E-02
   19.700000      4.858509089150E-02      1.389096014974E-02
   19.800000      4.489085682961E-02      1.268944890307E-02
   19.900000      4.101346266147E-02      1.143924090567E-02
   20.000000      3.740812781054E-02      1.027815588477E-02
   20.100000      3.444889177656E-02      9.313770888750E-03
   20.200000      3.236860458217E-02      8.611083061024E-03
   20.300000      3.122908626314E-02      8.189131077085E-03
   20.400000      3.092951227650E-02      8.025193460083E-03
   20.500000      3.125780301242E-02      8.064244648555E-03
   20.600000      3.195151245482E-02      8.231377129996E-03
   20.700000      3.274314134108E-02      8.445489271096E-03
   20.800000      3.339417618948E-02      8.633124157636E-03
   20.900000      3.372998479971E-02      8.741465413861E-03
   21.000000      3.367562294969E-02      8.749054972681E-03
   21.100000      3.328159746352E-02      8.672147124841E-03
   21.200000      3.272832239611E-02      8.564385235609E-03
   21.300000      3.230154592119E-02      8.508232340291E-03
   21.400000      3.233449566946E-02      8.598414970288E-03
   21.500000      3.312252163372E-02      8.920084044569E-03
   21.600000      3.483694691241E-02      9.526576548352E-03
   21.700000      3.747354778240E-02      1.042265353942E-02
   21.800000      4.084800908978E-02      1.155831788977E-02
   21.900000      4.462927746466E-02      1.283579695010E-02
   22.000000      4.840476801110E-02      1.412865368716E-02
   22.100000      5.176811908621E-02      1.530835573750E-02
   22.200000      5.440376930300E-02      1.627118917795E-02
   22.300000      5.614659218708E-02      1.695805753761E-02
   22.400000      5.700407682637E-02      1.736170296708E-02
   22.500000      5.713739710587E-02      1.751966270992E-02
   22.600000      5.680393635820E-02      1.749561951143E-02
   22.700000      5.626472226833E-02      1.735529499585E-02
   22.800000      5.568212522832E-02      1.714455287854E-02
   22.900000      5.506752095492E-02      1.687649139266E-02
   23.000000      5.430290066208E-02      1.653135861650E-02
   23.100000      5.320704597568E-02      1.606907178046E-02
   23.200000      5.161196449469E-02      1.545018966968E-02
   23.300000      4.943244568269E-02      1.465852818110E-02
   23.400000      4.671818162822E-02      1.371800160009E-02
   23.500000      4.367730763793E-02      1.269791373196E-02
   23.600000      4.066126416022E-02      1.170435384318E-02
   23.700000      3.810641592825E-02      1.085955841152E-02
   23.800000      3.642798173901E-02      1.027480281605E-02
   23.900000      3.588539580515E-02      1.002444439329E-02
   24.000000      3.650333810449E-02      1.012850488103E-02
   24.100000      3.809334593403E-02      1.054870344127E-02
   24.200000      4.032677708696E-02      1.119885113023E-02
   24.300000      4.282208392799E-02      1.196619091765E-02
   24.400000      4.522217532362E-02      1.273697165568E-02
   24.500000      4.725245435878E-02      1.341840181207E-02
   24.600000      4.875481097849E-02      1.395062343315E-02
   24.700000      4.968797749431E-02      1.430606170145E-02
   24.800000      5.009295729152E-02      1.447816806207E-02
   24.900000      5.002959796846E-02      1.446547613916E-02
   25.000000      4.949630503227E-02      1.425854161643E-02
   25.100000      4.839951609912E-02      1.383607643392E-02
   25.200000      4.660761948905E-02      1.317284353033E-02
   25.300000      4.402333764557E-02      1.225700671137E-02
   25.400000      4.065216017215E-02      1.111041638821E-02
   25.500000      3.665603994334E-02      9.803346464248E-03
   25.600000      3.237799406696E-02      8.456318698770E-03
   25.700000      2.832429411783E-02      7.225615247656E-03
   25.800000      2.509528693585E-02      6.274591649088E-03
   25.900000      2.325953731978E-02      5.738039431629E-03
   26.000000      2.316389918052E-02      5.689765553166E-03
   26.100000      2.475136684272E-02      6.123185022978E-03
   26.200000      2.762349477212E-02      6.951151394272E-03
   26.300000      3.121098840547E-02      8.025650053419E-03
   26.400000      3.491265534289E-02      9.172162251549E-03
   26.500000      3.821181817795E-02      1.022931367952E-02
   26.600000      4.076231947792E-02      1.108314235977E-02
   26.700000      4.243198209518E-02      1.168729505555E-02
   26.800000      4.330154363199E-02      1.206495409203E-02
   26.900000      4.362508437466E-02      1.229374305198E-02
   27.000000      4.376033509208E-02      1.247943327420E-02
   27.100000      4.407773574892E-02      1.272656918676E-02
   27.200000      4.486315435042E-02      1.311367657532E-02
   27.300000      4.625379229885E-02      1.367807390217E-02
   27.400000      4.823199796729E-02      1.441172918981E-02
   27.500000      5.064655631532E-02      1.526646358109E-02
   27.600000      5.324516514529E-02      1.616503902089E-02
   27.700000      5.573029261757E-02      1.701451526393E-02
   27.800000      5.781066241805E-02      1.771929338463E-02
   27.900000      5.923417956993E-02      1.819268750186E-02
   28.000000      5.981008143929E-02      1.836691871701E-02
   28.100000      5.942372456159E-02      1.820168655960E-02
   28.200000      5.804486993523E-02      1.769099886949E-02
   28.300000      5.573450960816E-02      1.686716901206E-02
   28.400000      5.265294706680E-02      1.580039669499E-02
   28.500000      4.906228709434E-02      1.459257620534E-02
   28.600000      4.531456601659E-02      1.336503330976E-02
   28.700000      4.182173226864E-02      1.224150650460E-02
   28.800000      3.900588480688E-02      1.132930259316E-02
   28.900000      3.721713424968E-02      1.070253919496E-02
   29.000000      3.659457083056E-02      1.039128205245E-02
   29.100000      3.699246573780E-02      1.037911092380E-02
   29.200000      3.811011920162E-02      1.060955718147E-02
   29.300000      3.962149142473E-02      1.099962176035E-02
   29.400000      4.123150816836E-02      1.145693930583E-02
   29.500000      4.270200407878E-02      1.189660349230E-02
   29.600000      4.386358785765E-02      1.225427233260E-02
   29.700000      4.461946364706E-02      1.249355624451E-02
   29.800000      4.494549710341E-02      1.260725235604E-02
   29.900000      4.489089952042E-02      1.261319752005E-02
   30.000000      4.457394796548E-02      1.254614373438E-02
   30.100000      4.416086616900E-02      1.244722472534E-02
   30.200000      4.382091629048E-02      1.235257982047E-02
   30.300000      4.365953394160E-02      1.228278781284E-02
   30.400000      4.366248954569E-02      1.223498031403E-02
   30.500000      4.369815983600E-02      1.217964124949E-02
   30.600000      4.356140726798E-02      1.206381061510E-02
   30.700000      4.301866879041E-02      1.182142166317E-02
   30.800000      4.185509849898E-02      1.138981138092E-02
   30.900000      3.992855814833E-02      1.072942719038E-02
   31.000000      3.722126029685E-02      9.842079646774E-03
   31.100000      3.387775292522E-02      8.782490620783E-03
   31.200000      3.021716122429E-02      7.658826804380E-03
   31.300000      2.671026052100E-02      6.620343365374E-03
   31.400000      2.391956137366E-02      5.833577856956E-03
   31.500000      2.241219131125E-02      5.451736930064E-03
   31.600000      2.264746032040E-02      5.583997781568E-03
   31.700000      2.483002099915E-02      6.271750072948E-03
   31.800000      2.877023085212E-02      7.477259775759E-03
   31.900000      3.393236301026E-02      9.087336917840E-03
   32.000000      3.964672825916E-02      1.093117692025E-02
   32.100000      4.525224614566E-02      1.280851563477E-02
   32.200000      5.017924503938E-02      1.452228666203E-02
   32.300000      5.400642491976E-02      1.590944463511E-02
   32.400000      5.649360772543E-02      1.686448239927E-02
   32.500000      5.759030135985E-02      1.735204819251E-02
   32.600000      5.742299480810E-02      1.740737681629E-02
   32.700000      5.626605452032E-02      1.712539099877E-02
   32.800000      5.450367928029E-02      1.664090876614E-02
   32.900000      5.258575687651E-02      1.610332746890E-02
   33.000000      5.097432479008E-02      1.564961763753E-02
   33.100000      5.007096771079E-02      1.537966510838E-02
   33.200000      5.009983947397E-02      1.533798240409E-02
   33.300000      5.096732534104E-02      1.550535463220E-02
   33.400000      5.230435518073E-02      1.580277437195E-02
   33.500000      5.363264064388E-02      1.610791610627E-02
   33.600000      5.447904749377E-02      1.628167235880E-02
   33.700000      5.445745192968E-02      1.619961192362E-02
   33.800000      5.333448102181E-02      1.578150760280E-02
   33.900000      5.107242058678E-02      1.501202231402E-02
   34.000000      4.784231732285E-02      1.394744968880E-02
   34.100000      4.400496257887E-02      1.270667740560E-02
   34.200000      4.006178656354E-02      1.144838682232E-02
   34.300000      3.657883939033E-02      1.033983571984E-02
   34.400000      3.408656122028E-02      9.524468301898E-03
   34.500000      3.296299548549E-02      9.095583895955E-03
   34.600000      3.331266896989E-02      9.081472617614E-03
   34.700000      3.489811848605E-02      9.444390973302E-03
   34.800000      3.726579611695E-02      1.009237633921E-02
   34.900000      3.993535512298E-02      1.090006683228E-02
   35.000000      4.248911667763E-02      1.173306917620E-02
   35.100000      4.461657889013E-02      1.247031543471E-02
   35.200000      4.612877043452E-02      1.302016640420E-02
   35.300000      4.694488754031E-02      1.332825488316E-02
   35.400000      4.706070942461E-02      1.337745700802E-02
   35.500000      4.651812115753E-02      1.318217286305E-02
   35.600000      4.539156357759E-02      1.277981395704E-02
   35.700000      4.378782953802E-02      1.222202359558E-02
   35.800000      4.184994538282E-02      1.156710846811E-02
   35.900000      3.975993934676E-02      1.087403582670E-02
   36.000000      3.772935032694E-02      1.019764370982E-02
   36.100000      3.594390749879E-02      9.584608852629E-03
   36.200000      3.448046845932E-02      9.070077038266E-03
   36.300000      3.334100449428E-02      8.675346879427E-03
   36.400000      3.251387841581E-02      8.407272368620E-03
   36.500000      3.199556075250E-02      8.259928725565E-03
   36.600000      3.178821119432E-02      8.218600369700E-03
   36.700000      3.188312384508E-02      8.265500399123E-03
   36.800000      3.225009421998E-02      8.386081044517E-03
   36.900000      3.285014227736E-02      8.574548304021E-03
   37.000000      3.365549679990E-02      8.837315126796E-03
   37.100000      3.466610473037E-02      9.193532362046E-03
   37.200000      3.592699650619E-02      9.672360163738E-03
   37.300000      3.753380774082E-02      1.030713898358E-02
   37.400000      3.961173228680E-02      1.112703822070E-02
   37.500000      4.226296954939E-02      1.214715082787E-02
   37.600000      4.549127116030E-02      1.335843987324E-02
   37.700000      4.918370001890E-02      1.471942727470E-02
   37.800000      5.312809395019E-02      1.615189808510E-02
   37.900000      5.701529266163E-02      1.754290030921E-02
   38.000000      6.045757559715E-02      1.875466163499E-02
   38.100000      6.304108516063E-02      1.964258612909E-02
   38.200000      6.439707136642E-02      2.007939941475E-02
   38.300000      6.426813810144E-02      1.998128527186E-02
   38.400000      6.256134941818E-02      1.933024075854E-02
   38.500000      5.938450111694E-02      1.818659766595E-02
   38.600000      5.506133081213E-02      1.668711504994E-02
   38.700000      5.011780757907E-02      1.502707735340E-02
   38.800000      4.523226458947E-02      1.342868712141E-02
   38.900000      4.113985189069E-02      1.210162414936E-02
   39.000000      3.846781942953E-02      1.120390821223E-02
   39.100000      3.753488233045E-02      1.081152427043E-02
   39.200000      3.823521478760E-02      1.090360956695E-02
   39.300000      4.010431414051E-02      1.136683347054E-02
   39.400000      4.249518342395E-02      1.201867327702E-02
   39.500000      4.472868139517E-02      1.264539571789E-02
   39.600000      4.620999015163E-02      1.304739441085E-02
   39.700000      4.651979284763E-02      1.308267496072E-02
   39.800000      4.548284767425E-02      1.269914205100E-02
   39.900000      4.320901614273E-02      1.194813662087E-02
   40.000000      4.009224579188E-02      1.097527047152E-02
   40.100000      3.675921287069E-02      9.989434772905E-03
   40.200000      3.396808397508E-02      9.215910709192E-03
   40.300000      3.245765983031E-02      8.843568926026E-03
   40.400000      3.272760601558E-02      8.978142742854E-03
   40.500000      3.480476799808E-02      9.612890557128E-03
   40.600000      3.821057800876E-02      1.062459972391E-02
   40.700000      4.214482022653E-02      1.179735177489E-02
   40.800000      4.572191812098E-02      1.286979041815E-02
   40.900000      4.816536322148E-02      1.359529798002E-02
   41.000000      4.894891257618E-02      1.380028052727E-02
   41.100000      4.788391334675E-02      1.342529962036E-02
   41.200000      4.514622474887E-02      1.253778888641E-02
   41.300000      4.124037386481E-02      1.131279340260E-02
   41.400000      3.690649708630E-02      9.987314343344E-03
   41.500000      3.298034772888E-02      8.801422036181E-03
   41.600000      3.019800687741E-02      7.942750658947E-03
   41.700000      2.893587253334E-02      7.509233246596E-03
   41.800000      2.912367241478E-02      7.498770594655E-03
   41.900000      3.039876470494E-02      7.826182291160E-03
   42.000000      3.227119533672E-02      8.359994268962E-03
   42.100000      3.426783385207E-02      8.966652668096E-03
   42.200000      3.605351119670E-02      9.548815747718E-03
   42.300000      3.749740720150E-02      1.006738423456E-02
   42.400000      3.867342091800E-02      1.054269106907E-02
   42.500000      3.980655843324E-02      1.103688314354E-02
   42.600000      4.118160295275E-02      1.162494387709E-02
   42.700000      4.303623083915E-02      1.236444450771E-02
   42.800000      4.546180975208E-02      1.327335950305E-02
   42.900000      4.834896849704E-02      1.432168835190E-02
   43.000000      5.143370794011E-02      1.543767086665E-02
   43.100000      5.440354999414E-02      1.652486627640E-02
   43.200000      5.697971477983E-02      1.748370606442E-02
   43.300000      5.895904252984E-02      1.823088872432E-02
   43.400000      6.022331769544E-02      1.871180775027E-02
   43.500000      6.073111718208E-02      1.890413118100E-02
   43.600000      6.050395359925E-02      1.881357520961E-02
   43.700000      5.960760120501E-02      1.846496969642E-02
   43.800000      5.813129814397E-02      1.789246592396E-02
   43.900000      5.616894324323E-02      1.713219575329E-02
   44.000000      5.380502799841E-02      1.621921671495E-02
   44.100000      5.110850452911E-02      1.518874201088E-02
   44.200000      4.814409749011E-02      1.408007203601E-02
   44.300000      4.500259332575E-02      1.294078566040E-02
   44.400000      4.182889122149E-02      1.182879933921E-02
   44.500000      3.882884045790E-02      1.081072388805E-02
   44.600000      3.624876483134E-02      9.956180591415E-03
   44.700000      3.433627124321E-02      9.328961290909E-03
   44.800000      3.329136499314E-02      8.976807675507E-03
   44.900000      3.321438513121E-02      8.921988328443E-03
   45.000000      3.407750698143E-02      9.154769518686E-03
   45.100000      3.572612589958E-02      9.631400209791E-03
   45.200000      3.790222356436E-02      1.027747854207E-02
   45.300000      4.028412141055E-02      1.099664070054E-02
   45.400000      4.252919267424E-02      1.168352490306E-02
   45.500000      4.431915594962E-02      1.223906824271E-02
   45.600000      4.540603130022E-02      1.258558955086E-02
   45.700000      4.564938559080E-02      1.267896969636E-02
   45.800000      4.503753935637E-02      1.251562191557E-02
   45.900000      4.369043215456E-02      1.213276944842E-02
   46.000000      4.184469421807E-02      1.160165565926E-02
   46.100000      3.982227435779E-02      1.101454126817E-02
   46.200000      3.798000178485E-02      1.046754753263E-02
   46.300000      3.663085692120E-02      1.004240273649E-02
   46.400000      3.595864769424E-02      9.790698873648E-03
   46.500000      3.597741215497E-02      9.724119913628E-03
   46.600000      3.653596933314E-02      9.813137036328E-03
   46.700000      3.736464132972E-02      9.994971525142E-03
   46.800000      3.815050699846E-02      1.018952195300E-02
   46.900000      3.861658181580E-02      1.031992049703E-02
   47.000000      3.858794981401E-02      1.033296477286E-02
   47.100000      3.803646724589E-02      1.021433932563E-02
   47.200000      3.709593828624E-02      9.994544325119E-03
   47.300000      3.603964182107E-02      9.743667907742E-03
   47.400000      3.521827082341E-02      9.556034330456E-03
   47.500000      3.497016835716E-02      9.528500802355E-03
   47.600000      3.553087066633E-02      9.737916986666E-03
   47.700000      3.698687104477E-02      1.022345696751E-02
   47.800000      3.927409367558E-02      1.097813092415E-02
   47.900000      4.219635366828E-02      1.195122189523E-02
   48.000000      4.546501188673E-02      1.306043402270E-02
   48.100000      4.875944168486E-02      1.421002027944E-02
   48.200000      5.179140383031E-02      1.530975877503E-02
   48.300000      5.435489805992E-02      1.628972283981E-02
   48.400000      5.635123154708E-02      1.710729740053E-02
   48.500000      5.778517284272E-02      1.774539886080E-02
   48.600000      5.873295441338E-02      1.820362517876E-02
   48.700000      5.928846643143E-02      1.848624280453E-02
   48.800000      5.950468884387E-02      1.859178467041E-02
   48.900000      5.936042650250E-02      1.850826450336E-02
   49.000000      5.877241222888E-02      1.821584721080E-02
   49.100000      5.763716981094E-02      1.769600914613E-02
   49.200000      5.587726654348E-02      1.694377602095E-02
   49.300000      5.348053782072E-02      1.597840432175E-02
   49.400000      5.052616961024E-02      1.484828952502E-02
   49.500000      4.719035525585E-02      1.362778380637E-02
   49.600000      4.372792636029E-02      1.240633531577E-02
   49.700000      4.043191903047E-02      1.127299221506E-02
   49.800000      3.757328802243E-02      1.030093406241E-02
   49.900000      3.533346133407E-02      9.536706462763E-03
   50.000000      3.377832010833E-02      8.997201219128E-03
   50.100000      3.288909942682E-02      8.674710054077E-03
   50.200000      3.260588132480E-02      8.547568780114E-03
   50.300000      3.285633547446E-02      8.592024306461E-03
   50.400000      3.356868558308E-02      8.790671376674E-03
   50.500000      3.468620863183E-02      9.134209204706E-03
   50.600000      3.617348183634E-02      9.615868627056E-03
   50.700000      3.799543878415E-02      1.022077156622E-02
   50.800000      4.007547754671E-02      1.091470415949E-02
   50.900000      4.225233954346E-02      1.163749567647E-02
   51.000000      4.427003345024E-02      1.230503747044E-02
   51.100000      4.582689721456E-02      1.282121641974E-02
   51.200000      4.664887835068E-02      1.309754154894E-02
   51.300000      4.655453792471E-02      1.307521028175E-02
   51.400000      4.550192418176E-02      1.274289976190E-02
   51.500000      4.361235710954E-02      1.214428500891E-02
   51.600000      4.116545434360E-02      1.137205687542E-02
   51.700000      3.855952797354E-02      1.054921414439E-02
   51.800000      3.623292516359E-02      9.802362258582E-03
   51.900000      3.454518554260E-02      9.234349658709E-03
   52.000000      3.365996867385E-02      8.903902786235E-03
   52.100000      3.353295578407E-02      8.817826808015E-03
   52.200000      3.398711127607E-02      8.937499828662E-03
   52.300000      3.479267888031E-02      9.197070238392E-03
   52.400000      3.573576770988E-02      9.527353061711E-03
   52.500000      3.667062955727E-02      9.877937552874E-03
   52.600000      3.755289240737E-02      1.023084705878E-02
   52.700000      3.844401838095E-02      1.060192424554E-02
   52.800000      3.948524809811E-02      1.103007542205E-02
   52.900000      4.084573993619E-02      1.155838561079E-02
   53.000000      4.264679034798E-02      1.221368091463E-02
   53.100000      4.487879393106E-02      1.299150452857E-02
   53.200000      4.737867635961E-02      1.385153867021E-02
   53.300000      4.989249691522E-02      1.472492679996E-02
   53.400000      5.215501176032E-02      1.553100200625E-02
   53.500000      5.395111765588E-02      1.619796451064E-02
   53.600000      5.515741329466E-02      1.668098486354E-02
   53.700000      5.576546121875E-02      1.697222441904E-02
   53.800000      5.588091604844E-02      1.709987695928E-02
   53.900000      5.569285948737E-02      1.711666757269E-02
   54.000000      5.541948857771E-02      1.708132737610E-02
   54.100000      5.524087596286E-02      1.703855704569E-02
   54.200000      5.523133579408E-02      1.700336108111E-02
   54.300000      5.531793503606E-02      1.695429299461E-02
   54.400000      5.530056946132E-02      1.683753887529E-02
   54.500000      5.491861048790E-02      1.658073021379E-02
   54.600000      5.392409551908E-02      1.611284803993E-02
   54.700000      5.214070989675E-02      1.538520527360E-02
   54.800000      4.950569151965E-02      1.438844206919E-02
   54.900000      4.609644888396E-02      1.316151685562E-02
   55.000000      4.213689694961E-02      1.179044966689E-02
   55.100000      3.797985766389E-02      1.039673015200E-02
   55.200000      3.406642672600E-02      9.117530461324E-03
   55.300000      3.085951949804E-02      8.081788278988E-03
   55.400000      2.874690213035E-02      7.387376815773E-03
   55.500000      2.793334677231E-02      7.084524147640E-03
   55.600000      2.838746585221E-02      7.169225635864E-03
   55.700000      2.988996187861E-02      7.587895455217E-03
   55.800000      3.211645917852E-02      8.251621893428E-03
   55.900000      3.470762519026E-02      9.055991707317E-03
   56.000000      3.733544227409E-02      9.901242537958E-03
   56.100000      3.975298217237E-02      1.070779728511E-02
   56.200000      4.181571959142E-02      1.142386486365E-02
   56.300000      4.347547063244E-02      1.202422345766E-02
   56.400000      4.475300984023E-02      1.250183082966E-02
   56.500000      4.569520060796E-02      1.285585586067E-02
   56.600000      4.632407477058E-02      1.308059704297E-02
   56.700000      4.659399206279E-02      1.315932132421E-02
   56.800000      4.639079469562E-02      1.306542919446E-02
   56.900000      4.558535340589E-02      1.277097942023E-02
   57.000000      4.409806770652E-02      1.226018701273E-02
   57.100000      4.194491903319E-02      1.154377443683E-02
   57.200000      3.925915812175E-02      1.066951907171E-02
   57.300000      3.629094282124E-02      9.725113012988E-03
   57.400000      3.338914881106E-02      8.831259808203E-03
   57.500000      3.096284102839E-02      8.125279827489E-03
   57.600000      2.942598885358E-02      7.737855052259E-03
   57.700000      2.914067636471E-02      7.767454661884E-03
   57.800000      3.035868733321E-02      8.258045065658E-03
   57.900000      3.312030359746E-02      9.185563930965E-03
   58.000000      3.711980963097E-02      1.045715652956E-02
   58.100000      4.176174741375E-02      1.192450266851E-02
   58.200000      4.638076586633E-02      1.340928974919E-02
   58.300000      5.039471010752E-02      1.473587558367E-02
   58.400000      5.338357553175E-02      1.576426114150E-02
   58.500000      5.513274996901E-02      1.641615695002E-02
   58.600000      5.564815468207E-02      1.668823934455E-02
   58.700000      5.514356112315E-02      1.664935687670E-02
   58.800000      5.400187878379E-02      1.642193445031E-02
   58.900000      5.271253614996E-02      1.615144441847E-02
   59.000000      5.178311547775E-02      1.597076414314E-02
   59.100000      5.160770608284E-02      1.596772257662E-02
   59.200000      5.229569688690E-02      1.616362017341E-02
   59.300000      5.363247774065E-02      1.650797856894E-02
   59.400000      5.519411649709E-02      1.689084662994E-02
   59.500000      5.647563207068E-02      1.716970254647E-02
   59.600000      5.700619775302E-02      1.720446782967E-02
   59.700000      5.644313604611E-02      1.689223688776E-02
   59.800000      5.463765132462E-02      1.619342157217E-02
   59.900000      5.166525082139E-02      1.514305209715E-02
   60.000000      4.781735135190E-02      1.384451669894E-02
   60.100000      4.355520278472E-02      1.244729856246E-02
   60.200000      3.943187518686E-02      1.111428159312E-02
   60.300000      3.598624758851E-02      9.986886678101E-03
   60.400000      3.360064429082E-02      9.156841794610E-03
   60.500000      3.236748258951E-02      8.651518661907E-03
   60.600000      3.209537188642E-02      8.435962481091E-03
   60.700000      3.242535981540E-02      8.430115492567E-03
   60.800000      3.297538360397E-02      8.535677547352E-03
   60.900000      3.345485211147E-02      8.664744710058E-03
   61.000000      3.372114141424E-02      8.762422383952E-03
   61.100000      3.378584868233E-02      8.817873804654E-03
   61.200000      3.378020746309E-02      8.861920943194E-03
   61.300000      3.389943302994E-02      8.953166992731E-03
   61.400000      3.435324568799E-02      9.157486145979E-03
   61.500000      3.532411274969E-02      9.526866918313E-03
   61.600000      3.692234243821E-02      1.008288444123E-02
   61.700000      3.912599098221E-02      1.080803606916E-02
   61.800000      4.174641309234E-02      1.164571106338E-02
   61.900000      4.447717248080E-02      1.250757926303E-02
   62.000000      4.696687555342E-02      1.328619412398E-02
   62.100000      4.887026242519E-02      1.387056805643E-02
   62.200000      4.988590589312E-02      1.416289459494E-02
   62.300000      4.979293453511E-02      1.409485888791E-02
   62.400000      4.848938017416E-02      1.364177600038E-02
   62.500000      4.602673369668E-02      1.283228828979E-02
   62.600000      4.262899842652E-02      1.175106964709E-02
   62.700000      3.868780223755E-02      1.053247965371E-02
   62.800000      3.472797347928E-02      9.344605446280E-03
   62.900000      3.134039867392E-02      8.365350403292E-03
   63.000000      2.908618739686E-02      7.754507971392E-03
   63.100000      2.839208559127E-02      7.627300426315E-03
   63.200000      2.947059538230E-02      8.035043858986E-03
   63.300000      3.227542914710E-02      8.957203946770E-03
   63.400000      3.648174098287E-02      1.030642757721E-02
   63.500000      4.154411431807E-02      1.194493514680E-02
   63.600000      4.684568288876E-02      1.370794189061E-02
   63.700000      5.183543786547E-02      1.542843308263E-02
   63.800000      5.609685290045E-02      1.695806222787E-02
   63.900000      5.936527290616E-02      1.818092495573E-02
   64.000000      6.151368264221E-02      1.901965960124E-02
   64.100000      6.251790947977E-02      1.943567309265E-02
   64.200000      6.241412678402E-02      1.942642024130E-02
   64.300000      6.127228180484E-02      1.902226275798E-02
   64.400000      5.920393318543E-02      1.828386798907E-02
   64.500000      5.639233681779E-02      1.729925348967E-02
   64.600000      5.311816809111E-02      1.617842086693E-02
   64.700000      4.976033511831E-02      1.504366458826E-02
   64.800000      4.675034814034E-02      1.401505325678E-02
   64.900000      4.445983335672E-02      1.319263428902E-02
   65.000000      4.308296053630E-02      1.263873740658E-02
   65.100000      4.261654339545E-02      1.236464604053E-02
   65.200000      4.289107303796E-02      1.232557017212E-02
   65.300000      4.359462996077E-02      1.242638505806E-02
   65.400000      4.431482348764E-02      1.253835009784E-02
   65.500000      4.461609161124E-02      1.252448008420E-02
   65.600000      4.412745460136E-02      1.226896911450E-02
   65.700000      4.261819603476E-02      1.170462857264E-02
   65.800000      4.005286240240E-02      1.083213295901E-02
   65.900000      3.661983361161E-02      9.726141786542E-03
   66.000000      3.272735463826E-02      8.525907398075E-03
   66.100000      2.896266112346E-02      7.411290798901E-03
   66.200000      2.600696110601E-02      6.568474891835E-03
   66.300000      2.449049148062E-02      6.152296261089E-03
   66.400000      2.478638168789E-02      6.253317762186E-03
   66.500000      2.687474995309E-02      6.877120319820E-03
   66.600000      3.039568156680E-02      7.940823250925E-03
   66.700000      3.477764147698E-02      9.288049101817E-03
   66.800000      3.935434074858E-02      1.071930994344E-02
   66.900000      4.347738644220E-02      1.203113794615E-02
   67.000000      4.662702398582E-02      1.305513481666E-02
   67.100000      4.849367492928E-02      1.368806346095E-02
   67.200000      4.901331257016E-02      1.390626297998E-02
   67.300000      4.835724495058E-02      1.376159270403E-02
   67.400000      4.688243372856E-02      1.336083642287E-02
   67.500000      4.505005135844E-02      1.283472830685E-02
   67.600000      4.331954190335E-02      1.230524220954E-02
   67.700000      4.202653008104E-02      1.185974496859E-02
   67.800000      4.127029296664E-02      1.153808290530E-02
   67.900000      4.091833949985E-02      1.133450719961E-02
   68.000000      4.074194790287E-02      1.121193555398E-02
   68.100000      4.052342626462E-02      1.112280881673E-02
   68.200000      4.012654643435E-02      1.102966739488E-02
   68.300000      3.953868738591E-02      1.091968534858E-02
   68.400000      3.888051290750E-02      1.081010427602E-02
   68.500000      3.837444127842E-02      1.074465623202E-02
   68.600000      3.825937117347E-02      1.078350227262E-02
   68.700000      3.870400001025E-02      1.099024295843E-02
   68.800000      3.979907573768E-02      1.141916124257E-02
   68.900000      4.159633578121E-02      1.210459790161E-02
   69.000000      4.412482847312E-02      1.305303139473E-02
   69.100000      4.737237972591E-02      1.423768130413E-02
   69.200000      5.122561084389E-02      1.559552082173E-02
   69.300000      5.538068931280E-02      1.702727194762E-02
   69.400000      5.940352327257E-02      1.840175124761E-02
   69.500000      6.283079725620E-02      1.956621110214E-02
   69.600000      6.522026993202E-02      2.036360428645E-02
   69.700000      6.619432944594E-02      2.065590389547E-02
   69.800000      6.549069125532E-02      2.035018665448E-02
   69.900000      6.301482107501E-02      1.942203789049E-02
   70.000000      5.887961834456E-02      1.792997061105E-02
   70.100000      5.342079776995E-02      1.601561866143E-02
   70.200000      4.718120999113E-02      1.388741261361E-02
   70.300000      4.086180178163E-02      1.178949598909E-02
   70.400000      3.524146401289E-02      9.961567769141E-03
   70.500000      3.106578940794E-02      8.597932014146E-03
   70.600000      2.887592576979E-02      7.814505461710E-03
   70.700000      2.875331714903E-02      7.630751609701E-03
   70.800000      3.029775604012E-02      7.970023966213E-03
   70.900000      3.288175625841E-02      8.677631543858E-03
   71.000000      3.582896165686E-02      9.552225887267E-03
   71.100000      3.852102643489E-02      1.038374055394E-02
   71.200000      4.046405949688E-02      1.099048070710E-02
   71.300000      4.132760335945E-02      1.124891145894E-02
   71.400000      4.097307825388E-02      1.111169869396E-02
   71.500000      3.946760131242E-02      1.061197208899E-02
   71.600000      3.707433130260E-02      9.854090843776E-03
   71.700000      3.421857107517E-02      8.993122651224E-03
   71.800000      3.143552847018E-02      8.206717059745E-03
   71.900000      2.930727458886E-02      7.664038613807E-03
   72.000000      2.838971665731E-02      7.496820720283E-03
   72.100000      2.909599342189E-02      7.777236732434E-03
   72.200000      3.147260173390E-02      8.506071583945E-03
   72.300000      3.515319644989E-02      9.612782235185E-03
   72.400000      3.957487966407E-02      1.096690419347E-02
   72.500000      4.412737978955E-02      1.239843498795E-02
   72.600000      4.823576591632E-02      1.372367008999E-02
   72.700000      5.141764418742E-02      1.477253068129E-02
   72.800000      5.332514118898E-02      1.541352226497E-02
   72.900000      5.377285942973E-02      1.557290292261E-02
   73.000000      5.275137843321E-02      1.524536383386E-02
   73.100000      5.042694914879E-02      1.449458224325E-02
   73.200000      4.712877213545E-02      1.344340523486E-02
   73.300000      4.332304602078E-02      1.225502050497E-02
   73.400000      3.956882013163E-02      1.110800024355E-02
   73.500000      3.644445068706E-02      1.016926711497E-02
   73.600000      3.442779511520E-02      9.569571550676E-03
   73.700000      3.377056421448E-02      9.385805004860E-03
   73.800000      3.448529916685E-02      9.633326670405E-03
   73.900000      3.641048980615E-02      1.026954360080E-02
   74.000000      3.926260267835E-02      1.120758402271E-02
   74.100000      4.267928573355E-02      1.233659468249E-02
   74.200000      4.627395847143E-02      1.354362763962E-02
   74.300000      4.971047478262E-02      1.473179566569E-02
   74.400000      5.276010684073E-02      1.583057076280E-02
   74.500000      5.531316796917E-02      1.679652179808E-02
   74.600000      5.735384402908E-02      1.760574958858E-02
   74.700000      5.891245555534E-02      1.824185490416E-02
   74.800000      6.001191009832E-02      1.868459909273E-02
   74.900000      6.062603031626E-02      1.890399015816E-02
   75.000000      6.066034366157E-02      1.886243026154E-02
   75.100000      5.997182692762E-02      1.852447534865E-02
   75.200000      5.843291772880E-02      1.787076769041E-02
   75.300000      5.599713998265E-02      1.691091984922E-02
   75.400000      5.273468660072E-02      1.569026732379E-02
   75.500000      4.883472227456E-02      1.428747116423E-02
   75.600000      4.457986943093E-02      1.280319408685E-02
   75.700000      4.030113345684E-02      1.134326629754E-02
   75.800000      3.632306709814E-02      1.000167443186E-02
   75.900000      3.290892482463E-02      8.848613362880E-03
   76.000000      3.021355259321E-02      7.926779721565E-03
   76.100000      2.828005605368E-02      7.255857611969E-03
   76.200000      2.709051671952E-02      6.841994770337E-03
   76.300000      2.662273355899E-02      6.687206797054E-03
   76.400000      2.688690502319E-02      6.793814329715E-03
   76.500000      2.791361792075E-02      7.161200931384E-03
   76.600000      2.971522773987E-02      7.775615245457E-03
   76.700000      3.224088321898E-02      8.597170803753E-03
   76.800000      3.530382339164E-02      9.550291558848E-03
   76.900000      3.852778821669E-02      1.052367812183E-02
   77.000000      4.141307734510E-02      1.138325380620E-02
   77.100000      4.347376011917E-02      1.199719831306E-02
   77.200000      4.435727769581E-02      1.226750312823E-02
   77.300000      4.392943814942E-02      1.215915885931E-02
   77.400000      4.232294384556E-02      1.171745705060E-02
   77.500000      3.994177748913E-02      1.106644811414E-02
   77.600000      3.741418555366E-02      1.038671684100E-02
   77.700000      3.548088043427E-02      9.876728371410E-03
   77.800000      3.478795405860E-02      9.707062658467E-03
   77.900000      3.567191553573E-02      9.979229892853E-03
   78.000000      3.810876984321E-02      1.069971443997E-02
   78.100000      4.172098586959E-02      1.177584180255E-02
   78.200000      4.585450792493E-02      1.303431838685E-02
   78.300000      4.976252859516E-02      1.425757576755E-02
   78.400000      5.277005068210E-02      1.522893831209E-02
   78.500000      5.438260590351E-02      1.577613499071E-02
   78.600000      5.434972737967E-02      1.580397891153E-02
   78.700000      5.268682442405E-02      1.531047460691E-02
   78.800000      4.965951556497E-02      1.438491564483E-02
   78.900000      4.573942592670E-02      1.319033745137E-02
   79.000000      4.154605976686E-02      1.193507593005E-02
   79.100000      3.777862641560E-02      1.083898311353E-02
   79.200000      3.512469712340E-02      1.009952461422E-02
   79.300000      3.414098976610E-02      9.862186353853E-03
   79.400000      3.511436812027E-02      1.019878154638E-02
   79.500000      3.797980933689E-02      1.109641980792E-02
   79.600000      4.234305985357E-02      1.245886861972E-02
   79.700000      4.757238481853E-02      1.412058952733E-02
   79.800000      5.294765197403E-02      1.587184854825E-02
   79.900000      5.778639079597E-02      1.749122905491E-02
   80.000000      6.152547293095E-02      1.878008837194E-02
   80.100000      6.378080026180E-02      1.959257399185E-02
   80.200000      6.438384136945E-02      1.985524540095E-02
   80.300000      6.338946483115E-02      1.957231692085E-02
   80.400000      6.105149437862E-02      1.881574409570E-02
   80.500000      5.776531344879E-02      1.770302642953E-02
   80.600000      5.397648679714E-02      1.636862744550E-02
   80.700000      5.006574524511E-02      1.493636729029E-02
   80.800000      4.626322983915E-02      1.349955326089E-02
   80.900000      4.263415039965E-02      1.211316522984E-02
   81.000000      3.913137359856E-02      1.079886028817E-02
   81.100000      3.568077156995E-02      9.559947124790E-03
   81.200000      3.225941604040E-02      8.400801764481E-03
   81.300000      2.895483766866E-02      7.344130429988E-03
   81.400000      2.598738569209E-02      6.440249023418E-03
   81.500000      2.367236325691E-02      5.764887227492E-03
   81.600000      2.235562492449E-02      5.405309837301E-03
   81.700000      2.234467513072E-02      5.437941014400E-03
   81.800000      2.381516915767E-02      5.903324694351E-03
   81.900000      2.671711377432E-02      6.785471904019E-03
   82.000000      3.072580544966E-02      8.002067745522E-03
   82.100000      3.530034614159E-02      9.409679732465E-03
   82.200000      3.981527895429E-02      1.082449124025E-02
   82.300000      4.367255683399E-02      1.205500737992E-02
   82.400000      4.639421677087E-02      1.293968911897E-02
   82.500000      4.769604641974E-02      1.338058363878E-02
   82.600000      4.753364563459E-02      1.336442292461E-02
   82.700000      4.611268458278E-02      1.296543881102E-02
   82.800000      4.385948060706E-02      1.232864904862E-02
   82.900000      4.135408734103E-02      1.163738002515E-02
   83.000000      3.923299917393E-02      1.107286922286E-02
   83.100000      3.806403123729E-02      1.077574994023E-02
   83.200000      3.818797055879E-02      1.081851717473E-02
   83.300000      3.957580555457E-02      1.119496582106E-02
   83.400000      4.185124056547E-02      1.182803916367E-02
   83.500000      4.448460618464E-02      1.259286115476E-02
   83.600000      4.695687003034E-02      1.334823471424E-02
   83.700000      4.885870823091E-02      1.396842454438E-02
   83.800000      4.994529207643E-02      1.436781562766E-02
   83.900000      5.015496932037E-02      1.451361564872E-02
   84.000000      4.959608914686E-02      1.442527283953E-02
   84.100000      4.850723215569E-02      1.416268343696E-02
   84.200000      4.719665157080E-02      1.380769015937E-02
   84.300000      4.596585196062E-02      1.344432302673E-02
   84.400000      4.502993074278E-02      1.314266673298E-02
   84.500000      4.448124541751E-02      1.294951990038E-02
   84.600000      4.431570998647E-02      1.288674503030E-02
   84.700000      4.448348995268E-02      1.295603748797E-02
   84.800000      4.493912363150E-02      1.314729017261E-02
   84.900000      4.567415972814E-02      1.344710806269E-02
   85.000000      4.671627458689E-02      1.384440023514E-02
   85.100000      4.808580143838E-02      1.433118045663E-02
   85.200000      4.974566328622E-02      1.489839100102E-02
   85.300000      5.161126363869E-02      1.552827508063E-02
   85.400000      5.356648186495E-02      1.618610624248E-02
   85.500000      5.545704156935E-02      1.681458186536E-02
   85.600000      5.708016076072E-02      1.733373057017E-02
   85.700000      5.818421338772E-02      1.764784144616E-02
   85.800000      5.848935778864E-02      1.765902249459E-02
   85.900000      5.773475156513E-02      1.728505388636E-02
   86.000000      5.573526364200E-02      1.647778336471E-02
   86.100000      5.242843434142E-02      1.523784273781E-02
   86.200000      4.790436793153E-02      1.362208288570E-02
   86.300000      4.241568685729E-02      1.174163685874E-02
   86.400000      3.636627242173E-02      9.750493210010E-03
   86.500000      3.027899188544E-02      7.826390512836E-03
   86.600000      2.474512840940E-02      6.147311118164E-03
   86.700000      2.036172725136E-02      4.867604890539E-03
   86.800000      1.765782363543E-02      4.097726997939E-03
   86.900000      1.697653577750E-02      3.890787235213E-03
   87.000000      1.831211556678E-02      4.237772039184E-03
   87.100000      2.132454728244E-02      5.071713587213E-03
   87.200000      2.550676024771E-02      6.279582987597E-03
   87.300000      3.029376188919E-02      7.719550473031E-03
   87.400000      3.514780495853E-02      9.240618220124E-03
   87.500000      3.962323298620E-02      1.070150114510E-02
   87.600000      4.340050503998E-02      1.198597515900E-02
   87.700000      4.629487424181E-02      1.301270202780E-02
   87.800000      4.824654838097E-02      1.373870303609E-02
   87.900000      4.929660006779E-02      1.415698790209E-02
   88.000000      4.955353593887E-02      1.429000853493E-02
   88.100000      4.915896546455E-02      1.418123694861E-02
   88.200000      4.826291691413E-02      1.388706046837E-02
   88.300000      4.701663655058E-02      1.347041630239E-02
   88.400000      4.558078251265E-02      1.299647447590E-02
   88.500000      4.413498862384E-02      1.252966565692E-02
   88.600000      4.287539576163E-02      1.213082813512E-02
   88.700000      4.199062500085E-02      1.185340258885E-02
   88.800000      4.161471706699E-02      1.173834160153E-02
   88.900000      4.179386896413E-02      1.180838956095E-02
   89.000000      4.249805752702E-02      1.206320167454E-02
   89.100000      4.364008943941E-02      1.247707497537E-02
   89.200000      4.508476632171E-02      1.300073566951E-02
   89.300000      4.665820766075E-02      1.356775329724E-02
   89.400000      4.816759049121E-02      1.410496186394E-02
   89.500000      4.942751324667E-02      1.454506984356E-02
   89.600000      5.028804407146E-02      1.483878756902E-02
   89.700000      5.066538867609E-02      1.496362547757E-02
   89.800000      5.056165361795E-02      1.492719875845E-02
   89.900000      5.006384670046E-02      1.476428813563E-02
   90.000000      4.932183007409E-02      1.452859696440E-02
   90.100000      4.851362998954E-02      1.428149960040E-02
   90.200000      4.781049476352E-02      1.408062180987E-02
   90.300000      4.735318469323E-02      1.397071647511E-02
   90.400000      4.724259336919E-02      1.397824779783E-02
   90.500000      4.753623305383E-02      1.410981501940E-02
   90.600000      4.823771717807E-02      1.435345995623E-02
   90.700000      4.928587261129E-02      1.468131707763E-02
   90.800000      5.055161648101E-02      1.505213823636E-02
   90.900000      5.184631136693E-02      1.541294059501E-02
   91.000000      5.294929901872E-02      1.570014458574E-02
   91.100000      5.362929564179E-02      1.584162282991E-02
   91.200000      5.365641117601E-02      1.576152295406E-02
   91.300000      5.281557274248E-02      1.538919214864E-02
   91.400000      5.093224612680E-02      1.467207079276E-02
   91.500000      4.791374626796E-02      1.359053891289E-02
   91.600000      4.379214504431E-02      1.217113720318E-02
   91.700000      3.875289202726E-02      1.049400054444E-02
   91.800000      3.314304426775E-02      8.691042055867E-03
   91.900000      2.745820881769E-02      6.933284342479E-03
   92.000000      2.230779189033E-02      5.408284627654E-03
   92.100000      1.835586039928E-02      4.291197370002E-03
   92.200000      1.622556427881E-02      3.714999002758E-03
   92.300000      1.632291945674E-02      3.746216498791E-03
   92.400000      1.862563960069E-02      4.371838779679E-03
   92.500000      2.266698727762E-02      5.500960469274E-03
   92.600000      2.773532823879E-02      6.981494771487E-03
   92.700000      3.310237714828E-02      8.628707784061E-03
   92.800000      3.815343083104E-02      1.025927560541E-02
   92.900000      4.245094220625E-02      1.172293590499E-02
   93.000000      4.576709970199E-02      1.292420961769E-02
   93.100000      4.808423385529E-02      1.382920030501E-02
   93.200000      4.955705762520E-02      1.445658252016E-02
   93.300000      5.043726610105E-02      1.485643315072E-02
   93.400000      5.097162079690E-02      1.508413882085E-02
   93.500000      5.129532591781E-02      1.517801932834E-02
   93.600000      5.138022641292E-02      1.514797310087E-02
   93.700000      5.109049318072E-02      1.497869286311E-02
   93.800000      5.027517051947E-02      1.464596281558E-02
   93.900000      4.885046440338E-02      1.413986106039E-02
   94.000000      4.686332710041E-02      1.348594842054E-02
   94.100000      4.452381031015E-02      1.275575766682E-02
   94.200000      4.219399063866E-02      1.206118498111E-02
   94.300000      4.032707969453E-02      1.153275753598E-02
   94.400000      3.936484201590E-02      1.128744827634E-02
   94.500000      3.960996085123E-02      1.139575991896E-02
   94.600000      4.107990935035E-02      1.185872172657E-02
   94.700000      4.346748327971E-02      1.260279541062E-02
   94.800000      4.628090657793E-02      1.349526243801E-02
   94.900000      4.899389766745E-02      1.437623337338E-02
   95.000000      5.115581484336E-02      1.509812394314E-02
   95.100000      5.247324233403E-02      1.556105621019E-02
   95.200000      5.285684807188E-02      1.573395205093E-02
   95.300000      5.242685527537E-02      1.565562291700E-02
   95.400000      5.147527495491E-02      1.541639208291E-02
   95.500000      5.038921977450E-02      1.512666546136E-02
   95.600000      4.954128433126E-02      1.488252752348E-02
   95.700000      4.916123233777E-02      1.473879634577E-02
   95.800000      4.924611888632E-02      1.469705333113E-02
   95.900000      4.958316478706E-02      1.471106180281E-02
   96.000000      4.986909838928E-02      1.470646087087E-02
   96.100000      4.982757807744E-02      1.460746241040E-02
   96.200000      4.928629625117E-02      1.436170971564E-02
   96.300000      4.821270992595E-02      1.395574943339E-02
   96.400000      4.670677018028E-02      1.341705138598E-02
   96.500000      4.495531712807E-02      1.280290374826E-02
   96.600000      4.316564623224E-02      1.218042229451E-02
   96.700000      4.150388274664E-02      1.160427813570E-02
   96.800000      4.005854982099E-02      1.109907108694E-02
   96.900000      3.881779549436E-02      1.065164957052E-02
   97.000000      3.764341094045E-02      1.021567487815E-02
   97.100000      3.629271719811E-02      9.727222852883E-03
   97.200000      3.452788470057E-02      9.127175612456E-03
   97.300000      3.222090625957E-02      8.384387172751E-03
   97.400000      2.941661453340E-02      7.513514974303E-03
   97.500000      2.635043102023E-02      6.582866641124E-03
   97.600000      2.341605797615E-02      5.710038714308E-03
   97.700000      2.111091010196E-02      5.045770727786E-03
   97.800000      1.996420381383E-02      4.748700215033E-03
   97.900000      2.044096348179E-02      4.955290503838E-03
   98.000000      2.284740172566E-02      5.750077473518E-03
   98.100000      2.723310630172E-02      7.141591879497E-03
   98.200000      3.327830507385E-02      9.048865997971E-03
   98.300000      4.030031004388E-02      1.130227635067E-02
   98.400000      4.746414348713E-02      1.366056040064E-02
   98.500000      5.393566961435E-02      1.584321312296E-02
   98.600000      5.896879454804E-02      1.757434463634E-02
   98.700000      6.198653218328E-02      1.863097429224E-02
   98.800000      6.265836761278E-02      1.888646045489E-02
   98.900000      6.095994193601E-02      1.833924795800E-02
   99.000000      5.720011542693E-02      1.711902908373E-02
   99.100000      5.200632644670E-02      1.546676492241E-02
   99.200000      4.626484123741E-02      1.369094391206E-02
   99.300000      4.101736415365E-02      1.210841730993E-02
   99.400000      3.729501868722E-02      1.098242436548E-02
   99.500000      3.578800966697E-02      1.047170833079E-02
   99.600000      3.654647982860E-02      1.060247354156E-02
   99.700000      3.908267087633E-02      1.126980591502E-02
   99.800000      4.260752826106E-02      1.226826743103E-02
   99.900000      4.625011083638E-02      1.334431450427E-02
  100.000000      4.924656246588E-02      1.425774066118E-02
