# M=26, N=13, V0=0.0, V=-0.5, PBC
#  time (tJ)                 S₁(n=2)                 S₂(n=2)
    0.000000      8.881784197001E-16      0.000000000000E+00
    0.100000      7.125394896718E-03      1.644869068460E-03
    0.200000      2.295809897277E-02      6.270714095817E-03
    0.300000      4.289645978524E-02      1.302915556603E-02
    0.400000      6.336241576290E-02      2.074246521168E-02
    0.500000      8.155896989511E-02      2.818386831648E-02
    0.600000      9.562907264132E-02      3.434777339495E-02
    0.700000      1.047327982270E-01      3.863826063386E-02
    0.800000      1.089890891919E-01      4.093419572434E-02
    0.900000      1.092919953390E-01      4.152913232679E-02
    1.000000      1.070308305029E-01      4.097998330218E-02
    1.100000      1.037511217205E-01      3.991961506860E-02
    1.200000      1.008011006489E-01      3.889028618392E-02
    1.300000      9.903117478409E-02      3.823905966927E-02
    1.400000      9.866878174321E-02      3.809033834792E-02
    1.500000      9.944551874044E-02      3.838452521212E-02
    1.600000      1.008529089101E-01      3.895430751091E-02
    1.700000      1.023741491946E-01      3.960562371592E-02
    1.800000      1.036279369577E-01      4.017794540726E-02
    1.900000      1.044166651799E-01      4.057282304972E-02
    2.000000      1.047020968523E-01      4.075394259258E-02
    2.100000      1.045456392758E-01      4.073083434626E-02
    2.200000      1.040502464843E-01      4.053973796574E-02
    2.300000      1.033281239847E-01      4.023036673941E-02
    2.400000      1.024960029253E-01      3.986015337839E-02
    2.500000      1.016816625714E-01      3.949200064714E-02
    2.600000      1.010224854165E-01      3.919003125885E-02
    2.700000      1.006457964720E-01      3.901032315862E-02
    2.800000      1.006344566629E-01      3.898807639664E-02
    2.900000      1.009931298429E-01      3.912628994641E-02
    3.000000      1.016352810341E-01      3.939177088217E-02
    3.100000      1.024024140693E-01      3.972177900020E-02
    3.200000      1.031084985287E-01      4.004016959147E-02
    3.300000      1.035911944057E-01      4.027778993794E-02
    3.400000      1.037521542070E-01      4.039009434814E-02
    3.500000      1.035753724196E-01      4.036622279923E-02
    3.600000      1.031218392951E-01      4.022738541847E-02
    3.700000      1.025060807932E-01      4.001653159976E-02
    3.800000      1.018645357334E-01      3.978410667054E-02
    3.900000      1.013269982435E-01      3.957517811010E-02
    4.000000      1.009959632926E-01      3.942152096126E-02
    4.100000      1.009235026148E-01      3.933950849911E-02
    4.200000      1.010913568028E-01      3.933224553710E-02
    4.300000      1.014339144639E-01      3.939327650802E-02
    4.400000      1.018744247841E-01      3.950960056544E-02
    4.500000      1.023411546517E-01      3.966313212798E-02
    4.600000      1.027721623791E-01      3.983129336816E-02
    4.700000      1.031169953975E-01      3.998829067210E-02
    4.800000      1.033382734912E-01      4.010836261780E-02
    4.900000      1.034136960786E-01      4.017102089585E-02
    5.000000      1.033387855325E-01      4.016672779730E-02
    5.100000      1.031331314050E-01      4.010051637360E-02
    5.200000      1.028467451170E-01      3.999144742975E-02
    5.300000      1.025538174828E-01      3.986745627472E-02
    5.400000      1.023308268736E-01      3.975722814085E-02
    5.500000      1.022305758642E-01      3.968211375055E-02
    5.600000      1.022662285769E-01      3.965102761932E-02
    5.700000      1.024118532331E-01      3.965985742280E-02
    5.800000      1.026167158002E-01      3.969492939612E-02
    5.900000      1.028253193012E-01      3.973847185263E-02
    6.000000      1.029940572137E-01      3.977344365397E-02
    6.100000      1.030979049084E-01      3.978567765782E-02
    6.200000      1.031255235837E-01      3.976267238194E-02
    6.300000      1.030653743127E-01      3.968987678076E-02
    6.400000      1.028886309282E-01      3.954625828999E-02
    6.500000      1.025369337500E-01      3.930094813218E-02
    6.600000      1.019209676368E-01      3.891198078196E-02
    6.700000      1.009279447923E-01      3.832718235371E-02
    6.800000      9.942956412629E-02      3.748675459423E-02
    6.900000      9.728420317943E-02      3.632731633525E-02
    7.000000      9.433597093083E-02      3.478785436110E-02
    7.100000      9.042248479954E-02      3.281860918168E-02
    7.200000      8.540228517324E-02      3.039377543921E-02
    7.300000      7.920121420117E-02      2.752772474107E-02
    7.400000      7.186966353615E-02      2.429244619536E-02
    7.500000      6.364120333357E-02      2.083175322753E-02
    7.600000      5.498269467141E-02      1.736653255439E-02
    7.700000      4.662565492053E-02      1.418577434171E-02
    7.800000      3.956163340865E-02      1.162058469616E-02
    7.900000      3.494615004825E-02      1.000234366243E-02
    8.000000      3.381316902404E-02      9.610582674290E-03
    8.100000      3.666776289565E-02      1.061980277376E-02
    8.200000      4.330549000331E-02      1.305629898081E-02
    8.300000      5.296283917517E-02      1.677544484533E-02
    8.400000      6.455330377951E-02      2.146672241627E-02
    8.500000      7.685442808076E-02      2.668860292000E-02
    8.600000      8.866439339638E-02      3.192930067935E-02
    8.700000      9.894198968176E-02      3.668378461361E-02
    8.800000      1.069173025597E-01      4.053341611390E-02
    8.900000      1.121658857148E-01      4.321295654479E-02
    9.000000      1.146433912512E-01      4.465084411087E-02
    9.100000      1.146778049090E-01      4.497274054585E-02
    9.200000      1.129169185110E-01      4.446526961405E-02
    9.300000      1.102252939592E-01      4.350581758629E-02
    9.400000      1.075207473152E-01      4.247336596642E-02
    9.500000      1.055549493515E-01      4.166177406466E-02
    9.600000      1.046974622197E-01      4.121799186353E-02
    9.700000      1.048425704306E-01      4.112209938865E-02
    9.800000      1.055035399121E-01      4.121490080282E-02
    9.900000      1.060306426162E-01      4.126519008739E-02
   10.000000      1.058479880397E-01      4.105685887089E-02
   10.100000      1.046392153651E-01      4.046949433596E-02
   10.200000      1.024494282887E-01      3.952733475437E-02
   10.300000      9.969000582362E-02      3.840055017408E-02
   10.400000      9.704300522893E-02      3.735746582375E-02
   10.500000      9.527257000674E-02      3.668213769148E-02
   10.600000      9.497329575270E-02      3.658337627017E-02
   10.700000      9.633246489536E-02      3.712468471562E-02
   10.800000      9.903168641264E-02      3.819820435260E-02
   10.900000      1.023611981184E-01      3.955166564976E-02
   11.000000      1.054700365559E-01      4.086020963443E-02
   11.100000      1.076219741922E-01      4.182039553324E-02
   11.200000      1.083822250687E-01      4.223648978514E-02
   11.300000      1.077076303480E-01      4.207169103952E-02
   11.400000      1.059338740091E-01      4.144861762387E-02
   11.500000      1.036660269241E-01      4.060038142426E-02
   11.600000      1.015926117122E-01      3.979006940340E-02
   11.700000      1.002651873948E-01      3.922662087689E-02
   11.800000      9.991808396943E-02      3.900534600481E-02
   11.900000      1.004147380508E-01      3.909176555885E-02
   12.000000      1.013463077845E-01      3.935168837491E-02
   12.100000      1.022215245599E-01      3.961414567969E-02
   12.200000      1.026612789139E-01      3.974263160263E-02
   12.300000      1.025313034363E-01      3.968788695256E-02
   12.400000      1.019779433684E-01      3.950297749901E-02
   12.500000      1.013616750197E-01      3.931597944526E-02
   12.600000      1.011069536498E-01      3.927181940340E-02
   12.700000      1.015136183011E-01      3.946657125653E-02
   12.800000      1.026054738013E-01      3.990029851048E-02
   12.900000      1.040966556316E-01      4.046735018619E-02
   13.000000      1.054985786393E-01      4.098868492508E-02
   13.100000      1.063082015155E-01      4.127473339987E-02
   13.200000      1.061915803593E-01      4.119551166716E-02
   13.300000      1.051019595123E-01      4.073163518176E-02
   13.400000      1.033037281819E-01      3.998683230820E-02
   13.500000      1.012978209004E-01      3.915692868208E-02
   13.600000      9.966626268461E-02      3.846644717801E-02
   13.700000      9.887886697201E-02      3.809557929197E-02
   13.800000      9.913022484373E-02      3.812298193012E-02
   13.900000      1.002783600372E-01      3.850306326736E-02
   14.000000      1.019103164975E-01      3.908326162790E-02
   14.100000      1.034904773199E-01      3.965250689214E-02
   14.200000      1.045195161853E-01      4.000181045400E-02
   14.300000      1.046503823820E-01      3.997526123091E-02
   14.400000      1.037354443794E-01      3.949531386581E-02
   14.500000      1.018023466377E-01      3.855774547092E-02
   14.600000      9.897753523602E-02      3.720426764172E-02
   14.700000      9.539439709381E-02      3.548919770483E-02
   14.800000      9.113094217506E-02      3.345726593743E-02
   14.900000      8.620977942698E-02      3.114247571354E-02
   15.000000      8.065883346924E-02      2.858644696824E-02
   15.100000      7.459472731932E-02      2.586436128549E-02
   15.200000      6.827961324220E-02      2.310239725702E-02
   15.300000      6.212132831429E-02      2.047437272255E-02
   15.400000      5.661659250130E-02      1.817529905257E-02
   15.500000      5.225619561553E-02      1.638088222213E-02
   15.600000      4.941821802340E-02      1.520929247587E-02
   15.700000      4.828247272185E-02      1.470136647020E-02
   15.800000      4.880129930666E-02      1.482785579397E-02
   15.900000      5.074842894943E-02      1.552071443220E-02
   16.000000      5.384048590743E-02      1.671474552410E-02
   16.100000      5.787645387528E-02      1.838079027460E-02
   16.200000      6.280875906075E-02      2.053435282498E-02
   16.300000      6.870571628015E-02      2.321325560759E-02
   16.400000      7.563443963432E-02      2.643091786967E-02
   16.500000      8.352063961182E-02      3.012305845471E-02
   16.600000      9.202982232410E-02      3.411051326840E-02
   16.700000      1.005202443857E-01      3.809715483100E-02
   16.800000      1.081458478417E-01      4.171046659619E-02
   16.900000      1.140739369231E-01      4.457699427480E-02
   17.000000      1.176938546865E-01      4.641128653522E-02
   17.100000      1.187588241050E-01      4.709040974458E-02
   17.200000      1.174462076633E-01      4.668953639598E-02
   17.300000      1.143308352748E-01      4.546642088943E-02
   17.400000      1.102736118152E-01      4.379914356025E-02
   17.500000      1.062388158149E-01      4.209605391847E-02
   17.600000      1.030725861247E-01      4.070417979598E-02
   17.700000      1.013030058246E-01      3.984048580807E-02
   17.800000      1.010350652645E-01      3.956102515096E-02
   17.900000      1.019750418570E-01      3.977060824527E-02
   18.000000      1.035603374690E-01      4.026487737594E-02
   18.100000      1.051377761281E-01      4.079067267813E-02
   18.200000      1.061259773075E-01      4.110967546490E-02
   18.300000      1.061289362030E-01      4.105281858030E-02
   18.400000      1.050012266228E-01      4.055665619412E-02
   18.500000      1.028724652048E-01      3.967647719908E-02
   18.600000      1.001320827963E-01      3.857434309632E-02
   18.700000      9.736676874943E-02      3.748389439840E-02
   18.800000      9.524102626773E-02      3.665783797771E-02
   18.900000      9.432750899949E-02      3.630799659755E-02
   19.000000      9.493249227057E-02      3.655074247167E-02
   19.100000      9.699105114778E-02      3.737147391714E-02
   19.200000      1.000780151479E-01      3.861946324241E-02
   19.300000      1.035212683309E-01      4.003823482580E-02
   19.400000      1.065745766384E-01      4.132715286834E-02
   19.500000      1.086032254074E-01      4.221949161738E-02
   19.600000      1.092389971961E-01      4.255478362431E-02
   19.700000      1.084700936244E-01      4.232240925417E-02
   19.800000      1.066437960349E-01      4.166078882939E-02
   19.900000      1.043732260496E-01      4.081047104942E-02
   20.000000      1.023568672471E-01      4.003524249707E-02
   20.100000      1.011482514149E-01      3.953722593340E-02
   20.200000      1.009582655247E-01      3.939497908185E-02
   20.300000      1.015933207847E-01      3.954615554276E-02
   20.400000      1.025650318168E-01      3.982065754031E-02
   20.500000      1.033044455654E-01      4.001201410554E-02
   20.600000      1.033809431314E-01      3.996077244954E-02
   20.700000      1.026550379248E-01      3.961930067881E-02
   20.800000      1.013302419418E-01      3.907422419924E-02
   20.900000      9.989414965045E-02      3.851815084685E-02
   21.000000      9.895940867282E-02      3.818063292392E-02
   21.100000      9.903990849281E-02      3.824283396180E-02
   21.200000      1.003324968228E-01      3.876603334475E-02
   21.300000      1.026063666982E-01      3.965913318588E-02
   21.400000      1.052675104525E-01      4.069673336262E-02
   21.500000      1.075569364364E-01      4.158202124268E-02
   21.600000      1.087823907120E-01      4.203368662066E-02
   21.700000      1.085065210964E-01      4.186837706910E-02
   21.800000      1.066524437295E-01      4.105230504427E-02
   21.900000      1.035142734124E-01      3.970652302196E-02
   22.000000      9.967716922030E-02      3.806600829440E-02
   22.100000      9.586211181116E-02      3.640737930929E-02
   22.200000      9.271963589198E-02      3.496880044090E-02
   22.300000      9.062221732353E-02      3.388603792411E-02
   22.400000      8.954905623393E-02      3.316159699056E-02
   22.500000      8.912603682269E-02      3.267267911960E-02
   22.600000      8.877520110799E-02      3.221232194946E-02
   22.700000      8.788916091096E-02      3.154974714854E-02
   22.800000      8.597683332261E-02      3.049244799822E-02
   22.900000      8.275906191542E-02      2.893419048110E-02
   23.000000      7.821113252391E-02      2.687880848278E-02
   23.100000      7.255836884713E-02      2.443736578870E-02
   23.200000      6.623537350748E-02      2.180349236122E-02
   23.300000      5.982188176770E-02      1.921646790991E-02
   23.400000      5.396924245648E-02      1.692292327261E-02
   23.500000      4.932713771386E-02      1.514600695369E-02
   23.600000      4.646589409553E-02      1.406656813351E-02
   23.700000      4.579075976110E-02      1.381588940375E-02
   23.800000      4.748221754532E-02      1.447540458073E-02
   23.900000      5.150073304748E-02      1.607698750545E-02
   24.000000      5.763546414306E-02      1.859844969047E-02
   24.100000      6.554418172424E-02      2.195258832435E-02
   24.200000      7.475620458242E-02      2.597329334984E-02
   24.300000      8.465700402397E-02      3.040690152748E-02
   24.400000      9.450037453849E-02      3.491892821426E-02
   24.500000      1.034731142275E-01      3.912381911763E-02
   24.600000      1.108015261091E-01      4.263834693909E-02
   24.700000      1.158737947741E-01      4.514983073304E-02
   24.800000      1.183517947414E-01      4.648224341044E-02
   24.900000      1.182492071617E-01      4.664026909588E-02
   25.000000      1.159565196991E-01      4.581540107246E-02
   25.100000      1.121994189223E-01      4.434836109052E-02
   25.200000      1.079260563677E-01      4.265517796950E-02
   25.300000      1.041273778987E-01      4.113575061318E-02
   25.400000      1.016069728455E-01      4.008959929836E-02
   25.500000      1.007583293046E-01      3.966150398540E-02
   25.600000      1.014741933463E-01      3.983021947372E-02
   25.700000      1.032616411938E-01      4.043959209487E-02
   25.800000      1.054671118095E-01      4.125817963904E-02
   25.900000      1.074824167180E-01      4.204587857048E-02
   26.000000      1.088719581013E-01      4.260688667526E-02
   26.100000      1.094083906420E-01      4.281679043590E-02
   26.200000      1.090332849466E-01      4.262358124961E-02
   26.300000      1.077866355596E-01      4.203253932472E-02
   26.400000      1.057557193390E-01      4.108896974021E-02
   26.500000      1.030676367561E-01      3.986957258001E-02
   26.600000      9.992205169600E-02      3.848493314747E-02
   26.700000      9.663936355557E-02      3.708651635669E-02
   26.800000      9.368435881622E-02      3.586614298061E-02
   26.900000      9.162263328746E-02      3.503705554411E-02
   27.000000      9.098879510067E-02      3.479331048439E-02
   27.100000      9.210434784214E-02      3.525532164990E-02
   27.200000      9.493481864384E-02      3.641902508846E-02
   27.300000      9.905202111219E-02      3.812962201553E-02
   27.400000      1.037062136588E-01      4.009576384824E-02
   27.500000      1.079918321727E-01      4.194743080836E-02
   27.600000      1.110699695173E-01      4.332493300089E-02
   27.700000      1.123743729331E-01      4.397345820945E-02
   27.800000      1.117460695453E-01      4.381287612475E-02
   27.900000      1.094732696990E-01      4.295872870113E-02
   28.000000      1.062280273519E-01      4.168590974968E-02
   28.100000      1.029020271126E-01      4.034591862173E-02
   28.200000      1.003573607215E-01      3.926438014780E-02
   28.300000      9.914531120028E-02      3.865172362883E-02
   28.400000      9.932703738097E-02      3.855445477132E-02
   28.500000      1.005145383450E-01      3.885989737876E-02
   28.600000      1.020742661924E-01      3.934929084406E-02
   28.700000      1.033644076901E-01      3.977897159140E-02
   28.800000      1.039263424767E-01      3.996176172831E-02
   28.900000      1.035947599399E-01      3.982258798681E-02
   29.000000      1.025159974788E-01      3.941258244672E-02
   29.100000      1.010820640566E-01      3.888060121958E-02
   29.200000      9.980066802133E-02      3.841495768598E-02
   29.300000      9.913116751185E-02      3.817646577842E-02
   29.400000      9.932668340416E-02      3.824431014268E-02
   29.500000      1.003353350769E-01      3.858971748647E-02
   29.600000      1.018087745822E-01      3.908226220525E-02
   29.700000      1.032166516157E-01      3.952385507834E-02
   29.800000      1.040058022331E-01      3.969885264650E-02
   29.900000      1.037373631948E-01      3.942629234497E-02
   30.000000      1.021715767332E-01      3.860155970195E-02
   30.100000      9.929914794576E-02      3.721865602326E-02
   30.200000      9.532853375022E-02      3.536931482647E-02
   30.300000      9.063872836962E-02      3.322033266799E-02
   30.400000      8.570331564529E-02      3.097482314401E-02
   30.500000      8.099097334228E-02      2.882625162035E-02
   30.600000      7.685618428295E-02      2.691581051324E-02
   30.700000      7.344883187091E-02      2.530359318460E-02
   30.800000      7.068068008894E-02      2.396168096504E-02
   30.900000      6.827287126908E-02      2.279255889985E-02
   31.000000      6.587076857397E-02      2.166986907634E-02
   31.100000      6.318829643453E-02      2.049185611001E-02
   31.200000      6.014353912936E-02      1.923284938366E-02
   31.300000      5.695093349832E-02      1.797655414519E-02
   31.400000      5.413646278164E-02      1.691799110116E-02
   31.500000      5.244956313387E-02      1.632871957128E-02
   31.600000      5.267061926063E-02      1.649096019609E-02
   31.700000      5.535384070762E-02      1.761717104722E-02
   31.800000      6.059672538692E-02      1.977850284330E-02
   31.900000      6.796440221548E-02      2.286522368781E-02
   32.000000      7.660826357080E-02      2.659396294415E-02
   32.100000      8.548755776847E-02      3.056274233351E-02
   32.200000      9.360354344875E-02      3.433970802304E-02
   32.300000      1.001975171271E-01      3.756033451836E-02
   32.400000      1.048810799035E-01      4.000458578049E-02
   32.500000      1.076779499125E-01      4.163150920124E-02
   32.600000      1.089710755895E-01      4.256227110547E-02
   32.700000      1.093645321434E-01      4.301926670788E-02
   32.800000      1.094855536800E-01      4.324296246283E-02
   32.900000      1.097723988431E-01      4.341467852720E-02
   33.000000      1.103318037357E-01      4.361033388308E-02
   33.100000      1.109598604376E-01      4.379842250762E-02
   33.200000      1.113048960228E-01      4.387932987182E-02
   33.300000      1.110565280542E-01      4.374828266123E-02
   33.400000      1.100870804305E-01      4.335612573614E-02
   33.500000      1.085166993361E-01      4.274376381094E-02
   33.600000      1.066899073337E-01      4.203686657218E-02
   33.700000      1.050687975122E-01      4.140312924484E-02
   33.800000      1.040701015477E-01      4.098891418473E-02
   33.900000      1.038962167459E-01      4.085999527589E-02
   34.000000      1.044329854475E-01      4.096966198898E-02
   34.100000      1.052766669693E-01      4.116744332172E-02
   34.200000      1.058763998959E-01      4.124694292559E-02
   34.300000      1.057220188491E-01      4.101697830879E-02
   34.400000      1.045114547759E-01      4.037144075062E-02
   34.500000      1.022531273688E-01      3.933328485794E-02
   34.600000      9.928269786572E-02      3.805700225614E-02
   34.700000      9.619206072091E-02      3.678861334028E-02
   34.800000      9.368041555859E-02      3.579704596991E-02
   34.900000      9.235289421842E-02      3.530007323487E-02
   35.000000      9.252862520897E-02      3.540842299129E-02
   35.100000      9.415279148376E-02      3.610366798246E-02
   35.200000      9.685478964496E-02      3.725281323570E-02
   35.300000      1.000964582801E-01      3.865032504986E-02
   35.400000      1.033294161893E-01      4.007107495158E-02
   35.500000      1.061108269346E-01      4.131725413519E-02
   35.600000      1.081571835351E-01      4.224786499383E-02
   35.700000      1.093405645300E-01      4.278791839000E-02
   35.800000      1.096507386557E-01      4.292223094314E-02
   35.900000      1.091547449574E-01      4.268273084635E-02
   36.000000      1.079780504611E-01      4.213725533203E-02
   36.100000      1.063087398125E-01      4.138298911283E-02
   36.200000      1.044059011577E-01      4.054179043432E-02
   36.300000      1.025882675832E-01      3.975107615148E-02
   36.400000      1.011877567295E-01      3.914492956837E-02
   36.500000      1.004713535390E-01      3.882543504231E-02
   36.600000      1.005549581886E-01      3.883124708055E-02
   36.700000      1.013420277740E-01      3.911533335087E-02
   36.800000      1.025167525713E-01      3.954385417473E-02
   36.900000      1.036083918810E-01      3.992262099928E-02
   37.000000      1.041175608349E-01      4.004819938075E-02
   37.100000      1.036680699119E-01      3.977074615558E-02
   37.200000      1.021375391293E-01      3.904885886761E-02
   37.300000      9.972650770627E-02      3.797617491748E-02
   37.400000      9.693983486830E-02      3.676642326459E-02
   37.500000      9.447030223974E-02      3.569655443053E-02
   37.600000      9.299523751795E-02      3.502220939609E-02
   37.700000      9.293151564225E-02      3.489066636533E-02
   37.800000      9.424121770579E-02      3.527917670540E-02
   37.900000      9.639012232620E-02      3.597998333642E-02
   38.000000      9.848418050514E-02      3.663954893799E-02
   38.100000      9.951014700350E-02      3.684324981391E-02
   38.200000      9.858481885537E-02      3.622316447562E-02
   38.300000      9.515635181969E-02      3.455958707320E-02
   38.400000      8.913388473911E-02      3.184837137293E-02
   38.500000      8.093565198131E-02      2.831558306594E-02
   38.600000      7.145204503821E-02      2.437543104011E-02
   38.700000      6.192288687792E-02      2.054280952743E-02
   38.800000      5.372662854612E-02      1.732353559732E-02
   38.900000      4.808232613789E-02      1.511031626053E-02
   39.000000      4.571958261913E-02      1.410975981664E-02
   39.100000      4.667172567610E-02      1.431676262946E-02
   39.200000      5.032188561742E-02      1.554006039808E-02
   39.300000      5.567186657331E-02      1.746964968610E-02
   39.400000      6.168849621540E-02      1.976610595092E-02
   39.500000      6.757514123279E-02      2.214629715770E-02
   39.600000      7.290490716105E-02      2.444158200420E-02
   39.700000      7.762499120762E-02      2.661339891611E-02
   39.800000      8.196020516847E-02      2.872477459377E-02
   39.900000      8.625035992429E-02      3.088030973393E-02
   40.000000      9.076831465301E-02      3.315692650267E-02
   40.100000      9.557513259182E-02      3.554989285043E-02
   40.200000      1.004606124258E-01      3.795274894934E-02
   40.300000      1.049908785139E-01      4.017775725381E-02
   40.400000      1.086495540461E-01      4.200935470529E-02
   40.500000      1.110139912576E-01      4.327159474169E-02
   40.600000      1.118957138033E-01      4.388579050244E-02
   40.700000      1.114058164458E-01      4.389827649127E-02
   40.800000      1.099355828522E-01      4.346903038485E-02
   40.900000      1.080574626804E-01      4.282579831381E-02
   41.000000      1.063652126800E-01      4.220020084488E-02
   41.100000      1.052987434189E-01      4.176777397562E-02
   41.200000      1.050304045614E-01      4.161117064719E-02
   41.300000      1.054665399880E-01      4.171610269660E-02
   41.400000      1.063403324300E-01      4.199701053331E-02
   41.500000      1.073347620480E-01      4.233898975824E-02
   41.600000      1.081861229133E-01      4.263823280043E-02
   41.700000      1.087385638259E-01      4.282643733443E-02
   41.800000      1.089416287387E-01      4.287334277508E-02
   41.900000      1.088062127605E-01      4.277165987405E-02
   42.000000      1.083495160748E-01      4.251580482684E-02
   42.100000      1.075552896414E-01      4.208730046662E-02
   42.200000      1.063619726276E-01      4.145532668335E-02
   42.300000      1.046839471004E-01      4.059301264971E-02
   42.400000      1.024661508484E-01      3.950231769000E-02
   42.500000      9.975554581587E-02      3.823609072177E-02
   42.600000      9.675410113517E-02      3.690672868241E-02
   42.700000      9.382345056758E-02      3.567605063996E-02
   42.800000      9.143271916327E-02      3.472805450875E-02
   42.900000      9.005869228580E-02      3.423211407994E-02
   43.000000      9.006321407282E-02      3.430674760346E-02
   43.100000      9.158699267734E-02      3.499285700605E-02
   43.200000      9.449985217497E-02      3.624148684549E-02
   43.300000      9.842871953434E-02      3.791682308089E-02
   43.400000      1.028410030778E-01      3.981228871433E-02
   43.500000      1.071370579673E-01      4.167690012110E-02
   43.600000      1.107300336730E-01      4.324964383015E-02
   43.700000      1.131163933822E-01      4.429973612900E-02
   43.800000      1.139458974907E-01      4.466890799340E-02
   43.900000      1.130910120214E-01      4.430855389672E-02
   44.000000      1.107023774476E-01      4.330157693755E-02
   44.100000      1.072278539718E-01      4.185856326132E-02
   44.200000      1.033706437188E-01      4.028221333908E-02
   44.300000      9.996662452209E-02      3.890253973885E-02
   44.400000      9.777730799506E-02      3.799586956940E-02
   44.500000      9.724006695610E-02      3.770931301796E-02
   44.600000      9.828922223158E-02      3.801501066510E-02
   44.700000      1.003688954264E-01      3.871255169593E-02
   44.800000      1.026336547635E-01      3.948391255922E-02
   44.900000      1.042227957765E-01      3.998727659837E-02
   45.000000      1.045044972657E-01      3.996100077682E-02
   45.100000      1.032357571961E-01      3.930345432144E-02
   45.200000      1.006143840873E-01      3.810158448799E-02
   45.300000      9.721602151207E-02      3.659859035203E-02
   45.400000      9.382549946914E-02      3.511222549770E-02
   45.500000      9.119504542856E-02      3.393185307791E-02
   45.600000      8.979517534100E-02      3.322849110076E-02
   45.700000      8.965358621540E-02      3.300614258065E-02
   45.800000      9.035857889303E-02      3.310754785901E-02
   45.900000      9.122152726482E-02      3.326881360576E-02
   46.000000      9.151265910697E-02      3.320163317840E-02
   46.100000      9.066594154754E-02      3.267434240895E-02
   46.200000      8.839311314318E-02      3.156633659449E-02
   46.300000      8.470020410555E-02      2.988286481920E-02
   46.400000      7.982954719703E-02      2.773353065451E-02
   46.500000      7.416492383045E-02      2.529086224799E-02
   46.600000      6.814402697684E-02      2.274960792816E-02
   46.700000      6.221458622197E-02      2.030186388014E-02
   46.800000      5.684050151003E-02      1.813140871902E-02
   46.900000      5.252396603929E-02      1.641900608151E-02
   47.000000      4.978985471188E-02      1.534460317160E-02
   47.100000      4.910624630267E-02      1.507474035545E-02
   47.200000      5.077358915864E-02      1.573252624655E-02
   47.300000      5.483088450878E-02      1.735866553510E-02
   47.400000      6.100310987474E-02      1.987983045596E-02
   47.500000      6.870954447811E-02      2.310119650865E-02
   47.600000      7.715475743757E-02      2.673245337446E-02
   47.700000      8.549692601935E-02      3.044386713258E-02
   47.800000      9.303453492937E-02      3.393628586029E-02
   47.900000      9.934157336985E-02      3.700186668627E-02
   48.000000      1.043151455463E-01      3.955414392342E-02
   48.100000      1.081282342767E-01      4.161661500864E-02
   48.200000      1.110996295950E-01      4.327446009575E-02
   48.300000      1.135158847463E-01      4.460840852709E-02
   48.400000      1.154690731093E-01      4.563741575922E-02
   48.500000      1.167872918338E-01      4.629442634458E-02
   48.600000      1.170993448393E-01      4.644749690822E-02
   48.700000      1.160038454664E-01      4.596106364254E-02
   48.800000      1.132704575337E-01      4.477562652372E-02
   48.900000      1.090079219090E-01      4.297503975591E-02
   49.000000      1.037533080654E-01      4.081282266274E-02
   49.100000      9.844877332234E-02      3.868202888908E-02
   49.200000      9.427625159235E-02      3.703255398111E-02
   49.300000      9.234274685849E-02      3.625823688138E-02
   49.400000      9.329088151305E-02      3.658713196016E-02
   49.500000      9.702402718345E-02      3.800834710321E-02
   49.600000      1.027256899661E-01      4.025835335143E-02
   49.700000      1.091339424758E-01      4.287246283147E-02
   49.800000      1.148867635588E-01      4.528863903386E-02
   49.900000      1.188152311256E-01      4.697627681244E-02
   50.000000      1.201461209263E-01      4.755606982771E-02
   50.100000      1.186085026662E-01      4.688030604911E-02
   50.200000      1.144484110147E-01      4.505482032533E-02
   50.300000      1.083602251436E-01      4.240067079575E-02
   50.400000      1.013470909876E-01      3.937011611159E-02
   50.500000      9.452815170837E-02      3.644255397990E-02
   50.600000      8.892197972085E-02      3.402862473412E-02
   50.700000      8.525421345262E-02      3.240467491347E-02
   50.800000      8.384524691485E-02      3.168812591864E-02
   50.900000      8.460754412703E-02      3.185141377963E-02
   51.000000      8.713929021067E-02      3.276214038848E-02
   51.100000      9.087485178359E-02      3.423238205790E-02
   51.200000      9.524209337548E-02      3.606125810893E-02
   51.300000      9.976664607217E-02      3.806072070610E-02
   51.400000      1.040943836827E-01      4.006277957780E-02
   51.500000      1.079571308920E-01      4.191414138491E-02
   51.600000      1.111208079369E-01      4.346880844900E-02
   51.700000      1.133513192782E-01      4.458888544050E-02
   51.800000      1.144263755093E-01      4.515883247010E-02
   51.900000      1.141946529734E-01      4.511077731803E-02
   52.000000      1.126501890413E-01      4.445156297382E-02
   52.100000      1.099850064300E-01      4.327905674790E-02
   52.200000      1.065955407887E-01      4.177738355802E-02
   52.300000      1.030305805755E-01      4.018743781437E-02
   52.400000      9.988223762305E-02      3.875772294300E-02
   52.500000      9.764153286571E-02      3.768802100117E-02
   52.600000      9.656265763317E-02      3.708191195013E-02
   52.700000      9.658997073056E-02      3.692247029737E-02
   52.800000      9.738088370962E-02      3.707904957578E-02
   52.900000      9.841210025245E-02      3.734396321390E-02
   53.000000      9.912587792629E-02      3.748900618269E-02
   53.100000      9.907259465554E-02      3.732594848480E-02
   53.200000      9.801609590743E-02      3.675412091741E-02
   53.300000      9.598082174372E-02      3.578218911416E-02
   53.400000      9.323376879082E-02      3.451887345817E-02
   53.500000      9.020537869451E-02      3.313641354671E-02
   53.600000      8.736337046772E-02      3.181830110017E-02
   53.700000      8.506976677069E-02      3.070684883648E-02
   53.800000      8.347011654536E-02      2.986530739381E-02
   53.900000      8.245960507881E-02      2.926401287834E-02
   54.000000      8.173432938253E-02      2.879255188746E-02
   54.100000      8.089499097327E-02      2.829284259089E-02
   54.200000      7.955793771982E-02      2.760335664688E-02
   54.300000      7.744387884643E-02      2.660317684367E-02
   54.400000      7.443472481168E-02      2.524587488279E-02
   54.500000      7.060389666288E-02      2.357647726571E-02
   54.600000      6.622511802995E-02      2.172907944037E-02
   54.700000      6.175617310576E-02      1.990692494220E-02
   54.800000      5.779299893338E-02      1.835003877669E-02
   54.900000      5.499060915275E-02      1.729722577843E-02
   55.000000      5.394725594603E-02      1.694938586099E-02
   55.100000      5.506118190205E-02      1.744000220007E-02
   55.200000      5.841559720910E-02      1.881674903879E-02
   55.300000      6.376804434703E-02      2.103585543033E-02
   55.400000      7.064068104724E-02      2.396864541756E-02
   55.500000      7.843998967084E-02      2.741807539629E-02
   55.600000      8.655285851370E-02      3.114232946148E-02
   55.700000      9.440885967923E-02      3.488232702598E-02
   55.800000      1.015208676607E-01      3.838983991775E-02
   55.900000      1.075182394036E-01      4.145267773047E-02
   56.000000      1.121708591447E-01      4.391353951041E-02
   56.100000      1.153900461239E-01      4.568020175321E-02
   56.200000      1.172020727647E-01      4.672664569001E-02
   56.300000      1.177097087911E-01      4.708668996458E-02
   56.400000      1.170661810894E-01      4.684276521611E-02
   56.500000      1.154693955141E-01      4.611241509423E-02
   56.600000      1.131622515966E-01      4.503446781579E-02
   56.700000      1.104233628210E-01      4.375621886196E-02
   56.800000      1.075450447522E-01      4.242250282287E-02
   56.900000      1.048102358761E-01      4.116692565572E-02
   57.000000      1.024778477105E-01      4.010474656351E-02
   57.100000      1.007671276372E-01      3.932645824384E-02
   57.200000      9.983177033657E-02      3.889157896158E-02
   57.300000      9.973255078679E-02      3.882338218778E-02
   57.400000      1.004242402102E-01      3.910626760079E-02
   57.500000      1.017657101905E-01      3.968723786021E-02
   57.600000      1.035496369216E-01      4.048148423434E-02
   57.700000      1.055364814619E-01      4.138049451773E-02
   57.800000      1.074800085073E-01      4.226065372762E-02
   57.900000      1.091399989063E-01      4.299138312619E-02
   58.000000      1.102805026495E-01      4.344366392039E-02
   58.100000      1.106605344093E-01      4.350104175695E-02
   58.200000      1.100444725567E-01      4.307501028213E-02
   58.300000      1.082565484007E-01      4.212485953496E-02
   58.400000      1.052612994082E-01      4.067907982340E-02
   58.500000      1.012352206569E-01      3.885213278592E-02
   58.600000      9.660637686233E-02      3.684822338861E-02
   58.700000      9.204121891500E-02      3.494428221655E-02
   58.800000      8.835596613184E-02      3.344881334647E-02
   58.900000      8.634009007908E-02      3.264110247795E-02
   59.000000      8.652118996918E-02      3.270401351015E-02
   59.100000      8.896607945269E-02      3.366951300726E-02
   59.200000      9.323131114846E-02      3.539593414086E-02
   59.300000      9.849404005731E-02      3.758872466598E-02
   59.400000      1.037803874856E-01      3.986370165729E-02
   59.500000      1.081987690457E-01      4.183767549140E-02
   59.600000      1.111284922191E-01      4.322077428915E-02
   59.700000      1.123333332903E-01      4.388225702064E-02
   59.800000      1.119815860637E-01      4.386889068364E-02
   59.900000      1.105673726546E-01      4.337025399722E-02
   60.000000      1.087439863477E-01      4.264337301540E-02
   60.100000      1.071048236088E-01      4.192311949164E-02
   60.200000      1.059841926276E-01      4.134931180102E-02
   60.300000      1.053658335343E-01      4.093461209382E-02
   60.400000      1.049383603275E-01      4.058172226518E-02
   60.500000      1.042610363775E-01      4.013999950357E-02
   60.600000      1.029611642057E-01      3.947737825066E-02
   60.700000      1.008879514512E-01      3.853872206695E-02
   60.800000      9.817529976627E-02      3.736818116839E-02
   60.900000      9.519565544612E-02      3.608825562306E-02
   61.000000      9.241435747412E-02      3.484607821703E-02
   61.100000      9.018688638658E-02      3.375076472050E-02
   61.200000      8.858905565610E-02      3.282905887773E-02
   61.300000      8.738938838676E-02      3.201847738545E-02
   61.400000      8.618212135729E-02      3.120102397343E-02
   61.500000      8.458766272645E-02      3.026301881369E-02
   61.600000      8.242324698896E-02      2.915504904582E-02
   61.700000      7.978863966100E-02      2.792537983110E-02
   61.800000      7.704346581319E-02      2.671072875490E-02
   61.900000      7.467922491504E-02      2.568583740749E-02
   62.000000      7.312013041293E-02      2.499072073497E-02
   62.100000      7.252230597472E-02      2.466481323477E-02
   62.200000      7.266634088620E-02      2.461614011962E-02
   62.300000      7.301412036903E-02      2.464117948834E-02
   62.400000      7.290823383146E-02      2.449183343601E-02
   62.500000      7.181609331591E-02      2.396740109370E-02
   62.600000      6.952922861984E-02      2.299907263976E-02
   62.700000      6.626998674097E-02      2.169636511599E-02
   62.800000      6.268667972220E-02      2.033812941642E-02
   62.900000      5.973660424448E-02      1.930984489633E-02
   63.000000      5.847210456530E-02      1.900658473445E-02
   63.100000      5.976088080141E-02      1.973115920112E-02
   63.200000      6.400019299895E-02      2.161671106212E-02
   63.300000      7.094490840699E-02      2.459354156364E-02
   63.400000      7.977780227179E-02      2.840532995470E-02
   63.500000      8.938925019221E-02      3.266555592619E-02
   63.600000      9.867963347232E-02      3.693543736826E-02
   63.700000      1.067552992564E-01      4.080234259470E-02
   63.800000      1.130133874556E-01      4.394186929797E-02
   63.900000      1.171522219378E-01      4.615477410588E-02
   64.000000      1.191430564267E-01      4.737801717993E-02
   64.100000      1.191910003136E-01      4.767451923421E-02
   64.200000      1.176925701022E-01      4.720794898030E-02
   64.300000      1.151795365578E-01      4.620809975369E-02
   64.400000      1.122365842857E-01      4.493123343594E-02
   64.500000      1.093939729883E-01      4.361967848720E-02
   64.600000      1.070312668633E-01      4.246601125376E-02
   64.700000      1.053394277057E-01      4.158808418308E-02
   64.800000      1.043360545264E-01      4.102047909144E-02
   64.900000      1.039033643135E-01      4.072492663641E-02
   65.000000      1.038403084059E-01      4.061734270566E-02
   65.100000      1.039279078711E-01      4.060390824206E-02
   65.200000      1.039996833373E-01      4.061504752810E-02
   65.300000      1.039974268293E-01      4.062600771876E-02
   65.400000      1.039864796287E-01      4.065677983472E-02
   65.500000      1.041167281003E-01      4.075143598727E-02
   65.600000      1.045376754003E-01      4.094498223806E-02
   65.700000      1.052940919835E-01      4.123117504854E-02
   65.800000      1.062476969707E-01      4.154494708275E-02
   65.900000      1.070822279911E-01      4.176789304836E-02
   66.000000      1.073996011769E-01      4.175678884379E-02
   66.100000      1.068507079605E-01      4.138670016366E-02
   66.200000      1.052475005498E-01      4.059491799054E-02
   66.300000      1.026298479018E-01      3.941139526720E-02
   66.400000      9.927831546772E-02      3.796550187891E-02
   66.500000      9.567577752106E-02      3.646622233735E-02
   66.600000      9.242770480004E-02      3.516088297277E-02
   66.700000      9.015113128117E-02      3.428343292882E-02
   66.800000      8.934194789767E-02      3.400536456272E-02
   66.900000      9.024366148074E-02      3.440033143572E-02
   67.000000      9.276531831122E-02      3.542887017739E-02
   67.100000      9.649526905009E-02      3.694456342323E-02
   67.200000      1.008083348720E-01      3.871912269802E-02
   67.300000      1.050114695353E-01      4.048154575303E-02
   67.400000      1.084729542910E-01      4.196508560953E-02
   67.500000      1.107169376450E-01      4.295464323382E-02
   67.600000      1.114864496635E-01      4.332641749505E-02
   67.700000      1.107777439958E-01      4.307184314751E-02
   67.800000      1.088433524559E-01      4.229966639385E-02
   67.900000      1.061567349533E-01      4.121364713364E-02
   68.000000      1.033298644301E-01      4.006843532137E-02
   68.100000      1.009828868408E-01      3.911167654287E-02
   68.200000      9.959150784328E-02      3.852493033629E-02
   68.300000      9.935912105866E-02      3.837791688364E-02
   68.400000      1.001519787028E-01      3.860868831940E-02
   68.500000      1.015256933857E-01      3.903636329157E-02
   68.600000      1.028422480300E-01      3.940440551360E-02
   68.700000      1.034350485701E-01      3.944371385829E-02
   68.800000      1.027688435139E-01      3.893901068559E-02
   68.900000      1.005563277339E-01      3.778121367915E-02
   69.000000      9.681353377241E-02      3.599285577733E-02
   69.100000      9.185188845007E-02      3.372150571591E-02
   69.200000      8.621392866747E-02      3.120481018506E-02
   69.300000      8.056321811051E-02      2.871759783396E-02
   69.400000      7.554340921556E-02      2.651481283569E-02
   69.500000      7.164677231792E-02      2.478353516824E-02
   69.600000      6.913680442504E-02      2.361374313053E-02
   69.700000      6.801618882302E-02      2.299216531498E-02
   69.800000      6.803356233509E-02      2.281808097077E-02
   69.900000      6.875372197868E-02      2.293550337213E-02
   70.000000      6.968718935201E-02      2.317351500142E-02
   70.100000      7.042373803823E-02      2.338573939775E-02
   70.200000      7.072363401239E-02      2.348079540236E-02
   70.300000      7.055462476449E-02      2.343776627618E-02
   70.400000      7.007685133043E-02      2.330396269873E-02
   70.500000      6.958285845306E-02      2.317625255963E-02
   70.600000      6.940630221946E-02      2.317137583677E-02
   70.700000      6.981687091560E-02      2.339393096737E-02
   70.800000      7.093062121098E-02      2.391181614243E-02
   70.900000      7.270319662931E-02      2.474683422866E-02
   71.000000      7.501132628066E-02      2.588294920897E-02
   71.100000      7.774485967633E-02      2.728780515317E-02
   71.200000      8.087316041656E-02      2.893724045666E-02
   71.300000      8.446919703581E-02      3.083039297938E-02
   71.400000      8.867374750681E-02      3.298607059224E-02
   71.500000      9.359851854720E-02      3.541867566719E-02
   71.600000      9.920717399780E-02      3.810136628886E-02
   71.700000      1.052405819758E-01      4.093150717144E-02
   71.800000      1.112219917824E-01      4.371546739027E-02
   71.900000      1.165279731559E-01      4.618497542864E-02
   72.000000      1.205013208207E-01      4.804667073790E-02
   72.100000      1.225892017135E-01      4.905372484748E-02
   72.200000      1.224849337125E-01      4.907821253390E-02
   72.300000      1.202369288837E-01      4.815955670224E-02
   72.400000      1.162853933623E-01      4.650990977934E-02
   72.500000      1.114042082693E-01      4.447060118461E-02
   72.600000      1.065446813928E-01      4.243044522892E-02
   72.700000      1.026007544317E-01      4.073061058032E-02
   72.800000      1.001566812192E-01      3.958627258617E-02
   72.900000      9.932492991099E-02      3.904979275166E-02
   73.000000      9.977306244976E-02      3.902546568245E-02
   73.100000      1.009285520946E-01      3.932749469890E-02
   73.200000      1.022327074166E-01      3.975782176625E-02
   73.300000      1.033249868328E-01      4.017435775485E-02
   73.400000      1.041148139802E-01      4.052512851888E-02
   73.500000      1.047414629555E-01      4.083785571204E-02
   73.600000      1.054427066299E-01      4.117229610414E-02
   73.700000      1.063775049953E-01      4.155764577327E-02
   73.800000      1.074737455768E-01      4.194368208084E-02
   73.900000      1.083775956214E-01      4.218926392725E-02
   74.000000      1.085494422331E-01      4.209693224453E-02
   74.100000      1.074676966622E-01      4.148339419928E-02
   74.200000      1.048435012009E-01      4.026031015007E-02
   74.300000      1.007726304257E-01      3.849428873725E-02
   74.400000      9.578718592858E-02      3.642143565299E-02
   74.500000      9.078972616991E-02      3.440745050542E-02
   74.600000      8.686667808510E-02      3.286303864775E-02
   74.700000      8.500105232986E-02      3.213952978377E-02
   74.800000      8.575916402971E-02      3.243607281377E-02
   74.900000      8.909088416189E-02      3.374584261435E-02
   75.000000      9.435161473032E-02      3.585611360978E-02
   75.100000      1.005205124824E-01      3.840034055880E-02
   75.200000      1.064928850859E-01      4.094519445585E-02
   75.300000      1.113314955570E-01      4.308667378772E-02
   75.400000      1.144211745680E-01      4.452934570938E-02
   75.500000      1.155222822589E-01      4.513070148279E-02
   75.600000      1.147419668960E-01      4.490506192091E-02
   75.700000      1.124489571526E-01      4.399370963809E-02
   75.800000      1.091590700799E-01      4.261583782043E-02
   75.900000      1.054220255228E-01      4.101651266868E-02
   76.000000      1.017438599290E-01      3.942384609617E-02
   76.100000      9.855446550509E-02      3.802069883884E-02
   76.200000      9.618487945303E-02      3.692983125980E-02
   76.300000      9.482058662815E-02      3.620798540375E-02
   76.400000      9.444759727685E-02      3.584465518478E-02
   76.500000      9.484190174648E-02      3.576419211505E-02
   76.600000      9.561773114593E-02      3.583318100634E-02
   76.700000      9.630339920617E-02      3.587649981428E-02
   76.800000      9.642058615841E-02      3.570404499553E-02
   76.900000      9.556210554986E-02      3.514623101672E-02
   77.000000      9.346510726284E-02      3.409178091697E-02
   77.100000      9.007018785679E-02      3.251813738849E-02
   77.200000      8.555206370289E-02      3.050471001884E-02
   77.300000      8.030791446262E-02      2.822276251284E-02
   77.400000      7.489534615612E-02      2.590230382848E-02
   77.500000      6.992419116560E-02      2.378379476024E-02
   77.600000      6.592513603483E-02      2.206794752858E-02
   77.700000      6.323361629522E-02      2.087792890416E-02
   77.800000      6.192908267870E-02      2.024415797624E-02
   77.900000      6.185537617589E-02      2.011417362540E-02
   78.000000      6.271102339737E-02      2.038186084191E-02
   78.100000      6.416300188555E-02      2.092483458163E-02
   78.200000      6.593829588804E-02      2.163778000425E-02
   78.300000      6.787145236794E-02      2.245287993423E-02
   78.400000      6.990755060242E-02      2.334432550980E-02
   78.500000      7.207190593576E-02      2.431975184736E-02
   78.600000      7.442491795675E-02      2.540503722460E-02
   78.700000      7.702367650513E-02      2.662923660215E-02
   78.800000      7.990439181412E-02      2.801401445107E-02
   78.900000      8.308234624574E-02      2.956843596979E-02
   79.000000      8.655401434819E-02      3.128718676648E-02
   79.100000      9.028967597596E-02      3.314936052682E-02
   79.200000      9.421866320762E-02      3.511601094143E-02
   79.300000      9.821693299658E-02      3.712697464454E-02
   79.400000      1.021059678972E-01      3.909978148294E-02
   79.500000      1.056695488216E-01      4.093439627257E-02
   79.600000      1.086884461557E-01      4.252612172940E-02
   79.700000      1.109856944402E-01      4.378535989050E-02
   79.800000      1.124703703861E-01      4.465862932170E-02
   79.900000      1.131653731795E-01      4.514271486970E-02
   80.000000      1.132047057178E-01      4.528504985778E-02
   80.100000      1.127937691575E-01      4.516848457727E-02
   80.200000      1.121438317023E-01      4.488534091085E-02
   80.300000      1.114062305842E-01      4.451078158001E-02
   80.400000      1.106371317597E-01      4.408634655826E-02
   80.500000      1.098115622620E-01      4.362036963298E-02
   80.600000      1.088744371028E-01      4.310455083398E-02
   80.700000      1.078015349208E-01      4.253844177444E-02
   80.800000      1.066448595779E-01      4.194941627588E-02
   80.900000      1.055409185042E-01      4.139703365797E-02
   81.000000      1.046727122079E-01      4.095743011481E-02
   81.100000      1.041960959868E-01      4.069280960330E-02
   81.200000      1.041598364521E-01      4.061898551290E-02
   81.300000      1.044556063851E-01      4.068638850435E-02
   81.400000      1.048259694421E-01      4.078552165072E-02
   81.500000      1.049379139863E-01      4.077817857131E-02
   81.600000      1.044999084420E-01      4.054481961101E-02
   81.700000      1.033770341897E-01      4.003080062685E-02
   81.800000      1.016583931426E-01      3.927290529050E-02
   81.900000      9.964931228028E-02      3.839377222838E-02
   82.000000      9.778334669044E-02      3.756357121795E-02
   82.100000      9.647432205522E-02      3.694150302902E-02
   82.200000      9.595975731511E-02      3.661899299233E-02
   82.300000      9.620646927496E-02      3.658736900441E-02
   82.400000      9.692632322371E-02      3.674417946129E-02
   82.500000      9.769465365603E-02      3.693725834703E-02
   82.600000      9.812005812450E-02      3.703042438716E-02
   82.700000      9.800173648045E-02      3.696566691593E-02
   82.800000      9.742285039482E-02      3.679734976564E-02
   82.900000      9.675225167459E-02      3.668379041056E-02
   83.000000      9.655000486349E-02      3.683664859530E-02
   83.100000      9.738809556361E-02      3.744353417408E-02
   83.200000      9.961541273373E-02      3.858917059546E-02
   83.300000      1.031476061704E-01      4.020212354519E-02
   83.400000      1.074173151252E-01      4.204688401723E-02
   83.500000      1.115314717947E-01      4.376717604933E-02
   83.600000      1.145315703579E-01      4.497021526714E-02
   83.700000      1.156394190903E-01      4.532855578131E-02
   83.800000      1.144339061983E-01      4.467031623310E-02
   83.900000      1.109452193901E-01      4.303162464878E-02
   84.000000      1.056643230063E-01      4.065584753813E-02
   84.100000      9.946729535342E-02      3.793916139305E-02
   84.200000      9.345422180235E-02      3.533684257463E-02
   84.300000      8.870506821907E-02      3.325506271388E-02
   84.400000      8.597828672242E-02      3.195617041618E-02
   84.500000      8.545348047962E-02      3.150093068197E-02
   84.600000      8.668341260297E-02      3.174086588375E-02
   84.700000      8.878775268949E-02      3.236096151572E-02
   84.800000      9.073909434600E-02      3.296085930802E-02
   84.900000      9.161680841141E-02      3.315379334683E-02
   85.000000      9.078810453400E-02      3.265866782347E-02
   85.100000      8.800807453514E-02      3.136283074740E-02
   85.200000      8.343981189491E-02      2.934114325747E-02
   85.300000      7.760179735160E-02      2.682905377452E-02
   85.400000      7.125616719038E-02      2.416007180254E-02
   85.500000      6.525859983747E-02      2.168721929496E-02
   85.600000      6.039694022462E-02      1.971071536535E-02
   85.700000      5.724844044960E-02      1.842969948427E-02
   85.800000      5.608526281711E-02      1.792619361381E-02
   85.900000      5.685842126191E-02      1.817842888792E-02
   86.000000      5.927484897128E-02      1.909206449405E-02
   86.100000      6.292732775491E-02      2.053453277458E-02
   86.200000      6.740203503453E-02      2.236052447404E-02
   86.300000      7.232269117034E-02      2.442390260753E-02
   86.400000      7.734259428412E-02      2.657968999753E-02
   86.500000      8.212602305838E-02      2.868528197048E-02
   86.600000      8.635915844590E-02      3.060996828205E-02
   86.700000      8.980110818938E-02      3.225607872184E-02
   86.800000      9.235457098445E-02      3.358634254146E-02
   86.900000      9.412284445991E-02      3.464486649327E-02
   87.000000      9.542159039971E-02      3.555760930784E-02
   87.100000      9.672365134118E-02      3.650400326770E-02
   87.200000      9.853199681003E-02      3.766261522969E-02
   87.300000      1.012013687333E-01      3.914582303673E-02
   87.400000      1.047680004007E-01      4.094601582900E-02
   87.500000      1.088816702833E-01      4.291503159085E-02
   87.600000      1.128918744630E-01      4.478891204761E-02
   87.700000      1.160424527042E-01      4.625464797442E-02
   87.800000      1.176910925992E-01      4.703999913741E-02
   87.900000      1.174873883250E-01      4.699779098951E-02
   88.000000      1.154720072377E-01      4.615649670961E-02
   88.100000      1.120817308566E-01      4.471978259581E-02
   88.200000      1.080609037811E-01      4.301513186754E-02
   88.300000      1.042936135987E-01      4.140893169881E-02
   88.400000      1.015849953824E-01      4.021579017971E-02
   88.500000      1.004425288586E-01      3.962960656463E-02
   88.600000      1.009460215790E-01      3.969386958322E-02
   88.700000      1.027822623164E-01      4.031356222507E-02
   88.800000      1.054045093513E-01      4.129724221316E-02
   88.900000      1.082094398958E-01      4.241047517383E-02
   89.000000      1.106632909349E-01      4.342279329059E-02
   89.100000      1.123591598411E-01      4.413805309846E-02
   89.200000      1.130197998815E-01      4.440813403859E-02
   89.300000      1.124775116037E-01      4.413742302855E-02
   89.400000      1.106630488793E-01      4.328721183311E-02
   89.500000      1.076207764919E-01      4.188483904354E-02
   89.600000      1.035453321089E-01      4.003498522567E-02
   89.700000      9.881621065209E-02      3.792429145386E-02
   89.800000      9.399876000025E-02      3.580904377536E-02
   89.900000      8.978463840178E-02      3.398027572605E-02
   90.000000      8.686314018224E-02      3.270958634174E-02
   90.100000      8.574911279566E-02      3.218841783149E-02
   90.200000      8.662619269694E-02      3.247920293782E-02
   90.300000      8.926849877741E-02      3.349576317801E-02
   90.400000      9.308743269369E-02      3.502229575358E-02
   90.500000      9.730446386096E-02      3.676774099749E-02
   90.600000      1.011753243466E-01      3.843983327672E-02
   90.700000      1.041717367307E-01      3.981568893526E-02
   90.800000      1.060738230078E-01      4.078671905198E-02
   90.900000      1.069687368568E-01      4.136496946844E-02
   91.000000      1.071696531291E-01      4.165200492688E-02
   91.100000      1.070786697326E-01      4.178437409293E-02
   91.200000      1.070315176541E-01      4.187639947934E-02
   91.300000      1.071831728416E-01      4.197948911229E-02
   91.400000      1.074775920588E-01      4.206901146431E-02
   91.500000      1.076916808830E-01      4.205903649085E-02
   91.600000      1.075239105890E-01      4.183619052313E-02
   91.700000      1.066960443240E-01      4.129932867575E-02
   91.800000      1.050353347958E-01      4.039240541210E-02
   91.900000      1.025184634291E-01      3.912257688674E-02
   92.000000      9.927790215271E-02      3.756169888975E-02
   92.100000      9.558086917523E-02      3.583431041630E-02
   92.200000      9.179047452453E-02      3.409722476201E-02
   92.300000      8.831430806868E-02      3.251503611397E-02
   92.400000      8.554045311662E-02      3.123381071985E-02
   92.500000      8.375931974282E-02      3.035409401475E-02
   92.600000      8.307872658985E-02      2.990540037016E-02
   92.700000      8.335712117232E-02      2.982713694829E-02
   92.800000      8.419027060167E-02      2.996350119068E-02
   92.900000      8.497199829388E-02      3.007989989226E-02
   93.000000      8.501477759850E-02      2.990443818813E-02
   93.100000      8.370062272031E-02      2.919048262595E-02
   93.200000      8.063476205206E-02      2.778757998603E-02
   93.300000      7.577497902965E-02      2.570151380561E-02
   93.400000      6.950996238897E-02      2.312313957770E-02
   93.500000      6.266196072999E-02      2.041148678625E-02
   93.600000      5.639299856328E-02      1.802871283631E-02
   93.700000      5.200360372847E-02      1.643951704848E-02
   93.800000      5.062897368750E-02      1.600043846411E-02
   93.900000      5.285318481111E-02      1.687000453277E-02
   94.000000      5.838825601444E-02      1.896627641425E-02
   94.100000      6.617798559250E-02      2.198502423409E-02
   94.200000      7.484686776057E-02      2.547397972314E-02
   94.300000      8.309329759184E-02      2.894222938849E-02
   94.400000      8.993701618420E-02      3.197397720744E-02
   94.500000      9.484973225656E-02      3.431548540552E-02
   94.600000      9.778373495219E-02      3.591290458687E-02
   94.700000      9.910965699014E-02      3.689402789641E-02
   94.800000      9.947950947248E-02      3.750388738046E-02
   94.900000      9.963821831904E-02      3.801717584213E-02
   95.000000      1.002178896590E-01      3.865557188544E-02
   95.100000      1.015683561500E-01      3.953374997061E-02
   95.200000      1.036883101312E-01      4.064608149626E-02
   95.300000      1.062880597069E-01      4.189132608660E-02
   95.400000      1.089464184617E-01      4.312041919492E-02
   95.500000      1.112714224799E-01      4.418702943180E-02
   95.600000      1.129953817903E-01      4.498330099374E-02
   95.700000      1.139942174084E-01      4.545221108274E-02
   95.800000      1.142538195215E-01      4.557899781945E-02
   95.900000      1.138137241569E-01      4.537250140657E-02
   96.000000      1.127179969320E-01      4.484992620689E-02
   96.100000      1.109988126428E-01      4.403494639903E-02
   96.200000      1.087055917606E-01      4.297109236601E-02
   96.300000      1.059702010157E-01      4.174331484186E-02
   96.400000      1.030731232779E-01      4.049429056683E-02
   96.500000      1.004651200023E-01      3.942140862377E-02
   96.600000      9.871193296053E-02      3.874645891513E-02
   96.700000      9.835763272963E-02      3.866100182679E-02
   96.800000      9.973228949212E-02      3.926194210752E-02
   96.900000      1.027617302348E-01      4.049898517674E-02
   97.000000      1.068944043089E-01      4.215505416315E-02
   97.100000      1.112216197317E-01      4.387211978434E-02
   97.200000      1.147079801652E-01      4.522104454154E-02
   97.300000      1.164257213534E-01      4.579963186980E-02
   97.400000      1.157464379778E-01      4.533298371165E-02
   97.500000      1.124700486851E-01      4.374805273235E-02
   97.600000      1.068784258116E-01      4.120093265799E-02
   97.700000      9.970779399766E-02      3.804892647656E-02
   97.800000      9.204048348727E-02      3.477528444370E-02
   97.900000      8.512012350554E-02      3.188743591170E-02
   98.000000      8.009856394412E-02      2.981552351144E-02
   98.100000      7.776276549480E-02      2.883574468050E-02
   98.200000      7.836035497254E-02      2.903394950010E-02
   98.300000      8.159702554623E-02      3.031261212804E-02
   98.400000      8.677911497397E-02      3.243271089593E-02
   98.500000      9.303300374626E-02      3.507453064643E-02
   98.600000      9.950700122909E-02      3.789964793526E-02
   98.700000      1.054987244698E-01      4.060008473731E-02
   98.800000      1.105051833254E-01      4.292778204814E-02
   98.900000      1.142161919719E-01      4.470522953983E-02
   99.000000      1.164778712941E-01      4.582358312529E-02
   99.100000      1.172517567135E-01      4.623629468813E-02
   99.200000      1.165881985265E-01      4.595409655895E-02
   99.300000      1.146206301309E-01      4.504259503532E-02
   99.400000      1.115727762352E-01      4.361921204954E-02
   99.500000      1.077603382158E-01      4.184419321650E-02
   99.600000      1.035694822640E-01      3.990199163426E-02
   99.700000      9.940686033219E-02      3.797370605201E-02
   99.800000      9.562987136506E-02      3.620611752274E-02
   99.900000      9.247512233458E-02      3.468585318833E-02
  100.000000      9.000723280084E-02      3.342703772627E-02
