# M=26, N=13, V0=0.0, V=-0.25, PBC
#  time (tJ)                 S₁(n=6)                 S₂(n=6)
    0.000000      1.861790596506E-18      6.667120129327E-18
    0.100000      3.989997336733E-03      7.852962913271E-04
    0.200000      1.321282456642E-02      2.996460537688E-03
    0.300000      2.518508374126E-02      6.234424271550E-03
    0.400000      3.778389502913E-02      9.940997250748E-03
    0.500000      4.921838575479E-02      1.352724479595E-02
    0.600000      5.819881701319E-02      1.649990962171E-02
    0.700000      6.404912160853E-02      1.855353981016E-02
    0.800000      6.672040644717E-02      1.960809137326E-02
    0.900000      6.670525626586E-02      1.978870740070E-02
    1.000000      6.487370501546E-02      1.936051543046E-02
    1.100000      6.225781047142E-02      1.864183892974E-02
    1.200000      5.980933591083E-02      1.792165072441E-02
    1.300000      5.817951139093E-02      1.740168808387E-02
    1.400000      5.761110143116E-02      1.717313079394E-02
    1.500000      5.798748587376E-02      1.722614808746E-02
    1.600000      5.897807594600E-02      1.748177570446E-02
    1.700000      6.018941483798E-02      1.783180596782E-02
    1.800000      6.128454650483E-02      1.817385208521E-02
    1.900000      6.204933686466E-02      1.843381721972E-02
    2.000000      6.240078012537E-02      1.857408076712E-02
    2.100000      6.235840176204E-02      1.859046051852E-02
    2.200000      6.200823484401E-02      1.850314571760E-02
    2.300000      6.147048958387E-02      1.834637162440E-02
    2.400000      6.087595915837E-02      1.815965615391E-02
    2.500000      6.034705008751E-02      1.798129482417E-02
    2.600000      5.997972647593E-02      1.784352551259E-02
    2.700000      5.982984689261E-02      1.776864295308E-02
    2.800000      5.990479388818E-02      1.776600495726E-02
    2.900000      6.016729551553E-02      1.783062585778E-02
    3.000000      6.055020902553E-02      1.794428196017E-02
    3.100000      6.097035296485E-02      1.807954091051E-02
    3.200000      6.133232817531E-02      1.820611597457E-02
    3.300000      6.154265266185E-02      1.829796631198E-02
    3.400000      6.154522269426E-02      1.833912935383E-02
    3.500000      6.134495982752E-02      1.832661837785E-02
    3.600000      6.100939847761E-02      1.826970721249E-02
    3.700000      6.065094383588E-02      1.818613027852E-02
    3.800000      6.038684340254E-02      1.809665926708E-02
    3.900000      6.028710923268E-02      1.801984263152E-02
    4.000000      6.035326172363E-02      1.796835434630E-02
    4.100000      6.053473712577E-02      1.794760608044E-02
    4.200000      6.075850434044E-02      1.795639850288E-02
    4.300000      6.095891058732E-02      1.798878295184E-02
    4.400000      6.109945749799E-02      1.803617804999E-02
    4.500000      6.118144501704E-02      1.808910036261E-02
    4.600000      6.123523532083E-02      1.813837245496E-02
    4.700000      6.129099397190E-02      1.817604125773E-02
    4.800000      6.134694537771E-02      1.819626985769E-02
    4.900000      6.137261111111E-02      1.819619653233E-02
    5.000000      6.133995522240E-02      1.817643333430E-02
    5.100000      6.124512486934E-02      1.814077623166E-02
    5.200000      6.110968369842E-02      1.809492455270E-02
    5.300000      6.096612857662E-02      1.804443133828E-02
    5.400000      6.083910550594E-02      1.799247167392E-02
    5.500000      6.073398985648E-02      1.793811598120E-02
    5.600000      6.063463335466E-02      1.787558783236E-02
    5.700000      6.050322261424E-02      1.779458871314E-02
    5.800000      6.028316995252E-02      1.768137605412E-02
    5.900000      5.991265688595E-02      1.752005795504E-02
    6.000000      5.933821593124E-02      1.729361028792E-02
    6.100000      5.851720588228E-02      1.698440816757E-02
    6.200000      5.741011965983E-02      1.657446140646E-02
    6.300000      5.596999213348E-02      1.604586217167E-02
    6.400000      5.413999704755E-02      1.538204038571E-02
    6.500000      5.186339036427E-02      1.457024310299E-02
    6.600000      4.909972706456E-02      1.360529238503E-02
    6.700000      4.584160440503E-02      1.249426555800E-02
    6.800000      4.213064637236E-02      1.126138577869E-02
    6.900000      3.807419456321E-02      9.952155574167E-03
    7.000000      3.386402115655E-02      8.635626043017E-03
    7.100000      2.979417011880E-02      7.403691352445E-03
    7.200000      2.626755273554E-02      6.366476358029E-03
    7.300000      2.376434000655E-02      5.643299378111E-03
    7.400000      2.274249276781E-02      5.349376027143E-03
    7.500000      2.352088414189E-02      5.579352074642E-03
    7.600000      2.621547924403E-02      6.389776478443E-03
    7.700000      3.072448459828E-02      7.783502902938E-03
    7.800000      3.674357994785E-02      9.699437250488E-03
    7.900000      4.380135758451E-02      1.201077299530E-02
    8.000000      5.130920136423E-02      1.453376169480E-02
    8.100000      5.862317355364E-02      1.704724238274E-02
    8.200000      6.511428362387E-02      1.932090447854E-02
    8.300000      7.024273869384E-02      2.114806527044E-02
    8.400000      7.362657575947E-02      2.237717038612E-02
    8.500000      7.509193950833E-02      2.293577874650E-02
    8.600000      7.469642340991E-02      2.284175388713E-02
    8.700000      7.272172075886E-02      2.219869165543E-02
    8.800000      6.963481282958E-02      2.117584617506E-02
    8.900000      6.601942099262E-02      1.997626219379E-02
    9.000000      6.248199862223E-02      1.879964187882E-02
    9.100000      5.954136719025E-02      1.780789379071E-02
    9.200000      5.752617077378E-02      1.710083762361E-02
    9.300000      5.652200487865E-02      1.670714258419E-02
    9.400000      5.639442046606E-02      1.659178088103E-02
    9.500000      5.687001954859E-02      1.667706150806E-02
    9.600000      5.763728465380E-02      1.687084878851E-02
    9.700000      5.843527622194E-02      1.709387715364E-02
    9.800000      5.911053105909E-02      1.729867709511E-02
    9.900000      5.963556231031E-02      1.747539628723E-02
   10.000000      6.008836759374E-02      1.764395504892E-02
   10.100000      6.059632640055E-02      1.783628027837E-02
   10.200000      6.125886526139E-02      1.807546446040E-02
   10.300000      6.207898167000E-02      1.835955346399E-02
   10.400000      6.294242007604E-02      1.865593181686E-02
   10.500000      6.365535994804E-02      1.890848035836E-02
   10.600000      6.401458495079E-02      1.905510641641E-02
   10.700000      6.388016793228E-02      1.904947867958E-02
   10.800000      6.322895104486E-02      1.887916909850E-02
   10.900000      6.217437314645E-02      1.857351066190E-02
   11.000000      6.094705936015E-02      1.819796949766E-02
   11.100000      5.983833524879E-02      1.783650460814E-02
   11.200000      5.911758576626E-02      1.756760680660E-02
   11.300000      5.894550549056E-02      1.744195940450E-02
   11.400000      5.931771395662E-02      1.746912285011E-02
   11.500000      6.007147169618E-02      1.761749536456E-02
   11.600000      6.095345771838E-02      1.782717208272E-02
   11.700000      6.171053454907E-02      1.803088143683E-02
   11.800000      6.216618826045E-02      1.817551288483E-02
   11.900000      6.226379196595E-02      1.823681140540E-02
   12.000000      6.206956973327E-02      1.822255359418E-02
   12.100000      6.173504701045E-02      1.816389543887E-02
   12.200000      6.142719627409E-02      1.809892897492E-02
   12.300000      6.125280781982E-02      1.805515618596E-02
   12.400000      6.121902803800E-02      1.803761132012E-02
   12.500000      6.124473906018E-02      1.802682779480E-02
   12.600000      6.120183507646E-02      1.798683912057E-02
   12.700000      6.096398357020E-02      1.787952711281E-02
   12.800000      6.044883457035E-02      1.767935106683E-02
   12.900000      5.964359260721E-02      1.738259582312E-02
   13.000000      5.860713953255E-02      1.700762692498E-02
   13.100000      5.744717489836E-02      1.658626881772E-02
   13.200000      5.627620684057E-02      1.614990394425E-02
   13.300000      5.515841314095E-02      1.571588359823E-02
   13.400000      5.407176041738E-02      1.527960191927E-02
   13.500000      5.290832859153E-02      1.481526921242E-02
   13.600000      5.151352942957E-02      1.428502067313E-02
   13.700000      4.974419828470E-02      1.365290934263E-02
   13.800000      4.752069736018E-02      1.289876237817E-02
   13.900000      4.485668923383E-02      1.202734376125E-02
   14.000000      4.186139840516E-02      1.107041766606E-02
   14.100000      3.871882470860E-02      1.008213312063E-02
   14.200000      3.565642615628E-02      9.130433804533E-03
   14.300000      3.291833598070E-02      8.288029506391E-03
   14.400000      3.075059797708E-02      7.625626001968E-03
   14.500000      2.939028831970E-02      7.208144954389E-03
   14.600000      2.904301836292E-02      7.092635057982E-03
   14.700000      2.984916188024E-02      7.325545630552E-03
   14.800000      3.185697349033E-02      7.937541619064E-03
   14.900000      3.501387421566E-02      8.935813601765E-03
   15.000000      3.917082180852E-02      1.029594082934E-02
   15.100000      4.409299494260E-02      1.195668955537E-02
   15.200000      4.947583211698E-02      1.382095107087E-02
   15.300000      5.497087742977E-02      1.576433603952E-02
   15.400000      6.022149137256E-02      1.765040883463E-02
   15.500000      6.490112180284E-02      1.934918313388E-02
   15.600000      6.874627103471E-02      2.075425769403E-02
   15.700000      7.158137177448E-02      2.179437680863E-02
   15.800000      7.333047662118E-02      2.243715016717E-02
   15.900000      7.400976386702E-02      2.268542353826E-02
   16.000000      7.370323395204E-02      2.256922680038E-02
   16.100000      7.253204156442E-02      2.213728135153E-02
   16.200000      7.063537856859E-02      2.145124227455E-02
   16.300000      6.817667497996E-02      2.058356559893E-02
   16.400000      6.536429385567E-02      1.961725756384E-02
   16.500000      6.246382364448E-02      1.864413757012E-02
   16.600000      5.978531371475E-02      1.775853669155E-02
   16.700000      5.763758069771E-02      1.704553638462E-02
   16.800000      5.625614349246E-02      1.656595377055E-02
   16.900000      5.573345880277E-02      1.634283254548E-02
   17.000000      5.598842957739E-02      1.635492939673E-02
   17.100000      5.679032548663E-02      1.654108752971E-02
   17.200000      5.782714857153E-02      1.681592386510E-02
   17.300000      5.879495794406E-02      1.709316212888E-02
   17.400000      5.947834992554E-02      1.730976916985E-02
   17.500000      5.980247438322E-02      1.744309425270E-02
   17.600000      5.984681309495E-02      1.751501812026E-02
   17.700000      5.981666435262E-02      1.758121616751E-02
   17.800000      5.997447114143E-02      1.770863919970E-02
   17.900000      6.054130178423E-02      1.794841906074E-02
   18.000000      6.159477565345E-02      1.831312417933E-02
   18.100000      6.301509902269E-02      1.876602147555E-02
   18.200000      6.451788248310E-02      1.922622089945E-02
   18.300000      6.574447023798E-02      1.958858729955E-02
   18.400000      6.636334582200E-02      1.975271930033E-02
   18.500000      6.615767126891E-02      1.965251627178E-02
   18.600000      6.508313702197E-02      1.927765977635E-02
   18.700000      6.328640328748E-02      1.868068946504E-02
   18.800000      6.108219928255E-02      1.796746527154E-02
   18.900000      5.889378249729E-02      1.727342032774E-02
   19.000000      5.716523871964E-02      1.673180877336E-02
   19.100000      5.625650404411E-02      1.644215440774E-02
   19.200000      5.634061909767E-02      1.644688808691E-02
   19.300000      5.734454163858E-02      1.672190880683E-02
   19.400000      5.897209059400E-02      1.718318673884E-02
   19.500000      6.079445835834E-02      1.770748557800E-02
   19.600000      6.236575641515E-02      1.816178945918E-02
   19.700000      6.332510076296E-02      1.843389498214E-02
   19.800000      6.346428133046E-02      1.845640373581E-02
   19.900000      6.275586127682E-02      1.821815762279E-02
   20.000000      6.134139264871E-02      1.776062551279E-02
   20.100000      5.948270961940E-02      1.716097672876E-02
   20.200000      5.748437228903E-02      1.650732152296E-02
   20.300000      5.560353864514E-02      1.587367338473E-02
   20.400000      5.397764576050E-02      1.530191733040E-02
   20.500000      5.260265302339E-02      1.479556013912E-02
   20.600000      5.136503846215E-02      1.432613587877E-02
   20.700000      5.010274122931E-02      1.384911483189E-02
   20.800000      4.866833155640E-02      1.332331049047E-02
   20.900000      4.697762617354E-02      1.272702630657E-02
   21.000000      4.503421449610E-02      1.206578405782E-02
   21.100000      4.292614794021E-02      1.136985698397E-02
   21.200000      4.079780562128E-02      1.068372793705E-02
   21.300000      3.880741527978E-02      1.005249745341E-02
   21.400000      3.708781256783E-02      9.511047217696E-03
   21.500000      3.572745070492E-02      9.080161540785E-03
   21.600000      3.477369437982E-02      8.770553103011E-03
   21.700000      3.424987932592E-02      8.592225187435E-03
   21.800000      3.418688555752E-02      8.564286442034E-03
   21.900000      3.465493022083E-02      8.720120629648E-03
   22.000000      3.577041130057E-02      9.104708249912E-03
   22.100000      3.767045918235E-02      9.764055828565E-03
   22.200000      4.046129969804E-02      1.072982055287E-02
   22.300000      4.415895581268E-02      1.200413066908E-02
   22.400000      4.864951108046E-02      1.354965153809E-02
   22.500000      5.368476555997E-02      1.528822653848E-02
   22.600000      5.891348646523E-02      1.710866425948E-02
   22.700000      6.394087054181E-02      1.888150788882E-02
   22.800000      6.839379675351E-02      2.047687830370E-02
   22.900000      7.196920684161E-02      2.178123354023E-02
   23.000000      7.445830887442E-02      2.270999831943E-02
   23.100000      7.575291347688E-02      2.321482710364E-02
   23.200000      7.584332396752E-02      2.328593374035E-02
   23.300000      7.481020139441E-02      2.295082107328E-02
   23.400000      7.281342934387E-02      2.227069134961E-02
   23.500000      7.008379249555E-02      2.133508564041E-02
   23.600000      6.691613332751E-02      2.025445037462E-02
   23.700000      6.365469617832E-02      1.914995303365E-02
   23.800000      6.066217957184E-02      1.814031379405E-02
   23.900000      5.827048941374E-02      1.732660097137E-02
   24.000000      5.672021556171E-02      1.677735006023E-02
   24.100000      5.610489287189E-02      1.651731834413E-02
   24.200000      5.634528837155E-02      1.652314564160E-02
   24.300000      5.720994229545E-02      1.672802473924E-02
   24.400000      5.837062062180E-02      1.703548207335E-02
   24.500000      5.947577202403E-02      1.734007779639E-02
   24.600000      6.022795170845E-02      1.755085919718E-02
   24.700000      6.044828717279E-02      1.761227204317E-02
   24.800000      6.011486054555E-02      1.751733003323E-02
   24.900000      5.936801850911E-02      1.730930636513E-02
   25.000000      5.848048601561E-02      1.707084223640E-02
   25.100000      5.779432909318E-02      1.690257113947E-02
   25.200000      5.763315491472E-02      1.689625997544E-02
   25.300000      5.820763867896E-02      1.710918710801E-02
   25.400000      5.954196646838E-02      1.754644476079E-02
   25.500000      6.145552789611E-02      1.815601148875E-02
   25.600000      6.361022114207E-02      1.883824273078E-02
   25.700000      6.559624393844E-02      1.946768266273E-02
   25.800000      6.702710137992E-02      1.992177410173E-02
   25.900000      6.762242369911E-02      2.010906209804E-02
   26.000000      6.726320219858E-02      1.998951899720E-02
   26.100000      6.601080388196E-02      1.958181314534E-02
   26.200000      6.408768366732E-02      1.895614010241E-02
   26.300000      6.182334500699E-02      1.821543250002E-02
   26.400000      5.957565555583E-02      1.747092726056E-02
   26.500000      5.765048323512E-02      1.681912288394E-02
   26.600000      5.624866524383E-02      1.632585491469E-02
   26.700000      5.545248726958E-02      1.602020611914E-02
   26.800000      5.524181643276E-02      1.589748308888E-02
   26.900000      5.552101988642E-02      1.592782969828E-02
   27.000000      5.614442563659E-02      1.606608966734E-02
   27.100000      5.693710885363E-02      1.625944911427E-02
   27.200000      5.771055976201E-02      1.645161558923E-02
   27.300000      5.827338115650E-02      1.658473173969E-02
   27.400000      5.844113157326E-02      1.660170516497E-02
   27.500000      5.805449243596E-02      1.645141911624E-02
   27.600000      5.700834383180E-02      1.609743427949E-02
   27.700000      5.528075943512E-02      1.552819103627E-02
   27.800000      5.294817007755E-02      1.476471099071E-02
   27.900000      5.018063122798E-02      1.386152686215E-02
   28.000000      4.721980218057E-02      1.289843009906E-02
   28.100000      4.434103898677E-02      1.196401022025E-02
   28.200000      4.179893283045E-02      1.113549421035E-02
   28.300000      3.976653872603E-02      1.046151443464E-02
   28.400000      3.829419919782E-02      9.954065565903E-03
   28.500000      3.731156857296E-02      9.592963889546E-03
   28.600000      3.667705348013E-02      9.341590545661E-03
   28.700000      3.625587154483E-02      9.168318495859E-03
   28.800000      3.599442152316E-02      9.065583044237E-03
   28.900000      3.596231528029E-02      9.059144678838E-03
   29.000000      3.634484695866E-02      9.203587467568E-03
   29.100000      3.738181621250E-02      9.565175398785E-03
   29.200000      3.926952537942E-02      1.019789012957E-02
   29.300000      4.206683857043E-02      1.112102306046E-02
   29.400000      4.564915148944E-02      1.230620621223E-02
   29.500000      4.972727207664E-02      1.367850906702E-02
   29.600000      5.392172537170E-02      1.513142932811E-02
   29.700000      5.786158894578E-02      1.655095529045E-02
   29.800000      6.127041876318E-02      1.784095201433E-02
   29.900000      6.401689959933E-02      1.894187892508E-02
   30.000000      6.612170725215E-02      1.983730849456E-02
   30.100000      6.772275036739E-02      2.054696739120E-02
   30.200000      6.900984835655E-02      2.110953222629E-02
   30.300000      7.014602974679E-02      2.156160944663E-02
   30.400000      7.119789098348E-02      2.192018400839E-02
   30.500000      7.210151970627E-02      2.217419844831E-02
   30.600000      7.268709913859E-02      2.228756320559E-02
   30.700000      7.274783188359E-02      2.221207028679E-02
   30.800000      7.211181752438E-02      2.190567703726E-02
   30.900000      7.069411707019E-02      2.135030393302E-02
   31.000000      6.852450793396E-02      2.056384555114E-02
   31.100000      6.575388401190E-02      1.960310729414E-02
   31.200000      6.264143481518E-02      1.855707103068E-02
   31.300000      5.952202964212E-02      1.753243271230E-02
   31.400000      5.675448422277E-02      1.663511266594E-02
   31.500000      5.465454782425E-02      1.595209683485E-02
   31.600000      5.342764221104E-02      1.553752749101E-02
   31.700000      5.312660171774E-02      1.540568294102E-02
   31.800000      5.365303977063E-02      1.553177425411E-02
   31.900000      5.480226119661E-02      1.585977571939E-02
   32.000000      5.631992660777E-02      1.631514692890E-02
   32.100000      5.795320858256E-02      1.681951365180E-02
   32.200000      5.949088046939E-02      1.730423248630E-02
   32.300000      6.078686561585E-02      1.772024664279E-02
   32.400000      6.176851263926E-02      1.804263586517E-02
   32.500000      6.243184277930E-02      1.826956589034E-02
   32.600000      6.282589405778E-02      1.841665064310E-02
   32.700000      6.303205989158E-02      1.850871128596E-02
   32.800000      6.314087837303E-02      1.857127824853E-02
   32.900000      6.322730449975E-02      1.862385046122E-02
   33.000000      6.333058146093E-02      1.867605508413E-02
   33.100000      6.344904980232E-02      1.872678902580E-02
   33.200000      6.355211358904E-02      1.876558158502E-02
   33.300000      6.359705395399E-02      1.877510414686E-02
   33.400000      6.353580003935E-02      1.873403042587E-02
   33.500000      6.330921434786E-02      1.862008030427E-02
   33.600000      6.284408676756E-02      1.841361291190E-02
   33.700000      6.207162545455E-02      1.810214541615E-02
   33.800000      6.095962208925E-02      1.768552918954E-02
   33.900000      5.953773188215E-02      1.718050029014E-02
   34.000000      5.790761439787E-02      1.662252618125E-02
   34.100000      5.623526649311E-02      1.606288324097E-02
   34.200000      5.472340030061E-02      1.555998780379E-02
   34.300000      5.356389390445E-02      1.516595209270E-02
   34.400000      5.288016725618E-02      1.491149613005E-02
   34.500000      5.267915635450E-02      1.479385113947E-02
   34.600000      5.282738359887E-02      1.477236492916E-02
   34.700000      5.306651277670E-02      1.477480808932E-02
   34.800000      5.308281049490E-02      1.471417964305E-02
   34.900000      5.260102578943E-02      1.451209692079E-02
   35.000000      5.146269636194E-02      1.412199601484E-02
   35.100000      4.967186720634E-02      1.354460259028E-02
   35.200000      4.740028213121E-02      1.283001402046E-02
   35.300000      4.494904915712E-02      1.206483815418E-02
   35.400000      4.267159351930E-02      1.134785014122E-02
   35.500000      4.087239026210E-02      1.076180213300E-02
   35.600000      3.970905985040E-02      1.035077330720E-02
   35.700000      3.914353026990E-02      1.011096618880E-02
   35.800000      3.897861495516E-02      9.998455568954E-03
   35.900000      3.896160580719E-02      9.951510239929E-03
   36.000000      3.890011937589E-02      9.919829574643E-03
   36.100000      3.874787709933E-02      9.890341942848E-03
   36.200000      3.863842811827E-02      9.900152569045E-03
   36.300000      3.885786706736E-02      1.003148820467E-02
   36.400000      3.976459086761E-02      1.038951980799E-02
   36.500000      4.167969778644E-02      1.106962689322E-02
   36.600000      4.477364735665E-02      1.212411514412E-02
   36.700000      4.898282026526E-02      1.353860048485E-02
   36.800000      5.399354748126E-02      1.522532382185E-02
   36.900000      5.930162039552E-02      1.703561876914E-02
   37.000000      6.432417104201E-02      1.878823982283E-02
   37.100000      6.852491880640E-02      2.030593892291E-02
   37.200000      7.151726533990E-02      2.145076541175E-02
   37.300000      7.312650593046E-02      2.214944913069E-02
   37.400000      7.340600599825E-02      2.240339354084E-02
   37.500000      7.261037089310E-02      2.228208294509E-02
   37.600000      7.113449288542E-02      2.190275147222E-02
   37.700000      6.943058266870E-02      2.140194709138E-02
   37.800000      6.791458307818E-02      2.090571615279E-02
   37.900000      6.687500498613E-02      2.050465892218E-02
   38.000000      6.640599397901E-02      2.023852222529E-02
   38.100000      6.639526871493E-02      2.009282491691E-02
   38.200000      6.657837483043E-02      2.000766776208E-02
   38.300000      6.662746603419E-02      1.989662710388E-02
   38.400000      6.623877525930E-02      1.967167580439E-02
   38.500000      6.520409770016E-02      1.926868157064E-02
   38.600000      6.346085209372E-02      1.866756855496E-02
   38.700000      6.111602061525E-02      1.790203689246E-02
   38.800000      5.843919065853E-02      1.705590447377E-02
   38.900000      5.582138877056E-02      1.624631818452E-02
   39.000000      5.369965206361E-02      1.559751312418E-02
   39.100000      5.245550070846E-02      1.521151696824E-02
   39.200000      5.231214246309E-02      1.514335418075E-02
   39.300000      5.326088224958E-02      1.538743596074E-02
   39.400000      5.505055127053E-02      1.587901516546E-02
   39.500000      5.726532200539E-02      1.651052409917E-02
   39.600000      5.945522224303E-02      1.715844238299E-02
   39.700000      6.125123473703E-02      1.771334200994E-02
   39.800000      6.243723297303E-02      1.810489696207E-02
   39.900000      6.297652287558E-02      1.831521123153E-02
   40.000000      6.299564816416E-02      1.837729703449E-02
   40.100000      6.273300837909E-02      1.835980737847E-02
   40.200000      6.246510432389E-02      1.834288519292E-02
   40.300000      6.242812158174E-02      1.839217476481E-02
   40.400000      6.275429251048E-02      1.853814597360E-02
   40.500000      6.343323031589E-02      1.876604875383E-02
   40.600000      6.429834663009E-02      1.901870625708E-02
   40.700000      6.505625186659E-02      1.921089566833E-02
   40.800000      6.537717840160E-02      1.925116632691E-02
   40.900000      6.499593926413E-02      1.906528818682E-02
   41.000000      6.377861971348E-02      1.861543767125E-02
   41.100000      6.175025022419E-02      1.791063470607E-02
   41.200000      5.908670219784E-02      1.700638458304E-02
   41.300000      5.607657034941E-02      1.599423133538E-02
   41.400000      5.306358395681E-02      1.498423007248E-02
   41.500000      5.038538511734E-02      1.408462626633E-02
   41.600000      4.832286406487E-02      1.338308861859E-02
   41.700000      4.706332081018E-02      1.293286762260E-02
   41.800000      4.667026438209E-02      1.274570689724E-02
   41.900000      4.705422031668E-02      1.279176095902E-02
   42.000000      4.796931086534E-02      1.300559956402E-02
   42.100000      4.907280536739E-02      1.329679014335E-02
   42.200000      5.000876497328E-02      1.356346056838E-02
   42.300000      5.046996442692E-02      1.370738006776E-02
   42.400000      5.023821739795E-02      1.364915343742E-02
   42.500000      4.920836749618E-02      1.334194027027E-02
   42.600000      4.739891640249E-02      1.278176134683E-02
   42.700000      4.495216535896E-02      1.201222296123E-02
   42.800000      4.212484765337E-02      1.112173380660E-02
   42.900000      3.927034802200E-02      1.023225831201E-02
   43.000000      3.681102209914E-02      9.480342989095E-03
   43.100000      3.518751809018E-02      8.993248723348E-03
   43.200000      3.476722976738E-02      8.864917437369E-03
   43.300000      3.571403334866E-02      9.137452544306E-03
   43.400000      3.792476843539E-02      9.793180234785E-03
   43.500000      4.109125594401E-02      1.076001231187E-02
   43.600000      4.480113616571E-02      1.192925580160E-02
   43.700000      4.863512348991E-02      1.318133200303E-02
   43.800000      5.225222496074E-02      1.441240870393E-02
   43.900000      5.544792587735E-02      1.555466281878E-02
   44.000000      5.817271285356E-02      1.658490059070E-02
   44.100000      6.051055437556E-02      1.751982995065E-02
   44.200000      6.262743709474E-02      1.840016716509E-02
   44.300000      6.470504168348E-02      1.926875592485E-02
   44.400000      6.687279409792E-02      2.014920350907E-02
   44.500000      6.915024042900E-02      2.103100854709E-02
   44.600000      7.141426744997E-02      2.186511002623E-02
   44.700000      7.341717951936E-02      2.257091425077E-02
   44.800000      7.485401785076E-02      2.305296000721E-02
   44.900000      7.544040618533E-02      2.322316383930E-02
   45.000000      7.497885104658E-02      2.302347528306E-02
   45.100000      7.340629064138E-02      2.244384706599E-02
   45.200000      7.082151994497E-02      2.153147215568E-02
   45.300000      6.749137997840E-02      2.038890299428E-02
   45.400000      6.382929857737E-02      1.916063471269E-02
   45.500000      6.034025471358E-02      1.800982091279E-02
   45.600000      5.753289183023E-02      1.708887105823E-02
   45.700000      5.581009144884E-02      1.650949738912E-02
   45.800000      5.536356227771E-02      1.631883387937E-02
   45.900000      5.611079136272E-02      1.648790366869E-02
   46.000000      5.770928072306E-02      1.691654131213E-02
   46.100000      5.964783900132E-02      1.745505113228E-02
   46.200000      6.137941433487E-02      1.793831237731E-02
   46.300000      6.245031827091E-02      1.822415648964E-02
   46.400000      6.259348644395E-02      1.822607967208E-02
   46.500000      6.177232722017E-02      1.793156903720E-02
   46.600000      6.017279302195E-02      1.740135992904E-02
   46.700000      5.814992439478E-02      1.675058305314E-02
   46.800000      5.614281710465E-02      1.611808624170E-02
   46.900000      5.457642628598E-02      1.563333516792E-02
   47.000000      5.377183722448E-02      1.539012493811E-02
   47.100000      5.388719817865E-02      1.543306941894E-02
   47.200000      5.490430818258E-02      1.575788085589E-02
   47.300000      5.666217345507E-02      1.632180530439E-02
   47.400000      5.892002724947E-02      1.705798470340E-02
   47.500000      6.141659238921E-02      1.788777714502E-02
   47.600000      6.390184150839E-02      1.872777746071E-02
   47.700000      6.614003157804E-02      1.949204622805E-02
   47.800000      6.789899409271E-02      2.009308753618E-02
   47.900000      6.894681058052E-02      2.044598168518E-02
   48.000000      6.907291626866E-02      2.047833754924E-02
   48.100000      6.813359124018E-02      2.014517680287E-02
   48.200000      6.610211267809E-02      1.944422187929E-02
   48.300000      6.310274232043E-02      1.842519293799E-02
   48.400000      5.941481578493E-02      1.718771386374E-02
   48.500000      5.544068818644E-02      1.586603931200E-02
   48.600000      5.163905068378E-02      1.460357504146E-02
   48.700000      4.843178843833E-02      1.352408154594E-02
   48.800000      4.610482017543E-02      1.270791793625E-02
   48.900000      4.474621465980E-02      1.218012687936E-02
   49.000000      4.425154606731E-02      1.191320638916E-02
   49.100000      4.437741721273E-02      1.184257240071E-02
   49.200000      4.482068175325E-02      1.188878746143E-02
   49.300000      4.530510391537E-02      1.197902571776E-02
   49.400000      4.564273537807E-02      1.206144373452E-02
   49.500000      4.575257134931E-02      1.210949189605E-02
   49.600000      4.564365561309E-02      1.211725018559E-02
   49.700000      4.537903023811E-02      1.208993601363E-02
   49.800000      4.503749740277E-02      1.203468990573E-02
   49.900000      4.468570149014E-02      1.195547928243E-02
   50.000000      4.436089893238E-02      1.185332064399E-02
   50.100000      4.406468065283E-02      1.173035074896E-02
   50.200000      4.378041489478E-02      1.159476583027E-02
   50.300000      4.350649173691E-02      1.146380702607E-02
   50.400000      4.327680927806E-02      1.136347238566E-02
   50.500000      4.315969258278E-02      1.132554823468E-02
   50.600000      4.324519501428E-02      1.138383461307E-02
   50.700000      4.363333095540E-02      1.157145429508E-02
   50.800000      4.443176519113E-02      1.191994049867E-02
   50.900000      4.576016714163E-02      1.245909838120E-02
   51.000000      4.774287031789E-02      1.321542944930E-02
   51.100000      5.047069846990E-02      1.420700177949E-02
   51.200000      5.394485443887E-02      1.543423605741E-02
   51.300000      5.804761912321E-02      1.686858349353E-02
   51.400000      6.254327634647E-02      1.844335391298E-02
   51.500000      6.709604202837E-02      2.005179210348E-02
   51.600000      7.130425777239E-02      2.155617647666E-02
   51.700000      7.475258688683E-02      2.280839181879E-02
   51.800000      7.708350266598E-02      2.367818243783E-02
   51.900000      7.807125711318E-02      2.408174083843E-02
   52.000000      7.767389197679E-02      2.400196628394E-02
   52.100000      7.604950502441E-02      2.349344346054E-02
   52.200000      7.353074860677E-02      2.266960870067E-02
   52.300000      7.055860484687E-02      2.167524360573E-02
   52.400000      6.758240363923E-02      2.065232032711E-02
   52.500000      6.494537391567E-02      1.970948680891E-02
   52.600000      6.280815208055E-02      1.890424343830E-02
   52.700000      6.115051832569E-02      1.824253622095E-02
   52.800000      5.983331472052E-02      1.769459613617E-02
   52.900000      5.868510088072E-02      1.722043767286E-02
   53.000000      5.758738249332E-02      1.679534268107E-02
   53.100000      5.653640264275E-02      1.642593281180E-02
   53.200000      5.565766719090E-02      1.615095671890E-02
   53.300000      5.516721324855E-02      1.602646350385E-02
   53.400000      5.528949369445E-02      1.610069638895E-02
   53.500000      5.615223481477E-02      1.638788989673E-02
   53.600000      5.769204923117E-02      1.685088353194E-02
   53.700000      5.961998450184E-02      1.739980897928E-02
   53.800000      6.148630449188E-02      1.790891106278E-02
   53.900000      6.281834960230E-02      1.824751269755E-02
   54.000000      6.325550585292E-02      1.831622955029E-02
   54.100000      6.264230958928E-02      1.807743047990E-02
   54.200000      6.107263030754E-02      1.757034424755E-02
   54.300000      5.888212194214E-02      1.690565902152E-02
   54.400000      5.658903130018E-02      1.624047745017E-02
   54.500000      5.478732684784E-02      1.574016902217E-02
   54.600000      5.399965848542E-02      1.553732558466E-02
   54.700000      5.450805043604E-02      1.569871851070E-02
   54.800000      5.622935911053E-02      1.620882312358E-02
   54.900000      5.876316990987E-02      1.697387352136E-02
   55.000000      6.155705196668E-02      1.784484525919E-02
   55.100000      6.405370527146E-02      1.865275356863E-02
   55.200000      6.580124940684E-02      1.924656501946E-02
   55.300000      6.652560666261E-02      1.952370601517E-02
   55.400000      6.615926550418E-02      1.944569342424E-02
   55.500000      6.482503247535E-02      1.903604174383E-02
   55.600000      6.277955219815E-02      1.836288909954E-02
   55.700000      6.032541600969E-02      1.751308936602E-02
   55.800000      5.770934950974E-02      1.656653860748E-02
   55.900000      5.505304004265E-02      1.557871215482E-02
   56.000000      5.235886101145E-02      1.457615830049E-02
   56.100000      4.956868026468E-02      1.356511841685E-02
   56.200000      4.663823116278E-02      1.254896240261E-02
   56.300000      4.360577649996E-02      1.154712593059E-02
   56.400000      4.063734329741E-02      1.060766999533E-02
   56.500000      3.803048862339E-02      9.807694480989E-03
   56.600000      3.615903855756E-02      9.240010603518E-03
   56.700000      3.535727976319E-02      8.989367989375E-03
   56.800000      3.579901003587E-02      9.105492233884E-03
   56.900000      3.742915363253E-02      9.581845559087E-03
   57.000000      3.997051570864E-02      1.034776575484E-02
   57.100000      4.298455344901E-02      1.127781403528E-02
   57.200000      4.596363136262E-02      1.221694902293E-02
   57.300000      4.843793534461E-02      1.301518267628E-02
   57.400000      5.007343718780E-02      1.356226543457E-02
   57.500000      5.073892170747E-02      1.381273341163E-02
   57.600000      5.052782265586E-02      1.379443454207E-02
   57.700000      4.973063921116E-02      1.359853398257E-02
   57.800000      4.876237310483E-02      1.335438805891E-02
   57.900000      4.805742557188E-02      1.319685272230E-02
   58.000000      4.796196813999E-02      1.323530486828E-02
   58.100000      4.866571698442E-02      1.353249922605E-02
   58.200000      5.019218353835E-02      1.409787399297E-02
   58.300000      5.243184199740E-02      1.489526918266E-02
   58.400000      5.519185649506E-02      1.586073886137E-02
   58.500000      5.824185249938E-02      1.692354292697E-02
   58.600000      6.136339905553E-02      1.802321792405E-02
   58.700000      6.440291412406E-02      1.911775301817E-02
   58.800000      6.728521525018E-02      2.018148050933E-02
   58.900000      6.998402871522E-02      2.119504080164E-02
   59.000000      7.247290099238E-02      2.213244626941E-02
   59.100000      7.467839425866E-02      2.295105247847E-02
   59.200000      7.645131138047E-02      2.358902967231E-02
   59.300000      7.757379675004E-02      2.397223035103E-02
   59.400000      7.781192549317E-02      2.402909920859E-02
   59.500000      7.698803494279E-02      2.370950752881E-02
   59.600000      7.503932643134E-02      2.300196558178E-02
   59.700000      7.204896281311E-02      2.194399188963E-02
   59.800000      6.824618377729E-02      2.062234741503E-02
   59.900000      6.397783686840E-02      1.916270120211E-02
   60.000000      5.966212760199E-02      1.771112930492E-02
   60.100000      5.573984378792E-02      1.641178948301E-02
   60.200000      5.262691354448E-02      1.538567219835E-02
   60.300000      5.065590740385E-02      1.471451777304E-02
   60.400000      4.998775990016E-02      1.443225014175E-02
   60.500000      5.055695674756E-02      1.452427887140E-02
   60.600000      5.211937222143E-02      1.493341825883E-02
   60.700000      5.433257009728E-02      1.557037251946E-02
   60.800000      5.682808963507E-02      1.632675173232E-02
   60.900000      5.926024596622E-02      1.708906321708E-02
   61.000000      6.133253453679E-02      1.775257807095E-02
   61.100000      6.281794819003E-02      1.823407131837E-02
   61.200000      6.358115941499E-02      1.848217936647E-02
   61.300000      6.359627275864E-02      1.848380350540E-02
   61.400000      6.294980835703E-02      1.826499917477E-02
   61.500000      6.182272017070E-02      1.788540006747E-02
   61.600000      6.045423999102E-02      1.742646451084E-02
   61.700000      5.909827130510E-02      1.697544063470E-02
   61.800000      5.798122517762E-02      1.660840987035E-02
   61.900000      5.726532580008E-02      1.637645488405E-02
   62.000000      5.702185014378E-02      1.629843269692E-02
   62.100000      5.722360228586E-02      1.636198613036E-02
   62.200000      5.775903262279E-02      1.653183758736E-02
   62.300000      5.846417265515E-02      1.676202921993E-02
   62.400000      5.917496055535E-02      1.700756935171E-02
   62.500000      5.977255144438E-02      1.723147009093E-02
   62.600000      6.019575636542E-02      1.740529283987E-02
   62.700000      6.041954874088E-02      1.750426224146E-02
   62.800000      6.041396768456E-02      1.750056608208E-02
   62.900000      6.010773544526E-02      1.735948491228E-02
   63.000000      5.938031863768E-02      1.704190899205E-02
   63.100000      5.809271081462E-02      1.651392030127E-02
   63.200000      5.614255207070E-02      1.576062135137E-02
   63.300000      5.351708329740E-02      1.479884185941E-02
   63.400000      5.032547673404E-02      1.368298037910E-02
   63.500000      4.680014785046E-02      1.250035072234E-02
   63.600000      4.326344800697E-02      1.135623027042E-02
   63.700000      4.006538782935E-02      1.035282710743E-02
   63.800000      3.750775061865E-02      9.568957145961E-03
   63.900000      3.578000540846E-02      9.047242523977E-03
   64.000000      3.493774048882E-02      8.792965218003E-03
   64.100000      3.492787121994E-02      8.784264680333E-03
   64.200000      3.563474719888E-02      8.988882875619E-03
   64.300000      3.693449893995E-02      9.380022594712E-03
   64.400000      3.874370530168E-02      9.944329966705E-03
   64.500000      4.102961838365E-02      1.067849368776E-02
   64.600000      4.377377673750E-02      1.157607288353E-02
   64.700000      4.691111580232E-02      1.261075584237E-02
   64.800000      5.027572264407E-02      1.372434223070E-02
   64.900000      5.358556308720E-02      1.482640983279E-02
   65.000000      5.648685714098E-02      1.580834917940E-02
   65.100000      5.864609198617E-02      1.656885296595E-02
   65.200000      5.984961663042E-02      1.704314970444E-02
   65.300000      6.007592661161E-02      1.722609317175E-02
   65.400000      5.952234715091E-02      1.718053459510E-02
   65.500000      5.857885418223E-02      1.702682688269E-02
   65.600000      5.775209374990E-02      1.691532592946E-02
   65.700000      5.755173644646E-02      1.698927067874E-02
   65.800000      5.835788275980E-02      1.734854005963E-02
   65.900000      6.029899113759E-02      1.802448410250E-02
   66.000000      6.319374143905E-02      1.897251808024E-02
   66.100000      6.661292810574E-02      2.008375538300E-02
   66.200000      7.002468256652E-02      2.121149684840E-02
   66.300000      7.293537664906E-02      2.220460516388E-02
   66.400000      7.498418365466E-02      2.293866461285E-02
   66.500000      7.598905323442E-02      2.333739284432E-02
   66.600000      7.594923963995E-02      2.338024614467E-02
   66.700000      7.501063897687E-02      2.309631450249E-02
   66.800000      7.340381839243E-02      2.254819710096E-02
   66.900000      7.136881819187E-02      2.181167513714E-02
   67.000000      6.909008972837E-02      2.095728164525E-02
   67.100000      6.666929756783E-02      2.003849223279E-02
   67.200000      6.413909205236E-02      1.908882599756E-02
   67.300000      6.149983795749E-02      1.812740783264E-02
   67.400000      5.876505505303E-02      1.717017227062E-02
   67.500000      5.600495165154E-02      1.624236163714E-02
   67.600000      5.337503066896E-02      1.538758326507E-02
   67.700000      5.111816291940E-02      1.466957075110E-02
   67.800000      4.953055494573E-02      1.416483427237E-02
   67.900000      4.889203245905E-02      1.394714292006E-02
   68.000000      4.938203416798E-02      1.406750763906E-02
   68.100000      5.101710626248E-02      1.453518322538E-02
   68.200000      5.362778259401E-02      1.530555314073E-02
   68.300000      5.686691202695E-02      1.627941204159E-02
   68.400000      6.025617773348E-02      1.731541121618E-02
   68.500000      6.327471399125E-02      1.825395983000E-02
   68.600000      6.546226587877E-02      1.894758984012E-02
   68.700000      6.650497687929E-02      1.929065078948E-02
   68.800000      6.628982580488E-02      1.924095245066E-02
   68.900000      6.492144601306E-02      1.882785994664E-02
   69.000000      6.269906397714E-02      1.814489117417E-02
   69.100000      6.005584378267E-02      1.732895035678E-02
   69.200000      5.747060745441E-02      1.653160722528E-02
   69.300000      5.537695132178E-02      1.588930048756E-02
   69.400000      5.409561996654E-02      1.549876980223E-02
   69.500000      5.379014005408E-02      1.540193873752E-02
   69.600000      5.443274516253E-02      1.558182925231E-02
   69.700000      5.579066676984E-02      1.596875878237E-02
   69.800000      5.747449492872E-02      1.645452919626E-02
   69.900000      5.904242065229E-02      1.691160375387E-02
   70.000000      6.009345327213E-02      1.721416214742E-02
   70.100000      6.032567814269E-02      1.725814859818E-02
   70.200000      5.956652367912E-02      1.697778204088E-02
   70.300000      5.778230353456E-02      1.635639775345E-02
   70.400000      5.507389583928E-02      1.542997779622E-02
   70.500000      5.166530149179E-02      1.428244447546E-02
   70.600000      4.788764816075E-02      1.303288705541E-02
   70.700000      4.415080438485E-02      1.181636578439E-02
   70.800000      4.089024098711E-02      1.076149947914E-02
   70.900000      3.848027309926E-02      9.969149455351E-03
   71.000000      3.712991796050E-02      9.496619570036E-03
   71.100000      3.683450670271E-02      9.350689025678E-03
   71.200000      3.741980230217E-02      9.490768311115E-03
   71.300000      3.862174801392E-02      9.841162032525E-03
   71.400000      4.015402678484E-02      1.030949772452E-02
   71.500000      4.175174541511E-02      1.080724724234E-02
   71.600000      4.320421198599E-02      1.126804345303E-02
   71.700000      4.439106222669E-02      1.166012238207E-02
   71.800000      4.530929792553E-02      1.199055883901E-02
   71.900000      4.607338100563E-02      1.230076093177E-02
   72.000000      4.688719706963E-02      1.265454512987E-02
   72.100000      4.799516014119E-02      1.312156687810E-02
   72.200000      4.961852813739E-02      1.375961086270E-02
   72.300000      5.188374848285E-02      1.459921136240E-02
   72.400000      5.477335406618E-02      1.563346925158E-02
   72.500000      5.812743491302E-02      1.681499237786E-02
   72.600000      6.167670371199E-02      1.806074358894E-02
   72.700000      6.508830169050E-02      1.926428806105E-02
   72.800000      6.802246185493E-02      2.031358183531E-02
   72.900000      7.019245104622E-02      2.111124481455E-02
   73.000000      7.141527265090E-02      2.159349175337E-02
   73.100000      7.164490427521E-02      2.174379266659E-02
   73.200000      7.098550148071E-02      2.159802059953E-02
   73.300000      6.968420618201E-02      2.123929740650E-02
   73.400000      6.810110464074E-02      2.078278516035E-02
   73.500000      6.665056918753E-02      2.035292738679E-02
   73.600000      6.570965124594E-02      2.005759518381E-02
   73.700000      6.551140181584E-02      1.996467856525E-02
   73.800000      6.607570265140E-02      2.008649216436E-02
   73.900000      6.721381527803E-02      2.037588288442E-02
   74.000000      6.858507737986E-02      2.073544618920E-02
   74.100000      6.977546464060E-02      2.103833725463E-02
   74.200000      7.038163712598E-02      2.115644402926E-02
   74.300000      7.008912509988E-02      2.098976972597E-02
   74.400000      6.873683107653E-02      2.049024142581E-02
   74.500000      6.635724733342E-02      1.967412454634E-02
   74.600000      6.318129328311E-02      1.861976799235E-02
   74.700000      5.960174813694E-02      1.745105972199E-02
   74.800000      5.609329489230E-02      1.631079210921E-02
   74.900000      5.309797102843E-02      1.533093561531E-02
   75.000000      5.092408422436E-02      1.460761250707E-02
   75.100000      4.971543222409E-02      1.418700137351E-02
   75.200000      4.947148431157E-02      1.406496222324E-02
   75.300000      5.006815301644E-02      1.419897410099E-02
   75.400000      5.128788365192E-02      1.452736807902E-02
   75.500000      5.289252479911E-02      1.498893014630E-02
   75.600000      5.469443438023E-02      1.553630731488E-02
   75.700000      5.658540236250E-02      1.613917162349E-02
   75.800000      5.852313543061E-02      1.677702730660E-02
   75.900000      6.048391232668E-02      1.742563236380E-02
   76.000000      6.239382232605E-02      1.804379671566E-02
   76.100000      6.407307682217E-02      1.856763806891E-02
   76.200000      6.525005111887E-02      1.891684169875E-02
   76.300000      6.564485016964E-02      1.901281356078E-02
   76.400000      6.506577001416E-02      1.880354195925E-02
   76.500000      6.348226211083E-02      1.828652366839E-02
   76.600000      6.106010567038E-02      1.752074997934E-02
   76.700000      5.815237165037E-02      1.662176596068E-02
   76.800000      5.524532772607E-02      1.573918345277E-02
   76.900000      5.286281182801E-02      1.502186326989E-02
   77.000000      5.143665433157E-02      1.458028676184E-02
   77.100000      5.116305752972E-02      1.445698096367E-02
   77.200000      5.190681483698E-02      1.461380641834E-02
   77.300000      5.324052332507E-02      1.494011424443E-02
   77.400000      5.459418081437E-02      1.527975045010E-02
   77.500000      5.541453425329E-02      1.546953202464E-02
   77.600000      5.528896280718E-02      1.537879377499E-02
   77.700000      5.402188839433E-02      1.493975642914E-02
   77.800000      5.166069795410E-02      1.416157329338E-02
   77.900000      4.847354659892E-02      1.312580895160E-02
   78.000000      4.488607339073E-02      1.196614293701E-02
   78.100000      4.139180526720E-02      1.083875274282E-02
   78.200000      3.845832209692E-02      9.891224697284E-03
   78.300000      3.644906402801E-02      9.236933500368E-03
   78.400000      3.557609910955E-02      8.939322638126E-03
   78.500000      3.588187841540E-02      9.007473650285E-03
   78.600000      3.723985798400E-02      9.401759386869E-03
   78.700000      3.938443757422E-02      1.004680994264E-02
   78.800000      4.197590274797E-02      1.084852454152E-02
   78.900000      4.467688019225E-02      1.171206990746E-02
   79.000000      4.721561011418E-02      1.255822419928E-02
   79.100000      4.942766094609E-02      1.333575912236E-02
   79.200000      5.127502171260E-02      1.402786287870E-02
   79.300000      5.283950756991E-02      1.465120955389E-02
   79.400000      5.428808857370E-02      1.524744853408E-02
   79.500000      5.581149062932E-02      1.586857206052E-02
   79.600000      5.755327623736E-02      1.655939060436E-02
   79.700000      5.957320455514E-02      1.734156671851E-02
   79.800000      6.184517968139E-02      1.820375321631E-02
   79.900000      6.425675618516E-02      1.910107274654E-02
   80.000000      6.661663650328E-02      1.996463348679E-02
   80.100000      6.868965657439E-02      2.071866755926E-02
   80.200000      7.026200656722E-02      2.130024641677E-02
   80.300000      7.121000058083E-02      2.167542993989E-02
   80.400000      7.153858281505E-02      2.184672542115E-02
   80.500000      7.137622062858E-02      2.184961446932E-02
   80.600000      7.093003696246E-02      2.173959857121E-02
   80.700000      7.041436673487E-02      2.157432564081E-02
   80.800000      6.997558058667E-02      2.139676894772E-02
   80.900000      6.964781880908E-02      2.122471820043E-02
   81.000000      6.936559546148E-02      2.104938559958E-02
   81.100000      6.900772432074E-02      2.084269155134E-02
   81.200000      6.844058912937E-02      2.056996110488E-02
   81.300000      6.755743266014E-02      2.020332079220E-02
   81.400000      6.631039316839E-02      1.973145995359E-02
   81.500000      6.472581441912E-02      1.916329930119E-02
   81.600000      6.289733123642E-02      1.852559040812E-02
   81.700000      6.096017361302E-02      1.785648997266E-02
   81.800000      5.905900823546E-02      1.719798372942E-02
   81.900000      5.732236799787E-02      1.658957324237E-02
   82.000000      5.584903154291E-02      1.606435785410E-02
   82.100000      5.470669407348E-02      1.564728576594E-02
   82.200000      5.394070949471E-02      1.535455016386E-02
   82.300000      5.358027657706E-02      1.519313560311E-02
   82.400000      5.362622625471E-02      1.516019661487E-02
   82.500000      5.403104332595E-02      1.524276913005E-02
   82.600000      5.469943623281E-02      1.541871791189E-02
   82.700000      5.551549712239E-02      1.565951336367E-02
   82.800000      5.637523071749E-02      1.593456132592E-02
   82.900000      5.720532828149E-02      1.621590620570E-02
   83.000000      5.796410798052E-02      1.648176975721E-02
   83.100000      5.862994425584E-02      1.671783498222E-02
   83.200000      5.918776250741E-02      1.691620871054E-02
   83.300000      5.962149361937E-02      1.707302654627E-02
   83.400000      5.991496416993E-02      1.718613566745E-02
   83.500000      6.006246278320E-02      1.725396528546E-02
   83.600000      6.007963940050E-02      1.727576972616E-02
   83.700000      5.999883994911E-02      1.725242343182E-02
   83.800000      5.984727074486E-02      1.718643943292E-02
   83.900000      5.962776345561E-02      1.708022616691E-02
   84.000000      5.931585774298E-02      1.693271640020E-02
   84.100000      5.886309727458E-02      1.673586934299E-02
   84.200000      5.819987944130E-02      1.647339153245E-02
   84.300000      5.724495891377E-02      1.612370787699E-02
   84.400000      5.592705403021E-02      1.566761677402E-02
   84.500000      5.421536513211E-02      1.509872988872E-02
   84.600000      5.215161812847E-02      1.443277600542E-02
   84.700000      4.987114896977E-02      1.371123459087E-02
   84.800000      4.759750233069E-02      1.299616215261E-02
   84.900000      4.560027589828E-02      1.235622258729E-02
   85.000000      4.411460389556E-02      1.184769754741E-02
   85.100000      4.324061151777E-02      1.149703414250E-02
   85.200000      4.289016273729E-02      1.129190178549E-02
   85.300000      4.283666274990E-02      1.118527719754E-02
   85.400000      4.281823240295E-02      1.111246536689E-02
   85.500000      4.263164337865E-02      1.101591157102E-02
   85.600000      4.219714858226E-02      1.086921280324E-02
   85.700000      4.158988374008E-02      1.069140497734E-02
   85.800000      4.103037053193E-02      1.054568699031E-02
   85.900000      4.082895113884E-02      1.052217872588E-02
   86.000000      4.129249910913E-02      1.071008173246E-02
   86.100000      4.262023204781E-02      1.116854997151E-02
   86.200000      4.483031751980E-02      1.190619487543E-02
   86.300000      4.774864979277E-02      1.287618648327E-02
   86.400000      5.105991410796E-02      1.398844000573E-02
   86.500000      5.439814172510E-02      1.513441139163E-02
   86.600000      5.744452548690E-02      1.621578863548E-02
   86.700000      6.000193416756E-02      1.716742393373E-02
   86.800000      6.202528118232E-02      1.796747330238E-02
   86.900000      6.360356537143E-02      1.863274963316E-02
   87.000000      6.490313006300E-02      1.920269306893E-02
   87.100000      6.608869184597E-02      1.971903409987E-02
   87.200000      6.725240634503E-02      2.020891402125E-02
   87.300000      6.839608764377E-02      2.067694804837E-02
   87.400000      6.946134356135E-02      2.110763098872E-02
   87.500000      7.036973534284E-02      2.147533941342E-02
   87.600000      7.105619677886E-02      2.175657479280E-02
   87.700000      7.149004578680E-02      2.193887365775E-02
   87.800000      7.168115709924E-02      2.202284820216E-02
   87.900000      7.166976053012E-02      2.201713627787E-02
   88.000000      7.150070391915E-02      2.192924823528E-02
   88.100000      7.118610831139E-02      2.175713641460E-02
   88.200000      7.067273864229E-02      2.148608255243E-02
   88.300000      6.984873197247E-02      2.109329682892E-02
   88.400000      6.859590955130E-02      2.055930583430E-02
   88.500000      6.685290712887E-02      1.988208143623E-02
   88.600000      6.466365150662E-02      1.908819266850E-02
   88.700000      6.219570592774E-02      1.823577430584E-02
   88.800000      5.972002612604E-02      1.740669442611E-02
   88.900000      5.755297926463E-02      1.668907544294E-02
   89.000000      5.597284309753E-02      1.615494157368E-02
   89.100000      5.513451132646E-02      1.583993827169E-02
   89.200000      5.501129428153E-02      1.573198664604E-02
   89.300000      5.539495422981E-02      1.577332599397E-02
   89.400000      5.596723770958E-02      1.587634700725E-02
   89.500000      5.640417030714E-02      1.594917510680E-02
   89.600000      5.647008736963E-02      1.592356677189E-02
   89.700000      5.608120519297E-02      1.577650717793E-02
   89.800000      5.532851772902E-02      1.553845281338E-02
   89.900000      5.445596170057E-02      1.528507774413E-02
   90.000000      5.379748938006E-02      1.511448152501E-02
   90.100000      5.368268373709E-02      1.511647267345E-02
   90.200000      5.432478187695E-02      1.534320546414E-02
   90.300000      5.572301809594E-02      1.579018799907E-02
   90.400000      5.764554159086E-02      1.639353051847E-02
   90.500000      5.970821702526E-02      1.704428136281E-02
   90.600000      6.149028649896E-02      1.761546270238E-02
   90.700000      6.263919866103E-02      1.799368982847E-02
   90.800000      6.294393355297E-02      1.810621038382E-02
   90.900000      6.236893087512E-02      1.793605366542E-02
   91.000000      6.104822214213E-02      1.752195619160E-02
   91.100000      5.924467549645E-02      1.694438247235E-02
   91.200000      5.728261059893E-02      1.630274256976E-02
   91.300000      5.546649331191E-02      1.569072922865E-02
   91.400000      5.400899509482E-02      1.517624836900E-02
   91.500000      5.299438103409E-02      1.479017414788E-02
   91.600000      5.238067771024E-02      1.452511522545E-02
   91.700000      5.202786286817E-02      1.434263168825E-02
   91.800000      5.173971987709E-02      1.418569967822E-02
   91.900000      5.131038244338E-02      1.399293267938E-02
   92.000000      5.056719854460E-02      1.371179914520E-02
   92.100000      4.940385868955E-02      1.330915051590E-02
   92.200000      4.780024398744E-02      1.277818351451E-02
   92.300000      4.582791902571E-02      1.214129486444E-02
   92.400000      4.364381067426E-02      1.144837571946E-02
   92.500000      4.147539448040E-02      1.077035838467E-02
   92.600000      3.959417114181E-02      1.018853533216E-02
   92.700000      3.827207400542E-02      9.781229774622E-03
   92.800000      3.772605236641E-02      9.610403247147E-03
   92.900000      3.807124586196E-02      9.711230048310E-03
   93.000000      3.930232564833E-02      1.008718643734E-02
   93.100000      4.130650739105E-02      1.071176920258E-02
   93.200000      4.389770655152E-02      1.153597615214E-02
   93.300000      4.685752876573E-02      1.249889539326E-02
   93.400000      4.997306276937E-02      1.353795284532E-02
   93.500000      5.306286344981E-02      1.459598129389E-02
   93.600000      5.598574303913E-02      1.562405679012E-02
   93.700000      5.863375189115E-02      1.658114631107E-02
   93.800000      6.091818315322E-02      1.743298948245E-02
   93.900000      6.276228663325E-02      1.815263593398E-02
   94.000000      6.411134526226E-02      1.872373106502E-02
   94.100000      6.495706470102E-02      1.914568628360E-02
   94.200000      6.536207036796E-02      1.943824278512E-02
   94.300000      6.546998396899E-02      1.964240246067E-02
   94.400000      6.549271110345E-02      1.981553066190E-02
   94.500000      6.567324763922E-02      2.002036382300E-02
   94.600000      6.622757569760E-02      2.030998746803E-02
   94.700000      6.727998998495E-02      2.071270283681E-02
   94.800000      6.881582801051E-02      2.122130420674E-02
   94.900000      7.067047203502E-02      2.179030908416E-02
   95.000000      7.256059438851E-02      2.234241454624E-02
   95.100000      7.414776612687E-02      2.278274077345E-02
   95.200000      7.511175854853E-02      2.301729058845E-02
   95.300000      7.521099993870E-02      2.297122011692E-02
   95.400000      7.431928233232E-02      2.260308689327E-02
   95.500000      7.243826678037E-02      2.191275108875E-02
   95.600000      6.969002266442E-02      2.094233096761E-02
   95.700000      6.629688438703E-02      1.977094685676E-02
   95.800000      6.255943771815E-02      1.850465683587E-02
   95.900000      5.883636412669E-02      1.726308014756E-02
   96.000000      5.551379808132E-02      1.616405179356E-02
   96.100000      5.294939038424E-02      1.530763924663E-02
   96.200000      5.139625384874E-02      1.476121009597E-02
   96.300000      5.093916154423E-02      1.454787673910E-02
   96.400000      5.147391128891E-02      1.464112082610E-02
   96.500000      5.273439273503E-02      1.496810856996E-02
   96.600000      5.435465139600E-02      1.542272535084E-02
   96.700000      5.594970978449E-02      1.588679749197E-02
   96.800000      5.719577371153E-02      1.625510637466E-02
   96.900000      5.788956119363E-02      1.645783263505E-02
   97.000000      5.797449130882E-02      1.647406556903E-02
   97.100000      5.753799458859E-02      1.633232741002E-02
   97.200000      5.678281192529E-02      1.609804348166E-02
   97.300000      5.596977457126E-02      1.585209756350E-02
   97.400000      5.534556342956E-02      1.566743344892E-02
   97.500000      5.507899398598E-02      1.559100547665E-02
   97.600000      5.522628186433E-02      1.563611345339E-02
   97.700000      5.573348751257E-02      1.578615250365E-02
   97.800000      5.646982003535E-02      1.600660424111E-02
   97.900000      5.728181951182E-02      1.625932442376E-02
   98.000000      5.804779268569E-02      1.651293525535E-02
   98.100000      5.870257376088E-02      1.674548394503E-02
   98.200000      5.922248972785E-02      1.693945819222E-02
   98.300000      5.958389441950E-02      1.707302943846E-02
   98.400000      5.972113381794E-02      1.711334595754E-02
   98.500000      5.951127139125E-02      1.701692823300E-02
   98.600000      5.880029778261E-02      1.673901978199E-02
   98.700000      5.746049248164E-02      1.624946939347E-02
   98.800000      5.545236111432E-02      1.554920720721E-02
   98.900000      5.286816308719E-02      1.468018790640E-02
   99.000000      4.994235397239E-02      1.372343797268E-02
   99.100000      4.702105018815E-02      1.278398955219E-02
   99.200000      4.448865763417E-02      1.196645882246E-02
   99.300000      4.265328590759E-02      1.134889819989E-02
   99.400000      4.162553888621E-02      1.096374401336E-02
   99.500000      4.129755366598E-02      1.079259224482E-02
   99.600000      4.142641961677E-02      1.077681496802E-02
   99.700000      4.173806636733E-02      1.084040183112E-02
   99.800000      4.201809029444E-02      1.091703726459E-02
   99.900000      4.217302977520E-02      1.097202937012E-02
  100.000000      4.224956876761E-02      1.101183113884E-02
