# M=18, N=9, V0=0.0, V=0.25, PBC
#  time (tJ)                 S₁(n=2)                 S₂(n=2)
    0.000000      3.108624468950E-15     -8.881784197001E-16
    0.100000      1.988205578210E-03      3.950025396406E-04
    0.200000      6.572480521866E-03      1.506926997656E-03
    0.300000      1.250648816841E-02      3.133644879431E-03
    0.400000      1.872221046896E-02      4.990681680091E-03
    0.500000      2.431153174462E-02      6.774938933503E-03
    0.600000      2.861013087466E-02      8.228801216434E-03
    0.700000      3.125719238361E-02      9.188798395177E-03
    0.800000      3.220948530070E-02      9.608176547070E-03
    0.900000      3.170806956075E-02      9.550455998077E-03
    1.000000      3.020568980183E-02      9.158868225412E-03
    1.100000      2.826840365027E-02      8.612215301431E-03
    1.200000      2.646346905967E-02      8.079809306241E-03
    1.300000      2.522817157671E-02      7.686551009869E-03
    1.400000      2.474353943294E-02      7.494850509022E-03
    1.500000      2.494439392290E-02      7.504628838677E-03
    1.600000      2.561741150128E-02      7.667805782652E-03
    1.700000      2.648854221610E-02      7.910733583040E-03
    1.800000      2.730134610890E-02      8.157439363789E-03
    1.900000      2.787185635865E-02      8.347956060228E-03
    2.000000      2.811184329871E-02      8.448592095911E-03
    2.100000      2.802781222103E-02      8.453719236315E-03
    2.200000      2.770349530678E-02      8.380765928517E-03
    2.300000      2.726944200378E-02      8.261213592696E-03
    2.400000      2.685838837543E-02      8.130529415689E-03
    2.500000      2.656630422795E-02      8.019411867403E-03
    2.600000      2.644071066145E-02      7.947829272028E-03
    2.700000      2.647581081474E-02      7.922393330626E-03
    2.800000      2.661959539530E-02      7.936818512903E-03
    2.900000      2.680034963584E-02      7.974674456424E-03
    3.000000      2.695185113582E-02      8.013380284964E-03
    3.100000      2.702669672370E-02      8.028404156009E-03
    3.200000      2.698945402275E-02      7.996853353210E-03
    3.300000      2.678936385430E-02      7.899969347676E-03
    3.400000      2.637061980197E-02      7.724384259453E-03
    3.500000      2.569205656288E-02      7.462298945025E-03
    3.600000      2.473168732281E-02      7.110994910750E-03
    3.700000      2.348699680298E-02      6.672271542672E-03
    3.800000      2.197459757442E-02      6.152444519118E-03
    3.900000      2.022688003433E-02      5.563370246589E-03
    4.000000      1.829173565003E-02      4.924547317334E-03
    4.100000      1.624355037098E-02      4.265774465236E-03
    4.200000      1.420010338069E-02      3.629305786486E-03
    4.300000      1.233851772784E-02      3.070158845760E-03
    4.400000      1.089825649509E-02      2.653355969080E-03
    4.500000      1.015128615103E-02      2.447444317016E-03
    4.600000      1.033061212768E-02      2.514544731858E-03
    4.700000      1.156453806017E-02      2.898221582726E-03
    4.800000      1.384754945961E-02      3.611391600796E-03
    4.900000      1.702413980690E-02      4.627039973363E-03
    5.000000      2.080867088272E-02      5.874474467515E-03
    5.100000      2.483894374804E-02      7.243114969584E-03
    5.200000      2.872231749499E-02      8.594436903865E-03
    5.300000      3.207297044201E-02      9.780899794900E-03
    5.400000      3.455053750743E-02      1.066889770288E-02
    5.500000      3.590501857509E-02      1.116144448798E-02
    5.600000      3.601884118603E-02      1.121587522850E-02
    5.700000      3.493085869755E-02      1.085253087209E-02
    5.800000      3.283773576714E-02      1.015213066552E-02
    5.900000      3.007305047578E-02      9.241956755702E-03
    6.000000      2.706986759463E-02      8.273485686883E-03
    6.100000      2.430702696181E-02      7.396045986668E-03
    6.200000      2.223222472898E-02      6.731931262900E-03
    6.300000      2.115078692411E-02      6.357920543203E-03
    6.400000      2.112857708448E-02      6.296494422349E-03
    6.500000      2.201261414641E-02      6.517666593720E-03
    6.600000      2.352330214863E-02      6.949941471328E-03
    6.700000      2.533202376213E-02      7.497101375779E-03
    6.800000      2.712106873800E-02      8.056742193176E-03
    6.900000      2.862491626858E-02      8.536798914479E-03
    7.000000      2.965295143333E-02      8.867477780007E-03
    7.100000      3.009825649754E-02      9.007557002937E-03
    7.200000      2.993471461023E-02      8.945407219414E-03
    7.300000      2.920658393163E-02      8.695941101915E-03
    7.400000      2.801481169390E-02      8.294928284933E-03
    7.500000      2.650255672233E-02      7.791875676849E-03
    7.600000      2.483996181852E-02      7.242287040709E-03
    7.700000      2.320530844055E-02      6.699862010016E-03
    7.800000      2.175774641372E-02      6.209197532821E-03
    7.900000      2.060247760222E-02      5.799751709311E-03
    8.000000      1.976547305910E-02      5.482034521170E-03
    8.100000      1.919650152766E-02      5.246992496764E-03
    8.200000      1.879149769483E-02      5.069214249223E-03
    8.300000      1.842116502351E-02      4.913888261596E-03
    8.400000      1.796468976459E-02      4.746526851629E-03
    8.500000      1.734415792940E-02      4.543583358330E-03
    8.600000      1.655255150861E-02      4.301530636731E-03
    8.700000      1.566885059565E-02      4.041978013842E-03
    8.800000      1.485397108179E-02      3.811070527916E-03
    8.900000      1.432476551247E-02      3.672632354395E-03
    9.000000      1.431096978793E-02      3.696005111001E-03
    9.100000      1.500187746462E-02      3.940913935164E-03
    9.200000      1.649317796194E-02      4.442601139386E-03
    9.300000      1.875505022484E-02      5.200638211059E-03
    9.400000      2.163321012537E-02      6.174178347438E-03
    9.500000      2.487106434568E-02      7.285063018042E-03
    9.600000      2.814695889221E-02      8.428448987114E-03
    9.700000      3.112649573354E-02      9.488896372428E-03
    9.800000      3.351599108345E-02      1.035859202781E-02
    9.900000      3.510236734085E-02      1.095391824500E-02
   10.000000      3.577579652516E-02      1.122705793319E-02
   10.100000      3.553476969478E-02      1.117063834857E-02
   10.200000      3.447433002590E-02      1.081519133201E-02
   10.300000      3.276159602392E-02      1.022092833538E-02
   10.400000      3.060458915592E-02      9.466478283310E-03
   10.500000      2.822581873312E-02      8.637485514465E-03
   10.600000      2.584840556406E-02      7.817295588908E-03
   10.700000      2.368937764457E-02      7.080677654161E-03
   10.800000      2.195124831606E-02      6.490166715809E-03
   10.900000      2.080585955331E-02      6.093694346591E-03
   11.000000      2.037111056146E-02      5.922053991653E-03
   11.100000      2.068226336228E-02      5.985433751059E-03
   11.200000      2.167803297785E-02      6.269433817833E-03
   11.300000      2.320921245839E-02      6.732146986321E-03
   11.400000      2.505345339112E-02      7.304481670185E-03
   11.500000      2.693431888543E-02      7.895595119300E-03
   11.600000      2.854921286061E-02      8.404059204874E-03
   11.700000      2.961454734346E-02      8.733554178000E-03
   11.800000      2.991338086873E-02      8.810105573130E-03
   11.900000      2.933305504333E-02      8.596830208624E-03
   12.000000      2.788730274019E-02      8.102307952845E-03
   12.100000      2.571894736131E-02      7.380094399067E-03
   12.200000      2.308206507336E-02      6.519124394845E-03
   12.300000      2.030513575446E-02      5.627112182186E-03
   12.400000      1.773783819651E-02      4.810789974973E-03
   12.500000      1.568640654925E-02      4.157450150486E-03
   12.600000      1.435223027852E-02      3.721673788052E-03
   12.700000      1.379551172638E-02      3.519630359946E-03
   12.800000      1.393945587886E-02      3.531439910157E-03
   12.900000      1.461015922311E-02      3.710339813298E-03
   13.000000      1.559167413702E-02      3.996175696670E-03
   13.100000      1.667913359231E-02      4.330184041171E-03
   13.200000      1.772034979537E-02      4.668088016161E-03
   13.300000      1.864290673134E-02      4.989023965051E-03
   13.400000      1.946423300870E-02      5.298604353249E-03
   13.500000      2.028089928199E-02      5.625424184528E-03
   13.600000      2.123723788804E-02      6.011492317926E-03
   13.700000      2.247852095093E-02      6.498336265290E-03
   13.800000      2.410104487632E-02      7.111697488976E-03
   13.900000      2.611276278715E-02      7.848496192573E-03
   14.000000      2.841240911606E-02      8.669753985504E-03
   14.100000      3.079412193529E-02      9.502178119584E-03
   14.200000      3.297178733111E-02      1.024915441161E-02
   14.300000      3.463108704785E-02      1.080935516099E-02
   14.400000      3.550470808058E-02      1.109876260973E-02
   14.500000      3.543667390874E-02      1.107047956610E-02
   14.600000      3.441805020255E-02      1.072687802262E-02
   14.700000      3.259228306305E-02      1.012053534403E-02
   14.800000      3.023119344488E-02      9.343503430527E-03
   14.900000      2.768347352063E-02      8.507758327029E-03
   15.000000      2.530379452199E-02      7.722103889626E-03
   15.100000      2.338369701682E-02      7.071589072688E-03
   15.200000      2.210521708573E-02      6.604458248962E-03
   15.300000      2.151422377877E-02      6.329204749863E-03
   15.400000      2.149535038410E-02      6.221275503097E-03
   15.500000      2.183295705439E-02      6.236336942776E-03
   15.600000      2.231941257707E-02      6.325531783420E-03
   15.700000      2.280786377785E-02      6.448187285026E-03
   15.800000      2.322528275378E-02      6.578820357181E-03
   15.900000      2.356557500720E-02      6.707434961313E-03
   16.000000      2.386799941543E-02      6.834244583612E-03
   16.100000      2.418445621875E-02      6.961413460693E-03
   16.200000      2.454123557042E-02      7.084876047458E-03
   16.300000      2.490749360703E-02      7.188844010046E-03
   16.400000      2.518658939435E-02      7.244593017742E-03
   16.500000      2.523616124117E-02      7.213943782927E-03
   16.600000      2.490537592458E-02      7.056802531670E-03
   16.700000      2.407176612632E-02      6.741322589982E-03
   16.800000      2.267258059649E-02      6.254692954694E-03
   16.900000      2.073086416248E-02      5.612240714205E-03
   17.000000      1.837448366754E-02      4.862500942602E-03
   17.100000      1.584358562470E-02      4.086270442524E-03
   17.200000      1.347981916329E-02      3.388526662945E-03
   17.300000      1.168888177658E-02      2.883465787555E-03
   17.400000      1.086857099715E-02      2.674617976358E-03
   17.500000      1.130998569289E-02      2.833653396842E-03
   17.600000      1.309501873475E-02      3.382585222802E-03
   17.700000      1.602475693108E-02      4.284111139998E-03
   17.800000      1.968977768124E-02      5.443539626937E-03
   17.900000      2.359672134231E-02      6.723235532485E-03
   18.000000      2.725854817781E-02      7.967345282446E-03
   18.100000      3.026794228488E-02      9.031606937916E-03
   18.200000      3.235430378565E-02      9.811258851827E-03
   18.300000      3.341782965304E-02      1.026010850463E-02
   18.400000      3.353586588184E-02      1.039584806087E-02
   18.500000      3.293990106905E-02      1.029021598212E-02
   18.600000      3.196539131482E-02      1.004662285390E-02
   18.700000      3.097924103801E-02      9.771219851351E-03
   18.800000      3.028629898543E-02      9.545112496502E-03
   18.900000      3.002067890135E-02      9.405019640476E-03
   19.000000      3.008869789139E-02      9.337277424795E-03
   19.100000      3.023683386940E-02      9.286381508476E-03
   19.200000      3.016703031159E-02      9.175289088044E-03
   19.300000      2.962808939536E-02      8.931563003714E-03
   19.400000      2.847904458296E-02      8.511986770211E-03
   19.500000      2.672709925719E-02      7.918880334302E-03
   19.600000      2.453824601035E-02      7.203777980773E-03
   19.700000      2.221758137646E-02      6.457650025402E-03
   19.800000      2.015315261195E-02      5.790441027182E-03
   19.900000      1.871675069382E-02      5.305387453793E-03
   20.000000      1.814698665272E-02      5.074717558953E-03
   20.100000      1.848717144662E-02      5.122738386623E-03
   20.200000      1.958738017443E-02      5.420241886936E-03
   20.300000      2.116115878586E-02      5.891209984105E-03
   20.400000      2.286781238300E-02      6.429736529951E-03
   20.500000      2.438050021890E-02      6.922683808311E-03
   20.600000      2.543850131139E-02      7.272447960648E-03
   20.700000      2.587868157459E-02      7.414577689166E-03
   20.800000      2.564516431327E-02      7.326702227712E-03
   20.900000      2.478386148533E-02      7.027723693820E-03
   21.000000      2.342687587472E-02      6.568760340320E-03
   21.100000      2.176627615279E-02      6.019180953248E-03
   21.200000      2.002059266411E-02      5.451795757559E-03
   21.300000      1.839753196160E-02      4.930787351604E-03
   21.400000      1.705699609769E-02      4.504563256942E-03
   21.500000      1.609582242285E-02      4.203926686279E-03
   21.600000      1.556420862840E-02      4.044394792450E-03
   21.700000      1.548668849805E-02      4.030606531610E-03
   21.800000      1.587091864950E-02      4.160730611619E-03
   21.900000      1.670145309559E-02      4.429455864269E-03
   22.000000      1.793206045637E-02      4.829130099113E-03
   22.100000      1.949218594686E-02      5.349457384747E-03
   22.200000      2.130550590992E-02      5.976551077999E-03
   22.300000      2.330073527477E-02      6.692014056568E-03
   22.400000      2.541053124990E-02      7.472282228841E-03
   22.500000      2.756642279178E-02      8.288064826997E-03
   22.600000      2.969297706820E-02      9.103641067107E-03
   22.700000      3.170137735489E-02      9.876117602344E-03
   22.800000      3.348477338602E-02      1.055534208819E-02
   22.900000      3.491870763179E-02      1.108564189315E-02
   23.000000      3.586443558807E-02      1.141053128265E-02
   23.100000      3.617431965049E-02      1.148080351830E-02
   23.200000      3.572328617449E-02      1.126511602397E-02
   23.300000      3.445483430981E-02      1.076073649441E-02
   23.400000      3.241549388356E-02      1.000117055857E-02
   23.500000      2.977130170333E-02      9.057468968004E-03
   23.600000      2.680089624566E-02      8.031290289162E-03
   23.700000      2.386044905198E-02      7.039976630030E-03
   23.800000      2.132051621028E-02      6.196309587523E-03
   23.900000      1.949155441408E-02      5.587455748936E-03
   24.000000      1.856097198618E-02      5.258261361203E-03
   24.100000      1.854406515176E-02      5.203262005217E-03
   24.200000      1.927058251336E-02      5.369712869968E-03
   24.300000      2.043013523691E-02      5.671157762315E-03
   24.400000      2.166917130736E-02      6.008291420534E-03
   24.500000      2.268300325333E-02      6.291898262366E-03
   24.600000      2.327207039577E-02      6.462049110122E-03
   24.700000      2.336878658281E-02      6.498718438931E-03
   24.800000      2.303636362256E-02      6.421313683592E-03
   24.900000      2.244111140141E-02      6.277654226961E-03
   25.000000      2.180291586089E-02      6.125850902736E-03
   25.100000      2.133050628055E-02      6.014493832404E-03
   25.200000      2.115019191515E-02      5.966994719018E-03
   25.300000      2.125160179420E-02      5.974702864337E-03
   25.400000      2.149207656338E-02      6.000833765113E-03
   25.500000      2.165701900850E-02      5.994014370907E-03
   25.600000      2.154383250648E-02      5.907282113043E-03
   25.700000      2.103282109436E-02      5.716584561045E-03
   25.800000      2.012976980330E-02      5.432835658183E-03
   25.900000      1.897808938978E-02      5.103488977392E-03
   26.000000      1.783935005243E-02      4.802854037101E-03
   26.100000      1.703984952973E-02      4.613964702227E-03
   26.200000      1.687638811432E-02      4.607500316027E-03
   26.300000      1.750415270305E-02      4.824132149899E-03
   26.400000      1.888816625293E-02      5.265427041204E-03
   26.500000      2.084918212724E-02      5.895538846703E-03
   26.600000      2.313753577289E-02      6.652381263053E-03
   26.700000      2.550011941095E-02      7.464026855273E-03
   26.800000      2.773098199526E-02      8.264710788044E-03
   26.900000      2.969960491836E-02      9.005455814378E-03
   27.000000      3.135258585308E-02      9.656682240229E-03
   27.100000      3.269114953459E-02      1.020331333831E-02
   27.200000      3.373470349860E-02      1.063563999198E-02
   27.300000      3.448496881104E-02      1.094054520106E-02
   27.400000      3.490480061858E-02      1.109716032797E-02
   27.500000      3.492114037930E-02      1.107893132342E-02
   27.600000      3.444914385843E-02      1.086132362160E-02
   27.700000      3.342410316402E-02      1.043210875881E-02
   27.800000      3.183160889278E-02      9.800218240243E-03
   27.900000      2.972711296434E-02      8.999800586474E-03
   28.000000      2.723905216704E-02      8.088002606573E-03
   28.100000      2.455621391329E-02      7.137281791084E-03
   28.200000      2.190355985085E-02      6.224808925641E-03
   28.300000      1.951301985715E-02      5.422090149234E-03
   28.400000      1.759480489167E-02      4.787223152313E-03
   28.500000      1.631054968313E-02      4.360665941372E-03
   28.600000      1.575105463002E-02      4.163830613403E-03
   28.700000      1.593131557824E-02      4.198957721135E-03
   28.800000      1.679449096200E-02      4.448923433937E-03
   28.900000      1.821098103242E-02      4.876691711833E-03
   29.000000      1.998428281158E-02      5.425434105258E-03
   29.100000      2.186885670110E-02      6.021159153938E-03
   29.200000      2.359778227591E-02      6.579493856015E-03
   29.300000      2.491843117536E-02      7.016976360076E-03
   29.400000      2.563225845462E-02      7.265305212412E-03
   29.500000      2.563145636447E-02      7.285248201435E-03
   29.600000      2.492366838144E-02      7.076158807934E-03
   29.700000      2.363718141784E-02      6.677747973745E-03
   29.800000      2.200232699129E-02      6.162804781329E-03
   29.900000      2.030916484896E-02      5.622279955175E-03
   30.000000      1.884591181649E-02      5.146559938181E-03
   30.100000      1.783160853796E-02      4.807966872476E-03
   30.200000      1.737167910843E-02      4.649065208871E-03
   30.300000      1.746157610544E-02      4.679408400831E-03
   30.400000      1.802679114939E-02      4.880638535359E-03
   30.500000      1.896737490177E-02      5.217332479889E-03
   30.600000      2.018501246237E-02      5.649520671499E-03
   30.700000      2.158772189805E-02      6.142810890893E-03
   30.800000      2.309318825217E-02      6.673402959342E-03
   30.900000      2.464370785132E-02      7.227394831275E-03
   31.000000      2.620831405794E-02      7.795851343509E-03
   31.100000      2.776296572330E-02      8.368411134900E-03
   31.200000      2.926791102564E-02      8.928356640381E-03
   31.300000      3.065957263668E-02      9.451130275585E-03
   31.400000      3.185936997194E-02      9.906705881693E-03
   31.500000      3.279199028013E-02      1.026467001340E-02
   31.600000      3.340140587636E-02      1.049991687714E-02
   31.700000      3.365665714479E-02      1.059681694771E-02
   31.800000      3.354940087107E-02      1.055051584279E-02
   31.900000      3.308943573011E-02      1.036527638261E-02
   32.000000      3.229843292136E-02      1.005096631831E-02
   32.100000      3.120141562815E-02      9.619454761274E-03
   32.200000      2.982036984930E-02      9.082587130032E-03
   32.300000      2.817452574180E-02      8.452645054344E-03
   32.400000      2.628738258852E-02      7.745099936602E-03
   32.500000      2.419906931783E-02      6.982471028218E-03
   32.600000      2.198186022538E-02      6.197556608171E-03
   32.700000      1.975287129912E-02      5.434378064570E-03
   32.800000      1.767608704809E-02      4.745801800746E-03
   32.900000      1.594627194697E-02      4.187767116837E-03
   33.000000      1.475677442052E-02      3.811065449125E-03
   33.100000      1.426003357813E-02      3.652407607016E-03
   33.200000      1.452393777402E-02      3.726858840718E-03
   33.300000      1.550608404792E-02      4.023503978014E-03
   33.400000      1.706443025749E-02      4.505469221253E-03
   33.500000      1.899113016584E-02      5.114379960771E-03
   33.600000      2.104912012818E-02      5.778287873408E-03
   33.700000      2.300463759316E-02      6.421365530024E-03
   33.800000      2.465325645679E-02      6.973441107140E-03
   33.900000      2.583825938494E-02      7.377757233830E-03
   34.000000      2.646073484448E-02      7.596047182636E-03
   34.100000      2.648143758069E-02      7.610872374068E-03
   34.200000      2.591671684634E-02      7.425861046793E-03
   34.300000      2.483303020121E-02      7.064783699324E-03
   34.400000      2.334256675438E-02      6.570193536403E-03
   34.500000      2.159960421052E-02      6.001746825046E-03
   34.600000      1.979894098388E-02      5.433582821919E-03
   34.700000      1.817409768078E-02      4.949659630070E-03
   34.800000      1.698848712163E-02      4.636025342022E-03
   34.900000      1.651260665879E-02      4.569767586131E-03
   35.000000      1.698219374730E-02      4.805669570740E-03
   35.100000      1.853454576941E-02      5.362996113888E-03
   35.200000      2.109983302165E-02      6.215796501524E-03
   35.300000      2.436464452684E-02      7.290156243499E-03
   35.400000      2.789726972269E-02      8.470725513801E-03
   35.500000      3.125199964617E-02      9.616751652447E-03
   35.600000      3.402606138474E-02      1.058528013606E-02
   35.700000      3.590376546048E-02      1.125692437973E-02
   35.800000      3.669604415750E-02      1.155838280330E-02
   35.900000      3.636987267483E-02      1.147617803394E-02
   36.000000      3.505737780946E-02      1.105794936113E-02
   36.100000      3.303916312617E-02      1.040061333572E-02
   36.200000      3.070265529724E-02      9.628016965075E-03
   36.300000      2.847233496024E-02      8.863403298838E-03
   36.400000      2.669035783306E-02      8.203311697582E-03
   36.500000      2.548519910528E-02      7.699088822296E-03
   36.600000      2.477891312936E-02      7.350165461086E-03
   36.700000      2.437508031270E-02      7.110267217489E-03
   36.800000      2.402352502648E-02      6.904580094431E-03
   36.900000      2.347601199034E-02      6.653340645464E-03
   37.000000      2.254251599755E-02      6.295908826136E-03
   37.100000      2.114324666640E-02      5.809381312809E-03
   37.200000      1.933974223751E-02      5.217198951093E-03
   37.300000      1.733499180152E-02      4.585688500174E-03
   37.400000      1.543991299911E-02      4.009481111151E-03
   37.500000      1.400835845025E-02      3.589520972826E-03
   37.600000      1.335020301200E-02      3.409187909241E-03
   37.700000      1.364385018643E-02      3.514423348112E-03
   37.800000      1.488384725664E-02      3.902594014260E-03
   37.900000      1.688187043052E-02      4.522503516482E-03
   38.000000      1.932303340236E-02      5.285123021103E-03
   38.100000      2.183981601551E-02      6.082012949783E-03
   38.200000      2.408647625883E-02      6.806701541684E-03
   38.300000      2.580129210373E-02      7.373873407674E-03
   38.400000      2.683981891005E-02      7.732160843338E-03
   38.500000      2.718023948134E-02      7.868322629012E-03
   38.600000      2.690681769070E-02      7.803045446369E-03
   38.700000      2.617679761458E-02      7.580780721653E-03
   38.800000      2.517444918427E-02      7.257292142843E-03
   38.900000      2.406068451094E-02      6.888607370438E-03
   39.000000      2.295051265053E-02      6.523949681368E-03
   39.100000      2.193054379600E-02      6.203464708177E-03
   39.200000      2.108215359807E-02      5.959817765850E-03
   39.300000      2.049864865026E-02      5.821581101991E-03
   39.400000      2.029547181024E-02      5.816027104133E-03
   39.500000      2.059698785007E-02      5.969435642068E-03
   39.600000      2.148370452939E-02      6.304032716667E-03
   39.700000      2.296617704734E-02      6.831859844165E-03
   39.800000      2.499310845976E-02      7.546938217449E-03
   39.900000      2.745625839245E-02      8.417840976902E-03
   40.000000      3.018729511676E-02      9.383098607844E-03
   40.100000      3.294871003310E-02      1.035166055259E-02
   40.200000      3.543018262692E-02      1.120988839391E-02
   40.300000      3.728753855441E-02      1.183530470342E-02
   40.400000      3.820473394314E-02      1.211572491658E-02
   40.500000      3.794765131677E-02      1.197075141439E-02
   40.600000      3.640824254849E-02      1.137131522791E-02
   40.700000      3.363684229078E-02      1.035245238280E-02
   40.800000      2.985756295611E-02      9.015150568453E-03
   40.900000      2.546219726873E-02      7.515010138937E-03
   41.000000      2.098054046657E-02      6.038377701282E-03
   41.100000      1.702288819767E-02      4.769878380452E-03
   41.200000      1.416762663409E-02      3.857969462959E-03
   41.300000      1.279069778041E-02      3.386350502607E-03
   41.400000      1.293266881039E-02      3.358238352648E-03
   41.500000      1.428327880530E-02      3.697705799339E-03
   41.600000      1.631997867258E-02      4.268186947386E-03
   41.700000      1.847345634618E-02      4.903997488398E-03
   41.800000      2.025030361274E-02      5.447491464934E-03
   41.900000      2.131215820300E-02      5.783153231371E-03
   42.000000      2.151858485037E-02      5.860816767646E-03
   42.100000      2.093655380111E-02      5.703009319613E-03
   42.200000      1.981757471087E-02      5.395338929411E-03
   42.300000      1.854685887178E-02      5.062851261043E-03
   42.400000      1.757291241733E-02      4.838378930481E-03
   42.500000      1.732495496362E-02      4.830399901135E-03
   42.600000      1.809863886511E-02      5.097573322405E-03
   42.700000      1.988249453116E-02      5.635185569631E-03
   42.800000      2.234762325583E-02      6.375841856813E-03
   42.900000      2.503343798475E-02      7.203644819690E-03
   43.000000      2.747333438686E-02      7.978470474912E-03
   43.100000      2.926516891155E-02      8.565189867731E-03
   43.200000      3.012635508401E-02      8.861942445811E-03
   43.300000      2.993322321140E-02      8.821840616142E-03
   43.400000      2.874046402188E-02      8.463710393076E-03
   43.500000      2.677807069147E-02      7.869533666021E-03
   43.600000      2.442501299903E-02      7.168903916148E-03
   43.700000      2.216096843804E-02      6.513581950996E-03
   43.800000      2.049078251252E-02      6.047509364507E-03
   43.900000      1.981931168703E-02      5.878769373849E-03
   44.000000      2.033734828210E-02      6.059575667111E-03
   44.100000      2.198377111331E-02      6.578433179834E-03
   44.200000      2.447949612902E-02      7.365614664743E-03
   44.300000      2.740702361282E-02      8.309829035492E-03
   44.400000      3.032164903688E-02      9.281323097849E-03
   44.500000      3.284769115129E-02      1.015540417731E-02
   44.600000      3.472062750170E-02      1.083085935647E-02
   44.700000      3.579648674313E-02      1.123981598977E-02
   44.800000      3.603731473085E-02      1.134856125846E-02
   44.900000      3.547910333674E-02      1.115171080104E-02
   45.000000      3.419201560816E-02      1.066388999506E-02
   45.100000      3.224618558075E-02      9.913152612551E-03
   45.200000      2.969910499613E-02      8.938743498923E-03
   45.300000      2.661519330903E-02      7.793209022673E-03
   45.400000      2.310637798517E-02      6.546360896075E-03
   45.500000      1.936863225348E-02      5.287246038126E-03
   45.600000      1.569934366312E-02      4.120631015028E-03
   45.700000      1.249106140406E-02      3.156440424782E-03
   45.800000      1.019068497345E-02      2.493339876765E-03
   45.900000      9.181018117023E-03      2.200173834042E-03
   46.000000      9.600442521995E-03      2.300321117310E-03
   46.100000      1.127640908783E-02      2.763729483250E-03
   46.200000      1.383404103138E-02      3.509534425993E-03
   46.300000      1.682292428955E-02      4.419364909616E-03
   46.400000      1.980108641078E-02      5.358574827439E-03
   46.500000      2.239325560454E-02      6.200575411525E-03
   46.600000      2.433317669137E-02      6.848751680771E-03
   46.700000      2.548776997899E-02      7.251248206972E-03
   46.800000      2.586073735471E-02      7.405877083185E-03
   46.900000      2.557808898623E-02      7.354895887898E-03
   47.000000      2.486008820156E-02      7.171707569152E-03
   47.100000      2.398292871610E-02      6.943076932001E-03
   47.200000      2.323480263055E-02      6.750963505591E-03
   47.300000      2.286793235590E-02      6.657584785137E-03
   47.400000      2.301161610348E-02      6.696140375761E-03
   47.500000      2.361338486973E-02      6.868150969760E-03
   47.600000      2.452258148365E-02      7.146975854996E-03
   47.700000      2.556235375922E-02      7.486030547103E-03
   47.800000      2.656155509275E-02      7.829647311595E-03
   47.900000      2.737496028286E-02      8.124399347170E-03
   48.000000      2.789975876608E-02      8.328963785151E-03
   48.100000      2.808760472525E-02      8.421113166575E-03
   48.200000      2.794839708316E-02      8.401065535290E-03
   48.300000      2.754474486340E-02      8.291049724961E-03
   48.400000      2.698397600076E-02      8.131435727438E-03
   48.500000      2.641001829265E-02      7.974083527065E-03
   48.600000      2.598812148450E-02      7.873711393052E-03
   48.700000      2.588067105620E-02      7.878182737180E-03
   48.800000      2.621740116768E-02      8.018769629658E-03
   48.900000      2.705186884109E-02      8.301702426424E-03
   49.000000      2.831091066531E-02      8.702566040298E-03
   49.100000      2.980118721840E-02      9.165160412617E-03
   49.200000      3.125447367843E-02      9.606095343354E-03
   49.300000      3.236913641333E-02      9.925522503810E-03
   49.400000      3.285271453187E-02      1.002309278786E-02
   49.500000      3.246487154332E-02      9.816756304392E-03
   49.600000      3.105541689032E-02      9.260841952710E-03
   49.700000      2.859499163964E-02      8.359415328084E-03
   49.800000      2.519469965716E-02      7.171491717539E-03
   49.900000      2.110938591697E-02      5.806240146192E-03
   50.000000      1.672259086812E-02      4.408493609152E-03
   50.100000      1.251533713435E-02      3.137097692431E-03
   50.200000      9.023430406633E-03      2.140267516397E-03
   50.300000      6.779901122790E-03      1.532730282265E-03
   50.400000      6.195348083730E-03      1.378873013733E-03
   50.500000      7.356202943729E-03      1.684616425369E-03
   50.600000      9.960597086203E-03      2.398787458276E-03
   50.700000      1.350519355857E-02      3.422928626010E-03
   50.800000      1.746229816314E-02      4.627187708219E-03
   50.900000      2.135397379075E-02      5.869338710496E-03
   51.000000      2.479145686331E-02      7.014003645324E-03
   51.100000      2.749445191177E-02      7.949550014804E-03
   51.200000      2.929865171784E-02      8.600716966700E-03
   51.300000      3.015477216412E-02      8.935659665589E-03
   51.400000      3.012092779252E-02      8.966782506472E-03
   51.500000      2.934960590264E-02      8.745479519575E-03
   51.600000      2.806879975176E-02      8.351698317651E-03
   51.700000      2.655504274709E-02      7.880001209766E-03
   51.800000      2.509695913092E-02      7.424365849434E-03
   51.900000      2.395174237851E-02      7.064196152887E-03
   52.000000      2.329879052405E-02      6.853802159071E-03
   52.100000      2.320499204525E-02      6.816946300747E-03
   52.200000      2.362334677846E-02      6.947045810636E-03
   52.300000      2.442766461825E-02      7.212477262269E-03
   52.400000      2.545829165947E-02      7.565428215270E-03
   52.500000      2.655916541954E-02      7.952146925805E-03
   52.600000      2.759947045846E-02      8.322404690016E-03
   52.700000      2.847974554402E-02      8.636480247373E-03
   52.800000      2.913391753643E-02      8.868811936281E-03
   52.900000      2.953248896562E-02      9.008369151319E-03
   53.000000      2.967823713302E-02      9.056515975390E-03
   53.100000      2.959539258833E-02      9.023511279017E-03
   53.200000      2.932018548350E-02      8.924764448265E-03
   53.300000      2.889694122237E-02      8.777615870138E-03
   53.400000      2.837760049936E-02      8.598901642574E-03
   53.500000      2.781964503935E-02      8.403100396730E-03
   53.600000      2.727694643779E-02      8.200627498544E-03
   53.700000      2.678207817943E-02      7.995931069724E-03
   53.800000      2.632748394834E-02      7.785430772694E-03
   53.900000      2.585553489037E-02      7.555886771418E-03
   54.000000      2.526576633336E-02      7.284268926664E-03
   54.100000      2.443401326741E-02      6.940353394579E-03
   54.200000      2.323568872979E-02      6.492889143598E-03
   54.300000      2.157533679861E-02      5.919192579037E-03
   54.400000      1.942232128829E-02      5.216637192361E-03
   54.500000      1.684683515048E-02      4.413149555583E-03
   54.600000      1.404876449439E-02      3.573066089065E-03
   54.700000      1.136955973972E-02      2.795013133202E-03
   54.800000      9.264335272616E-03      2.200007941656E-03
   54.900000      8.204190605767E-03      1.910491489781E-03
   55.000000      8.544043651022E-03      2.023868605225E-03
   55.100000      1.042543655582E-02      2.586497050421E-03
   55.200000      1.372100971361E-02      3.575095326834E-03
   55.300000      1.800242845901E-02      4.891661553769E-03
   55.400000      2.265160704646E-02      6.375149707033E-03
   55.500000      2.703075608887E-02      7.828904191308E-03
   55.600000      3.058996748825E-02      9.058349454022E-03
   55.700000      3.294041186896E-02      9.910080731018E-03
   55.800000      3.390288045814E-02      1.030251035697E-02
   55.900000      3.352489278928E-02      1.024010762050E-02
   56.000000      3.206245709922E-02      9.807597554464E-03
   56.100000      2.992855504623E-02      9.145978378364E-03
   56.200000      2.761455244210E-02      8.417183494479E-03
   56.300000      2.558788294004E-02      7.767115808776E-03
   56.400000      2.417679509349E-02      7.296752676830E-03
   56.500000      2.350848617090E-02      7.048135869887E-03
   56.600000      2.352096693863E-02      7.007304365941E-03
   56.700000      2.401343745447E-02      7.121153681165E-03
   56.800000      2.473543516844E-02      7.321426442285E-03
   56.900000      2.547612251843E-02      7.547687526509E-03
   57.000000      2.611253397224E-02      7.762486504614E-03
   57.100000      2.662052428794E-02      7.955297000983E-03
   57.200000      2.705734609626E-02      8.135919399443E-03
   57.300000      2.751696282294E-02      8.321374112477E-03
   57.400000      2.807137140212E-02      8.521853206777E-03
   57.500000      2.872166836953E-02      8.730766671516E-03
   57.600000      2.938273309272E-02      8.921818159208E-03
   57.700000      2.990475640152E-02      9.053342689719E-03
   57.800000      3.011883083672E-02      9.077837233796E-03
   57.900000      2.988175018234E-02      8.953389301098E-03
   58.000000      2.910712819233E-02      8.653739413177E-03
   58.100000      2.778152786264E-02      8.174719271880E-03
   58.200000      2.596461826510E-02      7.536222878974E-03
   58.300000      2.377454852710E-02      6.780094953477E-03
   58.400000      2.136815366864E-02      5.964973373910E-03
   58.500000      1.893069871995E-02      5.159166280944E-03
   58.600000      1.666941272180E-02      4.432366231509E-03
   58.700000      1.479681285500E-02      3.846811850786E-03
   58.800000      1.350095315966E-02      3.448672692450E-03
   58.900000      1.290198368440E-02      3.260913691950E-03
   59.000000      1.300932126484E-02      3.279347773368E-03
   59.100000      1.371669024721E-02      3.473555415345E-03
   59.200000      1.483544521768E-02      3.793544787605E-03
   59.300000      1.614822025018E-02      4.181511938914E-03
   59.400000      1.746115206036E-02      4.586287650805E-03
   59.500000      1.864986089930E-02      4.976694668712E-03
   59.600000      1.968656041844E-02      5.349701022617E-03
   59.700000      2.064281410617E-02      5.730247392110E-03
   59.800000      2.166918900696E-02      6.161804572212E-03
   59.900000      2.295203664273E-02      6.689503586794E-03
   60.000000      2.464848987032E-02      7.340227848006E-03
   60.100000      2.680247140764E-02      8.105508236096E-03
   60.200000      2.925731660684E-02      8.932843340405E-03
   60.300000      3.167496776119E-02      9.729103452415E-03
   60.400000      3.365655658702E-02      1.037645465332E-02
   60.500000      3.483608442671E-02      1.075767319402E-02
   60.600000      3.495094992904E-02      1.078486376003E-02
   60.700000      3.389471985702E-02      1.042429829105E-02
   60.800000      3.174782410248E-02      9.710735920790E-03
   60.900000      2.878210980959E-02      8.746987416384E-03
   61.000000      2.543764198728E-02      7.687998194815E-03
   61.100000      2.227192603810E-02      6.712440965169E-03
   61.200000      1.988056168905E-02      5.987828364225E-03
   61.300000      1.877377572671E-02      5.636777979291E-03
   61.400000      1.919651450449E-02      5.711926740161E-03
   61.500000      2.098402589789E-02      6.185136019397E-03
   61.600000      2.366372538252E-02      6.953468109173E-03
   61.700000      2.665482569364E-02      7.860652689380E-03
   61.800000      2.939733319051E-02      8.729248515083E-03
   61.900000      3.143262500210E-02      9.396264549489E-03
   62.000000      3.245856346326E-02      9.744250610453E-03
   62.100000      3.235858752458E-02      9.721039785094E-03
   62.200000      3.120187725764E-02      9.344184029367E-03
   62.300000      2.921541855929E-02      8.689963390608E-03
   62.400000      2.673280115719E-02      7.870651870313E-03
   62.500000      2.412715007733E-02      7.006448694454E-03
   62.600000      2.173510156767E-02      6.199394126635E-03
   62.700000      1.977562018458E-02      5.515490228098E-03
   62.800000      1.829593505028E-02      4.978548651636E-03
   62.900000      1.720860867746E-02      4.575852827473E-03
   63.000000      1.637434056256E-02      4.272574740050E-03
   63.100000      1.566648826676E-02      4.029887789986E-03
   63.200000      1.501295746644E-02      3.821316825277E-03
   63.300000      1.441697502683E-02      3.643001559934E-03
   63.400000      1.395736098998E-02      3.515713019792E-03
   63.500000      1.377139015649E-02      3.478910922964E-03
   63.600000      1.402024318520E-02      3.579151352881E-03
   63.700000      1.483691840621E-02      3.856289514197E-03
   63.800000      1.627890884284E-02      4.331055124084E-03
   63.900000      1.830785539496E-02      4.996879430883E-03
   64.000000      2.078908646460E-02      5.817642665496E-03
   64.100000      2.350827467349E-02      6.731621378560E-03
   64.200000      2.621075887295E-02      7.660619869350E-03
   64.300000      2.865013226206E-02      8.522274277766E-03
   64.400000      3.062659896758E-02      9.242971664642E-03
   64.500000      3.200985064552E-02      9.768816301523E-03
   64.600000      3.274891705958E-02      1.007259558303E-02
   64.700000      3.286973131711E-02      1.015562855492E-02
   64.800000      3.246015997671E-02      1.004450405000E-02
   64.900000      3.164598069649E-02      9.783775057483E-03
   65.000000      3.056650499650E-02      9.426440741594E-03
   65.100000      2.935735484147E-02      9.024365409570E-03
   65.200000      2.814002719012E-02      8.620606263993E-03
   65.300000      2.701351743899E-02      8.245010272421E-03
   65.400000      2.604480561639E-02      7.913556114387E-03
   65.500000      2.526253875209E-02      7.630987254225E-03
   65.600000      2.466688139965E-02      7.395539380755E-03
   65.700000      2.424252923453E-02      7.204177890173E-03
   65.800000      2.396288022300E-02      7.056787074887E-03
   65.900000      2.380755108069E-02      6.958141347319E-03
   66.000000      2.378206185633E-02      6.917117581244E-03
   66.100000      2.391640591607E-02      6.943327413595E-03
   66.200000      2.424173507860E-02      7.042014920186E-03
   66.300000      2.475843664550E-02      7.208555888794E-03
   66.400000      2.541872431296E-02      7.424120005560E-03
   66.500000      2.613191484081E-02      7.653966536873E-03
   66.600000      2.677306453486E-02      7.849427104140E-03
   66.700000      2.718640167578E-02      7.953913420100E-03
   66.800000      2.719970482858E-02      7.912352292492E-03
   66.900000      2.666195188346E-02      7.682456767871E-03
   67.000000      2.548617454455E-02      7.245451566430E-03
   67.100000      2.367757401738E-02      6.613589484052E-03
   67.200000      2.134419828162E-02      5.832243314075E-03
   67.300000      1.869075255964E-02      4.975522943116E-03
   67.400000      1.599673882065E-02      4.135952295365E-03
   67.500000      1.358256380805E-02      3.410259702234E-03
   67.600000      1.176808268191E-02      2.884310975898E-03
   67.700000      1.082370274617E-02      2.620362348799E-03
   67.800000      1.090864090816E-02      2.649118764226E-03
   67.900000      1.201129493866E-02      2.967784473965E-03
   68.000000      1.395584135625E-02      3.543777127145E-03
   68.100000      1.648089994173E-02      4.322482976998E-03
   68.200000      1.931511927798E-02      5.236728833669E-03
   68.300000      2.221929975007E-02      6.215712036537E-03
   68.400000      2.500141570354E-02      7.191866706112E-03
   68.500000      2.751551067557E-02      8.105209933948E-03
   68.600000      2.965416990941E-02      8.905659074377E-03
   68.700000      3.134130531926E-02      9.554287095874E-03
   68.800000      3.252857908967E-02      1.002437179209E-02
   68.900000      3.319607456741E-02      1.030254749212E-02
   69.000000      3.335538940724E-02      1.038971282720E-02
   69.100000      3.305177579256E-02      1.030093769393E-02
   69.200000      3.236167514140E-02      1.006367144920E-02
   69.300000      3.138295981953E-02      9.714079475915E-03
   69.400000      3.021880711271E-02      9.292087476934E-03
   69.500000      2.896102133113E-02      8.836317247344E-03
   69.600000      2.768167521867E-02      8.380224142103E-03
   69.700000      2.643774906862E-02      7.950288832050E-03
   69.800000      2.528408446704E-02      7.566266706358E-03
   69.900000      2.428631094014E-02      7.242662136646E-03
   70.000000      2.352419918858E-02      6.990179481226E-03
   70.100000      2.307131477499E-02      6.816104666678E-03
   70.200000      2.294953953871E-02      6.723278501705E-03
   70.300000      2.311090123555E-02      6.708182940570E-03
   70.400000      2.346736445451E-02      6.759263710586E-03
   70.500000      2.391799458828E-02      6.856680644084E-03
   70.600000      2.436393868331E-02      6.974179102882E-03
   70.700000      2.472098329637E-02      7.082922006655E-03
   70.800000      2.492937382596E-02      7.156269771433E-03
   70.900000      2.495681833582E-02      7.174011394858E-03
   71.000000      2.479499982356E-02      7.124668353262E-03
   71.100000      2.445307702060E-02      7.005210980637E-03
   71.200000      2.394802735101E-02      6.818576418570E-03
   71.300000      2.329287984873E-02      6.570309031978E-03
   71.400000      2.248773671579E-02      6.266019343722E-03
   71.500000      2.152042601038E-02      5.910968756931E-03
   71.600000      2.038122018565E-02      5.512087797643E-03
   71.700000      1.908518598191E-02      5.081580861255E-03
   71.800000      1.769074581441E-02      4.640488903907E-03
   71.900000      1.630802816373E-02      4.220504404596E-03
   72.000000      1.509368670038E-02      3.862943448359E-03
   72.100000      1.422875092016E-02      3.614758907377E-03
   72.200000      1.388140414120E-02      3.522396623783E-03
   72.300000      1.417141618173E-02      3.624823082574E-03
   72.400000      1.515266866689E-02      3.947079498546E-03
   72.500000      1.681204523880E-02      4.495357164872E-03
   72.600000      1.907357804483E-02      5.254091008952E-03
   72.700000      2.180033566187E-02      6.185191485645E-03
   72.800000      2.480277082019E-02      7.229428824785E-03
   72.900000      2.785513580604E-02      8.310111621489E-03
   73.000000      3.071376019476E-02      9.339344957295E-03
   73.100000      3.313793024544E-02      1.022701779861E-02
   73.200000      3.491573663676E-02      1.089206858119E-02
   73.300000      3.589385374000E-02      1.127459661760E-02
   73.400000      3.600467489798E-02      1.134641418169E-02
   73.500000      3.528290700083E-02      1.111720790987E-02
   73.600000      3.386532207030E-02      1.063400724769E-02
   73.700000      3.196901558443E-02      9.973173846630E-03
   73.800000      2.985022800133E-02      9.226212769608E-03
   73.900000      2.775929032732E-02      8.482647441050E-03
   74.000000      2.590268796252E-02      7.814267652682E-03
   74.100000      2.441044761729E-02      7.264807579705E-03
   74.200000      2.331822620334E-02      6.847551206016E-03
   74.300000      2.258013230590E-02      6.550970213019E-03
   74.400000      2.210716456702E-02      6.350050282479E-03
   74.500000      2.181043937175E-02      6.219269618667E-03
   74.600000      2.163587832587E-02      6.142830116345E-03
   74.700000      2.158192027386E-02      6.118834562383E-03
   74.800000      2.169498414412E-02      6.156283181800E-03
   74.900000      2.204010814424E-02      6.266286096497E-03
   75.000000      2.264668641962E-02      6.450897945892E-03
   75.100000      2.346030652490E-02      6.693811748569E-03
   75.200000      2.434133447991E-02      6.956558457587E-03
   75.300000      2.509748456901E-02      7.182093033376E-03
   75.400000      2.552537537863E-02      7.305324163187E-03
   75.500000      2.545219332490E-02      7.268007896799E-03
   75.600000      2.477329071706E-02      7.034092136095E-03
   75.700000      2.348035040373E-02      6.601387890923E-03
   75.800000      2.167375451238E-02      6.006333584847E-03
   75.900000      1.955526934927E-02      5.320313414956E-03
   76.000000      1.740220330542E-02      4.638032671528E-03
   76.100000      1.552709101328E-02      4.060347629345E-03
   76.200000      1.422673202712E-02      3.675268494964E-03
   76.300000      1.372668162792E-02      3.541318224176E-03
   76.400000      1.413167569134E-02      3.676942343136E-03
   76.500000      1.538682185602E-02      4.058328568777E-03
   76.600000      1.727167695347E-02      4.626095867186E-03
   76.700000      1.946148429404E-02      5.299274286005E-03
   76.800000      2.163376293287E-02      5.993301497176E-03
   76.900000      2.354677328733E-02      6.637835297073E-03
   77.000000      2.507092787624E-02      7.190267567844E-03
   77.100000      2.619343794202E-02      7.641901561154E-03
   77.200000      2.700467757670E-02      8.015532780349E-03
   77.300000      2.766884222753E-02      8.355196236197E-03
   77.400000      2.838057267810E-02      8.710625094027E-03
   77.500000      2.930979665782E-02      9.120124824416E-03
   77.600000      3.054075038074E-02      9.595893415586E-03
   77.700000      3.202194804341E-02      1.011529052436E-02
   77.800000      3.356281966965E-02      1.062031964090E-02
   77.900000      3.488483950581E-02      1.102589984777E-02
   78.000000      3.568563506933E-02      1.123569161330E-02
   78.100000      3.569608835354E-02      1.116262886037E-02
   78.200000      3.472972117609E-02      1.075017278636E-02
   78.300000      3.272343243773E-02      9.989842072684E-03
   78.400000      2.976596276046E-02      8.930909373332E-03
   78.500000      2.610935934105E-02      7.679318550546E-03
   78.600000      2.215967574510E-02      6.384786447791E-03
   78.700000      1.844521930210E-02      5.217455043030E-03
   78.800000      1.556029768238E-02      4.337912416539E-03
   78.900000      1.405213102297E-02      3.866329312558E-03
   79.000000      1.418739045973E-02      3.857300436299E-03
   79.100000      1.582760671369E-02      4.286365470385E-03
   79.200000      1.852176771974E-02      5.052069891911E-03
   79.300000      2.166747899359E-02      5.994144335482E-03
   79.400000      2.464813094274E-02      6.924616309702E-03
   79.500000      2.693663938481E-02      7.665339707079E-03
   79.600000      2.816934926017E-02      8.083486577144E-03
   79.700000      2.818941455665E-02      8.116684594842E-03
   79.800000      2.705811788951E-02      7.781854275541E-03
   79.900000      2.503426085753E-02      7.165876482912E-03
   80.000000      2.252529033442E-02      6.400906186204E-03
   80.100000      2.001652635754E-02      5.631104672916E-03
   80.200000      1.797122298256E-02      4.979638318856E-03
   80.300000      1.667142510199E-02      4.524389507458E-03
   80.400000      1.613338826006E-02      4.288082192847E-03
   80.500000      1.618902265503E-02      4.244265329162E-03
   80.600000      1.659771221633E-02      4.336077803934E-03
   80.700000      1.713679424388E-02      4.501247931437E-03
   80.800000      1.766786531844E-02      4.695335427519E-03
   80.900000      1.817408194596E-02      4.906168200279E-03
   81.000000      1.875633434593E-02      5.155419516250E-03
   81.100000      1.958175607503E-02      5.487381046789E-03
   81.200000      2.081155855357E-02      5.948969542786E-03
   81.300000      2.253934833274E-02      6.567669319859E-03
   81.400000      2.474620168718E-02      7.334678735568E-03
   81.500000      2.726125643916E-02      8.198861075881E-03
   81.600000      2.979430571126E-02      9.073741785821E-03
   81.700000      3.202002239492E-02      9.855784118431E-03
   81.800000      3.365526363621E-02      1.044872352370E-02
   81.900000      3.451915592448E-02      1.078687052377E-02
   82.000000      3.456945000666E-02      1.085055265684E-02
   82.100000      3.390997842915E-02      1.066918234108E-02
   82.200000      3.276471912604E-02      1.031111924813E-02
   82.300000      3.141746264515E-02      9.863426161682E-03
   82.400000      3.013106020997E-02      9.407585745462E-03
   82.500000      2.907386585525E-02      8.998337480465E-03
   82.600000      2.827588188603E-02      8.651697724451E-03
   82.700000      2.763790484512E-02      8.345331498044E-03
   82.800000      2.698044302110E-02      8.030694486344E-03
   82.900000      2.610827725672E-02      7.652924477213E-03
   83.000000      2.487660264201E-02      7.172348800307E-03
   83.100000      2.324109758173E-02      6.581254191460E-03
   83.200000      2.128178466258E-02      5.911208179528E-03
   83.300000      1.919745826189E-02      5.229136473801E-03
   83.400000      1.727210674882E-02      4.623600451817E-03
   83.500000      1.582292446259E-02      4.185288652058E-03
   83.600000      1.513714448983E-02      3.986922899011E-03
   83.700000      1.538790268669E-02      4.067375265077E-03
   83.800000      1.655478698800E-02      4.423129506083E-03
   83.900000      1.843855649847E-02      5.008009109219E-03
   84.000000      2.073817629042E-02      5.740124718535E-03
   84.100000      2.311495951927E-02      6.513836026463E-03
   84.200000      2.523770442793E-02      7.214330748992E-03
   84.300000      2.681205403405E-02      7.732919950460E-03
   84.400000      2.760253178896E-02      7.981800499837E-03
   84.500000      2.745420619818E-02      7.907335680589E-03
   84.600000      2.631591823228E-02      7.500649046440E-03
   84.700000      2.426424470922E-02      6.803733252688E-03
   84.800000      2.151948335832E-02      5.908883463878E-03
   84.900000      1.844376189267E-02      4.949643924858E-03
   85.000000      1.551536016441E-02      4.082879721274E-03
   85.100000      1.327325578112E-02      3.463833777439E-03
   85.200000      1.222269790645E-02      3.218421554471E-03
   85.300000      1.270820024580E-02      3.418656896085E-03
   85.400000      1.477919277450E-02      4.067229778459E-03
   85.500000      1.811056329932E-02      5.095560034742E-03
   85.600000      2.214506409542E-02      6.376444909073E-03
   85.700000      2.630034331832E-02      7.748598808957E-03
   85.800000      3.007057207157E-02      9.047160129922E-03
   85.900000      3.308156733225E-02      1.013270954627E-02
   86.000000      3.511936405588E-02      1.091206022227E-02
   86.100000      3.613161741971E-02      1.134680231563E-02
   86.200000      3.620376407800E-02      1.144934060021E-02
   86.300000      3.551649554205E-02      1.126962822303E-02
   86.400000      3.429488234403E-02      1.087781977202E-02
   86.500000      3.276083732402E-02      1.034811357397E-02
   86.600000      3.109946254984E-02      9.747384607128E-03
   86.700000      2.944838862753E-02      9.129696471150E-03
   86.800000      2.790393850936E-02      8.535496435489E-03
   86.900000      2.652444048623E-02      7.993069055512E-03
   87.000000      2.533348458383E-02      7.519937271319E-03
   87.100000      2.433343467746E-02      7.123055521865E-03
   87.200000      2.351051685193E-02      6.798144913919E-03
   87.300000      2.282868606083E-02      6.529619266849E-03
   87.400000      2.222774563712E-02      6.292741518342E-03
   87.500000      2.163374835180E-02      6.058870643593E-03
   87.600000      2.097462725916E-02      5.803276577509E-03
   87.700000      2.019726575705E-02      5.513629013519E-03
   87.800000      1.929484637419E-02      5.196505506841E-03
   87.900000      1.832866470680E-02      4.879464149093E-03
   88.000000      1.742827708947E-02      4.607356855775E-03
   88.100000      1.677237292342E-02      4.433235667052E-03
   88.200000      1.655391994580E-02      4.405844835716E-03
   88.300000      1.692959090582E-02      4.556748676622E-03
   88.400000      1.795047238271E-02      4.890308456050E-03
   88.500000      1.951070548739E-02      5.379004856389E-03
   88.600000      2.138394481179E-02      5.965293100513E-03
   88.700000      2.329413910545E-02      6.569690825953E-03
   88.800000      2.496547984133E-02      7.103517468385E-03
   88.900000      2.615767445939E-02      7.483873798972E-03
   89.000000      2.669430571820E-02      7.648154144449E-03
   89.100000      2.648481528574E-02      7.565580539134E-03
   89.200000      2.553818863428E-02      7.243833465949E-03
   89.300000      2.396713937533E-02      6.729703711636E-03
   89.400000      2.198206580452E-02      6.103669859381E-03
   89.500000      1.987433373106E-02      5.469265110570E-03
   89.600000      1.798956555185E-02      4.938874488595E-03
   89.700000      1.669299976285E-02      4.618062510540E-03
   89.800000      1.632552086351E-02      4.590608415858E-03
   89.900000      1.712660094888E-02      4.906160641252E-03
   90.000000      1.912152999246E-02      5.571944280772E-03
   90.100000      2.210541798170E-02      6.549426312910E-03
   90.200000      2.573544345817E-02      7.756378202851E-03
   90.300000      2.960728096177E-02      9.074385958908E-03
   90.400000      3.330178683565E-02      1.036145585639E-02
   90.500000      3.642129754519E-02      1.146883123814E-02
   90.600000      3.862411869351E-02      1.226042360121E-02
   90.700000      3.965755614967E-02      1.263246414059E-02
   90.800000      3.938689841931E-02      1.253033626925E-02
   90.900000      3.781687611493E-02      1.195935497157E-02
   91.000000      3.510096586788E-02      1.098676094864E-02
   91.100000      3.153436489824E-02      9.733480439150E-03
   91.200000      2.752864272181E-02      8.356121570691E-03
   91.300000      2.356878118075E-02      7.021856102174E-03
   91.400000      2.015422692882E-02      5.880721739940E-03
   91.500000      1.771035731744E-02      5.040895149838E-03
   91.600000      1.644233852379E-02      4.552210393303E-03
   91.700000      1.627365968806E-02      4.401549391723E-03
   91.800000      1.692992921652E-02      4.521045791726E-03
   91.900000      1.803654066333E-02      4.807010321381E-03
   92.000000      1.921458908849E-02      5.144943754292E-03
   92.100000      2.015852671210E-02      5.434670650974E-03
   92.200000      2.068491054962E-02      5.609862642955E-03
   92.300000      2.074871788314E-02      5.647915372470E-03
   92.400000      2.043028608773E-02      5.568772580017E-03
   92.500000      1.989992205577E-02      5.424092460512E-03
   92.600000      1.936794976617E-02      5.280364390999E-03
   92.700000      1.903124460116E-02      5.200665516717E-03
   92.800000      1.903324773588E-02      5.229512774435E-03
   92.900000      1.944712316895E-02      5.383923826793E-03
   93.000000      2.026797648307E-02      5.651857722711E-03
   93.100000      2.139226451106E-02      5.997282544754E-03
   93.200000      2.262168106032E-02      6.369727222435E-03
   93.300000      2.374157921149E-02      6.715574435733E-03
   93.400000      2.458596440631E-02      6.988513465487E-03
   93.500000      2.506067700479E-02      7.157272527181E-03
   93.600000      2.514598624613E-02      7.209698510670E-03
   93.700000      2.488534677336E-02      7.153183603095E-03
   93.800000      2.436471830215E-02      7.012153483362E-03
   93.900000      2.369326329760E-02      6.823706935286E-03
   94.000000      2.299688542183E-02      6.632497867263E-03
   94.100000      2.241679599569E-02      6.485648740223E-03
   94.200000      2.209543971211E-02      6.428044111726E-03
   94.300000      2.216085801631E-02      6.497978696343E-03
   94.400000      2.270962788849E-02      6.722987376024E-03
   94.500000      2.378395638267E-02      7.115813929397E-03
   94.600000      2.536013238021E-02      7.670799155151E-03
   94.700000      2.733701173420E-02      8.361318136108E-03
   94.800000      2.954990343498E-02      9.139093932136E-03
   94.900000      3.180379753208E-02      9.936152142254E-03
   95.000000      3.388321528328E-02      1.066985074935E-02
   95.100000      3.555982079526E-02      1.125090220342E-02
   95.200000      3.661116296385E-02      1.159372092987E-02
   95.300000      3.684603748247E-02      1.162789976559E-02
   95.400000      3.613024744183E-02      1.130924424445E-02
   95.500000      3.440877296438E-02      1.062865386180E-02
   95.600000      3.172116429253E-02      9.617284488228E-03
   95.700000      2.820899150367E-02      8.346851911953E-03
   95.800000      2.411608175716E-02      6.924565900260E-03
   95.900000      1.978273925209E-02      5.482887362287E-03
   96.000000      1.563314929455E-02      4.164959486447E-03
   96.100000      1.215105820910E-02      3.107131728363E-03
   96.200000      9.824441338250E-03      2.420501888817E-03
   96.300000      9.019484816156E-03      2.173873362902E-03
   96.400000      9.821093906542E-03      2.380890053382E-03
   96.500000      1.199865587275E-02      2.994164228229E-03
   96.600000      1.510296364028E-02      3.908684667118E-03
   96.700000      1.859234891883E-02      4.975504917791E-03
   96.800000      2.192206310644E-02      6.024724339156E-03
   96.900000      2.461588121545E-02      6.894455411638E-03
   97.000000      2.632795536286E-02      7.460441441421E-03
   97.100000      2.688897017083E-02      7.659954398195E-03
   97.200000      2.633027650901E-02      7.504106753282E-03
   97.300000      2.488096064608E-02      7.074896400920E-03
   97.400000      2.293535453593E-02      6.506777053325E-03
   97.500000      2.099232590075E-02      5.956430412972E-03
   97.600000      1.957182551640E-02      5.567597767999E-03
   97.700000      1.910229853463E-02      5.439324430308E-03
   97.800000      1.973147586838E-02      5.605268387321E-03
   97.900000      2.123665655366E-02      6.028965552400E-03
   98.000000      2.320768623033E-02      6.615884065303E-03
   98.100000      2.519738736867E-02      7.238873823984E-03
   98.200000      2.680892502384E-02      7.770385493870E-03
   98.300000      2.776345891370E-02      8.113427882786E-03
   98.400000      2.794504691050E-02      8.223920630991E-03
   98.500000      2.741750264819E-02      8.119546617043E-03
   98.600000      2.641161015440E-02      7.873647944243E-03
   98.700000      2.528218753098E-02      7.596220548638E-03
   98.800000      2.443540385270E-02      7.406838344139E-03
   98.900000      2.423192484396E-02      7.405851059347E-03
   99.000000      2.488000050146E-02      7.650258537268E-03
   99.100000      2.636414515056E-02      8.139388803231E-03
   99.200000      2.846095973177E-02      8.813258572083E-03
   99.300000      3.080503929970E-02      9.563770475327E-03
   99.400000      3.297099194241E-02      1.025622608667E-02
   99.500000      3.455856940314E-02      1.075648325372E-02
   99.600000      3.526303754854E-02      1.095785514341E-02
   99.700000      3.492056198450E-02      1.080183122078E-02
   99.800000      3.352722716133E-02      1.028802794798E-02
   99.900000      3.123164682225E-02      9.471302348616E-03
  100.000000      2.830286188638E-02      8.447169250791E-03
