# M=18, N=9, V0=0.0, V=-0.5, PBC
#  time (tJ)                 S₁(n=2)                 S₂(n=2)
    0.000000      2.664535259100E-15     -8.881784197001E-16
    0.100000      6.856228179356E-03      1.579483582581E-03
    0.200000      2.209613000493E-02      6.020296471604E-03
    0.300000      4.128742449192E-02      1.250487182075E-02
    0.400000      6.097686904529E-02      1.989892611349E-02
    0.500000      7.846135633064E-02      2.702200032756E-02
    0.600000      9.194446824920E-02      3.290784125581E-02
    0.700000      1.006140974321E-01      3.698568168178E-02
    0.800000      1.045890578611E-01      3.914266572482E-02
    0.900000      1.047438224881E-01      3.966586402784E-02
    1.000000      1.024389021323E-01      3.909645929864E-02
    1.100000      9.918979339183E-02      3.804885721813E-02
    1.200000      9.631614282066E-02      3.704932233643E-02
    1.300000      9.464314591813E-02      3.643392502379E-02
    1.400000      9.438260172708E-02      3.632090483103E-02
    1.500000      9.525079175357E-02      3.664742480764E-02
    1.600000      9.672188136813E-02      3.724358883652E-02
    1.700000      9.826888248232E-02      3.791194549348E-02
    1.800000      9.950728761729E-02      3.848768199870E-02
    1.900000      1.002402678620E-01      3.886834124620E-02
    2.000000      1.004299588612E-01      3.901566437080E-02
    2.100000      1.001343610062E-01      3.894085749059E-02
    2.200000      9.945497926604E-02      3.868611718147E-02
    2.300000      9.851278129495E-02      3.831090613179E-02
    2.400000      9.744638324035E-02      3.788471749718E-02
    2.500000      9.641774372079E-02      3.748269304485E-02
    2.600000      9.561044293189E-02      3.717889933802E-02
    2.700000      9.521392424787E-02      3.703453302788E-02
    2.800000      9.538110461645E-02      3.708297365995E-02
    2.900000      9.612699104275E-02      3.731754017685E-02
    3.000000      9.727122267224E-02      3.768857826409E-02
    3.100000      9.852191982909E-02      3.811340365657E-02
    3.200000      9.958442504494E-02      3.849715827829E-02
    3.300000      1.002383315117E-01      3.875771982947E-02
    3.400000      1.003834995374E-01      3.884604775058E-02
    3.500000      1.000540387092E-01      3.875548812197E-02
    3.600000      9.939687961388E-02      3.851816860056E-02
    3.700000      9.861314007037E-02      3.819120842898E-02
    3.800000      9.788633780517E-02      3.783808968063E-02
    3.900000      9.734329573836E-02      3.751063508629E-02
    4.000000      9.703144017722E-02      3.723529542907E-02
    4.100000      9.690192064771E-02      3.700506691600E-02
    4.200000      9.682034939898E-02      3.677647358007E-02
    4.300000      9.659210805158E-02      3.647041450018E-02
    4.400000      9.597360857941E-02      3.597641703364E-02
    4.500000      9.467346338190E-02      3.516131353991E-02
    4.600000      9.236142787130E-02      3.388438767760E-02
    4.700000      8.869966532068E-02      3.202054503468E-02
    4.800000      8.340841153193E-02      2.949075659503E-02
    4.900000      7.635167892348E-02      2.629557629699E-02
    5.000000      6.762279801589E-02      2.254424331161E-02
    5.100000      5.761885906625E-02      1.847013283580E-02
    5.200000      4.709307392808E-02      1.442416169842E-02
    5.300000      3.718169908196E-02      1.084155658536E-02
    5.400000      2.939573951115E-02      8.183565104923E-03
    5.500000      2.541147055685E-02      6.862650272325E-03
    5.600000      2.638183909503E-02      7.165327784643E-03
    5.700000      3.232723168483E-02      9.189227232901E-03
    5.800000      4.230434712291E-02      1.280931744484E-02
    5.900000      5.490522581896E-02      1.768286885476E-02
    6.000000      6.859232359791E-02      2.329489883567E-02
    6.100000      8.188819568966E-02      2.903730041443E-02
    6.200000      9.353448295974E-02      3.430739833628E-02
    6.300000      1.026186289576E-01      3.860686548616E-02
    6.400000      1.086518236823E-01      4.162083950952E-02
    6.500000      1.115935380597E-01      4.326018629527E-02
    6.600000      1.118203028299E-01      4.365704352314E-02
    6.700000      1.100411771270E-01      4.311419029712E-02
    6.800000      1.071555478172E-01      4.202047752595E-02
    6.900000      1.040530378504E-01      4.075430105722E-02
    7.000000      1.014015965683E-01      3.960120159189E-02
    7.100000      9.950593940242E-02      3.870772951280E-02
    7.200000      9.830283329136E-02      3.808227132469E-02
    7.300000      9.749361149461E-02      3.763828482028E-02
    7.400000      9.673983041610E-02      3.726167651137E-02
    7.500000      9.583455701236E-02      3.687671530961E-02
    7.600000      9.479682617173E-02      3.648648151189E-02
    7.700000      9.386885537565E-02      3.617387258347E-02
    7.800000      9.341961525574E-02      3.606417634432E-02
    7.900000      9.378235439339E-02      3.626488214259E-02
    8.000000      9.508333062365E-02      3.680735163126E-02
    8.100000      9.714193057990E-02      3.761472398142E-02
    8.200000      9.949747587402E-02      3.851083006352E-02
    8.300000      1.015458886528E-01      3.926933209461E-02
    8.400000      1.027361177595E-01      3.968656726538E-02
    8.500000      1.027555404158E-01      3.965170084063E-02
    8.600000      1.016309337818E-01      3.918778786463E-02
    8.700000      9.972310591619E-02      3.844748380129E-02
    8.800000      9.762392187925E-02      3.766369822651E-02
    8.900000      9.597804132661E-02      3.707209132322E-02
    9.000000      9.527065386109E-02      3.683256126201E-02
    9.100000      9.565144565176E-02      3.697691798586E-02
    9.200000      9.687836886837E-02      3.739998119452E-02
    9.300000      9.841223348415E-02      3.789537460953E-02
    9.400000      9.961870349941E-02      3.822141917500E-02
    9.500000      9.997479229689E-02      3.817261690416E-02
    9.600000      9.918996655414E-02      3.763174986265E-02
    9.700000      9.722833237668E-02      3.658645524088E-02
    9.800000      9.425330745290E-02      3.510858095799E-02
    9.900000      9.052436887133E-02      3.330887494280E-02
   10.000000      8.628090285378E-02      3.128804505951E-02
   10.100000      8.165448401193E-02      2.910485300829E-02
   10.200000      7.664460418293E-02      2.677324512935E-02
   10.300000      7.116863008975E-02      2.428748139025E-02
   10.400000      6.517186079593E-02      2.166238091081E-02
   10.500000      5.875003139733E-02      1.897005651673E-02
   10.600000      5.222986919619E-02      1.635694454457E-02
   10.700000      4.618557196609E-02      1.403390303393E-02
   10.800000      4.138286046978E-02      1.224318119162E-02
   10.900000      3.862535548999E-02      1.121420702932E-02
   11.000000      3.849678231708E-02      1.112240878487E-02
   11.100000      4.116196784890E-02      1.206174417413E-02
   11.200000      4.639675246153E-02      1.403472974384E-02
   11.300000      5.372459654367E-02      1.695685766516E-02
   11.400000      6.254247964259E-02      2.066817199632E-02
   11.500000      7.221950876035E-02      2.494498362756E-02
   11.600000      8.214674978985E-02      2.950900209944E-02
   11.700000      9.172498623577E-02      3.403733228022E-02
   11.800000      1.003273153917E-01      3.818118881807E-02
   11.900000      1.073215450395E-01      4.160048820562E-02
   12.000000      1.121655272235E-01      4.401478878783E-02
   12.100000      1.145277799272E-01      4.526095752977E-02
   12.200000      1.143939353242E-01      4.533954519272E-02
   12.300000      1.121216586521E-01      4.443014147162E-02
   12.400000      1.084133582079E-01      4.286313009265E-02
   12.500000      1.041923758711E-01      4.104929142032E-02
   12.600000      1.003936674365E-01      3.938421426656E-02
   12.700000      9.772053311325E-02      3.815509618269E-02
   12.800000      9.645535434576E-02      3.747871881056E-02
   12.900000      9.640109785024E-02      3.729038517354E-02
   13.000000      9.698827167663E-02      3.738741217698E-02
   13.100000      9.752471142040E-02      3.751287920805E-02
   13.200000      9.745889869751E-02      3.745181935783E-02
   13.300000      9.655753573945E-02      3.710768809976E-02
   13.400000      9.497454242314E-02      3.653365848765E-02
   13.500000      9.320775154700E-02      3.590912369046E-02
   13.600000      9.194600412296E-02      3.547117388987E-02
   13.700000      9.181917282626E-02      3.542645475255E-02
   13.800000      9.311333859546E-02      3.587475952913E-02
   13.900000      9.563014107024E-02      3.677010623149E-02
   14.000000      9.879153923232E-02      3.793080925256E-02
   14.100000      1.018612224156E-01      3.909302311715E-02
   14.200000      1.041590697398E-01      3.998838621472E-02
   14.300000      1.052212400437E-01      4.041976671933E-02
   14.400000      1.048867740749E-01      4.031113782125E-02
   14.500000      1.033065708729E-01      3.971718653181E-02
   14.600000      1.008813492407E-01      3.879210063011E-02
   14.700000      9.814346308357E-02      3.773035528349E-02
   14.800000      9.560504562909E-02      3.670058889863E-02
   14.900000      9.360483669456E-02      3.579416592586E-02
   15.000000      9.219593453181E-02      3.500328391410E-02
   15.100000      9.112306051835E-02      3.423268184676E-02
   15.200000      8.992328089162E-02      3.333822647993E-02
   15.300000      8.810905940717E-02      3.217812482934E-02
   15.400000      8.533642179297E-02      3.065991568593E-02
   15.500000      8.149670020826E-02      2.876900059484E-02
   15.600000      7.672604160541E-02      2.657135810865E-02
   15.700000      7.134316291850E-02      2.419215765693E-02
   15.800000      6.573529201211E-02      2.178027552902E-02
   15.900000      6.024474471447E-02      1.947322652093E-02
   16.000000      5.511681172902E-02      1.737600287283E-02
   16.100000      5.052386094847E-02      1.556112846287E-02
   16.200000      4.664125830925E-02      1.408831731599E-02
   16.300000      4.373218227945E-02      1.303387016976E-02
   16.400000      4.219446015788E-02      1.251526289877E-02
   16.500000      4.252129202891E-02      1.269672442865E-02
   16.600000      4.516720650094E-02      1.376686738483E-02
   16.700000      5.040378575565E-02      1.588840595255E-02
   16.800000      5.822686387305E-02      1.913061311974E-02
   16.900000      6.827844468259E-02      2.340447448025E-02
   17.000000      7.980274860144E-02      2.842487522690E-02
   17.100000      9.167928514800E-02      3.372055336181E-02
   17.200000      1.025644158368E-01      3.870031995895E-02
   17.300000      1.111618519593E-01      4.276616003598E-02
   17.400000      1.165071692161E-01      4.544628843719E-02
   17.500000      1.181645642736E-01      4.651077723712E-02
   17.600000      1.163226985864E-01      4.603367486948E-02
   17.700000      1.117871874497E-01      4.437928461374E-02
   17.800000      1.058657875495E-01      4.211264648236E-02
   17.900000      1.001386987659E-01      3.985795154754E-02
   18.000000      9.606669709974E-02      3.814519212785E-02
   18.100000      9.446583782634E-02      3.728865235002E-02
   18.200000      9.528077800205E-02      3.732980788910E-02
   18.300000      9.777457505048E-02      3.805635025158E-02
   18.400000      1.008562830177E-01      3.908615077554E-02
   18.500000      1.034242378168E-01      3.998753426130E-02
   18.600000      1.046363160603E-01      4.039991321930E-02
   18.700000      1.040627959825E-01      4.012267060657E-02
   18.800000      1.017269496847E-01      3.915288992896E-02
   18.900000      9.805826987366E-02      3.766935613000E-02
   19.000000      9.378667238168E-02      3.597534065065E-02
   19.100000      8.980099506886E-02      3.442117504588E-02
   19.200000      8.697992708592E-02      3.332770234906E-02
   19.300000      8.600124036601E-02      3.292538449364E-02
   19.400000      8.716722925091E-02      3.331561595061E-02
   19.500000      9.030335698532E-02      3.445484444927E-02
   19.600000      9.481564458348E-02      3.616005159201E-02
   19.700000      9.986916561022E-02      3.813467188618E-02
   19.800000      1.045560419010E-01      4.001429758805E-02
   19.900000      1.080321137305E-01      4.142921883470E-02
   20.000000      1.096400583119E-01      4.207562181383E-02
   20.100000      1.090157461719E-01      4.178105814539E-02
   20.200000      1.061592046060E-01      4.054612980408E-02
   20.300000      1.014493688172E-01      3.854662933323E-02
   20.400000      9.558808739305E-02      3.608987589153E-02
   20.500000      8.946820426787E-02      3.353339620984E-02
   20.600000      8.396925356772E-02      3.118807255808E-02
   20.700000      7.969714244015E-02      2.923542298222E-02
   20.800000      7.674283572969E-02      2.768608030341E-02
   20.900000      7.463409588893E-02      2.639407302273E-02
   21.000000      7.257375610808E-02      2.512321202002E-02
   21.100000      6.980118200827E-02      2.364396400079E-02
   21.200000      6.587507577496E-02      2.182803901957E-02
   21.300000      6.082680973947E-02      1.970802382202E-02
   21.400000      5.518506270997E-02      1.748142770572E-02
   21.500000      4.986739559919E-02      1.545844546184E-02
   21.600000      4.593061316741E-02      1.397301045410E-02
   21.700000      4.420491204091E-02      1.328932824693E-02
   21.800000      4.499634229312E-02      1.353621809753E-02
   21.900000      4.808197476200E-02      1.468958883070E-02
   22.000000      5.292192784488E-02      1.660433705237E-02
   22.100000      5.889614243494E-02      1.907845178726E-02
   22.200000      6.548076096568E-02      2.192121688384E-02
   22.300000      7.234256302481E-02      2.499807195989E-02
   22.400000      7.934321705138E-02      2.823626920660E-02
   22.500000      8.645885361178E-02      3.159297073888E-02
   22.600000      9.364096708650E-02      3.500363934161E-02
   22.700000      1.006735610048E-01      3.833699065265E-02
   22.800000      1.071086053255E-01      4.138021203585E-02
   22.900000      1.123330186974E-01      4.386583429856E-02
   23.000000      1.157373717192E-01      4.553453421306E-02
   23.100000      1.169057905826E-01      4.621296293521E-02
   23.200000      1.157605672288E-01      4.587833216011E-02
   23.300000      1.126282346465E-01      4.468477333773E-02
   23.400000      1.082127438170E-01      4.293912270219E-02
   23.500000      1.034709285955E-01      4.103098835535E-02
   23.600000      9.939666613186E-02      3.933744200210E-02
   23.700000      9.674530142635E-02      3.813109085505E-02
   23.800000      9.578711761416E-02      3.751903149972E-02
   23.900000      9.623309036489E-02      3.743010097837E-02
   24.000000      9.739973778350E-02      3.765261993636E-02
   24.100000      9.849653230095E-02      3.790959587632E-02
   24.200000      9.887977402062E-02      3.794790642131E-02
   24.300000      9.821125297239E-02      3.761521079862E-02
   24.400000      9.651639808790E-02      3.690343952751E-02
   24.500000      9.415438332490E-02      3.594840868501E-02
   24.600000      9.172107720458E-02      3.498776350485E-02
   24.700000      8.990526443802E-02      3.429048535656E-02
   24.800000      8.931534808252E-02      3.407802966655E-02
   24.900000      9.029174969414E-02      3.445858436470E-02
   25.000000      9.275134216846E-02      3.539198137906E-02
   25.100000      9.617325562974E-02      3.669452056798E-02
   25.200000      9.976807600665E-02      3.808227609942E-02
   25.300000      1.027221050144E-01      3.924089137693E-02
   25.400000      1.044020041041E-01      3.990227401533E-02
   25.500000      1.044764973990E-01      3.990644659169E-02
   25.600000      1.029508231945E-01      3.923120860529E-02
   25.700000      1.001229009900E-01      3.798219194424E-02
   25.800000      9.647571682604E-02      3.634821768711E-02
   25.900000      9.252811470917E-02      3.453743059742E-02
   26.000000      8.868259487059E-02      3.271493639989E-02
   26.100000      8.511766192460E-02      3.096101725233E-02
   26.200000      8.175711312110E-02      2.926139650634E-02
   26.300000      7.832246951308E-02      2.753039545583E-02
   26.400000      7.445296043427E-02      2.565780113633E-02
   26.500000      6.985592323531E-02      2.356383432257E-02
   26.600000      6.444007447363E-02      2.124530046782E-02
   26.700000      5.839830510493E-02      1.879968688645E-02
   26.800000      5.222870702306E-02      1.642106755665E-02
   26.900000      4.669301964151E-02      1.436976010480E-02
   27.000000      4.270378982829E-02      1.292428332062E-02
   27.100000      4.110818675517E-02      1.232762932471E-02
   27.200000      4.239307985408E-02      1.273981042689E-02
   27.300000      4.651607103737E-02      1.420585347760E-02
   27.400000      5.298274326728E-02      1.664428075869E-02
   27.500000      6.105007791694E-02      1.985695048751E-02
   27.600000      6.989158146155E-02      2.355774021304E-02
   27.700000      7.869797713492E-02      2.741516653581E-02
   27.800000      8.675212981309E-02      3.110245147338E-02
   27.900000      9.350112502513E-02      3.434743066897E-02
   28.000000      9.862308621676E-02      3.697389397067E-02
   28.100000      1.020715296228E-01      3.892579717363E-02
   28.200000      1.040796994820E-01      4.026720073978E-02
   28.300000      1.051118824044E-01      4.115480473468E-02
   28.400000      1.057507081430E-01      4.178674721213E-02
   28.500000      1.065151424400E-01      4.233941386696E-02
   28.600000      1.076599802243E-01      4.291023869342E-02
   28.700000      1.090879111221E-01      4.348541422155E-02
   28.800000      1.104190459729E-01      4.394530311651E-02
   28.900000      1.111408170569E-01      4.410843598917E-02
   29.000000      1.107805550339E-01      4.380139237836E-02
   29.100000      1.090652516545E-01      4.293171569104E-02
   29.200000      1.060319606292E-01      4.153826864687E-02
   29.300000      1.020591367046E-01      3.979949449520E-02
   29.400000      9.780415033521E-02      3.799344472590E-02
   29.500000      9.405101995135E-02      3.642020921026E-02
   29.600000      9.148966152642E-02      3.531192790521E-02
   29.700000      9.046263662315E-02      3.476215824456E-02
   29.800000      9.079802472013E-02      3.470147122013E-02
   29.900000      9.190294119053E-02      3.493042744535E-02
   30.000000      9.304454012449E-02      3.519986049895E-02
   30.100000      9.364353331007E-02      3.530976917131E-02
   30.200000      9.348244948040E-02      3.518962422195E-02
   30.300000      9.277676483739E-02      3.492832223372E-02
   30.400000      9.209769446539E-02      3.473986387231E-02
   30.500000      9.215409176409E-02      3.487479923621E-02
   30.600000      9.348081024104E-02      3.550869717567E-02
   30.700000      9.615255329101E-02      3.664913487040E-02
   30.800000      9.967197512072E-02      3.809761738116E-02
   30.900000      1.031018955752E-01      3.948386233271E-02
   31.000000      1.053682045280E-01      4.036388697969E-02
   31.100000      1.055766580965E-01      4.035002809688E-02
   31.200000      1.032453104582E-01      3.922919907267E-02
   31.300000      9.842182510040E-02      3.702971252018E-02
   31.400000      9.167860544134E-02      3.401509726287E-02
   31.500000      8.398711339511E-02      3.060847077665E-02
   31.600000      7.648159739457E-02      2.727387530582E-02
   31.700000      7.014451997436E-02      2.439365246002E-02
   31.800000      6.550090218858E-02      2.217978691747E-02
   31.900000      6.248633385050E-02      2.064374077261E-02
   32.000000      6.058688320569E-02      1.962913305462E-02
   32.100000      5.912486580037E-02      1.889173652426E-02
   32.200000      5.752426168564E-02      1.819790205689E-02
   32.300000      5.549487014611E-02      1.740944542835E-02
   32.400000      5.311947271507E-02      1.653050593717E-02
   32.500000      5.083504433282E-02      1.570649378735E-02
   32.600000      4.931311268320E-02      1.518111275328E-02
   32.700000      4.927177557909E-02      1.522878417450E-02
   32.800000      5.127539353340E-02      1.608346709389E-02
   32.900000      5.558645612203E-02      1.788141454833E-02
   33.000000      6.210514565770E-02      2.062801151083E-02
   33.100000      7.038513275835E-02      2.419114621396E-02
   33.200000      7.971877920154E-02      2.831796247332E-02
   33.300000      8.926972697692E-02      3.266906049390E-02
   33.400000      9.819817399740E-02      3.686380281067E-02
   33.500000      1.057576665024E-01      4.053120237897E-02
   33.600000      1.113701039181E-01      4.336148367016E-02
   33.700000      1.146867925631E-01      4.515273344535E-02
   33.800000      1.156348930794E-01      4.584525958487E-02
   33.900000      1.144391296710E-01      4.553506578337E-02
   34.000000      1.116055875256E-01      4.445951157688E-02
   34.100000      1.078583176836E-01      4.295382870034E-02
   34.200000      1.040297084191E-01      4.138535732387E-02
   34.300000      1.009159618305E-01      4.007984391885E-02
   34.400000      9.910383196969E-02      3.925751699341E-02
   34.500000      9.879846818889E-02      3.899438803527E-02
   34.600000      9.976463078013E-02      3.921729331062E-02
   34.700000      1.014420455834E-01      3.973225224505E-02
   34.800000      1.031379215907E-01      4.027761422709E-02
   34.900000      1.042047851107E-01      4.058820624645E-02
   35.000000      1.041723755297E-01      4.045524673740E-02
   35.100000      1.028213687656E-01      3.976924392957E-02
   35.200000      1.001984883734E-01      3.853864668148E-02
   35.300000      9.658335322171E-02      3.688386803220E-02
   35.400000      9.242696014123E-02      3.501204930556E-02
   35.500000      8.828828620071E-02      3.318064120424E-02
   35.600000      8.477994397236E-02      3.165723389516E-02
   35.700000      8.250241761224E-02      3.068055496395E-02
   35.800000      8.194255760367E-02      3.042534443698E-02
   35.900000      8.333940643712E-02      3.097322926139E-02
   36.000000      8.657490157985E-02      3.229250619187E-02
   36.100000      9.118833435944E-02      3.423062102800E-02
   36.200000      9.649282430357E-02      3.652288505718E-02
   36.300000      1.016945661974E-01      3.881913671421E-02
   36.400000      1.059884821017E-01      4.072695877517E-02
   36.500000      1.086352480282E-01      4.186651615374E-02
   36.600000      1.090263997605E-01      4.192912089392E-02
   36.700000      1.067497326794E-01      4.073017181286E-02
   36.800000      1.016583773735E-01      3.824751108805E-02
   36.900000      9.393111549343E-02      3.463808707356E-02
   37.000000      8.410961489571E-02      3.022834900435E-02
   37.100000      7.310053553200E-02      2.547667177415E-02
   37.200000      6.212628296261E-02      2.090974567993E-02
   37.300000      5.258699571986E-02      1.703988376791E-02
   37.400000      4.576864777380E-02      1.427623124743E-02
   37.500000      4.245178145555E-02      1.284795830378E-02
   37.600000      4.267586115272E-02      1.275891078673E-02
   37.700000      4.578332367739E-02      1.378891829135E-02
   37.800000      5.065991203703E-02      1.554704708029E-02
   37.900000      5.605617973288E-02      1.756862174392E-02
   38.000000      6.089387212193E-02      1.943431994529E-02
   38.100000      6.449976118765E-02      2.088025165492E-02
   38.200000      6.673761184104E-02      2.186663231740E-02
   38.300000      6.801463239146E-02      2.258170271805E-02
   38.400000      6.915665456392E-02      2.337577685427E-02
   38.500000      7.117138248511E-02      2.464248615657E-02
   38.600000      7.494001275007E-02      2.668260070856E-02
   38.700000      8.088802814023E-02      2.959307201068E-02
   38.800000      8.870069959148E-02      3.321694581638E-02
   38.900000      9.734102500389E-02      3.717068091557E-02
   39.000000      1.054880043658E-01      4.094063740610E-02
   39.100000      1.119675171220E-01      4.401836944203E-02
   39.200000      1.160078217184E-01      4.603230134752E-02
   39.300000      1.173570526469E-01      4.683552807434E-02
   39.400000      1.162798784677E-01      4.652514899813E-02
   39.500000      1.134471315783E-01      4.539215309849E-02
   39.600000      1.097407181328E-01      4.382386132589E-02
   39.700000      1.060146796519E-01      4.219485510400E-02
   39.800000      1.028864241426E-01      4.078218676662E-02
   39.900000      1.006407665670E-01      3.972721364258E-02
   40.000000      9.926863917137E-02      3.904598739666E-02
   40.100000      9.858794534183E-02      3.867186748927E-02
   40.200000      9.837221267038E-02      3.850538200067E-02
   40.300000      9.843003771669E-02      3.844973953089E-02
   40.400000      9.861467681962E-02      3.842252361858E-02
   40.500000      9.878531520698E-02      3.834824747123E-02
   40.600000      9.876578988973E-02      3.814596628316E-02
   40.700000      9.833370220615E-02      3.772733512903E-02
   40.800000      9.725428849135E-02      3.701366147598E-02
   40.900000      9.536239863196E-02      3.596923862984E-02
   41.000000      9.266776885168E-02      3.463774860804E-02
   41.100000      8.943505106583E-02      3.316354323074E-02
   41.200000      8.619483105443E-02      3.178267960798E-02
   41.300000      8.366308279798E-02      3.077892011788E-02
   41.400000      8.256907226404E-02      3.041353086349E-02
   41.500000      8.342143543931E-02      3.084897906349E-02
   41.600000      8.629763482467E-02      3.209067903700E-02
   41.700000      9.076599276903E-02      3.396593793777E-02
   41.800000      9.598662852178E-02      3.614724422726E-02
   41.900000      1.009354473855E-01      3.821292943385E-02
   42.000000      1.046276775794E-01      3.972751485870E-02
   42.100000      1.062726822789E-01      4.032042433196E-02
   42.200000      1.053562648063E-01      3.974566858549E-02
   42.300000      1.016660462428E-01      3.791392588156E-02
   42.400000      9.527978646769E-02      3.489783238657E-02
   42.500000      8.653984442235E-02      3.091733789634E-02
   42.600000      7.603522442135E-02      2.631289865486E-02
   42.700000      6.459871763207E-02      2.151106812178E-02
   42.800000      5.330317440742E-02      1.698277522553E-02
   42.900000      4.341721560012E-02      1.319265452299E-02
   43.000000      3.625529399672E-02      1.054006729935E-02
   43.100000      3.287463470978E-02      9.298165489422E-03
   43.200000      3.373057804559E-02      9.563478264089E-03
   43.300000      3.850636541991E-02      1.123132299414E-02
   43.400000      4.619710363248E-02      1.400934400227E-02
   43.500000      5.541064725778E-02      1.747262022809E-02
   43.600000      6.475664717887E-02      2.115156799782E-02
   43.700000      7.314828751850E-02      2.463239812495E-02
   43.800000      7.995693141692E-02      2.764340380681E-02
   43.900000      8.505471718902E-02      3.010182820788E-02
   44.000000      8.876329149391E-02      3.210610869001E-02
   44.100000      9.171614314439E-02      3.387458355422E-02
   44.200000      9.464723774666E-02      3.564921816883E-02
   44.300000      9.812345025230E-02      3.759524371392E-02
   44.400000      1.022844998932E-01      3.972975823123E-02
   44.500000      1.067589969495E-01      4.190300616786E-02
   44.600000      1.108277561364E-01      4.383851236566E-02
   44.700000      1.136965078020E-01      4.521892486857E-02
   44.800000      1.147528992387E-01      4.578997474305E-02
   44.900000      1.137500203095E-01      4.544966635820E-02
   45.000000      1.108929576221E-01      4.429453815274E-02
   45.100000      1.068206888843E-01      4.260760429587E-02
   45.200000      1.024810975728E-01      4.078974441299E-02
   45.300000      9.890290582617E-02      3.925337592311E-02
   45.400000      9.689844726283E-02      3.830945819892E-02
   45.500000      9.678759418368E-02      3.808208830642E-02
   45.600000      9.827467086166E-02      3.847723239255E-02
   45.700000      1.005706720237E-01      3.921533111940E-02
   45.800000      1.026871119297E-01      3.991723090780E-02
   45.900000      1.037375757254E-01      4.021639148548E-02
   46.000000      1.031581546606E-01      3.986328942936E-02
   46.100000      1.008245717929E-01      3.879208770883E-02
   46.200000      9.706302954441E-02      3.713253987442E-02
   46.300000      9.255994772600E-02      3.516692960700E-02
   46.400000      8.818225449634E-02      3.324755141357E-02
   46.500000      8.474228080804E-02      3.170075793978E-02
   46.600000      8.278855125865E-02      3.074629839688E-02
   46.700000      8.249366473062E-02      3.045472469997E-02
   46.800000      8.365205047057E-02      3.075259624006E-02
   46.900000      8.578216086055E-02      3.146908336727E-02
   47.000000      8.831105056474E-02      3.240380589510E-02
   47.100000      9.076923067824E-02      3.338929803744E-02
   47.200000      9.290378786280E-02      3.432484774325E-02
   47.300000      9.467332256823E-02      3.517054603507E-02
   47.400000      9.614714581898E-02      3.590683625086E-02
   47.500000      9.735057788103E-02      3.647952115228E-02
   47.600000      9.810691390079E-02      3.675735203114E-02
   47.700000      9.795817244442E-02      3.652588193602E-02
   47.800000      9.624909600759E-02      3.552802831505E-02
   47.900000      9.234218062078E-02      3.354337566774E-02
   48.000000      8.585111334945E-02      3.048149333948E-02
   48.100000      7.682267260352E-02      2.645600400837E-02
   48.200000      6.583772995609E-02      2.180957856764E-02
   48.300000      5.401485753485E-02      1.707481506848E-02
   48.400000      4.290776841074E-02      1.287701508072E-02
   48.500000      3.428751137663E-02      9.804494093277E-03
   48.600000      2.978055173265E-02      8.283022166923E-03
   48.700000      3.034077305148E-02      8.489576937635E-03
   48.800000      3.574675438912E-02      1.032793927362E-02
   48.900000      4.462068858332E-02      1.346972208540E-02
   49.000000      5.518020988854E-02      1.744555475448E-02
   49.100000      6.591511764346E-02      2.175794387886E-02
   49.200000      7.579479020216E-02      2.598338210813E-02
   49.300000      8.428345900898E-02      2.983746752488E-02
   49.400000      9.126506188577E-02      3.319085716638E-02
   49.500000      9.690859165255E-02      3.604068866234E-02
   49.600000      1.015098098547E-01      3.845541372293E-02
   49.700000      1.053497663994E-01      4.051613963774E-02
   49.800000      1.085987460506E-01      4.227366369984E-02
   49.900000      1.112774208967E-01      4.373043020381E-02
   50.000000      1.132789128021E-01      4.484574164568E-02
   50.100000      1.144364975160E-01      4.555530265751E-02
   50.200000      1.145982244692E-01      4.579472674973E-02
   50.300000      1.136786592370E-01      4.552014630643E-02
   50.400000      1.116831066375E-01      4.472438033847E-02
   50.500000      1.087145119859E-01      4.345044781671E-02
   50.600000      1.049787827066E-01      4.180329986164E-02
   50.700000      1.008065182643E-01      3.995627956695E-02
   50.800000      9.668142949301E-02      3.814458377947E-02
   50.900000      9.322697199689E-02      3.663795242857E-02
   51.000000      9.111031458632E-02      3.569064168407E-02
   51.100000      9.085139921488E-02      3.547652824109E-02
   51.200000      9.258246618019E-02      3.602657934775E-02
   51.300000      9.590449957708E-02      3.719052068243E-02
   51.400000      9.994922314054E-02      3.864177011781E-02
   51.500000      1.035886106588E-01      3.993438877262E-02
   51.600000      1.057054940185E-01      4.060509842409E-02
   51.700000      1.054542157642E-01      4.029678706349E-02
   51.800000      1.024637722235E-01      3.886842983696E-02
   51.900000      9.695599162876E-02      3.645554715538E-02
   52.000000      8.975862994799E-02      3.345736998758E-02
   52.100000      8.220153408731E-02      3.044874763029E-02
   52.200000      7.589378858903E-02      2.803900669439E-02
   52.300000      7.237672869627E-02      2.671756537294E-02
   52.400000      7.263202306956E-02      2.673069635302E-02
   52.500000      7.653480445004E-02      2.802397940067E-02
   52.600000      8.282482343938E-02      3.026435908290E-02
   52.700000      8.985736369257E-02      3.293131627277E-02
   52.800000      9.614946455648E-02      3.544643249717E-02
   52.900000      1.005929799974E-01      3.730122178175E-02
   53.000000      1.025394342694E-01      3.814766990820E-02
   53.100000      1.017881809858E-01      3.783251015006E-02
   53.200000      9.849509614218E-02      3.637807375463E-02
   53.300000      9.303264680624E-02      3.393058007732E-02
   53.400000      8.584692722993E-02      3.070386425952E-02
   53.500000      7.737404874957E-02      2.694092859663E-02
   53.600000      6.804955885740E-02      2.290143666770E-02
   53.700000      5.838348339657E-02      1.886791878699E-02
   53.800000      4.905357007946E-02      1.515402417249E-02
   53.900000      4.095510343488E-02      1.209792096265E-02
   54.000000      3.515386874573E-02      1.003179449868E-02
   54.100000      3.270924337621E-02      9.230258276545E-03
   54.200000      3.433522498239E-02      9.851435304925E-03
   54.300000      4.000251318311E-02      1.189032416617E-02
   54.400000      4.885829140369E-02      1.516252191134E-02
   54.500000      5.959607198275E-02      1.932773258856E-02
   54.600000      7.087389691708E-02      2.394980651867E-02
   54.700000      8.154584350568E-02      2.857814998061E-02
   54.800000      9.078747141445E-02      3.282872277184E-02
   54.900000      9.815499854655E-02      3.644365796324E-02
   55.000000      1.035794954348E-01      3.931587649284E-02
   55.100000      1.073034442536E-01      4.147582109913E-02
   55.200000      1.097726921984E-01      4.304792619693E-02
   55.300000      1.114910316598E-01      4.419171958416E-02
   55.400000      1.128424596245E-01      4.504487337148E-02
   55.500000      1.139720819436E-01      4.568293895400E-02
   55.600000      1.147991222260E-01      4.610425760797E-02
   55.700000      1.150950312611E-01      4.624101977471E-02
   55.800000      1.145781173387E-01      4.599105041154E-02
   55.900000      1.130069525097E-01      4.526095041183E-02
   56.000000      1.102651863998E-01      4.400968599297E-02
   56.100000      1.064277074105E-01      4.228190981354E-02
   56.200000      1.017911170779E-01      4.022189145991E-02
   56.300000      9.685992990760E-02      3.806224236245E-02
   56.400000      9.228820205036E-02      3.608695414122E-02
   56.500000      8.877429863851E-02      3.457503893338E-02
   56.600000      8.691529263145E-02      3.373744574263E-02
   56.700000      8.704358705719E-02      3.366348441208E-02
   56.800000      8.907091519533E-02      3.429187136544E-02
   56.900000      9.242513317195E-02      3.541557295576E-02
   57.000000      9.621613909405E-02      3.672068707054E-02
   57.100000      9.951746171644E-02      3.785067002322E-02
   57.200000      1.015586417171E-01      3.848106936826E-02
   57.300000      1.018284998469E-01      3.838800983999E-02
   57.400000      1.001317311309E-01      3.749584335173E-02
   57.500000      9.661103467800E-02      3.589441164329E-02
   57.600000      9.173390273225E-02      3.382282047164E-02
   57.700000      8.624309393885E-02      3.162321080788E-02
   57.800000      8.107347401546E-02      2.967364342877E-02
   57.900000      7.723521417398E-02      2.831292400337E-02
   58.000000      7.560864428326E-02      2.777137537080E-02
   58.100000      7.656858461394E-02      2.812027817456E-02
   58.200000      7.973259120504E-02      2.924961447509E-02
   58.300000      8.419076380843E-02      3.087954453098E-02
   58.400000      8.883421383430E-02      3.260591832874E-02
   58.500000      9.256288405858E-02      3.397397293367E-02
   58.600000      9.444668469485E-02      3.456763481690E-02
   58.700000      9.385388960624E-02      3.409616173679E-02
   58.800000      9.053721053552E-02      3.245772306335E-02
   58.900000      8.466787453227E-02      2.976302144792E-02
   59.000000      7.681042087892E-02      2.631144066690E-02
   59.100000      6.783527533471E-02      2.252521408570E-02
   59.200000      5.877781381343E-02      1.885960886384E-02
   59.300000      5.067188823546E-02      1.571463240932E-02
   59.400000      4.439968746671E-02      1.337320716287E-02
   59.500000      4.057873387275E-02      1.198167347138E-02
   59.600000      3.947369110383E-02      1.157342150492E-02
   59.700000      4.099966704746E-02      1.212047550452E-02
   59.800000      4.489191276956E-02      1.358709644792E-02
   59.900000      5.088472255483E-02      1.595888882821E-02
   60.000000      5.877380278874E-02      1.923178323469E-02
   60.100000      6.835943951480E-02      2.336390939975E-02
   60.200000      7.929102649067E-02      2.821210334887E-02
   60.300000      9.090958207981E-02      3.348525338820E-02
   60.400000      1.022204472349E-01      3.874370819245E-02
   60.500000      1.120694834834E-01      4.345794975934E-02
   60.600000      1.194123202761E-01      4.711653542865E-02
   60.700000      1.235511558669E-01      4.935193743115E-02
   60.800000      1.242997316546E-01      5.004205716331E-02
   60.900000      1.220487386772E-01      4.934988136847E-02
   61.000000      1.177108333661E-01      4.768311435697E-02
   61.100000      1.125375252837E-01      4.558288451852E-02
   61.200000      1.078210662015E-01      4.357554965580E-02
   61.300000      1.045267083184E-01      4.203469486961E-02
   61.400000      1.029592645423E-01      4.109682378060E-02
   61.500000      1.027118502395E-01      4.065565761862E-02
   61.600000      1.029503209830E-01      4.043332705805E-02
   61.700000      1.027799231035E-01      4.010132805838E-02
   61.800000      1.015536586175E-01      3.940841487651E-02
   61.900000      9.906319839627E-02      3.827188940264E-02
   62.000000      9.559149459858E-02      3.680324037757E-02
   62.100000      9.182701345742E-02      3.526340615044E-02
   62.200000      8.865664985231E-02      3.396775845302E-02
   62.300000      8.687458540026E-02      3.317683124388E-02
   62.400000      8.687045443549E-02      3.301059117897E-02
   62.500000      8.845665848725E-02      3.341258770265E-02
   62.600000      9.098404675267E-02      3.417144465608E-02
   62.700000      9.360882333467E-02      3.498823969088E-02
   62.800000      9.554901062606E-02      3.556530614579E-02
   62.900000      9.626581811734E-02      3.568798993226E-02
   63.000000      9.555142433546E-02      3.527601195339E-02
   63.100000      9.353230800964E-02      3.439279641749E-02
   63.200000      9.060902452562E-02      3.321503094817E-02
   63.300000      8.735686701280E-02      3.197598630372E-02
   63.400000      8.440661396931E-02      3.090130792175E-02
   63.500000      8.230778561240E-02      3.015445634207E-02
   63.600000      8.137003495694E-02      2.980286041522E-02
   63.700000      8.153043834525E-02      2.980855993127E-02
   63.800000      8.238066372651E-02      3.004130760595E-02
   63.900000      8.336095783578E-02      3.030861803758E-02
   64.000000      8.393482723557E-02      3.039558868505E-02
   64.100000      8.367329262708E-02      3.010681359695E-02
   64.200000      8.228046820578E-02      2.930320438384E-02
   64.300000      7.959890263872E-02      2.792807836857E-02
   64.400000      7.562692297760E-02      2.601918862196E-02
   64.500000      7.054562330653E-02      2.370582004006E-02
   64.600000      6.472906867263E-02      2.119216805631E-02
   64.700000      5.872549426297E-02      1.872993846375E-02
   64.800000      5.321032789911E-02      1.658465736280E-02
   64.900000      4.891319570568E-02      1.500140801218E-02
   65.000000      4.651396645346E-02      1.417594795882E-02
   65.100000      4.649734312891E-02      1.423575676004E-02
   65.200000      4.900784695580E-02      1.523266243280E-02
   65.300000      5.383269839119E-02      1.714542150433E-02
   65.400000      6.053120080907E-02      1.988844099030E-02
   65.500000      6.857284670483E-02      2.332256608701E-02
   65.600000      7.741506558643E-02      2.726530110224E-02
   65.700000      8.653470089833E-02      3.150005322369E-02
   65.800000      9.543696039129E-02      3.578595180436E-02
   65.900000      1.036623423722E-01      3.987070684449E-02
   66.000000      1.108015697255E-01      4.350837263894E-02
   66.100000      1.165153039364E-01      4.648180979194E-02
   66.200000      1.205558980385E-01      4.862684196187E-02
   66.300000      1.227910582636E-01      4.985292948177E-02
   66.400000      1.232243840610E-01      5.015486856306E-02
   66.500000      1.220030890095E-01      4.961187669977E-02
   66.600000      1.194040714321E-01      4.837362068170E-02
   66.700000      1.157971630254E-01      4.663595383846E-02
   66.800000      1.115937859829E-01      4.461134033581E-02
   66.900000      1.071933427015E-01      4.249979917097E-02
   67.000000      1.029381927030E-01      4.046578047750E-02
   67.100000      9.908140155397E-02      3.862489586310E-02
   67.200000      9.577001395817E-02      3.704212900872E-02
   67.300000      9.305395981064E-02      3.574047773973E-02
   67.400000      9.092451140492E-02      3.471649430510E-02
   67.500000      8.936370935737E-02      3.395746775978E-02
   67.600000      8.838094938714E-02      3.345449936112E-02
   67.700000      8.802427912417E-02      3.320677723261E-02
   67.800000      8.834843588178E-02      3.321499485206E-02
   67.900000      8.933297802035E-02      3.346562536438E-02
   68.000000      9.083408914066E-02      3.391167741403E-02
   68.100000      9.258784713243E-02      3.445834390471E-02
   68.200000      9.421944382157E-02      3.496239177090E-02
   68.300000      9.528682660165E-02      3.525136266442E-02
   68.400000      9.537330898884E-02      3.516254846623E-02
   68.500000      9.420566427049E-02      3.459349739578E-02
   68.600000      9.176155341003E-02      3.354835483271E-02
   68.700000      8.833356462465E-02      3.216134837190E-02
   68.800000      8.452349726999E-02      3.068281091772E-02
   68.900000      8.114752233294E-02      2.942401059380E-02
   69.000000      7.904280236406E-02      2.867126581971E-02
   69.100000      7.879086968681E-02      2.859230412848E-02
   69.200000      8.042356974232E-02      2.916406335256E-02
   69.300000      8.328192776885E-02      3.014856272161E-02
   69.400000      8.619579063074E-02      3.113184783773E-02
   69.500000      8.786428718661E-02      3.162258758587E-02
   69.600000      8.721316943794E-02      3.118667023543E-02
   69.700000      8.364898339096E-02      2.957923282007E-02
   69.800000      7.720522441233E-02      2.683265492410E-02
   69.900000      6.857814914852E-02      2.327078603537E-02
   70.000000      5.904647079376E-02      1.944254350594E-02
   70.100000      5.025925919442E-02      1.599364668952E-02
   70.200000      4.386349602522E-02      1.351426776232E-02
   70.300000      4.105408785833E-02      1.240642749531E-02
   70.400000      4.228856955924E-02      1.280688762739E-02
   70.500000      4.720613643141E-02      1.458280299451E-02
   70.600000      5.471323366876E-02      1.739501995678E-02
   70.700000      6.340373826476E-02      2.080462479581E-02
   70.800000      7.204258784390E-02      2.438779734137E-02
   70.900000      7.981968314827E-02      2.782514554633E-02
   71.000000      8.639053878508E-02      3.094366214130E-02
   71.100000      9.178875149333E-02      3.370757432996E-02
   71.200000      9.627683673029E-02      3.617168946787E-02
   71.300000      1.001872419974E-01      3.842100405890E-02
   71.400000      1.037938837096E-01      4.052026002625E-02
   71.500000      1.072361618603E-01      4.248811145137E-02
   71.600000      1.105092039234E-01      4.429741629389E-02
   71.700000      1.135153955548E-01      4.589193091072E-02
   71.800000      1.161242510056E-01      4.720503740474E-02
   71.900000      1.181930912089E-01      4.816946770770E-02
   72.000000      1.195556202629E-01      4.871587644483E-02
   72.100000      1.200076328086E-01      4.876744777877E-02
   72.200000      1.193132785719E-01      4.824218698793E-02
   72.300000      1.172492911810E-01      4.707139290614E-02
   72.400000      1.136851012484E-01      4.523344175691E-02
   72.500000      1.086737767762E-01      4.279140295277E-02
   72.600000      1.025178930578E-01      3.991702087956E-02
   72.700000      9.578114801064E-02      3.688578137085E-02
   72.800000      8.923459216198E-02      3.403751969971E-02
   72.900000      8.374039991924E-02      3.171008361307E-02
   73.000000      8.008132945720E-02      3.016442979435E-02
   73.100000      7.875522769425E-02      2.952394988196E-02
   73.200000      7.978618910284E-02      2.974721430805E-02
   73.300000      8.261913217110E-02      3.064291427127E-02
   73.400000      8.634758424146E-02      3.192203246442E-02
   73.500000      9.008647988078E-02      3.326999788213E-02
   73.600000      9.315867145873E-02      3.441555684855E-02
   73.700000      9.516618543721E-02      3.517604227666E-02
   73.800000      9.597838442978E-02      3.546955420984E-02
   73.900000      9.566066782212E-02      3.529835986996E-02
   74.000000      9.437965849291E-02      3.471815198954E-02
   74.100000      9.232673047282E-02      3.381014469644E-02
   74.200000      8.968604869909E-02      3.266703674467E-02
   74.300000      8.665275100026E-02      3.139339472726E-02
   74.400000      8.348683457558E-02      3.011155508380E-02
   74.500000      8.054958625281E-02      2.896024210195E-02
   74.600000      7.826936091432E-02      2.807638467412E-02
   74.700000      7.701493500816E-02      2.755947685203E-02
   74.800000      7.691080865424E-02      2.742833866306E-02
   74.900000      7.770885911262E-02      2.758766599747E-02
   75.000000      7.880679668018E-02      2.782269807539E-02
   75.100000      7.939083221556E-02      2.783343040792E-02
   75.200000      7.864055567499E-02      2.730681593700E-02
   75.300000      7.594511279803E-02      2.601073285268E-02
   75.400000      7.108780996176E-02      2.388276026801E-02
   75.500000      6.436502623857E-02      2.108459435181E-02
   75.600000      5.661370246461E-02      1.800080982898E-02
   75.700000      4.913181053396E-02      1.517630910882E-02
   75.800000      4.349719162185E-02      1.320493346394E-02
   75.900000      4.128854677571E-02      1.259632396021E-02
   76.000000      4.364267437027E-02      1.365482620289E-02
   76.100000      5.066039123385E-02      1.640159658593E-02
   76.200000      6.124318239293E-02      2.056040721072E-02
   76.300000      7.362606204196E-02      2.561192688582E-02
   76.400000      8.598979302590E-02      3.090415370545E-02
   76.500000      9.682292362665E-02      3.579220216815E-02
   76.600000      1.051141850174E-01      3.977269545848E-02
   76.700000      1.104388643807E-01      4.257921179150E-02
   76.800000      1.129552061586E-01      4.421562045235E-02
   76.900000      1.133160184479E-01      4.492081689901E-02
   77.000000      1.124978450043E-01      4.507656426958E-02
   77.100000      1.115501894678E-01      4.508495218667E-02
   77.200000      1.113006589024E-01      4.524962948459E-02
   77.300000      1.121091659030E-01      4.569349954841E-02
   77.400000      1.137592788862E-01      4.633513633120E-02
   77.500000      1.155640739517E-01      4.692919194001E-02
   77.600000      1.166512769976E-01      4.715701932236E-02
   77.700000      1.162745950084E-01      4.673836311014E-02
   77.800000      1.140369041873E-01      4.552852717878E-02
   77.900000      1.099940150676E-01      4.357052366165E-02
   78.000000      1.046410291399E-01      4.108690007322E-02
   78.100000      9.879190247547E-02      3.841603053818E-02
   78.200000      9.336632757226E-02      3.591569471046E-02
   78.300000      8.910175020041E-02      3.386668282966E-02
   78.400000      8.630699057440E-02      3.240779917732E-02
   78.500000      8.485972881786E-02      3.152160339992E-02
   78.600000      8.436900108423E-02      3.107169709162E-02
   78.700000      8.436247058912E-02      3.087393856181E-02
   78.800000      8.446249889331E-02      3.077261676667E-02
   78.900000      8.450072631703E-02      3.069282332896E-02
   79.000000      8.453272656789E-02      3.065169761060E-02
   79.100000      8.476236281256E-02      3.072862127041E-02
   79.200000      8.541763769614E-02      3.101023261740E-02
   79.300000      8.662472344136E-02      3.153420909896E-02
   79.400000      8.831860730612E-02      3.225400510443E-02
   79.500000      9.021549566146E-02      3.303706211307E-02
   79.600000      9.186231779361E-02      3.369576688705E-02
   79.700000      9.276986725274E-02      3.403851930307E-02
   79.800000      9.256986321928E-02      3.392180283307E-02
   79.900000      9.111251566948E-02      3.328533212998E-02
   80.000000      8.848417150323E-02      3.216043366533E-02
   80.100000      8.495948231723E-02      3.065296715654E-02
   80.200000      8.091197387353E-02      2.891105496171E-02
   80.300000      7.671814249628E-02      2.709083028454E-02
   80.400000      7.269494578055E-02      2.533010678252E-02
   80.500000      6.908418823079E-02      2.373343554976E-02
   80.600000      6.605636125512E-02      2.236657909610E-02
   80.700000      6.370012800229E-02      2.125654716643E-02
   80.800000      6.199862646054E-02      2.039492276389E-02
   80.900000      6.082753288604E-02      1.974523141493E-02
   81.000000      6.000163658146E-02      1.925704167680E-02
   81.100000      5.935229229260E-02      1.888853370456E-02
   81.200000      5.881319750467E-02      1.863515859976E-02
   81.300000      5.849484084128E-02      1.855632638777E-02
   81.400000      5.871347704384E-02      1.878790571467E-02
   81.500000      5.994623568008E-02      1.952893529578E-02
   81.600000      6.272139588738E-02      2.099776579646E-02
   81.700000      6.747488400657E-02      2.336418560728E-02
   81.800000      7.438753733773E-02      2.667555703827E-02
   81.900000      8.323091129596E-02      3.080155576805E-02
   82.000000      9.327781827058E-02      3.542039494713E-02
   82.100000      1.033781550447E-01      4.005907555778E-02
   82.200000      1.122515860378E-01      4.418392243343E-02
   82.300000      1.188196612280E-01      4.732034140003E-02
   82.400000      1.224356738231E-01      4.916824699883E-02
   82.500000      1.230059682701E-01      4.967713918782E-02
   82.600000      1.210033664202E-01      4.905475461879E-02
   82.700000      1.173672482800E-01      4.770350232489E-02
   82.800000      1.132895104041E-01      4.610282371589E-02
   82.900000      1.098961922325E-01      4.467413310696E-02
   83.000000      1.078817500238E-01      4.367067372023E-02
   83.100000      1.072725135354E-01      4.312530757478E-02
   83.200000      1.075067566029E-01      4.286897956744E-02
   83.300000      1.077425702325E-01      4.260929358261E-02
   83.400000      1.071790808966E-01      4.204042821948E-02
   83.500000      1.052879393583E-01      4.094791203286E-02
   83.600000      1.019313193570E-01      3.927614079858E-02
   83.700000      9.737238974637E-02      3.714082263897E-02
   83.800000      9.219448363855E-02      3.478773478822E-02
   83.900000      8.714915210543E-02      3.251664318806E-02
   84.000000      8.295880227081E-02      3.059884769691E-02
   84.100000      8.011814409216E-02      2.921540486211E-02
   84.200000      7.877427437400E-02      2.843202454682E-02
   84.300000      7.876008248533E-02      2.821126719696E-02
   84.400000      7.973519187353E-02      2.844956219811E-02
   84.500000      8.133310719283E-02      2.902040121352E-02
   84.600000      8.325616429807E-02      2.980690395435E-02
   84.700000      8.530267311075E-02      3.071460947754E-02
   84.800000      8.733925136201E-02      3.166497943167E-02
   84.900000      8.924576438884E-02      3.257800694639E-02
   85.000000      9.086369176121E-02      3.335607338253E-02
   85.100000      9.197009137714E-02      3.387998562820E-02
   85.200000      9.229192213491E-02      3.402265437593E-02
   85.300000      9.156781792517E-02      3.367804652434E-02
   85.400000      8.964062418420E-02      3.279564603696E-02
   85.500000      8.653944856052E-02      3.140669559538E-02
   85.600000      8.251481994250E-02      2.963002692211E-02
   85.700000      7.800922701531E-02      2.765216712510E-02
   85.800000      7.356076446609E-02      2.568592141649E-02
   85.900000      6.965722226123E-02      2.391974328313E-02
   86.000000      6.659143030510E-02      2.247371387099E-02
   86.100000      6.438949006669E-02      2.137601715222E-02
   86.200000      6.284186968603E-02      2.056774261141E-02
   86.300000      6.161124268782E-02      1.993581480123E-02
   86.400000      6.037784814230E-02      1.936572384069E-02
   86.500000      5.898399721906E-02      1.879914563770E-02
   86.600000      5.754077150460E-02      1.827831905139E-02
   86.700000      5.646387799506E-02      1.796092769640E-02
   86.800000      5.641181774215E-02      1.809669933973E-02
   86.900000      5.811456288513E-02      1.896823925236E-02
   87.000000      6.213191250948E-02      2.081013415267E-02
   87.100000      6.865048281859E-02      2.372820058858E-02
   87.200000      7.738770569524E-02      2.764237326466E-02
   87.300000      8.757941687853E-02      3.227163068392E-02
   87.400000      9.810344678552E-02      3.716879816333E-02
   87.500000      1.077453111809E-01      4.179964453072E-02
   87.600000      1.154482416844E-01      4.564802337198E-02
   87.700000      1.204879526435E-01      4.832087955729E-02
   87.800000      1.225736461434E-01      4.962662270355E-02
   87.900000      1.218752024363E-01      4.960788921122E-02
   88.000000      1.189787628632E-01      4.852231844143E-02
   88.100000      1.147779937666E-01      4.677827552480E-02
   88.200000      1.103140100109E-01      4.484253867530E-02
   88.300000      1.065811752514E-01      4.314173640164E-02
   88.400000      1.043159657326E-01      4.197859988148E-02
   88.500000      1.038047728043E-01      4.147898995681E-02
   88.600000      1.048073866008E-01      4.157789665531E-02
   88.700000      1.066654422469E-01      4.204417854485E-02
   88.800000      1.085088137612E-01      4.253663028157E-02
   88.900000      1.094525872235E-01      4.267940226174E-02
   89.000000      1.087543390213E-01      4.214314716321E-02
   89.100000      1.059348635992E-01      4.071871362790E-02
   89.200000      1.008695275196E-01      3.837149107716E-02
   89.300000      9.385141110454E-02      3.526604743178E-02
   89.400000      8.561692941350E-02      3.175321128083E-02
   89.500000      7.731238046843E-02      2.831667709840E-02
   89.600000      7.035803165646E-02      2.548422085738E-02
   89.700000      6.615184338416E-02      2.371837109596E-02
   89.800000      6.562672956578E-02      2.330973384448E-02
   89.900000      6.884152131743E-02      2.429962002768E-02
   90.000000      7.492104916692E-02      2.645494688432E-02
   90.100000      8.241863587896E-02      2.930742216727E-02
   90.200000      8.974714333531E-02      3.225272168632E-02
   90.300000      9.550801409058E-02      3.468766791397E-02
   90.400000      9.873090050872E-02      3.614982304917E-02
   90.500000      9.901575665580E-02      3.642006319596E-02
   90.600000      9.656408133519E-02      3.555774879335E-02
   90.700000      9.209770229020E-02      3.385837092281E-02
   90.800000      8.667649407700E-02      3.174836635628E-02
   90.900000      8.143719871971E-02      2.965204136089E-02
   91.000000      7.727982258495E-02      2.787361355766E-02
   91.100000      7.456144404586E-02      2.653042792467E-02
   91.200000      7.300181229070E-02      2.555434761262E-02
   91.300000      7.193417848056E-02      2.475437274990E-02
   91.400000      7.065843139975E-02      2.391329777244E-02
   91.500000      6.870176458927E-02      2.288163563544E-02
   91.600000      6.595676257531E-02      2.163612260185E-02
   91.700000      6.269221592295E-02      2.028587493843E-02
   91.800000      5.945083068263E-02      1.903033276709E-02
   91.900000      5.686886861496E-02      1.809111046747E-02
   92.000000      5.547973586322E-02      1.764771873093E-02
   92.100000      5.558828723112E-02      1.780206543236E-02
   92.200000      5.725902529294E-02      1.858139014671E-02
   92.300000      6.038762609626E-02      1.997081339257E-02
   92.400000      6.482537332844E-02      2.195317869136E-02
   92.500000      7.048750210469E-02      2.453121945439E-02
   92.600000      7.736129043997E-02      2.771636219091E-02
   92.700000      8.539862017189E-02      3.148550909162E-02
   92.800000      9.435407123730E-02      3.572436249855E-02
   92.900000      1.036820892763E-01      4.018558094892E-02
   93.000000      1.125551177941E-01      4.448772545049E-02
   93.100000      1.199960233325E-01      4.816697861011E-02
   93.200000      1.250871267049E-01      5.077325216012E-02
   93.300000      1.271886170768E-01      5.198359982936E-02
   93.400000      1.261040904551E-01      5.169645500509E-02
   93.500000      1.221593287124E-01      5.007412117904E-02
   93.600000      1.161805437399E-01      4.751683672081E-02
   93.700000      1.093697530927E-01      4.457362615974E-02
   93.800000      1.030886457260E-01      4.181498035599E-02
   93.900000      9.856187637878E-02      3.970330410217E-02
   94.000000      9.651837339171E-02      3.849591584233E-02
   94.100000      9.691506882027E-02      3.820369003395E-02
   94.200000      9.901014296138E-02      3.861116651117E-02
   94.300000      1.017200208976E-01      3.934713470978E-02
   94.400000      1.039544002771E-01      3.998317722583E-02
   94.500000      1.048391734327E-01      4.013388177982E-02
   94.600000      1.038407384629E-01      3.953621576488E-02
   94.700000      1.008088170729E-01      3.809448179424E-02
   94.800000      9.595704222690E-02      3.588768959722E-02
   94.900000      8.979694045927E-02      3.314466730077E-02
   95.000000      8.304292650663E-02      3.019688746430E-02
   95.100000      7.652509944390E-02      2.741985291036E-02
   95.200000      7.111920071327E-02      2.517242666742E-02
   95.300000      6.765636705972E-02      2.374147861530E-02
   95.400000      6.675414569233E-02      2.329783305452E-02
   95.500000      6.854038740353E-02      2.386887390694E-02
   95.600000      7.254746425166E-02      2.533249939237E-02
   95.700000      7.794878074187E-02      2.743522191517E-02
   95.800000      8.380899003636E-02      2.983331555224E-02
   95.900000      8.924437661900E-02      3.215046040301E-02
   96.000000      9.353070449862E-02      3.404017395843E-02
   96.100000      9.616647345353E-02      3.523899520413E-02
   96.200000      9.689339651236E-02      3.559865716607E-02
   96.300000      9.568036638307E-02      3.509200404863E-02
   96.400000      9.268575997450E-02      3.379557839627E-02
   96.500000      8.821608050158E-02      3.185810501585E-02
   96.600000      8.268121881914E-02      2.946613933849E-02
   96.700000      7.654073384241E-02      2.681593510629E-02
   96.800000      7.024677004519E-02      2.409608889059E-02
   96.900000      6.420148940821E-02      2.148102098555E-02
   97.000000      5.874411260515E-02      1.913211858804E-02
   97.100000      5.417470129960E-02      1.720161815547E-02
   97.200000      5.079710514057E-02      1.583400515517E-02
   97.300000      4.894176906788E-02      1.516097821824E-02
   97.400000      4.895358524787E-02      1.528873491550E-02
   97.500000      5.112938933762E-02      1.627965743533E-02
   97.600000      5.556664429323E-02      1.813315759027E-02
   97.700000      6.199753711909E-02      2.077164265329E-02
   97.800000      6.984306341736E-02      2.403726468450E-02
   97.900000      7.838870788139E-02      2.770360448622E-02
   98.000000      8.691165326950E-02      3.150361201333E-02
   98.100000      9.477919423454E-02      3.517067283824E-02
   98.200000      1.015293091599E-01      3.848418920585E-02
   98.300000      1.069253605258E-01      4.130674595760E-02
   98.400000      1.109730731098E-01      4.359969164949E-02
   98.500000      1.138897134903E-01      4.540941231641E-02
   98.600000      1.160167891603E-01      4.682650673384E-02
   98.700000      1.176772993020E-01      4.793075467164E-02
   98.800000      1.190158578199E-01      4.874174254570E-02
   98.900000      1.198972106655E-01      4.919511052491E-02
   99.000000      1.199470748616E-01      4.915692347980E-02
   99.100000      1.187205230678E-01      4.847559177312E-02
   99.200000      1.159033558948E-01      4.705615173178E-02
   99.300000      1.114822980323E-01      4.493075674727E-02
   99.400000      1.058414232952E-01      4.229665111726E-02
   99.500000      9.974782885951E-02      3.950099365167E-02
   99.600000      9.420907429154E-02      3.696905967325E-02
   99.700000      9.022412039467E-02      3.509304743895E-02
   99.800000      8.848455658549E-02      3.411527927840E-02
   99.900000      8.908919700192E-02      3.404522070158E-02
  100.000000      9.141191122582E-02      3.464142079138E-02
