# M=24, N=12, V0=0.0, V=0.25, PBC
#  time (tJ)                 S₁(n=2)                 S₂(n=2)
    0.000000     -8.881784197001E-16     -8.881784197001E-16
    0.100000      2.052397750012E-03      4.083301421289E-04
    0.200000      6.783800637632E-03      1.557900536977E-03
    0.300000      1.290871253203E-02      3.240116328655E-03
    0.400000      1.932703362159E-02      5.161392597438E-03
    0.500000      2.510419777021E-02      7.008902343379E-03
    0.600000      2.955700203243E-02      8.516710147999E-03
    0.700000      3.231449469044E-02      9.515941344652E-03
    0.800000      3.333185437595E-02      9.957995023653E-03
    0.900000      3.285550890396E-02      9.907809833495E-03
    1.000000      3.134778082990E-02      9.512285586423E-03
    1.100000      2.938509606345E-02      8.954802744377E-03
    1.200000      2.754302880613E-02      8.408929737760E-03
    1.300000      2.626641078228E-02      8.002696545853E-03
    1.400000      2.574608566577E-02      7.800258212128E-03
    1.500000      2.592000695680E-02      7.802110271792E-03
    1.600000      2.657236384991E-02      7.960053592520E-03
    1.700000      2.743192333816E-02      8.200125074410E-03
    1.800000      2.824881360053E-02      8.446163775689E-03
    1.900000      2.884333618294E-02      8.638203130456E-03
    2.000000      2.912656367802E-02      8.742570308259E-03
    2.100000      2.909722622511E-02      8.753401414907E-03
    2.200000      2.882190157019E-02      8.687434448687E-03
    2.300000      2.840684723433E-02      8.575025967006E-03
    2.400000      2.796852178699E-02      8.450382058302E-03
    2.500000      2.760677174096E-02      8.343316771129E-03
    2.600000      2.738507368439E-02      8.273863595126E-03
    2.700000      2.732383665356E-02      8.250112769091E-03
    2.800000      2.740571671949E-02      8.268926514430E-03
    2.900000      2.758733044890E-02      8.318749530978E-03
    3.000000      2.781487885515E-02      8.383548540652E-03
    3.100000      2.803864165073E-02      8.446921212652E-03
    3.200000      2.822033796669E-02      8.495560326815E-03
    3.300000      2.833353546870E-02      8.521505505142E-03
    3.400000      2.836436712427E-02      8.522922481717E-03
    3.500000      2.831580195371E-02      8.503466927774E-03
    3.600000      2.820810211636E-02      8.470558849110E-03
    3.700000      2.807352341984E-02      8.433068150834E-03
    3.800000      2.794814434836E-02      8.398969197770E-03
    3.900000      2.786349547478E-02      8.373462642298E-03
    4.000000      2.783664799277E-02      8.357903940261E-03
    4.100000      2.785974796188E-02      8.349652058319E-03
    4.200000      2.790355041158E-02      8.342709484422E-03
    4.300000      2.792967866339E-02      8.328832635489E-03
    4.400000      2.790072010130E-02      8.298713647404E-03
    4.500000      2.778649191202E-02      8.242898464561E-03
    4.600000      2.756625309895E-02      8.152283067240E-03
    4.700000      2.722570289197E-02      8.018243241800E-03
    4.800000      2.674879188953E-02      7.832619253250E-03
    4.900000      2.611283180331E-02      7.587844694886E-03
    5.000000      2.529013603170E-02      7.277477109738E-03
    5.100000      2.425304638925E-02      6.897286642572E-03
    5.200000      2.298327157219E-02      6.446920002725E-03
    5.300000      2.148265571777E-02      5.931998567542E-03
    5.400000      1.978193723848E-02      5.366341943215E-03
    5.500000      1.794740253040E-02      4.773850778676E-03
    5.600000      1.608639234625E-02      4.189471937217E-03
    5.700000      1.434991678207E-02      3.658653240459E-03
    5.800000      1.292796591625E-02      3.234814731070E-03
    5.900000      1.203135374231E-02      2.974633180572E-03
    6.000000      1.185624972439E-02      2.931333326327E-03
    6.100000      1.253869695555E-02      3.146642714751E-03
    6.200000      1.411563220835E-02      3.642508799548E-03
    6.300000      1.651777884552E-02      4.413995649892E-03
    6.400000      1.958621026541E-02      5.424876883302E-03
    6.500000      2.308524528388E-02      6.607251484127E-03
    6.600000      2.672115154932E-02      7.866009403392E-03
    6.700000      3.017690649022E-02      9.088209677720E-03
    6.800000      3.314818980994E-02      1.015651956254E-02
    6.900000      3.537206510834E-02      1.096496693773E-02
    7.000000      3.665212740350E-02      1.143457191504E-02
    7.100000      3.688373894056E-02      1.152612517456E-02
    7.200000      3.607444297953E-02      1.124759465280E-02
    7.300000      3.435172333490E-02      1.065440220110E-02
    7.400000      3.195570773189E-02      9.842030620520E-03
    7.500000      2.921782907121E-02      8.931883982877E-03
    7.600000      2.652553279252E-02      8.052717218568E-03
    7.700000      2.427022065498E-02      7.320935089687E-03
    7.800000      2.277390610044E-02      6.823367097284E-03
    7.900000      2.220541579045E-02      6.605644087043E-03
    8.000000      2.254159917096E-02      6.668128457244E-03
    8.100000      2.360643794799E-02      6.969761568635E-03
    8.200000      2.513935927068E-02      7.438575533561E-03
    8.300000      2.685391811240E-02      7.986358545077E-03
    8.400000      2.848316583099E-02      8.524346182042E-03
    8.500000      2.981335059080E-02      8.976943094237E-03
    8.600000      3.070473159193E-02      9.291268624987E-03
    8.700000      3.109847824725E-02      9.441506259114E-03
    8.800000      3.101085754245E-02      9.428270749433E-03
    8.900000      3.051800429057E-02      9.274157592470E-03
    9.000000      2.973574914969E-02      9.017098723176E-03
    9.100000      2.879918690791E-02      8.703089480766E-03
    9.200000      2.784537056294E-02      8.379421539053E-03
    9.300000      2.699971924059E-02      8.088999837391E-03
    9.400000      2.636424581142E-02      7.865876672673E-03
    9.500000      2.600582148490E-02      7.731942091344E-03
    9.600000      2.594633805018E-02      7.694765367686E-03
    9.700000      2.615994405182E-02      7.746767017570E-03
    9.800000      2.657892031137E-02      7.866041581924E-03
    9.900000      2.710397090525E-02      8.019104790436E-03
   10.000000      2.761605503526E-02      8.165553508029E-03
   10.100000      2.799159475216E-02      8.264166998302E-03
   10.200000      2.812146583038E-02      8.279499664688E-03
   10.300000      2.792885697708E-02      8.187708051365E-03
   10.400000      2.738137711389E-02      7.980366995681E-03
   10.500000      2.649542181702E-02      7.665405946407E-03
   10.600000      2.533235700315E-02      7.264951615642E-03
   10.700000      2.398726594701E-02      6.810608761160E-03
   10.800000      2.257182885581E-02      6.337323899722E-03
   10.900000      2.119360073724E-02      5.877281374694E-03
   11.000000      1.993590029954E-02      5.455207054045E-03
   11.100000      1.884573524223E-02      5.086048511393E-03
   11.200000      1.793572022146E-02      4.775392567281E-03
   11.300000      1.719679421377E-02      4.522331907630E-03
   11.400000      1.661394173833E-02      4.323942790345E-03
   11.500000      1.618104288854E-02      4.180180144307E-03
   11.600000      1.591356624801E-02      4.097881719298E-03
   11.700000      1.585671195140E-02      4.092711420209E-03
   11.800000      1.608555470329E-02      4.188251422600E-03
   11.900000      1.669363287835E-02      4.412035580128E-03
   12.000000      1.776728516387E-02      4.789027650691E-03
   12.100000      1.935045247956E-02      5.333762029612E-03
   12.200000      2.141791340964E-02      6.042912369667E-03
   12.300000      2.386959355968E-02      6.890253103529E-03
   12.400000      2.654093272685E-02      7.825695425014E-03
   12.500000      2.922282465497E-02      8.779290997996E-03
   12.600000      3.168854448022E-02      9.669940348279E-03
   12.700000      3.372434549044E-02      1.041730685309E-02
   12.800000      3.515856877189E-02      1.095448777459E-02
   12.900000      3.588474954639E-02      1.123865232837E-02
   13.000000      3.587510529023E-02      1.125727495408E-02
   13.100000      3.518177777974E-02      1.102868055642E-02
   13.200000      3.392528219160E-02      1.059706522658E-02
   13.300000      3.227231983331E-02      1.002352681244E-02
   13.400000      3.040837911638E-02      9.375523443562E-03
   13.500000      2.851296294655E-02      8.717320707636E-03
   13.600000      2.674362100218E-02      8.103373770041E-03
   13.700000      2.522892675584E-02      7.575446553494E-03
   13.800000      2.406515920545E-02      7.162993798802E-03
   13.900000      2.331334841712E-02      6.885359700796E-03
   14.000000      2.300028876724E-02      6.754001649369E-03
   14.100000      2.312605737665E-02      6.773320140328E-03
   14.200000      2.367006907791E-02      6.939590109127E-03
   14.300000      2.458788210594E-02      7.238570711006E-03
   14.400000      2.580288895998E-02      7.643193502347E-03
   14.500000      2.720171768087E-02      8.112975574164E-03
   14.600000      2.863821648782E-02      8.596378797693E-03
   14.700000      2.994796342931E-02      9.036392297633E-03
   14.800000      3.097192611013E-02      9.378493949393E-03
   14.900000      3.158300052857E-02      9.579253035063E-03
   15.000000      3.170706721294E-02      9.613491834696E-03
   15.100000      3.133344580719E-02      9.478248769050E-03
   15.200000      3.051404309362E-02      9.192654945964E-03
   15.300000      2.935312655624E-02      8.793933540920E-03
   15.400000      2.799081966090E-02      8.330677758701E-03
   15.500000      2.658341601274E-02      7.855060685107E-03
   15.600000      2.528285569342E-02      7.415567933990E-03
   15.700000      2.421729687062E-02      7.051324618298E-03
   15.800000      2.347516903167E-02      6.788377216200E-03
   15.900000      2.309508423795E-02      6.637704850785E-03
   16.000000      2.306242259059E-02      6.594507989617E-03
   16.100000      2.331104322698E-02      6.638504679414E-03
   16.200000      2.372909152921E-02      6.735392896702E-03
   16.300000      2.417021479390E-02      6.840011043297E-03
   16.400000      2.447128018751E-02      6.901750155933E-03
   16.500000      2.447616491951E-02      6.872298666337E-03
   16.600000      2.406338456297E-02      6.714931554218E-03
   16.700000      2.317345035958E-02      6.413609136373E-03
   16.800000      2.183058982210E-02      5.979545956873E-03
   16.900000      2.015321153167E-02      5.452994979311E-03
   17.000000      1.834799000590E-02      4.898886683841E-03
   17.100000      1.668342361508E-02      4.396485029782E-03
   17.200000      1.544164562014E-02      4.024931214824E-03
   17.300000      1.485541021638E-02      3.847888359726E-03
   17.400000      1.504842914050E-02      3.901007130795E-03
   17.500000      1.600390945939E-02      4.185388751755E-03
   17.600000      1.757692592498E-02      4.668743010165E-03
   17.700000      1.954242939623E-02      5.293933209071E-03
   17.800000      2.165545220978E-02      5.992640220982E-03
   17.900000      2.370351717456E-02      6.700527037339E-03
   18.000000      2.554271003677E-02      7.369931447632E-03
   18.100000      2.711487889433E-02      7.976858075647E-03
   18.200000      2.844469658571E-02      8.520666815600E-03
   18.300000      2.961683377415E-02      9.016898368632E-03
   18.400000      3.073538647732E-02      9.485566193836E-03
   18.500000      3.187295800687E-02      9.938465478087E-03
   18.600000      3.302979065224E-02      1.036929322751E-02
   18.700000      3.412282534522E-02      1.074960111625E-02
   18.800000      3.500338490468E-02      1.103203621498E-02
   18.900000      3.549032012166E-02      1.116037079322E-02
   19.000000      3.541132593669E-02      1.108396831567E-02
   19.100000      3.464780800944E-02      1.077304120606E-02
   19.200000      3.317379706538E-02      1.023066865307E-02
   19.300000      3.107876976155E-02      9.498195427813E-03
   19.400000      2.856894678834E-02      8.652196884632E-03
   19.500000      2.594597577429E-02      7.793281065115E-03
   19.600000      2.356413327959E-02      7.029047146793E-03
   19.700000      2.176803310123E-02      6.454970816529E-03
   19.800000      2.081629630374E-02      6.137460712783E-03
   19.900000      2.081274076224E-02      6.102735274927E-03
   20.000000      2.168303902427E-02      6.333709660838E-03
   20.100000      2.320659079448E-02      6.775170856780E-03
   20.200000      2.508290037048E-02      7.345654412710E-03
   20.300000      2.700379658506E-02      7.953077769781E-03
   20.400000      2.870579396635E-02      8.510641664503E-03
   20.500000      2.999988317266E-02      8.949856820636E-03
   20.600000      3.078332298839E-02      9.228602382380E-03
   20.700000      3.103731075952E-02      9.333494550781E-03
   20.800000      3.081457218006E-02      9.277109844275E-03
   20.900000      3.022046044876E-02      9.091455337948E-03
   21.000000      2.938996483121E-02      8.819411137970E-03
   21.100000      2.846254493325E-02      8.505792016001E-03
   21.200000      2.755765165167E-02      8.189386707838E-03
   21.300000      2.675478233440E-02      7.897009013417E-03
   21.400000      2.608244934577E-02      7.640302177817E-03
   21.500000      2.551924622383E-02      7.415733989424E-03
   21.600000      2.500627281280E-02      7.207812603189E-03
   21.700000      2.446771390177E-02      6.994992856077E-03
   21.800000      2.383509909886E-02      6.757095368770E-03
   21.900000      2.306928660242E-02      6.482517011343E-03
   22.000000      2.217451722558E-02      6.173320067739E-03
   22.100000      2.120140591046E-02      5.846634746708E-03
   22.200000      2.023901732054E-02      5.531705249015E-03
   22.300000      1.939785897435E-02      5.263141863719E-03
   22.400000      1.878597769565E-02      5.072131694151E-03
   22.500000      1.848147053687E-02      4.978096589590E-03
   22.600000      1.850705908846E-02      4.983281754974E-03
   22.700000      1.881753370436E-02      5.071967716484E-03
   22.800000      1.931171030953E-02      5.214649115338E-03
   22.900000      1.986422722475E-02      5.376045158128E-03
   23.000000      2.036099480700E-02      5.524682583947E-03
   23.100000      2.072837378986E-02      5.641388802093E-03
   23.200000      2.095128254322E-02      5.724460956561E-03
   23.300000      2.107741339804E-02      5.790346580381E-03
   23.400000      2.120691137764E-02      5.869970827166E-03
   23.500000      2.146899667115E-02      6.001914226672E-03
   23.600000      2.199064281071E-02      6.224172195278E-03
   23.700000      2.286687183738E-02      6.566168605158E-03
   23.800000      2.414108502045E-02      7.042253341827E-03
   23.900000      2.579659179126E-02      7.647397808160E-03
   24.000000      2.775485572201E-02      8.355452322815E-03
   24.100000      2.987835840926E-02      9.120197617922E-03
   24.200000      3.198370365693E-02      9.879373807330E-03
   24.300000      3.386656198936E-02      1.056168760008E-02
   24.400000      3.533124476150E-02      1.109633439875E-02
   24.500000      3.621847479471E-02      1.142386103733E-02
   24.600000      3.642843662839E-02      1.150647247502E-02
   24.700000      3.593662129468E-02      1.133549717980E-02
   24.800000      3.479980672462E-02      1.093396733441E-02
   24.900000      3.315118382081E-02      1.035323084492E-02
   25.000000      3.118391177961E-02      9.663993429127E-03
   25.100000      2.912291264115E-02      8.943742065209E-03
   25.200000      2.718754431329E-02      8.263582721823E-03
   25.300000      2.555078549273E-02      7.677713670434E-03
   25.400000      2.430814222828E-02      7.217934612121E-03
   25.500000      2.347404674025E-02      6.894018184290E-03
   25.600000      2.300771135119E-02      6.698986535653E-03
   25.700000      2.285034313427E-02      6.616960645649E-03
   25.800000      2.295272955056E-02      6.630739297577E-03
   25.900000      2.328365506550E-02      6.726740228177E-03
   26.000000      2.382420631108E-02      6.896155723921E-03
   26.100000      2.455699469337E-02      7.132645185255E-03
   26.200000      2.545418884062E-02      7.428066459314E-03
   26.300000      2.646895191574E-02      7.768254264858E-03
   26.400000      2.753313220009E-02      8.130594570380E-03
   26.500000      2.856004695103E-02      8.484318083035E-03
   26.600000      2.945157801160E-02      8.793424957342E-03
   26.700000      3.010949605062E-02      9.021346442221E-03
   26.800000      3.044953742002E-02      9.136091426919E-03
   26.900000      3.041337171452E-02      9.114740135923E-03
   27.000000      2.997373089530E-02      8.946566181945E-03
   27.100000      2.913361308094E-02      8.634543112707E-03
   27.200000      2.792589129966E-02      8.195321809798E-03
   27.300000      2.641607927543E-02      7.657882176994E-03
   27.400000      2.470330315687E-02      7.061032746019E-03
   27.500000      2.291484930862E-02      6.449887171907E-03
   27.600000      2.119353053960E-02      5.871492773419E-03
   27.700000      1.968023251719E-02      5.369941861687E-03
   27.800000      1.849599986939E-02      4.981492544669E-03
   27.900000      1.772736229245E-02      4.730355717472E-03
   28.000000      1.741600320637E-02      4.625790856000E-03
   28.100000      1.755199304358E-02      4.660986981782E-03
   28.200000      1.807074626868E-02      4.813947482636E-03
   28.300000      1.885870011848E-02      5.050337724273E-03
   28.400000      1.977142320062E-02      5.328055932502E-03
   28.500000      2.065866040404E-02      5.603150397520E-03
   28.600000      2.138929858544E-02      5.836569540533E-03
   28.700000      2.187335104217E-02      6.001024645883E-03
   28.800000      2.207943521786E-02      6.086956068474E-03
   28.900000      2.204520084848E-02      6.106318025330E-03
   29.000000      2.187710192298E-02      6.092825422949E-03
   29.100000      2.173640567572E-02      6.097642456701E-03
   29.200000      2.181124931239E-02      6.180334956844E-03
   29.300000      2.227879039056E-02      6.396152795990E-03
   29.400000      2.326365293103E-02      6.782032029385E-03
   29.500000      2.479982590230E-02      7.344649434763E-03
   29.600000      2.680598927697E-02      8.053989206741E-03
   29.700000      2.908510358067E-02      8.844960231619E-03
   29.800000      3.135610369953E-02      9.627731226040E-03
   29.900000      3.331444922255E-02      1.030508043550E-02
   30.000000      3.470063094073E-02      1.079288032905E-02
   30.100000      3.535485266341E-02      1.103857920489E-02
   30.200000      3.524796368421E-02      1.103270089460E-02
   30.300000      3.448581042648E-02      1.081003673592E-02
   30.400000      3.328648310204E-02      1.043993827748E-02
   30.500000      3.193111034143E-02      1.000814537802E-02
   30.600000      3.069194203408E-02      9.594990698941E-03
   30.700000      2.975406568493E-02      9.255876350736E-03
   30.800000      2.916430313475E-02      9.009303993635E-03
   30.900000      2.883404533805E-02      8.835637061411E-03
   31.000000      2.858778362741E-02      8.686786182671E-03
   31.100000      2.822731670697E-02      8.503972499862E-03
   31.200000      2.759252720059E-02      8.238475729494E-03
   31.300000      2.660937987264E-02      7.869436115987E-03
   31.400000      2.531726025524E-02      7.413595547186E-03
   31.500000      2.387031775425E-02      6.924122789734E-03
   31.600000      2.251092454621E-02      6.478745960833E-03
   31.700000      2.151731213809E-02      6.160435098516E-03
   31.800000      2.113147889145E-02      6.035965522381E-03
   31.900000      2.148110095913E-02      6.138247349058E-03
   32.000000      2.252909844514E-02      6.457184631666E-03
   32.100000      2.408621108624E-02      6.941378763476E-03
   32.200000      2.587349328596E-02      7.509939574300E-03
   32.300000      2.759569485667E-02      8.070894983598E-03
   32.400000      2.900231580853E-02      8.540985882758E-03
   32.500000      2.992811167528E-02      8.861477703592E-03
   32.600000      3.030985156675E-02      9.006043439974E-03
   32.700000      3.017885137611E-02      8.979328021268E-03
   32.800000      2.963279906118E-02      8.807686381497E-03
   32.900000      2.879434014689E-02      8.525882905008E-03
   33.000000      2.776704616547E-02      8.164527651372E-03
   33.100000      2.660343541153E-02      7.742424166498E-03
   33.200000      2.530068920840E-02      7.266062271878E-03
   33.300000      2.382689223554E-02      6.735882727347E-03
   33.400000      2.216383558056E-02      6.156534991653E-03
   33.500000      2.034755854548E-02      5.546919728432E-03
   33.600000      1.849207357616E-02      4.945805504740E-03
   33.700000      1.678822627763E-02      4.410233321734E-03
   33.800000      1.547450945879E-02      4.006322098691E-03
   33.900000      1.478027926732E-02      3.794694480092E-03
   34.000000      1.485191348220E-02      3.814704684886E-03
   34.100000      1.569778719489E-02      4.072310362685E-03
   34.200000      1.718698131166E-02      4.535546301361E-03
   34.300000      1.908754828170E-02      5.139391059720E-03
   34.400000      2.112042295380E-02      5.799050070762E-03
   34.500000      2.301775541240E-02      6.428187300277E-03
   34.600000      2.457255636618E-02      6.957207263924E-03
   34.700000      2.567075251465E-02      7.346759880742E-03
   34.800000      2.630290441765E-02      7.593165062704E-03
   34.900000      2.655540220238E-02      7.724913413831E-03
   35.000000      2.658365185418E-02      7.791976326397E-03
   35.100000      2.657261293730E-02      7.851516081491E-03
   35.200000      2.669205811018E-02      7.954161717293E-03
   35.300000      2.705727944300E-02      8.134220287951E-03
   35.400000      2.771022969527E-02      8.405430693803E-03
   35.500000      2.862791741806E-02      8.761865877898E-03
   35.600000      2.974573755283E-02      9.182103988822E-03
   35.700000      3.097790954945E-02      9.634308813192E-03
   35.800000      3.222592627674E-02      1.008043161235E-02
   35.900000      3.337801240871E-02      1.047898427689E-02
   36.000000      3.431011525829E-02      1.078709824073E-02
   36.100000      3.489498691746E-02      1.096325985191E-02
   36.200000      3.501742150947E-02      1.097187295284E-02
   36.300000      3.459343252411E-02      1.078974383850E-02
   36.400000      3.359137680331E-02      1.041319970987E-02
   36.500000      3.205048575386E-02      9.863501670968E-03
   36.600000      3.009073560814E-02      9.188043866660E-03
   36.700000      2.790869526068E-02      8.455729420163E-03
   36.800000      2.575631333504E-02      7.746621807878E-03
   36.900000      2.390219920655E-02      7.137880280777E-03
   37.000000      2.257761600806E-02      6.689386937452E-03
   37.100000      2.191633558600E-02      6.432821621429E-03
   37.200000      2.191099542925E-02      6.367079383363E-03
   37.300000      2.242057575718E-02      6.461130621437E-03
   37.400000      2.323414450631E-02      6.663300518692E-03
   37.500000      2.413803810766E-02      6.914197636723E-03
   37.600000      2.495861655354E-02      7.159704069165E-03
   37.700000      2.558484425686E-02      7.360762841230E-03
   37.800000      2.597411629315E-02      7.497975010907E-03
   37.900000      2.614341386582E-02      7.570750356620E-03
   38.000000      2.615007072039E-02      7.592325843315E-03
   38.100000      2.606851652697E-02      7.582870991579E-03
   38.200000      2.596988919992E-02      7.562923260211E-03
   38.300000      2.590921690085E-02      7.548671583161E-03
   38.400000      2.591936458951E-02      7.549531367329E-03
   38.500000      2.600756936064E-02      7.567513293499E-03
   38.600000      2.615392415169E-02      7.597446381450E-03
   38.700000      2.631415587094E-02      7.627282266941E-03
   38.800000      2.642499723507E-02      7.638314800890E-03
   38.900000      2.640872451895E-02      7.605843761190E-03
   39.000000      2.617802362440E-02      7.501212082949E-03
   39.100000      2.564482696261E-02      7.296001619364E-03
   39.200000      2.473561526070E-02      6.968467457138E-03
   39.300000      2.341306660883E-02      6.511259914319E-03
   39.400000      2.170014667749E-02      5.938529944239E-03
   39.500000      1.969939111207E-02      5.290058203310E-03
   39.600000      1.759968753365E-02      4.630361065750E-03
   39.700000      1.566469194850E-02      4.041811985211E-03
   39.800000      1.419936084501E-02      3.612391963204E-03
   39.900000      1.349465722909E-02      3.420271315042E-03
   40.000000      1.375764454941E-02      3.518518724551E-03
   40.100000      1.504508061622E-02      3.923470349321E-03
   40.200000      1.723293849571E-02      4.609575347385E-03
   40.300000      2.005155743434E-02      5.512060311806E-03
   40.400000      2.315952073135E-02      6.536939972524E-03
   40.500000      2.621078676027E-02      7.576246096071E-03
   40.600000      2.890438826532E-02      8.525283093099E-03
   40.700000      3.101760960909E-02      9.298486361682E-03
   40.800000      3.242359438284E-02      9.841043096094E-03
   40.900000      3.309505896117E-02      1.013458968845E-02
   41.000000      3.309678250722E-02      1.019664768683E-02
   41.100000      3.256969704830E-02      1.007463050425E-02
   41.200000      3.170869773076E-02      9.836002969672E-03
   41.300000      3.073592949641E-02      9.556449550784E-03
   41.400000      2.987217335201E-02      9.307813271151E-03
   41.500000      2.930796917309E-02      9.147294097358E-03
   41.600000      2.917182970058E-02      9.109106302844E-03
   41.700000      2.949668437569E-02      9.199552332097E-03
   41.800000      3.020154523787E-02      9.396225634815E-03
   41.900000      3.111013704821E-02      9.651694902407E-03
   42.000000      3.199802344081E-02      9.901462655947E-03
   42.100000      3.264004722172E-02      1.007525269120E-02
   42.200000      3.284719504018E-02      1.010991242036E-02
   42.300000      3.249419532934E-02      9.961651220192E-03
   42.400000      3.153805762643E-02      9.615202885286E-03
   42.500000      3.002612435457E-02      9.087927933655E-03
   42.600000      2.809254906689E-02      8.427828178785E-03
   42.700000      2.594316389167E-02      7.705732955233E-03
   42.800000      2.382964254664E-02      7.003215886443E-03
   42.900000      2.201407713696E-02      6.398765241945E-03
   43.000000      2.072391146617E-02      5.955087333160E-03
   43.100000      2.009965384457E-02      5.710063490412E-03
   43.200000      2.015666356473E-02      5.672904893650E-03
   43.300000      2.079476318612E-02      5.825733742686E-03
   43.400000      2.184845751525E-02      6.129538036944E-03
   43.500000      2.313482814033E-02      6.532558184244E-03
   43.600000      2.448354216775E-02      6.978900567207E-03
   43.700000      2.575317305434E-02      7.415572853471E-03
   43.800000      2.683591637806E-02      7.797020358424E-03
   43.900000      2.765321298887E-02      8.087270894453E-03
   44.000000      2.814779624361E-02      8.260578731915E-03
   44.100000      2.827928341868E-02      8.301708370788E-03
   44.200000      2.802741050154E-02      8.206648539076E-03
   44.300000      2.740137198148E-02      7.983785579660E-03
   44.400000      2.645005797373E-02      7.654765751632E-03
   44.500000      2.526710947928E-02      7.253837328349E-03
   44.600000      2.398585414730E-02      6.824638152334E-03
   44.700000      2.276049078100E-02      6.414172120975E-03
   44.800000      2.173206423545E-02      6.064819051657E-03
   44.900000      2.099414148041E-02      5.806205024208E-03
   45.000000      2.057682212807E-02      5.649200536794E-03
   45.100000      2.044438045648E-02      5.583981023952E-03
   45.200000      2.050554356549E-02      5.583041394446E-03
   45.300000      2.063742237025E-02      5.608642485415E-03
   45.400000      2.071792388209E-02      5.622870207533E-03
   45.500000      2.065718694993E-02      5.597754977907E-03
   45.600000      2.042044562140E-02      5.522962701304E-03
   45.700000      2.003831744485E-02      5.409359290106E-03
   45.800000      1.960311576388E-02      5.287933927661E-03
   45.900000      1.925297541254E-02      5.204694293558E-03
   46.000000      1.914890394375E-02      5.212857700961E-03
   46.100000      1.945004370855E-02      5.363829632757E-03
   46.200000      2.028829571152E-02      5.698223110502E-03
   46.300000      2.174085419394E-02      6.237823095802E-03
   46.400000      2.380296082978E-02      6.979211859667E-03
   46.500000      2.637058603187E-02      7.889840360713E-03
   46.600000      2.924504667956E-02      8.907527689927E-03
   46.700000      3.215958138976E-02      9.944413173408E-03
   46.800000      3.481532318845E-02      1.089599453366E-02
   46.900000      3.691951613778E-02      1.165494986050E-02
   47.000000      3.822447789777E-02      1.212811738013E-02
   47.100000      3.856455049378E-02      1.225369978928E-02
   47.200000      3.788622944660E-02      1.201498215194E-02
   47.300000      3.626614546499E-02      1.144701485208E-02
   47.400000      3.391255927896E-02      1.063393417973E-02
   47.500000      3.114794368799E-02      9.696617865304E-03
   47.600000      2.837230612608E-02      8.772645606053E-03
   47.700000      2.600805675007E-02      7.992398036452E-03
   47.800000      2.442571113254E-02      7.456061771140E-03
   47.900000      2.384551451637E-02      7.216104433716E-03
   48.000000      2.424610239616E-02      7.268581964214E-03
   48.100000      2.538124011326E-02      7.554829058289E-03
   48.200000      2.687948353807E-02      7.973124655344E-03
   48.300000      2.833341692921E-02      8.398197296158E-03
   48.400000      2.936917805387E-02      8.705161428042E-03
   48.500000      2.970287498981E-02      8.793739925204E-03
   48.600000      2.918340222230E-02      8.608456889383E-03
   48.700000      2.781884868716E-02      8.150918541156E-03
   48.800000      2.578265557714E-02      7.481397900543E-03
   48.900000      2.339493460982E-02      6.708702561800E-03
   49.000000      2.107475668211E-02      5.969566657621E-03
   49.100000      1.926402006067E-02      5.401170200933E-03
   49.200000      1.833557230438E-02      5.112276983007E-03
   49.300000      1.850554595964E-02      5.159309052124E-03
   49.400000      1.975793328630E-02      5.533046117740E-03
   49.500000      2.181873277364E-02      6.159510442319E-03
   49.600000      2.424390963513E-02      6.915352874969E-03
   49.700000      2.655166133867E-02      7.654453562115E-03
   49.800000      2.832703740961E-02      8.239467798236E-03
   49.900000      2.929223113805E-02      8.570605030957E-03
   50.000000      2.934292979554E-02      8.604574585852E-03
   50.100000      2.855083219154E-02      8.359290666173E-03
   50.200000      2.713435610796E-02      7.903860126272E-03
   50.300000      2.540247781440E-02      7.337385752807E-03
   50.400000      2.367984798063E-02      6.762967251628E-03
   50.500000      2.222700415738E-02      6.264127106346E-03
   50.600000      2.118258565973E-02      5.889567498957E-03
   50.700000      2.055597912755E-02      5.649230567350E-03
   50.800000      2.025905437923E-02      5.521125512339E-03
   50.900000      2.015543731944E-02      5.465436553433E-03
   51.000000      2.011274878256E-02      5.440873244594E-03
   51.100000      2.004289225446E-02      5.418360843485E-03
   51.200000      1.992218577904E-02      5.388708808638E-03
   51.300000      1.979080683299E-02      5.363153990097E-03
   51.400000      1.973531675311E-02      5.367852064445E-03
   51.500000      1.986082785403E-02      5.434854287531E-03
   51.600000      2.026126612664E-02      5.592567635353E-03
   51.700000      2.099439749980E-02      5.858234608127E-03
   51.800000      2.206453792450E-02      6.233928529957E-03
   51.900000      2.341877906648E-02      6.706377796116E-03
   52.000000      2.496161492299E-02      7.249972707992E-03
   52.100000      2.657882747735E-02      7.831762454440E-03
   52.200000      2.816036801755E-02      8.417120182072E-03
   52.300000      2.961780131391E-02      8.974913992687E-03
   52.400000      3.089433005175E-02      9.481310201131E-03
   52.500000      3.196685478038E-02      9.921643511287E-03
   52.600000      3.284055895111E-02      1.029009740397E-02
   52.700000      3.353861812392E-02      1.058728947713E-02
   52.800000      3.408898240681E-02      1.081628285626E-02
   52.900000      3.450779760688E-02      1.097799843159E-02
   53.000000      3.478573228641E-02      1.106734054772E-02
   53.100000      3.488329366921E-02      1.107138960289E-02
   53.200000      3.473376543669E-02      1.097063927671E-02
   53.300000      3.425563526313E-02      1.074348892365E-02
   53.400000      3.337556789331E-02      1.037322986987E-02
   53.500000      3.205504684255E-02      9.855879331681E-03
   53.600000      3.031309786728E-02      9.206711779894E-03
   53.700000      2.823996435884E-02      8.463409136220E-03
   53.800000      2.599751078647E-02      7.684423853958E-03
   53.900000      2.380384591459E-02      6.942265968298E-03
   54.000000      2.190390588407E-02      6.312693175423E-03
   54.100000      2.053080249095E-02      5.861862078692E-03
   54.200000      1.985898253025E-02      5.634104768175E-03
   54.300000      1.995376572110E-02      5.642976315666E-03
   54.400000      2.074667136707E-02      5.867586804490E-03
   54.500000      2.205494550918E-02      6.255145113228E-03
   54.600000      2.362300491293E-02      6.729360696391E-03
   54.700000      2.516923067313E-02      7.203168404344E-03
   54.800000      2.643280592726E-02      7.593413941735E-03
   54.900000      2.721462776073E-02      7.834813836693E-03
   55.000000      2.740515336268E-02      7.890702556439E-03
   55.100000      2.699645908915E-02      7.758709005524E-03
   55.200000      2.607952917588E-02      7.470414515945E-03
   55.300000      2.482893398032E-02      7.085072923894E-03
   55.400000      2.347726188203E-02      6.678469168796E-03
   55.500000      2.228070768114E-02      6.328816624857E-03
   55.600000      2.147605546810E-02      6.102121382458E-03
   55.700000      2.123037613333E-02      6.039584174774E-03
   55.800000      2.159287449109E-02      6.149334079647E-03
   55.900000      2.247274122980E-02      6.404123615726E-03
   56.000000      2.366001315503E-02      6.745648105976E-03
   56.100000      2.487803935653E-02      7.095008267202E-03
   56.200000      2.584351472270E-02      7.367672264895E-03
   56.300000      2.631894325134E-02      7.490304906366E-03
   56.400000      2.615357383134E-02      7.416234582198E-03
   56.500000      2.531115943712E-02      7.136323798100E-03
   56.600000      2.388189621525E-02      6.682709633215E-03
   56.700000      2.207574983893E-02      6.124237388238E-03
   56.800000      2.019486456485E-02      5.554179303669E-03
   56.900000      1.858301829997E-02      5.072606923159E-03
   57.000000      1.755338018241E-02      4.767113669733E-03
   57.100000      1.731210942361E-02      4.696089977011E-03
   57.200000      1.791132169056E-02      4.878261991101E-03
   57.300000      1.924792280180E-02      5.290796510489E-03
   57.400000      2.110054307509E-02      5.876270502833E-03
   57.500000      2.319033100483E-02      6.556690160248E-03
   57.600000      2.524604607611E-02      7.251056972809E-03
   57.700000      2.705666045782E-02      7.892162862649E-03
   57.800000      2.850374905818E-02      8.438586167824E-03
   57.900000      2.957076634326E-02      8.879199072333E-03
   58.000000      3.032939408117E-02      9.229538250391E-03
   58.100000      3.090656909560E-02      9.521577977250E-03
   58.200000      3.143977680201E-02      9.790162329809E-03
   58.300000      3.203201782168E-02      1.006010506403E-02
   58.400000      3.271923470583E-02      1.033753954497E-02
   58.500000      3.346029664770E-02      1.060764834570E-02
   58.600000      3.415228190935E-02      1.083889920489E-02
   58.700000      3.466374679483E-02      1.099200397602E-02
   58.800000      3.487288848432E-02      1.103058941041E-02
   58.900000      3.469812615714E-02      1.093036203601E-02
   59.000000      3.411314310776E-02      1.068435223913E-02
   59.100000      3.314475748056E-02      1.030329748271E-02
   59.200000      3.185812731874E-02      9.811839212519E-03
   59.300000      3.033792283574E-02      9.242421353323E-03
   59.400000      2.867312653658E-02      8.629219531811E-03
   59.500000      2.694862862661E-02      8.004014301824E-03
   59.600000      2.524360516389E-02      7.394864744860E-03
   59.700000      2.363472967122E-02      6.827168885183E-03
   59.800000      2.220048758681E-02      6.325695305223E-03
   59.900000      2.102286780546E-02      5.915800383828E-03
   60.000000      2.018419330753E-02      5.622433716859E-03
   60.100000      1.975672749542E-02      5.466530423568E-03
   60.200000      1.978431947850E-02      5.459619286200E-03
   60.300000      2.026148776568E-02      5.598468566937E-03
   60.400000      2.112050600132E-02      5.861943780183E-03
   60.500000      2.223531814707E-02      6.211782321091E-03
   60.600000      2.344291746921E-02      6.597820279986E-03
   60.700000      2.457493932568E-02      6.966729496040E-03
   60.800000      2.548950425889E-02      7.272061345910E-03
   60.900000      2.609550574084E-02      7.482809780172E-03
   61.000000      2.636496008355E-02      7.588032093993E-03
   61.100000      2.633136921361E-02      7.596222097151E-03
   61.200000      2.607402670781E-02      7.529749917341E-03
   61.300000      2.569093224941E-02      7.416231262980E-03
   61.400000      2.526706783973E-02      7.279641615624E-03
   61.500000      2.484943191349E-02      7.134013396035E-03
   61.600000      2.443966655203E-02      6.981627792599E-03
   61.700000      2.400591924037E-02      6.816049764126E-03
   61.800000      2.350704736151E-02      6.628690332895E-03
   61.900000      2.291948500304E-02      6.416381512434E-03
   62.000000      2.225723376254E-02      6.187114334779E-03
   62.100000      2.157840891896E-02      5.961719101053E-03
   62.200000      2.097635661133E-02      5.770640448628E-03
   62.300000      2.055735896589E-02      5.646624485242E-03
   62.400000      2.041064922008E-02      5.615551323608E-03
   62.500000      2.058022218197E-02      5.688355776916E-03
   62.600000      2.104915234597E-02      5.856747845259E-03
   62.700000      2.174254476779E-02      6.094338978236E-03
   62.800000      2.254610739122E-02      6.363145275836E-03
   62.900000      2.333351710828E-02      6.623783651889E-03
   63.000000      2.399836401368E-02      6.846505636308E-03
   63.100000      2.448492913125E-02      7.019870784065E-03
   63.200000      2.480776728110E-02      7.154444908703E-03
   63.300000      2.505207474499E-02      7.280257891604E-03
   63.400000      2.535294242255E-02      7.438505365077E-03
   63.500000      2.585666432326E-02      7.669644022675E-03
   63.600000      2.667263993525E-02      8.001127865865E-03
   63.700000      2.783150815149E-02      8.438215357150E-03
   63.800000      2.926889384180E-02      8.960455740728E-03
   63.900000      3.084388189928E-02      9.524856908722E-03
   64.000000      3.237806434670E-02      1.007482315254E-02
   64.100000      3.369600712704E-02      1.055231095302E-02
   64.200000      3.465952602414E-02      1.090978380096E-02
   64.300000      3.519129649698E-02      1.111871239168E-02
   64.400000      3.528299992141E-02      1.117250775721E-02
   64.500000      3.498644207752E-02      1.108353638674E-02
   64.600000      3.439014498536E-02      1.087569432171E-02
   64.700000      3.358751001611E-02      1.057532328618E-02
   64.800000      3.264592850465E-02      1.020360502658E-02
   64.900000      3.158866237236E-02      9.772857062209E-03
   65.000000      3.039980178696E-02      9.287637610400E-03
   65.100000      2.905053460557E-02      8.749803139470E-03
   65.200000      2.753047277949E-02      8.165282553415E-03
   65.300000      2.586910361920E-02      7.549807219617E-03
   65.400000      2.414278328780E-02      6.931302681250E-03
   65.500000      2.246847447840E-02      6.347883998407E-03
   65.600000      2.098595967742E-02      5.841933601562E-03
   65.700000      1.983110569260E-02      5.452047663629E-03
   65.800000      1.910616977976E-02      5.205299751971E-03
   65.900000      1.885634391997E-02      5.112107888600E-03
   66.000000      1.906184845087E-02      5.165093325957E-03
   66.100000      1.964802034080E-02      5.342008677008E-03
   66.200000      2.050785163447E-02      5.611539698847E-03
   66.300000      2.152827709297E-02      5.939978953789E-03
   66.400000      2.261066411894E-02      6.296689565275E-03
   66.500000      2.367985497360E-02      6.656915171575E-03
   66.600000      2.468221850636E-02      7.001580152371E-03
   66.700000      2.557700127800E-02      7.314848558601E-03
   66.800000      2.632571178540E-02      7.580977924228E-03
   66.900000      2.688384179718E-02      7.782182027421E-03
   67.000000      2.719953346814E-02      7.898786770835E-03
   67.100000      2.722137548738E-02      7.912094463255E-03
   67.200000      2.691237038782E-02      7.809345912103E-03
   67.300000      2.626503507374E-02      7.589301657637E-03
   67.400000      2.531411585503E-02      7.266526055640E-03
   67.500000      2.414390694454E-02      6.872610940596E-03
   67.600000      2.288598073752E-02      6.453311897742E-03
   67.700000      2.170366114692E-02      6.061701021395E-03
   67.800000      2.076216299347E-02      5.748642070411E-03
   67.900000      2.018869422746E-02      5.552806681033E-03
   68.000000      2.003779118427E-02      5.492788357677E-03
   68.100000      2.028103122778E-02      5.563509456972E-03
   68.200000      2.082294771484E-02      5.738124058654E-03
   68.300000      2.153019851756E-02      5.975236551707E-03
   68.400000      2.226460679208E-02      6.229830059068E-03
   68.500000      2.291563180242E-02      6.465203593799E-03
   68.600000      2.342693537187E-02      6.662765372091E-03
   68.700000      2.381090260458E-02      6.826899086867E-03
   68.800000      2.414653128341E-02      6.983291094905E-03
   68.900000      2.455906471047E-02      7.170836031673E-03
   69.000000      2.518327327826E-02      7.429086275629E-03
   69.100000      2.611698288399E-02      7.784640011831E-03
   69.200000      2.737837201368E-02      8.240398575809E-03
   69.300000      2.888578518761E-02      8.771021810400E-03
   69.400000      3.047272893720E-02      9.326266601824E-03
   69.500000      3.193186948131E-02      9.841647422356E-03
   69.600000      3.306837007052E-02      1.025367242662E-02
   69.700000      3.374581140814E-02      1.051546836042E-02
   69.800000      3.391562872248E-02      1.060838836011E-02
   69.900000      3.362601914046E-02      1.054629507329E-02
   70.000000      3.300975061502E-02      1.037129738967E-02
   70.100000      3.225329422167E-02      1.014214235934E-02
   70.200000      3.155226904063E-02      9.918479756165E-03
   70.300000      3.106106016044E-02      9.745241500036E-03
   70.400000      3.084896986020E-02      9.641173848436E-03
   70.500000      3.087766335875E-02      9.594282384115E-03
   70.600000      3.101097483408E-02      9.565055370428E-03
   70.700000      3.105400636873E-02      9.496398742288E-03
   70.800000      3.080340752558E-02      9.327751922843E-03
   70.900000      3.009345402670E-02      9.010147743432E-03
   71.000000      2.883146275411E-02      8.519055291108E-03
   71.100000      2.702033078807E-02      7.862511239757E-03
   71.200000      2.476739717658E-02      7.083026989284E-03
   71.300000      2.227919276751E-02      6.252829688767E-03
   71.400000      1.984100434029E-02      5.463047913355E-03
   71.500000      1.777825722512E-02      4.808464605859E-03
   71.600000      1.639530546139E-02      4.370387238633E-03
   71.700000      1.589772455774E-02      4.200873444945E-03
   71.800000      1.633113459277E-02      4.311736952700E-03
   71.900000      1.757007643815E-02      4.671183733675E-03
   72.000000      1.935523073350E-02      5.209497977888E-03
   72.100000      2.135904054821E-02      5.833108847381E-03
   72.200000      2.325889872524E-02      6.444123005978E-03
   72.300000      2.480026963341E-02      6.960686155755E-03
   72.400000      2.583906333432E-02      7.332973632710E-03
   72.500000      2.635820221555E-02      7.550541402606E-03
   72.600000      2.645695938587E-02      7.639058277326E-03
   72.700000      2.631513818553E-02      7.647467345781E-03
   72.800000      2.613686313636E-02      7.629460155630E-03
   72.900000      2.607999793944E-02      7.624864201936E-03
   73.000000      2.619117274246E-02      7.646551494884E-03
   73.100000      2.639130561356E-02      7.676742102381E-03
   73.200000      2.651784320429E-02      7.673654456594E-03
   73.300000      2.638550870128E-02      7.586291930690E-03
   73.400000      2.584457379778E-02      7.372764070858E-03
   73.500000      2.482797321345E-02      7.016644483520E-03
   73.600000      2.337910769758E-02      6.536661789672E-03
   73.700000      2.165517409474E-02      5.987134359070E-03
   73.800000      1.990540027614E-02      5.449228102157E-03
   73.900000      1.842710446839E-02      5.015486778293E-03
   74.000000      1.750718855670E-02      4.771524572688E-03
   74.100000      1.736536121209E-02      4.779049592583E-03
   74.200000      1.811518357531E-02      5.063664350252E-03
   74.300000      1.973510365394E-02      5.609560346922E-03
   74.400000      2.204309871482E-02      6.361719189830E-03
   74.500000      2.472528581593E-02      7.234875630915E-03
   74.600000      2.742487029015E-02      8.127461042732E-03
   74.700000      2.981790949208E-02      8.938084658633E-03
   74.800000      3.165632725496E-02      9.581822451247E-03
   74.900000      3.279212250270E-02      1.000365478934E-02
   75.000000      3.318900075150E-02      1.018681164625E-02
   75.100000      3.292214742753E-02      1.015453028825E-02
   75.200000      3.216567782559E-02      9.964758083439E-03
   75.300000      3.116739895841E-02      9.698536670474E-03
   75.400000      3.021098698167E-02      9.444000352749E-03
   75.500000      2.956585525695E-02      9.278866731363E-03
   75.600000      2.942627546884E-02      9.254745893016E-03
   75.700000      2.985322862619E-02      9.386386825753E-03
   75.800000      3.075151129453E-02      9.648112342480E-03
   75.900000      3.190111549702E-02      9.978329562361E-03
   76.000000      3.301708580902E-02      1.029142116980E-02
   76.100000      3.380906277358E-02      1.049483900015E-02
   76.200000      3.403276499798E-02      1.050811974099E-02
   76.300000      3.353091611776E-02      1.028003586701E-02
   76.400000      3.226046320807E-02      9.800307728768E-03
   76.500000      3.030333627915E-02      9.103252603376E-03
   76.600000      2.785920551045E-02      8.262318871334E-03
   76.700000      2.521993125447E-02      7.376382801249E-03
   76.800000      2.272578195336E-02      6.550571284450E-03
   76.900000      2.070196881589E-02      5.875752562473E-03
   77.000000      1.937723077584E-02      5.411303795813E-03
   77.100000      1.881416444658E-02      5.175110321583E-03
   77.200000      1.890413750002E-02      5.143062267871E-03
   77.300000      1.942614437346E-02      5.257984724072E-03
   77.400000      2.012321009961E-02      5.445583335371E-03
   77.500000      2.076687766369E-02      5.633267898058E-03
   77.600000      2.120045321817E-02      5.767125452500E-03
   77.700000      2.135988306052E-02      5.823007885365E-03
   77.800000      2.127432332928E-02      5.809439073069E-03
   77.900000      2.105075334979E-02      5.762284140470E-03
   78.000000      2.084726725680E-02      5.733190598793E-03
   78.100000      2.083869169818E-02      5.775143413216E-03
   78.200000      2.117741387060E-02      5.928781672562E-03
   78.300000      2.195185039494E-02      6.212449233095E-03
   78.400000      2.315055942112E-02      6.617629705647E-03
   78.500000      2.465521107823E-02      7.109933639700E-03
   78.600000      2.627374257673E-02      7.634624667050E-03
   78.700000      2.778740670951E-02      8.125071148497E-03
   78.800000      2.898700332673E-02      8.512503367119E-03
   78.900000      2.969639632799E-02      8.735816724579E-03
   79.000000      2.978910159296E-02      8.750555465260E-03
   79.100000      2.920210945863E-02      8.536380639627E-03
   79.200000      2.794814412276E-02      8.102223206367E-03
   79.300000      2.612463261767E-02      7.488128934956E-03
   79.400000      2.391554064061E-02      6.762811062620E-03
   79.500000      2.158151062023E-02      6.016372251207E-03
   79.600000      1.943429126674E-02      5.348568346677E-03
   79.700000      1.779291621684E-02      4.854150676193E-03
   79.800000      1.692346825952E-02      4.607861666147E-03
   79.900000      1.697884338031E-02      4.652166374917E-03
   80.000000      1.796839594298E-02      4.990505492541E-03
   80.100000      1.976686921690E-02      5.587723938496E-03
   80.200000      2.214524691661E-02      6.377619581472E-03
   80.300000      2.481508978591E-02      7.275754569729E-03
   80.400000      2.748642408391E-02      8.194344024298E-03
   80.500000      2.991883706873E-02      9.055632360773E-03
   80.600000      3.194883527455E-02      9.800841947555E-03
   80.700000      3.349423440301E-02      1.039331702238E-02
   80.800000      3.454114820240E-02      1.081636232060E-02
   80.900000      3.511951096060E-02      1.106783872977E-02
   81.000000      3.527464670377E-02      1.115428967802E-02
   81.100000      3.504579186219E-02      1.108701279827E-02
   81.200000      3.446235298058E-02      1.088124627224E-02
   81.300000      3.355810275197E-02      1.055802421229E-02
   81.400000      3.239275486832E-02      1.014691533265E-02
   81.500000      3.106874103674E-02      9.687316023284E-03
   81.600000      2.973357378566E-02      9.226423554751E-03
   81.700000      2.855973020070E-02      8.813280462274E-03
   81.800000      2.769840759566E-02      8.489869053429E-03
   81.900000      2.722876894572E-02      8.281553015434E-03
   82.000000      2.713934258872E-02      8.189735889034E-03
   82.100000      2.733530630474E-02      8.189235127273E-03
   82.200000      2.765550719996E-02      8.231681590604E-03
   82.300000      2.790189062215E-02      8.254633041876E-03
   82.400000      2.787893979114E-02      8.194538822825E-03
   82.500000      2.743329834397E-02      8.000663189247E-03
   82.600000      2.648446756659E-02      7.646829136450E-03
   82.700000      2.504171294881E-02      7.138390853718E-03
   82.800000      2.320631919174E-02      6.512964517246E-03
   82.900000      2.116075738687E-02      5.834808872446E-03
   83.000000      1.914682194269E-02      5.184022037037E-03
   83.100000      1.743285721841E-02      4.642676035754E-03
   83.200000      1.626834192823E-02      4.280524288681E-03
   83.300000      1.582879343864E-02      4.142950986112E-03
   83.400000      1.616855276545E-02      4.243397869908E-03
   83.500000      1.720731533008E-02      4.561662708568E-03
   83.600000      1.875709259622E-02      5.048336253936E-03
   83.700000      2.057573130473E-02      5.634424090702E-03
   83.800000      2.242139362542E-02      6.244132285995E-03
   83.900000      2.409098144795E-02      6.808128277205E-03
   84.000000      2.544255686790E-02      7.274503133722E-03
   84.100000      2.640468776424E-02      7.615216061398E-03
   84.200000      2.697371304328E-02      7.826897826461E-03
   84.300000      2.720140739847E-02      7.926276991067E-03
   84.400000      2.717652683162E-02      7.941819837729E-03
   84.500000      2.700284006572E-02      7.904074709271E-03
   84.600000      2.677426500431E-02      7.837410822262E-03
   84.700000      2.654719902169E-02      7.755261096198E-03
   84.800000      2.632126950001E-02      7.659784287264E-03
   84.900000      2.605223110593E-02      7.545433376966E-03
   85.000000      2.568958705299E-02      7.404728831593E-03
   85.100000      2.520691485747E-02      7.233986864885E-03
   85.200000      2.461459674308E-02      7.037017810163E-03
   85.300000      2.395759678984E-02      6.825764354587E-03
   85.400000      2.330167879026E-02      6.618114219901E-03
   85.500000      2.271444701448E-02      6.434202790587E-03
   85.600000      2.225113673020E-02      6.292997944287E-03
   85.700000      2.195044876734E-02      6.210650516205E-03
   85.800000      2.183992841220E-02      6.201132801690E-03
   85.900000      2.195055139933E-02      6.278474158542E-03
   86.000000      2.233173210834E-02      6.458945931390E-03
   86.100000      2.305265890126E-02      6.761263576076E-03
   86.200000      2.418569233452E-02      7.203424916921E-03
   86.300000      2.577788818550E-02      7.796042065825E-03
   86.400000      2.781880909622E-02      8.533545923767E-03
   86.500000      3.021666582331E-02      9.385916705850E-03
   86.600000      3.279307090497E-02      1.029413180997E-02
   86.700000      3.529625203285E-02      1.117203294167E-02
   86.800000      3.743137245742E-02      1.191582264950E-02
   86.900000      3.890479224733E-02      1.242027688455E-02
   87.000000      3.947441080654E-02      1.259863104104E-02
   87.100000      3.899560407784E-02      1.240164455949E-02
   87.200000      3.745390770377E-02      1.183107403555E-02
   87.300000      3.497898713658E-02      1.094382840571E-02
   87.400000      3.183749868030E-02      9.845180684359E-03
   87.500000      2.840524296714E-02      8.671999014679E-03
   87.600000      2.512102058651E-02      7.569339940654E-03
   87.700000      2.242347370234E-02      6.665299794814E-03
   87.800000      2.066476612137E-02      6.049368264017E-03
   87.900000      2.000201600677E-02      5.758625704148E-03
   88.000000      2.034045663372E-02      5.774255458358E-03
   88.100000      2.139759003203E-02      6.028520837544E-03
   88.200000      2.280738561864E-02      6.420175729074E-03
   88.300000      2.420175380759E-02      6.834736339980E-03
   88.400000      2.526878983179E-02      7.165419237702E-03
   88.500000      2.579009463582E-02      7.330866041064E-03
   88.600000      2.565868410894E-02      7.286825110487E-03
   88.700000      2.488022132158E-02      7.030415171987E-03
   88.800000      2.356105228482E-02      6.597101483520E-03
   88.900000      2.188654313977E-02      6.051776374161E-03
   89.000000      2.009253997497E-02      5.476159973846E-03
   89.100000      1.843274571945E-02      4.955045077486E-03
   89.200000      1.714647277187E-02      4.563726025727E-03
   89.300000      1.643076062684E-02      4.358377625414E-03
   89.400000      1.641477654549E-02      4.370342173741E-03
   89.500000      1.713312431155E-02      4.604426288183E-03
   89.600000      1.850938057848E-02      5.040593754840E-03
   89.700000      2.037674591858E-02      5.638021111579E-03
   89.800000      2.252607878090E-02      6.340433197618E-03
   89.900000      2.474244596180E-02      7.081912553798E-03
   90.000000      2.682383989420E-02      7.792817850752E-03
   90.100000      2.859149268707E-02      8.405825185472E-03
   90.200000      2.989745232544E-02      8.862220349156E-03
   90.300000      3.063178555744E-02      9.118337538673E-03
   90.400000      3.073191277118E-02      9.151548356419E-03
   90.500000      3.019522861861E-02      8.964690326942E-03
   90.600000      2.909036628057E-02      8.587576779463E-03
   90.700000      2.755992440523E-02      8.074466263986E-03
   90.800000      2.580994870022E-02      7.497127353279E-03
   90.900000      2.408386644979E-02      6.934238372649E-03
   91.000000      2.262002282147E-02      6.458974284281E-03
   91.100000      2.160043513812E-02      6.127370959510E-03
   91.200000      2.111687720390E-02      5.970125043807E-03
   91.300000      2.116701039763E-02      5.989787947255E-03
   91.400000      2.167242792740E-02      6.163993735366E-03
   91.500000      2.250945385019E-02      6.453785667921E-03
   91.600000      2.354195128335E-02      6.814743653554E-03
   91.700000      2.465016122483E-02      7.207887812932E-03
   91.800000      2.575306755379E-02      7.607476666029E-03
   91.900000      2.681886616519E-02      8.003799165944E-03
   92.000000      2.785974710641E-02      8.400584466815E-03
   92.100000      2.891267682359E-02      8.808256822018E-03
   92.200000      3.001301900383E-02      9.235449621562E-03
   92.300000      3.117070081959E-02      9.681590814132E-03
   92.400000      3.235696048618E-02      1.013286015008E-02
   92.500000      3.350448965557E-02      1.056257791646E-02
   92.600000      3.451968793037E-02      1.093555032956E-02
   92.700000      3.530333784496E-02      1.121461282980E-02
   92.800000      3.576966481015E-02      1.136703818832E-02
   92.900000      3.585578734615E-02      1.136881344609E-02
   93.000000      3.552171569300E-02      1.120589893446E-02
   93.100000      3.474403333191E-02      1.087302002706E-02
   93.200000      3.350863028608E-02      1.037170981927E-02
   93.300000      3.180960664349E-02      9.709688975705E-03
   93.400000      2.965931319549E-02      8.902998996684E-03
   93.500000      2.710884787014E-02      7.980784278605E-03
   93.600000      2.427231018599E-02      6.990832134807E-03
   93.700000      2.134422610206E-02      6.002708171230E-03
   93.800000      1.859886382649E-02      5.105228612206E-03
   93.900000      1.636381864837E-02      4.396343932212E-03
   94.000000      1.496784381880E-02      3.965971671837E-03
   94.100000      1.466663661034E-02      3.875131709488E-03
   94.200000      1.555067744930E-02      4.136897801479E-03
   94.300000      1.746589352706E-02      4.705296796948E-03
   94.400000      2.002522589914E-02      5.476918391530E-03
   94.500000      2.271859417034E-02      6.306846650556E-03
   94.600000      2.503591508130E-02      7.036438855721E-03
   94.700000      2.656290912583E-02      7.526723788283E-03
   94.800000      2.704893027073E-02      7.689044385097E-03
   94.900000      2.644521939044E-02      7.504850838817E-03
   95.000000      2.491017627459E-02      7.029297340970E-03
   95.100000      2.278104332531E-02      6.377705059100E-03
   95.200000      2.051517125103E-02      5.698640846336E-03
   95.300000      1.860682507669E-02      5.140846456978E-03
   95.400000      1.748699651297E-02      4.822487653410E-03
   95.500000      1.741607094777E-02      4.809913406271E-03
   95.600000      1.841067485728E-02      5.109896832953E-03
   95.700000      2.026490417849E-02      5.675327794939E-03
   95.800000      2.264227567722E-02      6.420841208876E-03
   95.900000      2.517840983600E-02      7.242895448091E-03
   96.000000      2.755290279961E-02      8.038769122064E-03
   96.100000      2.952281673543E-02      8.720561858278E-03
   96.200000      3.092944227524E-02      9.222781073632E-03
   96.300000      3.168869890749E-02      9.504470235274E-03
   96.400000      3.177426945089E-02      9.548238918739E-03
   96.500000      3.120437810646E-02      9.358612187373E-03
   96.600000      3.004000751202E-02      8.961036612075E-03
   96.700000      2.839052071136E-02      8.401334177742E-03
   96.800000      2.641907128686E-02      7.744191649325E-03
   96.900000      2.434245858235E-02      7.068988192810E-03
   97.000000      2.241984029141E-02      6.462005692967E-03
   97.100000      2.092354617402E-02      6.005468615040E-03
   97.200000      2.009074345389E-02      5.765291560180E-03
   97.300000      2.007057142933E-02      5.780271339546E-03
   97.400000      2.088821675977E-02      6.055415831232E-03
   97.500000      2.243813288101E-02      6.561186813529E-03
   97.600000      2.450703680852E-02      7.238982226893E-03
   97.700000      2.682203272935E-02      8.011671058936E-03
   97.800000      2.911016638990E-02      8.796861395762E-03
   97.900000      3.114584179836E-02      9.520097737076E-03
   98.000000      3.277679622221E-02      1.012538872122E-02
   98.100000      3.393265122870E-02      1.058120756155E-02
   98.200000      3.461982654011E-02      1.088113391631E-02
   98.300000      3.490540379020E-02      1.103937844640E-02
   98.400000      3.489290484021E-02      1.108238660967E-02
   98.500000      3.469412943007E-02      1.103846248885E-02
   98.600000      3.439756270416E-02      1.092781002586E-02
   98.700000      3.403470941914E-02      1.075545576797E-02
   98.800000      3.355926322556E-02      1.050907941665E-02
   98.900000      3.285840467071E-02      1.016278167646E-02
   99.000000      3.179326752020E-02      9.686361309675E-03
   99.100000      3.024869027914E-02      9.058056307759E-03
   99.200000      2.817759042019E-02      8.277392092119E-03
   99.300000      2.563254306023E-02      7.374260315705E-03
   99.400000      2.277955256539E-02      6.410941363841E-03
   99.500000      1.989010878204E-02      5.475462121133E-03
   99.600000      1.730800677480E-02      4.667042795835E-03
   99.700000      1.538682581116E-02      4.076746643312E-03
   99.800000      1.440420817100E-02      3.768061958365E-03
   99.900000      1.447204444357E-02      3.762473181433E-03
  100.000000      1.548345945737E-02      4.033960555548E-03
