# M=24, N=12, V0=0.0, V=0.15, PBC
#  time (tJ)                 S₁(n=4)                 S₂(n=4)
    0.000000      3.019806626980E-14      0.000000000000E+00
    0.100000      1.311908391370E-03      2.352147034967E-04
    0.200000      4.403224800906E-03      8.976111494272E-04
    0.300000      8.469244342258E-03      1.867589321666E-03
    0.400000      1.278567336694E-02      2.976852475685E-03
    0.500000      1.671752460742E-02      4.046110647371E-03
    0.600000      1.978902098544E-02      4.922947307875E-03
    0.700000      2.173409911299E-02      5.510463622610E-03
    0.800000      2.251136083308E-02      5.780427614924E-03
    0.900000      2.228165144812E-02      5.769280140631E-03
    1.000000      2.135493540464E-02      5.560002856209E-03
    1.100000      2.011772520366E-02      5.256176411958E-03
    1.200000      1.894987430134E-02      4.955732499283E-03
    1.300000      1.813566123991E-02      4.730856473445E-03
    1.400000      1.779751870464E-02      4.617836644409E-03
    1.500000      1.790180029380E-02      4.617397593603E-03
    1.600000      1.831540075891E-02      4.703241967446E-03
    1.700000      1.886645495701E-02      4.834890902687E-03
    1.800000      1.939326931908E-02      4.970693991430E-03
    1.900000      1.977897539917E-02      5.077829813274E-03
    2.000000      1.996655784360E-02      5.137687181302E-03
    2.100000      1.995659337860E-02      5.146597687902E-03
    2.200000      1.979200032383E-02      5.113029863788E-03
    2.300000      1.953828483477E-02      5.052865344414E-03
    2.400000      1.926592194746E-02      4.984318988057E-03
    2.500000      1.903487506587E-02      4.923651161399E-03
    2.600000      1.888422801457E-02      4.882294134998E-03
    2.700000      1.882976786059E-02      4.865554537267E-03
    2.800000      1.886557132354E-02      4.872738328471E-03
    2.900000      1.896701601284E-02      4.898368149522E-03
    3.000000      1.910106077370E-02      4.934081174351E-03
    3.100000      1.923927895229E-02      4.970770158124E-03
    3.200000      1.936244018125E-02      5.000548748066E-03
    3.300000      1.945484601732E-02      5.018191564647E-03
    3.400000      1.950145620547E-02      5.021825599131E-03
    3.500000      1.949499015339E-02      5.012817767512E-03
    3.600000      1.944018319602E-02      4.994977721977E-03
    3.700000      1.935239513200E-02      4.973331041281E-03
    3.800000      1.925411117237E-02      4.952782839136E-03
    3.900000      1.917170399412E-02      4.936975945469E-03
    4.000000      1.913076797820E-02      4.927563830545E-03
    4.100000      1.914270205836E-02      4.923992854311E-03
    4.200000      1.919021369773E-02      4.923753261699E-03
    4.300000      1.923892935768E-02      4.922946392763E-03
    4.400000      1.925614575650E-02      4.916955557301E-03
    4.500000      1.921949092109E-02      4.901016116722E-03
    4.600000      1.911892686742E-02      4.870551208499E-03
    4.700000      1.895372143796E-02      4.821245454875E-03
    4.800000      1.872387441734E-02      4.748931192903E-03
    4.900000      1.841917232795E-02      4.649428703170E-03
    5.000000      1.801777913959E-02      4.518501543653E-03
    5.100000      1.749415013534E-02      4.352066539624E-03
    5.200000      1.682647702553E-02      4.146748222432E-03
    5.300000      1.600190857409E-02      3.900798862259E-03
    5.400000      1.502000554400E-02      3.615321592964E-03
    5.500000      1.389525443644E-02      3.295640060857E-03
    5.600000      1.266071986392E-02      2.952565763218E-03
    5.700000      1.137355041431E-02      2.603245132700E-03
    5.800000      1.011997878093E-02      2.271247790643E-03
    5.900000      9.016228263909E-03      1.985605805232E-03
    6.000000      8.200796952655E-03      1.778639167267E-03
    6.100000      7.814068943063E-03      1.682596193537E-03
    6.200000      7.969224850853E-03      1.725373913056E-03
    6.300000      8.725282043454E-03      1.925824492273E-03
    6.400000      1.007361967919E-02      2.289353248869E-03
    6.500000      1.194007212288E-02      2.804623441963E-03
    6.600000      1.419322978681E-02      3.442159813764E-03
    6.700000      1.665687657599E-02      4.155459376111E-03
    6.800000      1.912723865001E-02      4.884874110808E-03
    6.900000      2.139289099308E-02      5.564062697861E-03
    7.000000      2.325579596432E-02      6.128292157634E-03
    7.100000      2.455256415734E-02      6.523409433167E-03
    7.200000      2.517435484110E-02      6.714009928407E-03
    7.300000      2.508293210346E-02      6.689298338057E-03
    7.400000      2.431964695188E-02      6.465413828861E-03
    7.500000      2.300496721368E-02      6.083557532663E-03
    7.600000      2.132782827713E-02      5.604023813899E-03
    7.700000      1.952515257755E-02      5.097045809432E-03
    7.800000      1.785202771172E-02      4.632038076998E-03
    7.900000      1.654275622995E-02      4.267186652147E-03
    8.000000      1.576494758894E-02      4.041292695548E-03
    8.100000      1.558038937575E-02      3.969310842810E-03
    8.200000      1.593833205695E-02      4.042236158933E-03
    8.300000      1.670558463002E-02      4.231070860597E-03
    8.400000      1.770930695312E-02      4.493770522766E-03
    8.500000      1.877309008546E-02      4.783534393252E-03
    8.600000      1.974324189958E-02      5.056690220119E-03
    8.700000      2.050593086855E-02      5.278736896086E-03
    8.800000      2.099499077014E-02      5.427733154828E-03
    8.900000      2.119105747262E-02      5.494957006590E-03
    9.000000      2.111408213430E-02      5.483388242317E-03
    9.100000      2.081236900537E-02      5.404918046652E-03
    9.200000      2.035130075721E-02      5.277204711712E-03
    9.300000      1.980375191591E-02      5.120830964243E-03
    9.400000      1.924270143399E-02      4.957023041404E-03
    9.500000      1.873553509863E-02      4.805838357332E-03
    9.600000      1.833909806845E-02      4.684552649636E-03
    9.700000      1.809456944703E-02      4.606028087377E-03
    9.800000      1.802244733430E-02      4.577071385102E-03
    9.900000      1.811930758208E-02      4.597071842237E-03
   10.000000      1.835728905514E-02      4.657397533509E-03
   10.100000      1.868550238348E-02      4.742014913561E-03
   10.200000      1.903283372824E-02      4.829556138711E-03
   10.300000      1.931575421951E-02      4.896658009085E-03
   10.400000      1.945390347648E-02      4.921976583932E-03
   10.500000      1.938647299837E-02      4.890000590861E-03
   10.600000      1.908335359226E-02      4.793759150399E-03
   10.700000      1.854964062492E-02      4.635769305724E-03
   10.800000      1.782335649386E-02      4.427020513750E-03
   10.900000      1.696708323704E-02      4.184301438888E-03
   11.000000      1.605499944822E-02      3.926581546812E-03
   11.100000      1.515754376513E-02      3.671353205181E-03
   11.200000      1.432687918029E-02      3.431784541425E-03
   11.300000      1.358802502280E-02      3.215272872287E-03
   11.400000      1.294029506861E-02      3.023617669577E-03
   11.500000      1.236761020580E-02      2.854656276337E-03
   11.600000      1.185150623509E-02      2.704906373499E-03
   11.700000      1.138257196072E-02      2.572576615138E-03
   11.800000      1.096907500540E-02      2.460244249270E-03
   11.900000      1.064269815989E-02      2.376542399167E-03
   12.000000      1.046008004726E-02      2.336340182634E-03
   12.100000      1.049761618413E-02      2.359136568831E-03
   12.200000      1.083756465956E-02      2.465722188097E-03
   12.300000      1.154636634668E-02      2.673564532091E-03
   12.400000      1.265239507127E-02      2.991769228732E-03
   12.500000      1.413206304603E-02      3.416751010801E-03
   12.600000      1.590600255351E-02      3.929791328669E-03
   12.700000      1.784523344721E-02      4.497385716694E-03
   12.800000      1.978832068965E-02      5.074703990791E-03
   12.900000      2.156561184709E-02      5.611723290329E-03
   13.000000      2.302419940350E-02      6.060860052911E-03
   13.100000      2.404912853329E-02      6.384456933064E-03
   13.200000      2.457784528371E-02      6.560445550857E-03
   13.300000      2.460580380245E-02      6.584943802399E-03
   13.400000      2.418251511447E-02      6.471340193118E-03
   13.500000      2.339902088198E-02      6.246330366835E-03
   13.600000      2.236952959903E-02      5.944124394294E-03
   13.700000      2.121154797349E-02      5.600410083258E-03
   13.800000      2.002961847764E-02      5.247536139375E-03
   13.900000      1.890758959701E-02      4.911827525015E-03
   14.000000      1.790976967166E-02      4.613161964130E-03
   14.100000      1.708623004929E-02      4.366191383776E-03
   14.200000      1.647762156906E-02      4.182132975647E-03
   14.300000      1.611694308684E-02      4.070020688773E-03
   14.400000      1.602811332787E-02      4.036684707957E-03
   14.500000      1.622234538922E-02      4.085357296243E-03
   14.600000      1.669210037539E-02      4.213450989424E-03
   14.700000      1.740297145937E-02      4.410486381518E-03
   14.800000      1.828846066432E-02      4.657211142643E-03
   14.900000      1.925279468585E-02      4.926629508323E-03
   15.000000      2.018284653580E-02      5.187066513571E-03
   15.100000      2.096551766786E-02      5.406730633022E-03
   15.200000      2.150591075440E-02      5.558738423281E-03
   15.300000      2.174237440548E-02      5.625391321507E-03
   15.400000      2.165502604914E-02      5.600698007562E-03
   15.500000      2.126634166730E-02      5.490637144000E-03
   15.600000      2.063446192005E-02      5.311279908360E-03
   15.700000      1.984124821167E-02      5.085430647072E-03
   15.800000      1.897825620038E-02      4.838725779160E-03
   15.900000      1.813419094017E-02      4.596080746398E-03
   16.000000      1.738614240845E-02      4.379041570374E-03
   16.100000      1.679468084392E-02      4.204138297097E-03
   16.200000      1.640089336163E-02      4.081955600941E-03
   16.300000      1.622204100989E-02      4.016495239776E-03
   16.400000      1.624578532356E-02      4.004557399724E-03
   16.500000      1.642795154457E-02      4.035226192038E-03
   16.600000      1.669560106524E-02      4.089918961558E-03
   16.700000      1.695403657841E-02      4.143639617429E-03
   16.800000      1.709776943759E-02      4.167925428865E-03
   16.900000      1.702605061053E-02      4.135494524986E-03
   17.000000      1.666200864425E-02      4.025935915950E-03
   17.100000      1.597190279501E-02      3.831183480987E-03
   17.200000      1.497963742291E-02      3.559236771036E-03
   17.300000      1.377214799461E-02      3.234797926853E-03
   17.400000      1.249266371194E-02      2.896182873815E-03
   17.500000      1.132031074589E-02      2.588855443585E-03
   17.600000      1.043659992805E-02      2.356921987334E-03
   17.700000      9.984334678462E-03      2.234589262697E-03
   17.800000      1.003258931347E-02      2.239700954479E-03
   17.900000      1.056331102049E-02      2.370971872474E-03
   18.000000      1.148378015250E-02      2.609569904779E-03
   18.100000      1.265694226470E-02      2.924538301660E-03
   18.200000      1.393718168617E-02      3.280544632260E-03
   18.300000      1.520101718222E-02      3.645875310022E-03
   18.400000      1.636773904026E-02      3.998613503615E-03
   18.500000      1.740837297871E-02      4.329512649265E-03
   18.600000      1.834222109823E-02      4.641019668234E-03
   18.700000      1.922175122162E-02      4.942935792577E-03
   18.800000      2.010848453444E-02      5.246054045618E-03
   18.900000      2.104445007743E-02      5.555582216277E-03
   19.000000      2.202782130138E-02      5.866165106012E-03
   19.100000      2.300295950945E-02      6.159891994129E-03
   19.200000      2.386767572661E-02      6.407935771971E-03
   19.300000      2.449326796606E-02      6.575592638240E-03
   19.400000      2.475229783734E-02      6.629666845713E-03
   19.500000      2.454792161158E-02      6.546551620981E-03
   19.600000      2.383857417027E-02      6.319129355243E-03
   19.700000      2.265334119251E-02      5.960812446208E-03
   19.800000      2.109531618064E-02      5.505636960136E-03
   19.900000      1.933229130936E-02      5.004175711175E-03
   20.000000      1.757602477874E-02      4.515959424725E-03
   20.100000      1.605263370100E-02      4.099870807367E-03
   20.200000      1.496640315900E-02      3.804428962535E-03
   20.300000      1.445832006303E-02      3.659909259304E-03
   20.400000      1.456855130033E-02      3.673841400834E-03
   20.500000      1.522885200906E-02      3.830688782730E-03
   20.600000      1.628522419762E-02      4.095609715820E-03
   20.700000      1.753854348486E-02      4.421354820136E-03
   20.800000      1.879047449271E-02      4.756770841052E-03
   20.900000      1.987522931829E-02      5.055188101637E-03
   21.000000      2.067631521168E-02      5.281176224248E-03
   21.100000      2.113341211635E-02      5.414654431512E-03
   21.200000      2.124193408210E-02      5.451967144498E-03
   21.300000      2.104636545375E-02      5.404116457336E-03
   21.400000      2.062794429812E-02      5.292774160695E-03
   21.500000      2.008749245088E-02      5.144947415761E-03
   21.600000      1.952513181802E-02      4.987269406917E-03
   21.700000      1.902031417143E-02      4.840871051314E-03
   21.800000      1.861652969941E-02      4.717686003490E-03
   21.900000      1.831438205657E-02      4.618842239469E-03
   22.000000      1.807579386992E-02      4.535476834482E-03
   22.100000      1.783785615298E-02      4.451871545673E-03
   22.200000      1.753200515030E-02      4.350294130178E-03
   22.300000      1.710392057118E-02      4.216458987963E-03
   22.400000      1.652944343832E-02      4.044247097373E-03
   22.500000      1.582292322583E-02      3.838387443593E-03
   22.600000      1.503628581040E-02      3.614250947666E-03
   22.700000      1.424930093091E-02      3.394662751431E-03
   22.800000      1.355333237635E-02      3.204495024791E-03
   22.900000      1.303175581316E-02      3.064492380695E-03
   23.000000      1.274004943722E-02      2.986067066651E-03
   23.100000      1.268867211525E-02      2.968561979843E-03
   23.200000      1.283596992392E-02      2.999768621683E-03
   23.300000      1.309986209375E-02      3.059522436132E-03
   23.400000      1.338496443531E-02      3.125295238849E-03
   23.500000      1.361100174751E-02      3.178165581647E-03
   23.600000      1.373270149407E-02      3.207545589659E-03
   23.700000      1.374829990809E-02      3.213549370782E-03
   23.800000      1.369705993962E-02      3.206685585200E-03
   23.900000      1.364848146459E-02      3.205330606892E-03
   24.000000      1.368720907424E-02      3.231914853375E-03
   24.100000      1.389695248377E-02      3.308815146235E-03
   24.200000      1.434583708331E-02      3.454665920898E-03
   24.300000      1.507544261265E-02      3.681395551453E-03
   24.400000      1.609456992655E-02      3.991996467541E-03
   24.500000      1.737545376816E-02      4.378988362297E-03
   24.600000      1.885023066878E-02      4.823712497023E-03
   24.700000      2.041270582572E-02      5.296840174914E-03
   24.800000      2.193066929992E-02      5.760573441278E-03
   24.900000      2.326393248659E-02      6.172804610953E-03
   25.000000      2.428349483786E-02      6.492977328550E-03
   25.100000      2.489038997631E-02      6.688722749162E-03
   25.200000      2.503132458098E-02      6.741810553614E-03
   25.300000      2.470771431296E-02      6.651828493059E-03
   25.400000      2.397612554372E-02      6.436421264604E-03
   25.500000      2.293985887700E-02      6.127800978969E-03
   25.600000      2.173208445937E-02      5.766309583941E-03
   25.700000      2.049220736668E-02      5.392694929728E-03
   25.800000      1.933948972572E-02      5.041134379194E-03
   25.900000      1.835147114104E-02      4.734759678468E-03
   26.000000      1.755735101366E-02      4.484597411618E-03
   26.100000      1.694995938662E-02      4.291736559263E-03
   26.200000      1.650711003722E-02      4.151555959195E-03
   26.300000      1.621087838671E-02      4.058323489077E-03
   26.400000      1.605778079108E-02      4.008570881677E-03
   26.500000      1.605762028670E-02      4.002276181739E-03
   26.600000      1.622424004061E-02      4.041779601381E-03
   26.700000      1.656462048906E-02      4.129169863101E-03
   26.800000      1.706917545657E-02      4.263322656260E-03
   26.900000      1.770708149296E-02      4.437735695842E-03
   27.000000      1.842845164718E-02      4.639868388514E-03
   27.100000      1.917041877717E-02      4.852082374587E-03
   27.200000      1.986444161381E-02      5.053750809505E-03
   27.300000      2.044354833497E-02      5.223843103695E-03
   27.400000      2.084937355326E-02      5.343341886451E-03
   27.500000      2.103745465143E-02      5.397115786859E-03
   27.600000      2.097878723181E-02      5.375184228760E-03
   27.700000      2.065888364577E-02      5.273510473219E-03
   27.800000      2.007876232526E-02      5.094474430192E-03
   27.900000      1.925911526150E-02      4.847045339684E-03
   28.000000      1.824380868247E-02      4.546511245519E-03
   28.100000      1.709971125231E-02      4.213549749339E-03
   28.200000      1.591179463393E-02      3.872505799779E-03
   28.300000      1.477360093200E-02      3.548950358741E-03
   28.400000      1.377530932969E-02      3.266831195949E-03
   28.500000      1.299255813724E-02      3.045680700725E-03
   28.600000      1.247718374685E-02      2.898346784667E-03
   28.700000      1.225076088593E-02      2.829571462808E-03
   28.800000      1.230157699134E-02      2.835537602252E-03
   28.900000      1.258546618089E-02      2.904342332294E-03
   29.000000      1.303099229198E-02      3.017305074124E-03
   29.100000      1.354829407623E-02      3.151069860389E-03
   29.200000      1.404085477903E-02      3.280526847046E-03
   29.300000      1.441994616515E-02      3.382535792810E-03
   29.400000      1.462079886385E-02      3.440207404926E-03
   29.500000      1.461788286104E-02      3.447117120242E-03
   29.600000      1.443578214386E-02      3.410441320609E-03
   29.700000      1.415219484505E-02      3.351836665082E-03
   29.800000      1.389035027051E-02      3.305114149631E-03
   29.900000      1.379988291796E-02      3.310440959404E-03
   30.000000      1.402774023110E-02      3.405798631732E-03
   30.100000      1.468285276866E-02      3.617436833659E-03
   30.200000      1.579966691294E-02      3.951723084677E-03
   30.300000      1.731225406728E-02      4.390800966808E-03
   30.400000      1.905935529810E-02      4.893720938724E-03
   30.500000      2.082173501815E-02      5.403339061827E-03
   30.600000      2.237161398022E-02      5.857661973582E-03
   30.700000      2.351953523306E-02      6.202948335505E-03
   30.800000      2.415026363463E-02      6.405214996605E-03
   30.900000      2.424239986087E-02      6.457092792013E-03
   31.000000      2.386923942996E-02      6.378180358637E-03
   31.100000      2.318109410483E-02      6.208807982666E-03
   31.200000      2.237143751169E-02      5.998923173290E-03
   31.300000      2.162985148159E-02      5.795119411808E-03
   31.400000      2.108658809221E-02      5.629285273469E-03
   31.500000      2.077038422288E-02      5.511846917986E-03
   31.600000      2.061365741492E-02      5.431275169197E-03
   31.700000      2.049239334384E-02      5.359798611782E-03
   31.800000      2.027020377467E-02      5.263578757200E-03
   31.900000      1.983821767974E-02      5.114415893420E-03
   32.000000      1.914615799894E-02      4.899682437351E-03
   32.100000      1.821961827967E-02      4.627719686349E-03
   32.200000      1.716048855273E-02      4.327226884723E-03
   32.300000      1.612980239838E-02      4.040851814019E-03
   32.400000      1.531427984411E-02      3.814788611745E-03
   32.500000      1.487906836072E-02      3.687260768213E-03
   32.600000      1.491205588055E-02      3.679027345482E-03
   32.700000      1.539076503714E-02      3.788437816243E-03
   32.800000      1.620309694315E-02      3.992254539350E-03
   32.900000      1.718942486025E-02      4.251831958890E-03
   33.000000      1.818300643112E-02      4.522752188535E-03
   33.100000      1.904319263273E-02      4.765098502368E-03
   33.200000      1.967821168201E-02      4.951471188897E-03
   33.300000      2.005491512563E-02      5.070633792354E-03
   33.400000      2.019424914078E-02      5.126076801687E-03
   33.500000      2.015378171613E-02      5.130364077298E-03
   33.600000      2.000108442161E-02      5.097396862585E-03
   33.700000      1.978294575947E-02      5.035306843260E-03
   33.800000      1.949854542745E-02      4.942409119407E-03
   33.900000      1.909688555151E-02      4.807606852792E-03
   34.000000      1.850296459593E-02      4.615167320203E-03
   34.100000      1.765215564179E-02      4.352337856074E-03
   34.200000      1.652097580044E-02      4.017288031378E-03
   34.300000      1.514814894301E-02      3.624660143220E-03
   34.400000      1.364161898129E-02      3.206656109313E-03
   34.500000      1.216930757587E-02      2.808895191937E-03
   34.600000      1.093330152450E-02      2.481848640943E-03
   34.700000      1.012805589399E-02      2.270017711559E-03
   34.800000      9.885034547334E-03      2.201759352383E-03
   34.900000      1.022368197701E-02      2.282556184793E-03
   35.000000      1.105022325402E-02      2.493603041469E-03
   35.100000      1.219731120320E-02      2.796112347749E-03
   35.200000      1.346961136001E-02      3.140160326979E-03
   35.300000      1.468404341232E-02      3.475677608756E-03
   35.400000      1.570095493302E-02      3.762695358815E-03
   35.500000      1.644295890031E-02      3.978327516823E-03
   35.600000      1.689969495129E-02      4.119058664624E-03
   35.700000      1.711927134585E-02      4.198339800946E-03
   35.800000      1.718995355731E-02      4.240793187360E-03
   35.900000      1.721711355496E-02      4.275082745644E-03
   36.000000      1.730011858986E-02      4.327519826318E-03
   36.100000      1.751380551896E-02      4.417820108514E-03
   36.200000      1.790012104256E-02      4.557412252408E-03
   36.300000      1.847151042765E-02      4.749735738860E-03
   36.400000      1.921903332206E-02      4.991414297572E-03
   36.500000      2.011676677683E-02      5.273225379546E-03
   36.600000      2.112023857141E-02      5.580330927401E-03
   36.700000      2.216203949856E-02      5.892005618336E-03
   36.800000      2.315027644028E-02      6.181721715380E-03
   36.900000      2.397556655358E-02      6.418618818556E-03
   37.000000      2.452567483798E-02      6.570994813452E-03
   37.100000      2.470378197555E-02      6.611640114508E-03
   37.200000      2.444715257441E-02      6.523930685535E-03
   37.300000      2.374295452551E-02      6.306981609688E-03
   37.400000      2.263774112520E-02      5.978124729936E-03
   37.500000      2.123747180220E-02      5.571574905739E-03
   37.600000      1.969645798266E-02      5.133207358007E-03
   37.700000      1.819585139479E-02      4.712524810222E-03
   37.800000      1.691349108367E-02      4.353749690268E-03
   37.900000      1.598877538903E-02      4.088243734853E-03
   38.000000      1.549324859430E-02      3.930054345215E-03
   38.100000      1.541352922052E-02      3.875462164045E-03
   38.200000      1.565855777614E-02      3.906272101580E-03
   38.300000      1.609987682504E-02      3.995616010540E-03
   38.400000      1.661420654541E-02      4.114511209399E-03
   38.500000      1.710691644740E-02      4.237470137076E-03
   38.600000      1.751971628070E-02      4.346008340162E-03
   38.700000      1.782793865777E-02      4.429714506213E-03
   38.800000      1.803102446102E-02      4.485322531962E-03
   38.900000      1.814024512655E-02      4.514702758189E-03
   39.000000      1.816992112729E-02      4.522745768197E-03
   39.100000      1.813705968353E-02      4.515795907319E-03
   39.200000      1.806521600490E-02      4.500786631985E-03
   39.300000      1.798576566816E-02      4.484771609873E-03
   39.400000      1.793330575160E-02      4.474326882224E-03
   39.500000      1.793498252048E-02      4.474400520021E-03
   39.600000      1.799844935576E-02      4.486552547099E-03
   39.700000      1.810579955148E-02      4.506997768960E-03
   39.800000      1.821430639267E-02      4.525231421852E-03
   39.900000      1.825981711192E-02      4.524107179066E-03
   40.000000      1.816316235269E-02      4.481969588237E-03
   40.100000      1.784275874913E-02      4.376868542249E-03
   40.200000      1.723350096353E-02      4.192172443640E-03
   40.300000      1.630717552880E-02      3.922288058173E-03
   40.400000      1.508835380422E-02      3.576914901136E-03
   40.500000      1.366158524897E-02      3.182442146720E-03
   40.600000      1.216783728181E-02      2.779721188553E-03
   40.700000      1.078979631788E-02      2.418352467287E-03
   40.800000      9.726866510855E-03      2.148547789585E-03
   40.900000      9.161618984722E-03      2.012293598415E-03
   41.000000      9.220746234027E-03      2.035749817440E-03
   41.100000      9.936440821890E-03      2.224518242712E-03
   41.200000      1.122547792488E-02      2.562704710760E-03
   41.300000      1.291604775346E-02      3.015797854974E-03
   41.400000      1.480233661285E-02      3.536553648291E-03
   41.500000      1.668409669540E-02      4.072527158266E-03
   41.600000      1.839031583288E-02      4.573742430568E-03
   41.700000      1.979351194975E-02      4.999215920150E-03
   41.800000      2.081663196407E-02      5.321512117537E-03
   41.900000      2.143398814325E-02      5.529021996078E-03
   42.000000      2.166788993291E-02      5.626050866328E-03
   42.100000      2.158230772920E-02      5.631006624228E-03
   42.200000      2.127436884272E-02      5.573025086795E-03
   42.300000      2.086417704256E-02      5.487362707026E-03
   42.400000      2.048234680224E-02      5.409939358240E-03
   42.500000      2.025357158930E-02      5.371573399536E-03
   42.600000      2.027458417913E-02      5.392673201139E-03
   42.700000      2.058519436309E-02      5.479315335482E-03
   42.800000      2.114341388823E-02      5.621615047846E-03
   42.900000      2.183575069752E-02      5.794996318371E-03
   43.000000      2.251327789992E-02      5.964413702666E-03
   43.100000      2.302520025241E-02      6.090891474201E-03
   43.200000      2.324544159605E-02      6.139125212787E-03
   43.300000      2.309243694163E-02      6.084539888288E-03
   43.400000      2.254063139422E-02      5.918250882015E-03
   43.500000      2.162249116496E-02      5.648843057673E-03
   43.600000      2.042155819985E-02      5.300648558921E-03
   43.700000      1.905858805100E-02      4.909051070602E-03
   43.800000      1.767340711401E-02      4.514031417885E-03
   43.900000      1.640574006630E-02      4.153506884844E-03
   44.000000      1.537793505092E-02      3.857923975954E-03
   44.100000      1.468018838456E-02      3.647089587974E-03
   44.200000      1.435554822122E-02      3.529525012803E-03
   44.300000      1.438561718903E-02      3.503916158075E-03
   44.400000      1.470362140024E-02      3.561723641209E-03
   44.500000      1.523256382783E-02      3.689855347059E-03
   44.600000      1.590611326057E-02      3.872529033989E-03
   44.700000      1.667006795797E-02      4.091974328218E-03
   44.800000      1.747463581367E-02      4.328247965285E-03
   44.900000      1.826344017444E-02      4.558925072320E-03
   45.000000      1.896556581371E-02      4.759583153063E-03
   45.100000      1.949751225183E-02      4.905731549551E-03
   45.200000      1.977682260870E-02      4.976233281998E-03
   45.300000      1.974231522021E-02      4.957537069945E-03
   45.400000      1.937310773863E-02      4.847473508254E-03
   45.500000      1.870036234405E-02      4.657220697855E-03
   45.600000      1.780825392470E-02      4.410418921876E-03
   45.700000      1.682252152605E-02      4.139221405537E-03
   45.800000      1.588553705929E-02      3.878041763876E-03
   45.900000      1.511637104549E-02      3.656548885449E-03
   46.000000      1.457832109874E-02      3.493769469874E-03
   46.100000      1.427880980910E-02      3.394862317140E-03
   46.200000      1.417817103023E-02      3.351327639860E-03
   46.300000      1.420294042376E-02      3.344397906571E-03
   46.400000      1.426485398021E-02      3.350485897728E-03
   46.500000      1.428175293995E-02      3.347131936257E-03
   46.600000      1.419489272709E-02      3.318003390730E-03
   46.700000      1.397901639184E-02      3.256044945020E-03
   46.800000      1.364495108085E-02      3.164585902964E-03
   46.900000      1.323677130521E-02      3.056772622881E-03
   47.000000      1.282649554077E-02      2.953904016196E-03
   47.100000      1.250835304935E-02      2.883092357973E-03
   47.200000      1.239178620843E-02      2.874327615197E-03
   47.300000      1.258955811092E-02      2.956763432073E-03
   47.400000      1.319703859359E-02      3.154089659040E-03
   47.500000      1.426522977048E-02      3.479260815678E-03
   47.600000      1.577919882933E-02      3.929453069086E-03
   47.700000      1.765049436621E-02      4.482621833113E-03
   47.800000      1.972351319669E-02      5.097122785115E-03
   47.900000      2.179532858273E-02      5.715381165719E-03
   48.000000      2.364484742391E-02      6.271620669881E-03
   48.100000      2.506619845600E-02      6.702486707420E-03
   48.200000      2.590100558741E-02      6.958422911749E-03
   48.300000      2.606407751680E-02      7.013240546153E-03
   48.400000      2.555852082119E-02      6.869624536954E-03
   48.500000      2.447804949016E-02      6.559258866063E-03
   48.600000      2.299627263889E-02      6.137523056687E-03
   48.700000      2.134463303321E-02      5.673914867400E-03
   48.800000      1.978156411867E-02      5.240162640199E-03
   48.900000      1.855465304203E-02      4.898256854471E-03
   49.000000      1.785382479440E-02      4.690412735462E-03
   49.100000      1.775464482256E-02      4.632465533200E-03
   49.200000      1.818929855986E-02      4.711600405771E-03
   49.300000      1.897828024643E-02      4.888745370848E-03
   49.400000      1.988360540622E-02      5.105410495101E-03
   49.500000      2.065428800023E-02      5.294179414715E-03
   49.600000      2.106616302590E-02      5.391420148627E-03
   49.700000      2.095869395420E-02      5.350155456841E-03
   49.800000      2.026553005389E-02      5.150611056616E-03
   49.900000      1.903280664300E-02      4.805989412700E-03
   50.000000      1.741978971232E-02      4.361680046967E-03
   50.100000      1.567822826555E-02      3.887412126893E-03
   50.200000      1.411003649154E-02      3.463533990736E-03
   50.300000      1.300788706788E-02      3.164216504855E-03
   50.400000      1.258734976614E-02      3.041409646845E-03
   50.500000      1.292664960190E-02      3.113445429051E-03
   50.600000      1.393703582733E-02      3.361164413421E-03
   50.700000      1.538534113587E-02      3.732574565453E-03
   50.800000      1.697114350083E-02      4.154838975900E-03
   50.900000      1.840449957018E-02      4.550474043418E-03
   51.000000      1.945985542874E-02      4.853597329773E-03
   51.100000      2.000795931600E-02      5.022215215401E-03
   51.200000      2.002555298677E-02      5.043831674151E-03
   51.300000      1.958389075788E-02      4.933666265643E-03
   51.400000      1.882014065751E-02      4.726835850338E-03
   51.500000      1.789852300645E-02      4.467329758135E-03
   51.600000      1.697058842734E-02      4.197083326602E-03
   51.700000      1.614421937257E-02      3.947896251741E-03
   51.800000      1.546937884703E-02      3.737667499267E-03
   51.900000      1.494526777491E-02      3.570938993272E-03
   52.000000      1.454115169334E-02      3.442553592671E-03
   52.100000      1.421797055753E-02      3.342654184898E-03
   52.200000      1.394333091410E-02      3.261337369523E-03
   52.300000      1.369832866540E-02      3.191852198120E-03
   52.400000      1.347901329755E-02      3.131994895964E-03
   52.500000      1.329473384360E-02      3.083987032371E-03
   52.600000      1.316486248839E-02      3.053443323649E-03
   52.700000      1.311604619760E-02      3.048011471638E-03
   52.800000      1.318050175188E-02      3.076024577269E-03
   52.900000      1.339294253940E-02      3.145239175252E-03
   53.000000      1.378197272670E-02      3.261598675488E-03
   53.100000      1.435666794110E-02      3.428017079709E-03
   53.200000      1.509999947657E-02      3.643354596527E-03
   53.300000      1.597501385643E-02      3.901913245913E-03
   53.400000      1.693519210621E-02      4.193780785882E-03
   53.500000      1.793315038065E-02      4.506142151854E-03
   53.600000      1.892743531753E-02      4.825322834794E-03
   53.700000      1.988641597569E-02      5.138983044864E-03
   53.800000      2.078882834399E-02      5.437717889865E-03
   53.900000      2.162268816493E-02      5.715444150461E-03
   54.000000      2.238305452973E-02      5.968355748831E-03
   54.100000      2.306642677645E-02      6.192774264115E-03
   54.200000      2.366196961623E-02      6.382704094834E-03
   54.300000      2.414386778130E-02      6.528128729821E-03
   54.400000      2.446768881391E-02      6.614944368537E-03
   54.500000      2.457257763739E-02      6.626939980841E-03
   54.600000      2.439411744049E-02      6.549548762872E-03
   54.700000      2.388554224749E-02      6.374444877585E-03
   54.800000      2.303733413422E-02      6.103669474346E-03
   54.900000      2.188899421048E-02      5.751983555680E-03
   55.000000      2.053044219585E-02      5.346566669380E-03
   55.100000      1.909202935975E-02      4.923877138547E-03
   55.200000      1.772364815115E-02      4.524244298950E-03
   55.300000      1.656677355292E-02      4.185352481798E-03
   55.400000      1.572916477537E-02      3.936042432574E-03
   55.500000      1.526978285128E-02      3.791747063241E-03
   55.600000      1.519188367411E-02      3.752452371000E-03
   55.700000      1.544307466053E-02      3.803468759760E-03
   55.800000      1.592548251156E-02      3.918683936349E-03
   55.900000      1.651575214074E-02      4.065499063836E-03
   56.000000      1.708883781755E-02      4.210418429635E-03
   56.100000      1.753893541065E-02      4.324284290900E-03
   56.200000      1.779360707574E-02      4.386367241127E-03
   56.300000      1.781987700638E-02      4.386842474100E-03
   56.400000      1.762350773760E-02      4.327504558049E-03
   56.500000      1.724431399079E-02      4.220825697031E-03
   56.600000      1.675006594056E-02      4.087615955236E-03
   56.700000      1.622900934930E-02      3.953613365852E-03
   56.800000      1.577987347278E-02      3.845362726282E-03
   56.900000      1.549811140945E-02      3.785786121358E-03
   57.000000      1.545705751899E-02      3.789935463891E-03
   57.100000      1.568633638815E-02      3.861533284850E-03
   57.200000      1.615761436134E-02      3.990991488920E-03
   57.300000      1.678544042902E-02      4.155561444358E-03
   57.400000      1.744223844979E-02      4.322037150248E-03
   57.500000      1.798133109877E-02      4.451984464279E-03
   57.600000      1.826278806333E-02      4.508864050162E-03
   57.700000      1.818060077941E-02      4.465798996148E-03
   57.800000      1.768635674682E-02      4.312308055066E-03
   57.900000      1.680405141105E-02      4.058271328898E-03
   58.000000      1.563280830593E-02      3.733822851345E-03
   58.100000      1.433600550166E-02      3.384737913173E-03
   58.200000      1.311665522857E-02      3.064009315438E-03
   58.300000      1.217933020948E-02      2.821378728969E-03
   58.400000      1.168231758521E-02      2.693275614864E-03
   58.500000      1.169602430763E-02      2.695670310732E-03
   58.600000      1.218801573144E-02      2.821698006230E-03
   58.700000      1.304039357039E-02      3.044696953483E-03
   58.800000      1.409033825903E-02      3.325851634194E-03
   58.900000      1.517505825343E-02      3.624358590987E-03
   59.000000      1.616773020860E-02      3.907327955865E-03
   59.100000      1.699969939482E-02      4.156731697068E-03
   59.200000      1.766699778472E-02      4.371604912382E-03
   59.300000      1.822111161058E-02      4.565139529950E-03
   59.400000      1.874629156487E-02      4.757836888448E-03
   59.500000      1.932847323984E-02      4.969020323267E-03
   59.600000      2.002361411833E-02      5.209389114646E-03
   59.700000      2.083570017116E-02      5.476813885778E-03
   59.800000      2.171459084823E-02      5.756417132873E-03
   59.900000      2.257439010320E-02      6.024560086453E-03
   60.000000      2.332102154117E-02      6.255150177788E-03
   60.100000      2.387735821578E-02      6.426077736571E-03
   60.200000      2.419897647590E-02      6.523750881654E-03
   60.300000      2.427772714075E-02      6.544524080274E-03
   60.400000      2.413368877530E-02      6.492989586812E-03
   60.500000      2.379945684837E-02      6.378199050688E-03
   60.600000      2.330385674501E-02      6.209525445946E-03
   60.700000      2.266225385861E-02      5.993857580256E-03
   60.800000      2.187689352425E-02      5.735177256963E-03
   60.900000      2.094615125983E-02      5.436560896261E-03
   61.000000      1.987847736467E-02      5.103652909201E-03
   61.100000      1.870576892434E-02      4.748038935409E-03
   61.200000      1.749133041691E-02      4.388920012153E-03
   61.300000      1.632870514533E-02      4.052056405456E-03
   61.400000      1.532944054720E-02      3.765907607500E-03
   61.500000      1.460083590101E-02      3.555907563677E-03
   61.600000      1.421776289677E-02      3.438532702007E-03
   61.700000      1.419787733721E-02      3.417000094040E-03
   61.800000      1.449465121330E-02      3.480012058028E-03
   61.900000      1.501138224624E-02      3.604076987286E-03
   62.000000      1.562645129259E-02      3.758866385813E-03
   62.100000      1.622184139619E-02      3.914150545885E-03
   62.200000      1.670816820186E-02      4.046374546422E-03
   62.300000      1.704047642235E-02      4.143041512265E-03
   62.400000      1.722201137435E-02      4.203731795013E-03
   62.500000      1.729552936126E-02      4.237604317271E-03
   62.600000      1.732373025108E-02      4.258286932830E-03
   62.700000      1.736273542806E-02      4.277837564753E-03
   62.800000      1.743741445563E-02      4.301707711510E-03
   62.900000      1.753131083819E-02      4.326292087754E-03
   63.000000      1.759509689836E-02      4.339817814291E-03
   63.100000      1.756571504669E-02      4.326274836410E-03
   63.200000      1.738800345939E-02      4.271137809241E-03
   63.300000      1.703330628458E-02      4.167063035583E-03
   63.400000      1.651151594441E-02      4.017728781493E-03
   63.500000      1.587491461267E-02      3.838527373445E-03
   63.600000      1.521159770924E-02      3.653754023871E-03
   63.700000      1.462730885858E-02      3.490993312643E-03
   63.800000      1.421770657526E-02      3.374264564384E-03
   63.900000      1.403735716349E-02      3.317893276658E-03
   64.000000      1.408228819091E-02      3.322904334526E-03
   64.100000      1.429826900084E-02      3.377033809236E-03
   64.200000      1.460219101481E-02      3.458434170762E-03
   64.300000      1.490473001988E-02      3.542097128028E-03
   64.400000      1.513183039319E-02      3.607236181880E-03
   64.500000      1.524359965091E-02      3.643575567155E-03
   64.600000      1.524706705473E-02      3.654767199599E-03
   64.700000      1.519876273405E-02      3.657931403806E-03
   64.800000      1.519485567288E-02      3.679381913996E-03
   64.900000      1.534897073039E-02      3.747656682390E-03
   65.000000      1.575997653597E-02      3.885732200598E-03
   65.100000      1.647602064457E-02      4.104529690681E-03
   65.200000      1.747417245488E-02      4.399456212282E-03
   65.300000      1.867009573765E-02      4.750867669981E-03
   65.400000      1.994321501648E-02      5.128244160471E-03
   65.500000      2.116389360306E-02      5.496849985669E-03
   65.600000      2.221870883015E-02      5.825003185564E-03
   65.700000      2.303033023733E-02      6.089983955790E-03
   65.800000      2.356827099947E-02      6.281087419890E-03
   65.900000      2.384866898395E-02      6.399225373044E-03
   66.000000      2.392314040942E-02      6.453527347204E-03
   66.100000      2.385842533172E-02      6.456259906544E-03
   66.200000      2.371006551703E-02      6.417805643380E-03
   66.300000      2.349945013386E-02      6.343297447370E-03
   66.400000      2.321131753380E-02      6.231857005279E-03
   66.500000      2.281001419086E-02      6.078471573911E-03
   66.600000      2.225942844687E-02      5.877670896104E-03
   66.700000      2.153851905444E-02      5.627616551524E-03
   66.800000      2.065062949187E-02      5.333148078368E-03
   66.900000      1.962734209682E-02      5.006740887376E-03
   67.000000      1.852634049542E-02      4.667066983539E-03
   67.100000      1.742277630692E-02      4.335660151478E-03
   67.200000      1.639562299806E-02      4.032802902267E-03
   67.300000      1.551169783537E-02      3.773970195795E-03
   67.400000      1.481153445658E-02      3.567917991565E-03
   67.500000      1.430522300080E-02      3.416888713941E-03
   67.600000      1.398261657218E-02      3.318645622404E-03
   67.700000      1.382914788894E-02      3.269414588062E-03
   67.800000      1.383689474854E-02      3.266522461589E-03
   67.900000      1.400702791273E-02      3.309666636399E-03
   68.000000      1.434534639676E-02      3.400270813504E-03
   68.100000      1.485296472393E-02      3.539095724402E-03
   68.200000      1.551507611880E-02      3.722941049946E-03
   68.300000      1.629225161963E-02      3.941675292419E-03
   68.400000      1.711753383059E-02      4.176829979727E-03
   68.500000      1.790071193403E-02      4.402586077274E-03
   68.600000      1.853981325829E-02      4.589283734753E-03
   68.700000      1.893886932211E-02      4.708809745097E-03
   68.800000      1.902804494574E-02      4.740592525142E-03
   68.900000      1.878038131256E-02      4.676649147571E-03
   69.000000      1.822084018981E-02      4.524271925312E-03
   69.100000      1.742579673157E-02      4.305481119889E-03
   69.200000      1.651268991237E-02      4.053164377088E-03
   69.300000      1.562057885062E-02      3.804664458969E-03
   69.400000      1.488326497738E-02      3.594247601526E-03
   69.500000      1.439707880161E-02      3.446214326392E-03
   69.600000      1.419288965143E-02      3.370316054777E-03
   69.700000      1.423185364221E-02      3.360628079299E-03
   69.800000      1.442628415236E-02      3.398212391234E-03
   69.900000      1.466931438976E-02      3.456968407582E-03
   70.000000      1.486414943425E-02      3.511241795621E-03
   70.100000      1.494852789881E-02      3.543258378608E-03
   70.200000      1.491050126859E-02      3.548424100847E-03
   70.300000      1.479268506009E-02      3.537023202666E-03
   70.400000      1.468365778970E-02      3.531757856640E-03
   70.500000      1.469747858047E-02      3.561680357826E-03
   70.600000      1.494492290362E-02      3.654074957320E-03
   70.700000      1.550103205238E-02      3.826457876772E-03
   70.800000      1.637531644491E-02      4.080884983613E-03
   70.900000      1.750004106259E-02      4.402158166557E-03
   71.000000      1.874868505281E-02      4.760462749044E-03
   71.100000      1.997147602891E-02      5.117754157362E-03
   71.200000      2.103031236442E-02      5.436198364928E-03
   71.300000      2.182571955078E-02      5.686449897041E-03
   71.400000      2.231304809520E-02      5.853659948792E-03
   71.500000      2.250662489653E-02      5.939787288807E-03
   71.600000      2.247231285802E-02      5.961810021378E-03
   71.700000      2.231085766644E-02      5.946493586991E-03
   71.800000      2.213549808097E-02      5.923164070780E-03
   71.900000      2.204698420880E-02      5.916280956446E-03
   72.000000      2.210844585731E-02      5.939472902995E-03
   72.100000      2.232405399538E-02      5.992210948333E-03
   72.200000      2.263295861962E-02      6.059640195342E-03
   72.300000      2.292729360583E-02      6.115458727266E-03
   72.400000      2.308117079160E-02      6.127232437399E-03
   72.500000      2.297710027282E-02      6.063190037033E-03
   72.600000      2.252732620873E-02      5.899326247581E-03
   72.700000      2.169018511017E-02      5.625533281471E-03
   72.800000      2.048104327270E-02      5.249509012513E-03
   72.900000      1.897662152708E-02      4.797424367137E-03
   73.000000      1.731093491688E-02      4.310833417101E-03
   73.100000      1.566122781263E-02      3.840063334665E-03
   73.200000      1.422293875633E-02      3.435196433792E-03
   73.300000      1.317282816659E-02      3.136516587120E-03
   73.400000      1.262087133267E-02      2.966666745961E-03
   73.500000      1.256980324550E-02      2.926552811294E-03
   73.600000      1.292175495238E-02      2.996197551542E-03
   73.700000      1.352329356432E-02      3.140473262388E-03
   73.800000      1.421172908978E-02      3.318279093753E-03
   73.900000      1.485167362293E-02      3.492707285761E-03
   74.000000      1.535992051204E-02      3.639415818586E-03
   74.100000      1.571647703607E-02      3.750935491232E-03
   74.200000      1.595971291899E-02      3.835850120462E-03
   74.300000      1.616694010749E-02      3.913318445961E-03
   74.400000      1.642529228948E-02      4.004761795068E-03
   74.500000      1.680049632484E-02      4.125293061511E-03
   74.600000      1.731200694381E-02      4.277396630081E-03
   74.700000      1.791946947198E-02      4.448556020607E-03
   74.800000      1.852482381804E-02      4.613280791073E-03
   74.900000      1.899752523212E-02      4.738737156601E-03
   75.000000      1.921151310886E-02      4.792321112275E-03
   75.100000      1.907540461597E-02      4.749231899869E-03
   75.200000      1.855121555745E-02      4.598380516128E-03
   75.300000      1.766169518303E-02      4.345593193980E-03
   75.400000      1.648725678305E-02      4.013768168841E-03
   75.500000      1.515479267637E-02      3.640200450303E-03
   75.600000      1.382206133268E-02      3.271623919689E-03
   75.700000      1.266052916973E-02      2.957683569041E-03
   75.800000      1.183613512468E-02      2.743653867722E-03
   75.900000      1.148612464110E-02      2.663342538352E-03
   76.000000      1.169188886805E-02      2.733252556778E-03
   76.100000      1.245038555707E-02      2.949118722759E-03
   76.200000      1.366286561628E-02      3.285755336588E-03
   76.300000      1.515768476622E-02      3.700665883334E-03
   76.400000      1.672992963527E-02      4.141110525445E-03
   76.500000      1.818160017114E-02      4.553474198875E-03
   76.600000      1.935402634821E-02      4.893086171480E-03
   76.700000      2.015062746491E-02      5.132362194171E-03
   76.800000      2.054915600444E-02      5.265412977630E-03
   76.900000      2.060201842151E-02      5.308050829329E-03
   77.000000      2.042441735278E-02      5.293218044961E-03
   77.100000      2.017180813867E-02      5.262941047102E-03
   77.200000      2.000975647434E-02      5.258678279792E-03
   77.300000      2.007849384387E-02      5.312189321310E-03
   77.400000      2.045364816088E-02      5.438791258096E-03
   77.500000      2.111892064655E-02      5.634223853582E-03
   77.600000      2.197649229234E-02      5.875533602789E-03
   77.700000      2.288084416051E-02      6.125611632221E-03
   77.800000      2.367069631234E-02      6.340410583886E-03
   77.900000      2.419694046961E-02      6.477467679519E-03
   78.000000      2.434661932463E-02      6.504174613084E-03
   78.100000      2.406062123432E-02      6.404258178865E-03
   78.200000      2.334366365191E-02      6.181187640020E-03
   78.300000      2.226534260804E-02      5.857727070048E-03
   78.400000      2.095102813043E-02      5.471580495524E-03
   78.500000      1.956251949399E-02      5.067926577848E-03
   78.600000      1.826953883064E-02      4.690412369901E-03
   78.700000      1.721308492782E-02      4.372640045060E-03
   78.800000      1.646626128974E-02      4.132153087739E-03
   78.900000      1.601681715993E-02      3.968357506272E-03
   79.000000      1.578580408383E-02      3.864819228673E-03
   79.100000      1.566120161016E-02      3.795230286742E-03
   79.200000      1.553059302491E-02      3.731372215722E-03
   79.300000      1.530902193499E-02      3.650921832289E-03
   79.400000      1.495811648839E-02      3.543092412241E-03
   79.500000      1.449239675208E-02      3.410827335127E-03
   79.600000      1.397223592535E-02      3.269316432557E-03
   79.700000      1.348706400251E-02      3.141634470564E-03
   79.800000      1.313436566021E-02      3.052976960259E-03
   79.900000      1.299949836731E-02      3.025106753102E-03
   80.000000      1.313972817735E-02      3.072249245659E-03
   80.100000      1.357430430470E-02      3.198992252937E-03
   80.200000      1.428217015896E-02      3.400053687772E-03
   80.300000      1.520754213350E-02      3.661333095675E-03
   80.400000      1.627024551067E-02      3.961582368886E-03
   80.500000      1.737570497753E-02      4.274267453092E-03
   80.600000      1.842138789880E-02      4.569566537715E-03
   80.700000      1.930145072803E-02      4.816738084750E-03
   80.800000      1.991426036283E-02      4.987126858381E-03
   80.900000      2.017517453101E-02      5.057818164877E-03
   81.000000      2.003210031664E-02      5.015506324566E-03
   81.100000      1.947900194154E-02      4.859723477761E-03
   81.200000      1.856313460293E-02      4.604404683288E-03
   81.300000      1.738311651147E-02      4.276984241535E-03
   81.400000      1.607651068808E-02      3.914809332735E-03
   81.500000      1.479763760524E-02      3.559440921785E-03
   81.600000      1.368965371937E-02      3.250109347616E-03
   81.700000      1.285983548720E-02      3.017931433000E-03
   81.800000      1.236784737568E-02      2.882321073146E-03
   81.900000      1.222969542110E-02      2.850362196251E-03
   82.000000      1.243153239027E-02      2.918971012290E-03
   82.100000      1.294445254678E-02      3.078778921448E-03
   82.200000      1.373343076453E-02      3.318145552015E-03
   82.300000      1.475874190036E-02      3.625768968560E-03
   82.400000      1.597712028986E-02      3.990994853114E-03
   82.500000      1.734355110123E-02      4.401915675412E-03
   82.600000      1.880614324173E-02      4.842325866009E-03
   82.700000      2.029600880570E-02      5.289182808913E-03
   82.800000      2.171875611175E-02      5.712177368111E-03
   82.900000      2.295560545216E-02      6.076336014670E-03
   83.000000      2.388141273728E-02      6.347491349910E-03
   83.100000      2.439383791377E-02      6.499352928214E-03
   83.200000      2.444048089862E-02      6.520181749811E-03
   83.300000      2.403624422767E-02      6.416985446716E-03
   83.400000      2.326757090141E-02      6.215748750895E-03
   83.500000      2.228259576357E-02      5.957300149997E-03
   83.600000      2.126794863081E-02      5.689632379876E-03
   83.700000      2.041311765552E-02      5.458453306117E-03
   83.800000      1.986464633428E-02      5.298166447719E-03
   83.900000      1.968629944847E-02      5.225287636558E-03
   84.000000      1.984794793913E-02      5.235620450460E-03
   84.100000      2.024220375484E-02      5.305592339590E-03
   84.200000      2.071411679789E-02      5.397269254480E-03
   84.300000      2.109377152574E-02      5.465916660444E-03
   84.400000      2.122609183653E-02      5.468637814897E-03
   84.500000      2.099492152435E-02      5.372571625696E-03
   84.600000      2.034021038590E-02      5.161297607373E-03
   84.700000      1.926787650235E-02      4.838405121391E-03
   84.800000      1.785197453045E-02      4.427602809868E-03
   84.900000      1.622860751290E-02      3.969260604581E-03
   85.000000      1.458115976746E-02      3.513867688690E-03
   85.100000      1.311630675773E-02      3.113485155628E-03
   85.200000      1.202781522614E-02      2.812747526458E-03
   85.300000      1.144584326585E-02      2.641175498548E-03
   85.400000      1.139794974417E-02      2.608391395810E-03
   85.500000      1.181834160366E-02      2.703260290084E-03
   85.600000      1.258069442603E-02      2.897117687577E-03
   85.700000      1.352972338511E-02      3.150299150363E-03
   85.800000      1.451104274541E-02      3.420415296668E-03
   85.900000      1.539658061337E-02      3.670439394357E-03
   86.000000      1.610170536428E-02      3.874806052921E-03
   86.100000      1.659231364145E-02      4.022318654345E-03
   86.200000      1.688158380604E-02      4.115548060279E-03
   86.300000      1.701787879436E-02      4.167309523883E-03
   86.400000      1.706739255420E-02      4.195466339523E-03
   86.500000      1.709672639415E-02      4.217555953009E-03
   86.600000      1.715943223109E-02      4.246538930398E-03
   86.700000      1.728708189682E-02      4.288448168214E-03
   86.800000      1.748379680613E-02      4.342070767322E-03
   86.900000      1.772392737702E-02      4.400244604261E-03
   87.000000      1.795739945567E-02      4.452048190426E-03
   87.100000      1.812560554083E-02      4.485152280732E-03
   87.200000      1.817608497988E-02      4.487826921252E-03
   87.300000      1.807003181036E-02      4.450432380794E-03
   87.400000      1.778492751131E-02      4.366524118671E-03
   87.500000      1.731489728280E-02      4.233857478620E-03
   87.600000      1.667121766096E-02      4.055533905194E-03
   87.700000      1.588486819757E-02      3.841306164956E-03
   87.800000      1.501127253691E-02      3.608741665913E-03
   87.900000      1.413531213068E-02      3.383661319645E-03
   88.000000      1.337281268542E-02      3.199161959959E-03
   88.100000      1.286437959552E-02      3.092685082573E-03
   88.200000      1.275968068943E-02      3.101022222361E-03
   88.300000      1.319064075491E-02      3.253758373949E-03
   88.400000      1.423230775161E-02      3.566280455953E-03
   88.500000      1.586202540133E-02      4.033914864638E-03
   88.600000      1.794773202678E-02      4.628830109596E-03
   88.700000      2.027842741481E-02      5.300957242534E-03
   88.800000      2.260400330520E-02      5.983381154010E-03
   88.900000      2.467107203672E-02      6.601615735333E-03
   89.000000      2.625650090924E-02      7.085170207351E-03
   89.100000      2.719629893227E-02      7.379136187901E-03
   89.200000      2.740605274009E-02      7.453390442659E-03
   89.300000      2.689024636989E-02      7.307476883211E-03
   89.400000      2.573953360599E-02      6.970184453198E-03
   89.500000      2.411693894093E-02      6.494015584305E-03
   89.600000      2.223566543968E-02      5.945826767252E-03
   89.700000      2.033199023118E-02      5.395643682378E-03
   89.800000      1.863612912773E-02      4.905854114515E-03
   89.900000      1.734161055645E-02      4.522666298226E-03
   90.000000      1.656812098680E-02      4.271035538007E-03
   90.100000      1.632130577952E-02      4.153437606361E-03
   90.200000      1.649980051044E-02      4.152130610763E-03
   90.300000      1.694907715612E-02      4.234046914105E-03
   90.400000      1.750198770734E-02      4.357231534710E-03
   90.500000      1.800260967025E-02      4.477741383839E-03
   90.600000      1.832245669941E-02      4.556054520455E-03
   90.700000      1.837129329750E-02      4.562242298818E-03
   90.800000      1.810271205730E-02      4.479398766501E-03
   90.900000      1.751468435229E-02      4.305090047412E-03
   91.000000      1.664582957005E-02      4.050863115059E-03
   91.100000      1.556895880282E-02      3.740099957394E-03
   91.200000      1.438394558976E-02      3.404673482913E-03
   91.300000      1.321066978788E-02      3.080925185044E-03
   91.400000      1.218091738097E-02      2.805444013075E-03
   91.500000      1.142720441763E-02      2.611017828604E-03
   91.600000      1.106537691509E-02      2.523011184761E-03
   91.700000      1.116702751131E-02      2.556353056600E-03
   91.800000      1.173772138833E-02      2.713327139579E-03
   91.900000      1.272077311973E-02      2.982432113658E-03
   92.000000      1.401172050237E-02      3.338657979529E-03
   92.100000      1.547278772929E-02      3.745516148930E-03
   92.200000      1.694666161514E-02      4.158985251078E-03
   92.300000      1.827350485967E-02      4.533168855476E-03
   92.400000      1.931152539008E-02      4.826971444098E-03
   92.500000      1.995743470051E-02      5.010636013713E-03
   92.600000      2.016250968056E-02      5.070741033542E-03
   92.700000      1.994078459218E-02      5.012380160945E-03
   92.800000      1.936718092129E-02      4.857787437104E-03
   92.900000      1.856512663545E-02      4.641515432182E-03
   93.000000      1.768492647471E-02      4.403186495985E-03
   93.100000      1.687512601764E-02      4.179528831050E-03
   93.200000      1.624847492260E-02      3.997642695359E-03
   93.300000      1.584933095840E-02      3.871120719050E-03
   93.400000      1.565343151247E-02      3.799850728042E-03
   93.500000      1.559778096739E-02      3.773293535269E-03
   93.600000      1.561093785746E-02      3.776064263181E-03
   93.700000      1.563785434565E-02      3.794046195924E-03
   93.800000      1.565652344612E-02      3.819212015266E-03
   93.900000      1.568351175057E-02      3.851831067156E-03
   94.000000      1.576624173694E-02      3.899639740542E-03
   94.100000      1.596253585113E-02      3.974552585677E-03
   94.200000      1.631660033221E-02      4.088262593535E-03
   94.300000      1.684436363332E-02      4.248357710119E-03
   94.400000      1.753293190018E-02      4.456267847861E-03
   94.500000      1.835031772643E-02      4.707560492275E-03
   94.600000      1.925977414417E-02      4.994113132397E-03
   94.700000      2.023262195059E-02      5.306884496132E-03
   94.800000      2.125288763098E-02      5.637715034198E-03
   94.900000      2.231049005716E-02      5.978966740999E-03
   95.000000      2.338973030120E-02      6.320770245693E-03
   95.100000      2.445431501285E-02      6.646852095522E-03
   95.200000      2.542902634383E-02      6.930899832566E-03
   95.300000      2.618978784935E-02      7.135746504995E-03
   95.400000      2.657451329009E-02      7.217078306139E-03
   95.500000      2.641711377412E-02      7.131964800936E-03
   95.600000      2.559200284625E-02      6.850687387083E-03
   95.700000      2.405567162666E-02      6.368726255666E-03
   95.800000      2.187672446163E-02      5.714998822821E-03
   95.900000      1.924765949023E-02      4.952932184123E-03
   96.000000      1.647359185620E-02      4.172693298381E-03
   96.100000      1.393485830639E-02      3.475431813071E-03
   96.200000      1.201992752383E-02      2.952924689644E-03
   96.300000      1.102884339683E-02      2.667700903290E-03
   96.400000      1.106661421493E-02      2.638959238744E-03
   96.500000      1.199151823040E-02      2.838224098965E-03
   96.600000      1.348022450958E-02      3.196087747538E-03
   96.700000      1.514249622905E-02      3.618343172875E-03
   96.800000      1.661336448313E-02      4.007253682966E-03
   96.900000      1.761652450337E-02      4.282415763047E-03
   97.000000      1.800186768531E-02      4.396024577957E-03
   97.100000      1.775636871134E-02      4.339190389627E-03
   97.200000      1.698934797533E-02      4.138651002529E-03
   97.300000      1.589669676728E-02      3.845901430102E-03
   97.400000      1.470922285237E-02      3.522591415514E-03
   97.500000      1.363430679084E-02      3.226525724279E-03
   97.600000      1.281838212295E-02      3.001719014657E-03
   97.700000      1.234240915575E-02      2.874138147200E-03
   97.800000      1.223620855889E-02      2.852717927229E-03
   97.900000      1.249619289763E-02      2.933680728066E-03
   98.000000      1.309419930750E-02      3.105599881192E-03
   98.100000      1.397627634981E-02      3.353094721490E-03
   98.200000      1.506737843127E-02      3.658211497203E-03
   98.300000      1.628189247343E-02      3.999875154671E-03
   98.400000      1.752709025469E-02      4.352744573740E-03
   98.500000      1.870180830584E-02      4.687038507682E-03
   98.600000      1.969911773836E-02      4.970408838570E-03
   98.700000      2.041501618215E-02      5.171989537001E-03
   98.800000      2.076405596216E-02      5.267756123979E-03
   98.900000      2.069880513076E-02      5.245680474880E-03
   99.000000      2.022430543188E-02      5.109087335603E-03
   99.100000      1.940203637438E-02      4.877110840419E-03
   99.200000      1.834237368633E-02      4.582000592209E-03
   99.300000      1.718712417243E-02      4.263913147914E-03
   99.400000      1.608686179375E-02      3.964444211625E-03
   99.500000      1.517877580402E-02      3.720345975066E-03
   99.600000      1.456804147549E-02      3.558651076633E-03
   99.700000      1.431423881563E-02      3.493946046164E-03
   99.800000      1.442480984952E-02      3.528000557930E-03
   99.900000      1.485954743154E-02      3.651511197210E-03
  100.000000      1.554588097774E-02      3.847414922307E-03
