# M=12, N=6, V0=0.0, V=-0.15, PBC
#  time (tJ)                 S₁(n=2)                 S₂(n=2)
    0.000000      4.440892098501E-16      0.000000000000E+00
    0.100000      7.328380538647E-04      1.319442417702E-04
    0.200000      2.457146974728E-03      5.033108367525E-04
    0.300000      4.721009293184E-03      1.046561072229E-03
    0.400000      7.119076915921E-03      1.667021285070E-03
    0.500000      9.298582464021E-03      2.264492684092E-03
    0.600000      1.099875892739E-02      2.754736654174E-03
    0.700000      1.207835132006E-02      3.085401495349E-03
    0.800000      1.252227888565E-02      3.242866947269E-03
    0.900000      1.242684564283E-02      3.249251930833E-03
    1.000000      1.196768024514E-02      3.151550365230E-03
    1.100000      1.135663425639E-02      3.006718784225E-03
    1.200000      1.079629200757E-02      2.867078979337E-03
    1.300000      1.043224810663E-02      2.769624838454E-03
    1.400000      1.030558876922E-02      2.731151964059E-03
    1.500000      1.038518797124E-02      2.749204437570E-03
    1.600000      1.060749955812E-02      2.807282027399E-03
    1.700000      1.090077512600E-02      2.881974945612E-03
    1.800000      1.119084770455E-02      2.949765140571E-03
    1.900000      1.139671594466E-02      2.991928993744E-03
    2.000000      1.146557050283E-02      2.996914944497E-03
    2.100000      1.137677894585E-02      2.960390642051E-03
    2.200000      1.113350500036E-02      2.883650920950E-03
    2.300000      1.075599452104E-02      2.771231577824E-03
    2.400000      1.027450175414E-02      2.628494945586E-03
    2.500000      9.718905281121E-03      2.459780359443E-03
    2.600000      9.101223719536E-03      2.267532989785E-03
    2.700000      8.410449059962E-03      2.052648919040E-03
    2.800000      7.626083822962E-03      1.816063238193E-03
    2.900000      6.739122289799E-03      1.561322802630E-03
    3.000000      5.767815935925E-03      1.297537116125E-03
    3.100000      4.770145669625E-03      1.041774827966E-03
    3.200000      3.853629435880E-03      8.198153542938E-04
    3.300000      3.177137233959E-03      6.643259971537E-04
    3.400000      2.925545464091E-03      6.100889852467E-04
    3.500000      3.230546982008E-03      6.867776482657E-04
    3.600000      4.112433724322E-03      9.107404444522E-04
    3.700000      5.503554845739E-03      1.277955948604E-03
    3.800000      7.267513935817E-03      1.760450336681E-03
    3.900000      9.212203617772E-03      2.307858103517E-03
    4.000000      1.110754869169E-02      2.854544404717E-03
    4.100000      1.272115235960E-02      3.331133590625E-03
    4.200000      1.386349439309E-02      3.677895188875E-03
    4.300000      1.441956759400E-02      3.856701126637E-03
    4.400000      1.436634555887E-02      3.858472342363E-03
    4.500000      1.377460063803E-02      3.704165023557E-03
    4.600000      1.279474210022E-02      3.439084495443E-03
    4.700000      1.162946449637E-02      3.122126359702E-03
    4.800000      1.049653495792E-02      2.812860901027E-03
    4.900000      9.588875339511E-03      2.559785596106E-03
    5.000000      9.041568996567E-03      2.392464889809E-03
    5.100000      8.898384306446E-03      2.318900401933E-03
    5.200000      9.082344146971E-03      2.327837196283E-03
    5.300000      9.456013096532E-03      2.394392304852E-03
    5.400000      9.885102224937E-03      2.486815676325E-03
    5.500000      1.025240718687E-02      2.572471615793E-03
    5.600000      1.046337464716E-02      2.622029215311E-03
    5.700000      1.044718823839E-02      2.611914786206E-03
    5.800000      1.015572091453E-02      2.525825591698E-03
    5.900000      9.564441612210E-03      2.356229656117E-03
    6.000000      8.677818880881E-03      2.106278677670E-03
    6.100000      7.538410684180E-03      1.791729179762E-03
    6.200000      6.236140513676E-03      1.441750418283E-03
    6.300000      4.913181494956E-03      1.097306431372E-03
    6.400000      3.758562314287E-03      8.063177357700E-04
    6.500000      2.979688387728E-03      6.158960804949E-04
    6.600000      2.753204471138E-03      5.631809623496E-04
    6.700000      3.170305918963E-03      6.671541623957E-04
    6.800000      4.208212144833E-03      9.238545954218E-04
    6.900000      5.692718510673E-03      1.306561977807E-03
    7.000000      7.406097054051E-03      1.771041172773E-03
    7.100000      9.141260382779E-03      2.264383283835E-03
    7.200000      1.072528599114E-02      2.734927137280E-03
    7.300000      1.203625035205E-02      3.140575904391E-03
    7.400000      1.300870851736E-02      3.453568698660E-03
    7.500000      1.362749682250E-02      3.661108692977E-03
    7.600000      1.391310092090E-02      3.762661115477E-03
    7.700000      1.390398634708E-02      3.765691843200E-03
    7.800000      1.363848247777E-02      3.681797789270E-03
    7.900000      1.314260713740E-02      3.524579367009E-03
    8.000000      1.244165789349E-02      3.309526424588E-03
    8.100000      1.157874372790E-02      3.055112304406E-03
    8.200000      1.062491441845E-02      2.783672697758E-03
    8.300000      9.681555974319E-03      2.520732634231E-03
    8.400000      8.873278096909E-03      2.292175632967E-03
    8.500000      8.316299463088E-03      2.119691787722E-03
    8.600000      8.053927294869E-03      2.015841954440E-03
    8.700000      8.047409291499E-03      1.980451993826E-03
    8.800000      8.214723246672E-03      1.999752055798E-03
    8.900000      8.453462880283E-03      2.048828872395E-03
    9.000000      8.656024861405E-03      2.096901932749E-03
    9.100000      8.726742256563E-03      2.114065445615E-03
    9.200000      8.597460297306E-03      2.077755456401E-03
    9.300000      8.238436540832E-03      1.977399011166E-03
    9.400000      7.662889707460E-03      1.816353074332E-03
    9.500000      6.924012402142E-03      1.611066690114E-03
    9.600000      6.106394217940E-03      1.388090687449E-03
    9.700000      5.317163244332E-03      1.179896568950E-03
    9.800000      4.678953480623E-03      1.020402268475E-03
    9.900000      4.321265642053E-03      9.407648015753E-04
   10.000000      4.362941821358E-03      9.656204288633E-04
   10.100000      4.879539011945E-03      1.109752532871E-03
   10.200000      5.868698302308E-03      1.375247617307E-03
   10.300000      7.237114681824E-03      1.749493369763E-03
   10.400000      8.848032794975E-03      2.204675973032E-03
   10.500000      1.054209590299E-02      2.699508246077E-03
   10.600000      1.214804485430E-02      3.183615309543E-03
   10.700000      1.350173331728E-02      3.604344063596E-03
   10.800000      1.446862276827E-02      3.914951949777E-03
   10.900000      1.496254563111E-02      4.082479526232E-03
   11.000000      1.495675549623E-02      4.093410052179E-03
   11.100000      1.448484622572E-02      3.955614660228E-03
   11.200000      1.363146657876E-02      3.696007428668E-03
   11.300000      1.251607016694E-02      3.354517253335E-03
   11.400000      1.127312053282E-02      2.976026685142E-03
   11.500000      1.003283189545E-02      2.602453140102E-03
   11.600000      8.907529438445E-03      2.266945066924E-03
   11.700000      7.985678006554E-03      1.991295306550E-03
   11.800000      7.324401203233E-03      1.786465490502E-03
   11.900000      6.927116603038E-03      1.655046635832E-03
   12.000000      6.765396708583E-03      1.593981064182E-03
   12.100000      6.809659221283E-03      1.596133168771E-03
   12.200000      7.025997935824E-03      1.650190965174E-03
   12.300000      7.363384140031E-03      1.739502186261E-03
   12.400000      7.744961583578E-03      1.841286151749E-03
   12.500000      8.072234964068E-03      1.927810446159E-03
   12.600000      8.240906581539E-03      1.970455113326E-03
   12.700000      8.166239636838E-03      1.946329383831E-03
   12.800000      7.809804411845E-03      1.845755326423E-03
   12.900000      7.197822865359E-03      1.678073441265E-03
   13.000000      6.427175141329E-03      1.473286406202E-03
   13.100000      5.655601965041E-03      1.278119398055E-03
   13.200000      5.075376476186E-03      1.146812255483E-03
   13.300000      4.877380602930E-03      1.128751569077E-03
   13.400000      5.221129920248E-03      1.256233211505E-03
   13.500000      6.201507734616E-03      1.535771577899E-03
   13.600000      7.716551678586E-03      1.945387607809E-03
   13.700000      9.519121595722E-03      2.438561733888E-03
   13.800000      1.134601802337E-02      2.953633077051E-03
   13.900000      1.296217864767E-02      3.425989660576E-03
   14.000000      1.418966144129E-02      3.799856960991E-03
   14.100000      1.492359718693E-02      4.036952166034E-03
   14.200000      1.513508792586E-02      4.120482801503E-03
   14.300000      1.486201012857E-02      4.054450278569E-03
   14.400000      1.418760127919E-02      3.859447993706E-03
   14.500000      1.321125190463E-02      3.566752827331E-03
   14.600000      1.203906204139E-02      3.212412719433E-03
   14.700000      1.077972841662E-02      2.832427356217E-03
   14.800000      9.534361810929E-03      2.459362381376E-03
   14.900000      8.392307848818E-03      2.120175208603E-03
   15.000000      7.431460879287E-03      1.834845572266E-03
   15.100000      6.710325740459E-03      1.615560044482E-03
   15.200000      6.254016473488E-03      1.466492708255E-03
   15.300000      6.031859282920E-03      1.384408886363E-03
   15.400000      5.988290915387E-03      1.360244320743E-03
   15.500000      6.073314137378E-03      1.381497896850E-03
   15.600000      6.244937212059E-03      1.434894579357E-03
   15.700000      6.472936055733E-03      1.508556368885E-03
   15.800000      6.744733731853E-03      1.593026615053E-03
   15.900000      7.059292746532E-03      1.680935750437E-03
   16.000000      7.399090841391E-03      1.765712263756E-03
   16.100000      7.723778320098E-03      1.840260297822E-03
   16.200000      7.981449958745E-03      1.896678707199E-03
   16.300000      8.125869142678E-03      1.927747374522E-03
   16.400000      8.131939709215E-03      1.930124858137E-03
   16.500000      8.008547777401E-03      1.908264608884E-03
   16.600000      7.808046278770E-03      1.877357935287E-03
   16.700000      7.629533462578E-03      1.863502890998E-03
   16.800000      7.614173579057E-03      1.899933980113E-03
   16.900000      7.912465733323E-03      2.019396680915E-03
   17.000000      8.611883029753E-03      2.244219466252E-03
   17.100000      9.720914830620E-03      2.576799228104E-03
   17.200000      1.115864323947E-02      2.993606968193E-03
   17.300000      1.274266955495E-02      3.445206468558E-03
   17.400000      1.421355816730E-02      3.863258924879E-03
   17.500000      1.531187569307E-02      4.173480106310E-03
   17.600000      1.582796860021E-02      4.311640292078E-03
   17.700000      1.563629772663E-02      4.238570316076E-03
   17.800000      1.471752355508E-02      3.950170033801E-03
   17.900000      1.316360433503E-02      3.479653863154E-03
   18.000000      1.116447544813E-02      2.891354873351E-03
   18.100000      8.977782785361E-03      2.267694780175E-03
   18.200000      6.890053613626E-03      1.692695965201E-03
   18.300000      5.180442247661E-03      1.236136057014E-03
   18.400000      4.080966830985E-03      9.419683702467E-04
   18.500000      3.711177557096E-03      8.231987618261E-04
   18.600000      3.990156399778E-03      8.635518505891E-04
   18.700000      4.706851783362E-03      1.024580315433E-03
   18.800000      5.639996337083E-03      1.255832039039E-03
   18.900000      6.592352022220E-03      1.505474493399E-03
   19.000000      7.411758053529E-03      1.729268205075E-03
   19.100000      8.002946958846E-03      1.896657160235E-03
   19.200000      8.328726796970E-03      1.993627898151E-03
   19.300000      8.403917799169E-03      2.022609614123E-03
   19.400000      8.287575491880E-03      1.999968074450E-03
   19.500000      8.073544957931E-03      1.951693091951E-03
   19.600000      7.874679655770E-03      1.907883639026E-03
   19.700000      7.794426243469E-03      1.896740308618E-03
   19.800000      7.899609674292E-03      1.938985072333E-03
   19.900000      8.216895416060E-03      2.043799107355E-03
   20.000000      8.734447657587E-03      2.207293384366E-03
   20.100000      9.411006787345E-03      2.414063641903E-03
   20.200000      1.018595494452E-02      2.641567405699E-03
   20.300000      1.096393695062E-02      2.866134417828E-03
   20.400000      1.165170656062E-02      3.068746570490E-03
   20.500000      1.220025466976E-02      3.238634145987E-03
   20.600000      1.260270430903E-02      3.373376110774E-03
   20.700000      1.288267881973E-02      3.475420465243E-03
   20.800000      1.307537710767E-02      3.546345937915E-03
   20.900000      1.320139854494E-02      3.581230136357E-03
   21.000000      1.322758676283E-02      3.565714254888E-03
   21.100000      1.305690044159E-02      3.477580727937E-03
   21.200000      1.257160946754E-02      3.293085311537E-03
   21.300000      1.168170991319E-02      2.996438690445E-03
   21.400000      1.035867172145E-02      2.589394784878E-03
   21.500000      8.658092405922E-03      2.097448890013E-03
   21.600000      6.728282411642E-03      1.569919728453E-03
   21.700000      4.802490113669E-03      1.072981970357E-03
   21.800000      3.178569862804E-03      6.769426766708E-04
   21.900000      2.181521050558E-03      4.409593139729E-04
   22.000000      2.019213211883E-03      3.993314942687E-04
   22.100000      2.677815089332E-03      5.531575998501E-04
   22.200000      3.977711113861E-03      8.696590058173E-04
   22.300000      5.639065581251E-03      1.289332610228E-03
   22.400000      7.355938791861E-03      1.738971770731E-03
   22.500000      8.866031326791E-03      2.147127274284E-03
   22.600000      9.984624644451E-03      2.458157340216E-03
   22.700000      1.062048297854E-02      2.641687419098E-03
   22.800000      1.077688663222E-02      2.695774857747E-03
   22.900000      1.053857388542E-02      2.643834320281E-03
   23.000000      1.004768598455E-02      2.526875733392E-03
   23.100000      9.473781792115E-03      2.393441266484E-03
   23.200000      8.985127968718E-03      2.289678260103E-03
   23.300000      8.726936666289E-03      2.251403401821E-03
   23.400000      8.803070105309E-03      2.299126190325E-03
   23.500000      9.254103626523E-03      2.436156755914E-03
   23.600000      1.003333654122E-02      2.649365614460E-03
   23.700000      1.100608663782E-02      2.911957145380E-03
   23.800000      1.201456289227E-02      3.187669138607E-03
   23.900000      1.290851008120E-02      3.435936160510E-03
   24.000000      1.355613237103E-02      3.617588347936E-03
   24.100000      1.385601991732E-02      3.700533444406E-03
   24.200000      1.374842379083E-02      3.664656491857E-03
   24.300000      1.322271558292E-02      3.505036411834E-03
   24.400000      1.231867188769E-02      3.232698155880E-03
   24.500000      1.111991924345E-02      2.872571087609E-03
   24.600000      9.738149063110E-03      2.459020923416E-03
   24.700000      8.290450306442E-03      2.030024824112E-03
   24.800000      6.880053839312E-03      1.621474928456E-03
   24.900000      5.593028499006E-03      1.263017129468E-03
   25.000000      4.506167184541E-03      9.762451037556E-04
   25.100000      3.696250373787E-03      7.751785475487E-04
   25.200000      3.245979982572E-03      6.681070876495E-04
   25.300000      3.217680986168E-03      6.594272844196E-04
   25.400000      3.602498217980E-03      7.502426916863E-04
   25.500000      4.344663901052E-03      9.371991262563E-04
   25.600000      5.375387102336E-03      1.210013734459E-03
   25.700000      6.614372087441E-03      1.549013351170E-03
   25.800000      7.959812900616E-03      1.924336318768E-03
   25.900000      9.284255150612E-03      2.298073447303E-03
   26.000000      1.044763466441E-02      2.629617423527E-03
   26.100000      1.132422493142E-02      2.883218398989E-03
   26.200000      1.183110867104E-02      3.035710493067E-03
   26.300000      1.194673798707E-02      3.082020768366E-03
   26.400000      1.171635945248E-02      3.036586363698E-03
   26.500000      1.124424180506E-02      2.930029263482E-03
   26.600000      1.067465219823E-02      2.801924974477E-03
   26.700000      1.016597128473E-02      2.691698460799E-03
   26.800000      9.862162337567E-03      2.630156969062E-03
   26.900000      9.867126440234E-03      2.633785639119E-03
   27.000000      1.018536518709E-02      2.702883028455E-03
   27.100000      1.071316173993E-02      2.823334580639E-03
   27.200000      1.132559015730E-02      2.970803529847E-03
   27.300000      1.190347679412E-02      3.115711810532E-03
   27.400000      1.234194399931E-02      3.227665803768E-03
   27.500000      1.255506602092E-02      3.278736582645E-03
   27.600000      1.247686941757E-02      3.245823395413E-03
   27.700000      1.205991781217E-02      3.112799221014E-03
   27.800000      1.127757005941E-02      2.873031618113E-03
   27.900000      1.013487337885E-02      2.532257809533E-03
   28.000000      8.680098148655E-03      2.111000556568E-03
   28.100000      7.012654246821E-03      1.645179416609E-03
   28.200000      5.285121728956E-03      1.183639475590E-03
   28.300000      3.696672570310E-03      7.820637238134E-04
   28.400000      2.477106123084E-03      4.939266490971E-04
   28.500000      1.862678446002E-03      3.603396086440E-04
   28.600000      2.046973919155E-03      4.013518664610E-04
   28.700000      2.987265184181E-03      6.111816021859E-04
   28.800000      4.436069733849E-03      9.589223007711E-04
   28.900000      6.133199039976E-03      1.394771264968E-03
   29.000000      7.843413953926E-03      1.860242011016E-03
   29.100000      9.377397250902E-03      2.299680397441E-03
   29.200000      1.060913191827E-02      2.670093907916E-03
   29.300000      1.148294078778E-02      2.946929854324E-03
   29.400000      1.200746200204E-02      3.124779651163E-03
   29.500000      1.223798615821E-02      3.213571013812E-03
   29.600000      1.225099869899E-02      3.232090367372E-03
   29.700000      1.211713778819E-02      3.201234672210E-03
   29.800000      1.188636044321E-02      3.139085912717E-03
   29.900000      1.159012465486E-02      3.058911988846E-03
   30.000000      1.125178390662E-02      2.969938387609E-03
   30.100000      1.089985847739E-02      2.879686937566E-03
   30.200000      1.057895982351E-02      2.796209763111E-03
   30.300000      1.034616629441E-02      2.728788496445E-03
   30.400000      1.023363393951E-02      2.686481352538E-03
   30.500000      1.025000173580E-02      2.674940704311E-03
   30.600000      1.038600125303E-02      2.692778815713E-03
   30.700000      1.059655782797E-02      2.729100884500E-03
   30.800000      1.080175830871E-02      2.763527409356E-03
   30.900000      1.089969774126E-02      2.769213335730E-03
   31.000000      1.078725103841E-02      2.718355058767E-03
   31.100000      1.038476822203E-02      2.588838492418E-03
   31.200000      9.652285232713E-03      2.370312084031E-03
   31.300000      8.598739789950E-03      2.068156193055E-03
   31.400000      7.286086074174E-03      1.704434617074E-03
   31.500000      5.828077671324E-03      1.315688458087E-03
   31.600000      4.384771007035E-03      9.480961473813E-04
   31.700000      3.152914995897E-03      6.509151656164E-04
   31.800000      2.349647292285E-03      4.692320321298E-04
   31.900000      2.182756851987E-03      4.369838293909E-04
   32.000000      2.762325551275E-03      5.711128140753E-04
   32.100000      3.995201268379E-03      8.676556008118E-04
   32.200000      5.689876116503E-03      1.300528423024E-03
   32.300000      7.631180821441E-03      1.823638862882E-03
   32.400000      9.596524512951E-03      2.376596060507E-03
   32.500000      1.136817699010E-02      2.893637589337E-03
   32.600000      1.275633743471E-02      3.314522496653E-03
   32.700000      1.363070031558E-02      3.595308012758E-03
   32.800000      1.394194855336E-02      3.716486705470E-03
   32.900000      1.372936442231E-02      3.686220067401E-03
   33.000000      1.311387417368E-02      3.537457313828E-03
   33.100000      1.227637715046E-02      3.319353283603E-03
   33.200000      1.141921803558E-02      3.085097737203E-03
   33.300000      1.070777788029E-02      2.879438040057E-03
   33.400000      1.023337018684E-02      2.729353329046E-03
   33.500000      1.000959340218E-02      2.640391248503E-03
   33.600000      9.988467240455E-03      2.599384260882E-03
   33.700000      1.006811512056E-02      2.582217278202E-03
   33.800000      1.012214443196E-02      2.563729477630E-03
   33.900000      1.006632912567E-02      2.526264624574E-03
   34.000000      9.874594943592E-03      2.464044824352E-03
   34.100000      9.572121256583E-03      2.382197410848E-03
   34.200000      9.215799897254E-03      2.291309761256E-03
   34.300000      8.868095689157E-03      2.200067663536E-03
   34.400000      8.570884312968E-03      2.109226425225E-03
   34.500000      8.278917434636E-03      2.009614714603E-03
   34.600000      7.897338738218E-03      1.885287738373E-03
   34.700000      7.346569404881E-03      1.720921053661E-03
   34.800000      6.591074448255E-03      1.510820468694E-03
   34.900000      5.665483825167E-03      1.266146542449E-03
   35.000000      4.685086267300E-03      1.017392364996E-03
   35.100000      3.831727452135E-03      8.106466677504E-04
   35.200000      3.317454925566E-03      6.981919206916E-04
   35.300000      3.348984336196E-03      7.258407645030E-04
   35.400000      4.058207455111E-03      9.205031761654E-04
   35.500000      5.419803716069E-03      1.281481472802E-03
   35.600000      7.271698736602E-03      1.777952585400E-03
   35.700000      9.358284406884E-03      2.353378054065E-03
   35.800000      1.139990976359E-02      2.935725922595E-03
   35.900000      1.314686080633E-02      3.450942237739E-03
   36.000000      1.440943560345E-02      3.836454917117E-03
   36.100000      1.507724938212E-02      4.051739114037E-03
   36.200000      1.512631997686E-02      4.083947909646E-03
   36.300000      1.461338358442E-02      3.947946868898E-03
   36.400000      1.365903281810E-02      3.681370677488E-03
   36.500000      1.242601016475E-02      3.336228998007E-03
   36.600000      1.110016978598E-02      2.968993514177E-03
   36.700000      9.872262762432E-03      2.631043278170E-03
   36.800000      8.915740986771E-03      2.360981404894E-03
   36.900000      8.351738190750E-03      2.179829310601E-03
   37.000000      8.191853853062E-03      2.089573856771E-03
   37.100000      8.325193556924E-03      2.075041053289E-03
   37.200000      8.600957053097E-03      2.108605562269E-03
   37.300000      8.878321589881E-03      2.156821175870E-03
   37.400000      9.041951556410E-03      2.187709437982E-03
   37.500000      9.015208747650E-03      2.177255855730E-03
   37.600000      8.768705362990E-03      2.113746709246E-03
   37.700000      8.320361339456E-03      1.999012384866E-03
   37.800000      7.728641389388E-03      1.846398135716E-03
   37.900000      7.081227154098E-03      1.676187686158E-03
   38.000000      6.472169915711E-03      1.509972122311E-03
   38.100000      5.966861520948E-03      1.365787162241E-03
   38.200000      5.594147351688E-03      1.255557400673E-03
   38.300000      5.359058636609E-03      1.185525666919E-03
   38.400000      5.261256486228E-03      1.159180582454E-03
   38.500000      5.313827621225E-03      1.181147420035E-03
   38.600000      5.555810108327E-03      1.259997347341E-03
   38.700000      6.046267427527E-03      1.408211897455E-03
   38.800000      6.826131688481E-03      1.638581483378E-03
   38.900000      7.903352911938E-03      1.957783742856E-03
   39.000000      9.248284050219E-03      2.359241630303E-03
   39.100000      1.077911063775E-02      2.818055276637E-03
   39.200000      1.235465371732E-02      3.290495340807E-03
   39.300000      1.378556615278E-02      3.719257708029E-03
   39.400000      1.487304860286E-02      4.043808424628E-03
   39.500000      1.545207851254E-02      4.213341740374E-03
   39.600000      1.542527982282E-02      4.198793222376E-03
   39.700000      1.478410456216E-02      4.000412784551E-03
   39.800000      1.361308935686E-02      3.648619542548E-03
   39.900000      1.207716819194E-02      3.197824162351E-03
   40.000000      1.039468368128E-02      2.714942744932E-03
   40.100000      8.799309505545E-03      2.265756801658E-03
   40.200000      7.503859542612E-03      1.902655716473E-03
   40.300000      6.672086494119E-03      1.656582160426E-03
   40.400000      6.356845809165E-03      1.534522706256E-03
   40.500000      6.459199831557E-03      1.522212527025E-03
   40.600000      6.823507056872E-03      1.590424714842E-03
   40.700000      7.297722438421E-03      1.702655876860E-03
   40.800000      7.751469217018E-03      1.822249386339E-03
   40.900000      8.085668373522E-03      1.917771649407E-03
   41.000000      8.236427365758E-03      1.966368884501E-03
   41.100000      8.174884983319E-03      1.955494865931E-03
   41.200000      7.905386662007E-03      1.883600443727E-03
   41.300000      7.462461921268E-03      1.760143473096E-03
   41.400000      6.907167812862E-03      1.604846227707E-03
   41.500000      6.325706925010E-03      1.445804729916E-03
   41.600000      5.824895716807E-03      1.316069847708E-03
   41.700000      5.520298404014E-03      1.248715329906E-03
   41.800000      5.521396052548E-03      1.271023291023E-03
   41.900000      5.912784321068E-03      1.398970432241E-03
   42.000000      6.725454763441E-03      1.633412875072E-03
   42.100000      7.902958329115E-03      1.959096605164E-03
   42.200000      9.292912033303E-03      2.346911058765E-03
   42.300000      1.072895651368E-02      2.758884947752E-03
   42.400000      1.206101074824E-02      3.154624709562E-03
   42.500000      1.317067536935E-02      3.497517727609E-03
   42.600000      1.398012600023E-02      3.759214073738E-03
   42.700000      1.445290454044E-02      3.921591874384E-03
   42.800000      1.458677827701E-02      3.976333930225E-03
   42.900000      1.439925727776E-02      3.923036151596E-03
   43.000000      1.391120594032E-02      3.767126372177E-03
   43.100000      1.314213145863E-02      3.518670309802E-03
   43.200000      1.211606692316E-02      3.192484491452E-03
   43.300000      1.087389204335E-02      2.809152245095E-03
   43.400000      9.486086852821E-03      2.395901908753E-03
   43.500000      8.059886276962E-03      1.986133322578E-03
   43.600000      6.737791939221E-03      1.616761245635E-03
   43.700000      5.681737986394E-03      1.323352641097E-03
   43.800000      5.017761598840E-03      1.133965042619E-03
   43.900000      4.791541719341E-03      1.063282349946E-03
   44.000000      4.989452653651E-03      1.108809905412E-03
   44.100000      5.535251014852E-03      1.250443386286E-03
   44.200000      6.300165930759E-03      1.453808902991E-03
   44.300000      7.131861302458E-03      1.676705193155E-03
   44.400000      7.881054780877E-03      1.877133182414E-03
   44.500000      8.425231168911E-03      2.021047514550E-03
   44.600000      8.689912218350E-03      2.088185673403E-03
   44.700000      8.658325572598E-03      2.074986398574E-03
   44.800000      8.368888361602E-03      1.994420689534E-03
   44.900000      7.905960896428E-03      1.873226704762E-03
   45.000000      7.387374493922E-03      1.747370004099E-03
   45.100000      6.950945149988E-03      1.656527239243E-03
   45.200000      6.741720439944E-03      1.638168334250E-03
   45.300000      6.901535626599E-03      1.721621949339E-03
   45.400000      7.545718619342E-03      1.922532097488E-03
   45.500000      8.663068480689E-03      2.238372350949E-03
   45.600000      1.011789489953E-02      2.646016029079E-03
   45.700000      1.172455779995E-02      3.102491641920E-03
   45.800000      1.327032237507E-02      3.549735686769E-03
   45.900000      1.453972814567E-02      3.923314849775E-03
   46.000000      1.534549717766E-02      4.163904474324E-03
   46.100000      1.555936100776E-02      4.229178978097E-03
   46.200000      1.513521975099E-02      4.103168931425E-03
   46.300000      1.411944611960E-02      3.800416847274E-03
   46.400000      1.264561735654E-02      3.363464362135E-03
   46.500000      1.091372051260E-02      2.854011828534E-03
   46.600000      9.154450754284E-03      2.339927817407E-03
   46.700000      7.577421188320E-03      1.881520964240E-03
   46.800000      6.330858686084E-03      1.520680366217E-03
   46.900000      5.490367707629E-03      1.275561115528E-03
   47.000000      5.062397057280E-03      1.141745360448E-03
   47.100000      4.980022200509E-03      1.098832216118E-03
   47.200000      5.119321507463E-03      1.119859173464E-03
   47.300000      5.368998856291E-03      1.180332657170E-03
   47.400000      5.662270768420E-03      1.264115317978E-03
   47.500000      5.981381731403E-03      1.364767710845E-03
   47.600000      6.348609580079E-03      1.482657961468E-03
   47.700000      6.802154262180E-03      1.619614745707E-03
   47.800000      7.358335197331E-03      1.773610046229E-03
   47.900000      7.982213216684E-03      1.935722181623E-03
   48.000000      8.594268778351E-03      2.090603750779E-03
   48.100000      9.103325862605E-03      2.220290006909E-03
   48.200000      9.436359686176E-03      2.309947544672E-03
   48.300000      9.559672797228E-03      2.353493891099E-03
   48.400000      9.490780978808E-03      2.357091805314E-03
   48.500000      9.299793157523E-03      2.339245690335E-03
   48.600000      9.101139292991E-03      2.327305574329E-03
   48.700000      9.040758487647E-03      2.351241020895E-03
   48.800000      9.258178592741E-03      2.436262954024E-03
   48.900000      9.795303073443E-03      2.596081219347E-03
   49.000000      1.062370817972E-02      2.828313559569E-03
   49.100000      1.165277719344E-02      3.112977565532E-03
   49.200000      1.274384350852E-02      3.414324083824E-03
   49.300000      1.372700782927E-02      3.685686831826E-03
   49.400000      1.443015287888E-02      3.876605892221E-03
   49.500000      1.470432478915E-02      3.941214285283E-03
   49.600000      1.444370679387E-02      3.846697776811E-03
   49.700000      1.360136230860E-02      3.580514794988E-03
   49.800000      1.220021697109E-02      3.155028942083E-03
   49.900000      1.033921611818E-02      2.608355228000E-03
   50.000000      8.192007856514E-03      2.000656437763E-03
   50.100000      5.995520516400E-03      1.405887048239E-03
   50.200000      4.029223405654E-03      8.999827297500E-04
   50.300000      2.588492695744E-03      5.475090165312E-04
   50.400000      1.945563836514E-03      3.894996307183E-04
   50.500000      2.199336903614E-03      4.353327273243E-04
   50.600000      3.190640197069E-03      6.608445446035E-04
   50.700000      4.643087148426E-03      1.013522609540E-03
   50.800000      6.248542799976E-03      1.423862276994E-03
   50.900000      7.731915928949E-03      1.820301866377E-03
   51.000000      8.892524035245E-03      2.144100243152E-03
   51.100000      9.625434099308E-03      2.360466130078E-03
   51.200000      9.926000164715E-03      2.463270198023E-03
   51.300000      9.877982460659E-03      2.472491890037E-03
   51.400000      9.627822202591E-03      2.425612248814E-03
   51.500000      9.349108703098E-03      2.365802967927E-03
   51.600000      9.187284245656E-03      2.330456928266E-03
   51.700000      9.208203789593E-03      2.343160148186E-03
   51.800000      9.414164746790E-03      2.410821918947E-03
   51.900000      9.771245498751E-03      2.525880228902E-03
   52.000000      1.023212428025E-02      2.671922572388E-03
   52.100000      1.075288423348E-02      2.830226026708E-03
   52.200000      1.128049451622E-02      2.984840901326E-03
   52.300000      1.175890854580E-02      3.124775699700E-03
   52.400000      1.215668468178E-02      3.243164480446E-03
   52.500000      1.245928664830E-02      3.334486117000E-03
   52.600000      1.265578655396E-02      3.391535140751E-03
   52.700000      1.272889054436E-02      3.403744956669E-03
   52.800000      1.264257507641E-02      3.357760393924E-03
   52.900000      1.233755734149E-02      3.240189295226E-03
   53.000000      1.175919058641E-02      3.041631914114E-03
   53.100000      1.088166236421E-02      2.760682919520E-03
   53.200000      9.718628586695E-03      2.406702480014E-03
   53.300000      8.323843922988E-03      2.000626774147E-03
   53.400000      6.787247128721E-03      1.573679909469E-03
   53.500000      5.233300625595E-03      1.164314769336E-03
   53.600000      3.820762352553E-03      8.139247189356E-04
   53.700000      2.741451949700E-03      5.618626059127E-04
   53.800000      2.206064213445E-03      4.402208015644E-04
   53.900000      2.347257328111E-03      4.688217711908E-04
   54.000000      3.129586562475E-03      6.510117537024E-04
   54.100000      4.419960999711E-03      9.710731467116E-04
   54.200000      6.040311089905E-03      1.394195919392E-03
   54.300000      7.791649852077E-03      1.869775739929E-03
   54.400000      9.469629875750E-03      2.338230224189E-03
   54.500000      1.088123605995E-02      2.740615333399E-03
   54.600000      1.186996752744E-02      3.029339014962E-03
   54.700000      1.234591680169E-02      3.177574443022E-03
   54.800000      1.230464623904E-02      3.184901824450E-03
   54.900000      1.183045390957E-02      3.077403776365E-03
   55.000000      1.108442946688E-02      2.901782474235E-03
   55.100000      1.027838391821E-02      2.714681759199E-03
   55.200000      9.634921776551E-03      2.569776408412E-03
   55.300000      9.340137400384E-03      2.505872525586E-03
   55.400000      9.483187719869E-03      2.539001141536E-03
   55.500000      1.002440588813E-02      2.660344317758E-03
   55.600000      1.079380683321E-02      2.840165618238E-03
   55.700000      1.159747872866E-02      3.036254834281E-03
   55.800000      1.226466857310E-02      3.204262898578E-03
   55.900000      1.266673562950E-02      3.307034224479E-03
   56.000000      1.272973807131E-02      3.320680516458E-03
   56.100000      1.243642440074E-02      3.236418604820E-03
   56.200000      1.181747677351E-02      3.058645436764E-03
   56.300000      1.093438894294E-02      2.800839081553E-03
   56.400000      9.855032216639E-03      2.481291037800E-03
   56.500000      8.636088449487E-03      2.120297419548E-03
   56.600000      7.323403820217E-03      1.739466971913E-03
   56.700000      5.969790568056E-03      1.362658418908E-03
   56.800000      4.655763402039E-03      1.017205918938E-03
   56.900000      3.500828093316E-03      7.338691535175E-04
   57.000000      2.668584266646E-03      5.444378951664E-04
   57.100000      2.364241654212E-03      4.769293801759E-04
   57.200000      2.707210159035E-03      5.494359780402E-04
   57.300000      3.617285257112E-03      7.644610365438E-04
   57.400000      4.962844512784E-03      1.105704218097E-03
   57.500000      6.584024602378E-03      1.538660821397E-03
   57.600000      8.299037363227E-03      2.015294946795E-03
   57.700000      9.925420061656E-03      2.481832984467E-03
   57.800000      1.130392909093E-02      2.887827609964E-03
   57.900000      1.231834011055E-02      3.194352839314E-03
   58.000000      1.290828558913E-02      3.379560286310E-03
   58.100000      1.307208892647E-02      3.440668934565E-03
   58.200000      1.285996039621E-02      3.392441144921E-03
   58.300000      1.236038103416E-02      3.262977494237E-03
   58.400000      1.168569213942E-02      3.088032521618E-03
   58.500000      1.096064373077E-02      2.904998884269E-03
   58.600000      1.031280389957E-02      2.747387030939E-03
   58.700000      9.864062073710E-03      2.640272585117E-03
   58.800000      9.716251064904E-03      2.596976108491E-03
   58.900000      9.890131575301E-03      2.617225487867E-03
   59.000000      1.028161280954E-02      2.687128052085E-03
   59.100000      1.075310502317E-02      2.781266303122E-03
   59.200000      1.116761846710E-02      2.866980058504E-03
   59.300000      1.140051988284E-02      2.910395371131E-03
   59.400000      1.135595584890E-02      2.883160582691E-03
   59.500000      1.098190117535E-02      2.768414975824E-03
   59.600000      1.027852960428E-02      2.564492354675E-03
   59.700000      9.297433378431E-03      2.285351758145E-03
   59.800000      8.130377731450E-03      1.957618968714E-03
   59.900000      6.891550941765E-03      1.615120503554E-03
   60.000000      5.700076438842E-03      1.292530354470E-03
   60.100000      4.665053529501E-03      1.019939160228E-03
   60.200000      3.878041621378E-03      8.197044872280E-04
   60.300000      3.413671259427E-03      7.060054725465E-04
   60.400000      3.329591137215E-03      6.864614523918E-04
   60.500000      3.654679737521E-03      7.644067732597E-04
   60.600000      4.364359886081E-03      9.402642281673E-04
   60.700000      5.396705371175E-03      1.211004725821E-03
   60.800000      6.685298067458E-03      1.567707915356E-03
   60.900000      8.157609469395E-03      1.992322086321E-03
   61.000000      9.723778032920E-03      2.455397091833E-03
   61.100000      1.126347592103E-02      2.916521240802E-03
   61.200000      1.262859078624E-02      3.328405468819E-03
   61.300000      1.367070291989E-02      3.644293334270E-03
   61.400000      1.426993642913E-02      3.827090292886E-03
   61.500000      1.436035799227E-02      3.857773911537E-03
   61.600000      1.394703249710E-02      3.740587240336E-03
   61.700000      1.311031112961E-02      3.503282848917E-03
   61.800000      1.199613751642E-02      3.192041896422E-03
   61.900000      1.079421106385E-02      2.862201782108E-03
   62.000000      9.708619962512E-03      2.567095004711E-03
   62.100000      8.926263899955E-03      2.347759836359E-03
   62.200000      8.570632996310E-03      2.225911380335E-03
   62.300000      8.618730160302E-03      2.201527180381E-03
   62.400000      8.954273747872E-03      2.255084212315E-03
   62.500000      9.427562849980E-03      2.353324827432E-03
   62.600000      9.884271702332E-03      2.456768445638E-03
   62.700000      1.018908740372E-02      2.527152086120E-03
   62.800000      1.024021487069E-02      2.533469804397E-03
   62.900000      9.976278726304E-03      2.456013495766E-03
   63.000000      9.378080808541E-03      2.288474666886E-03
   63.100000      8.468607221757E-03      2.038512916990E-03
   63.200000      7.314134198543E-03      1.727167604456E-03
   63.300000      6.026532899487E-03      1.387202835398E-03
   63.400000      4.763108610990E-03      1.060169315543E-03
   63.500000      3.710314278069E-03      7.918833154821E-04
   63.600000      3.043384260932E-03      6.262985126724E-04
   63.700000      2.902676809683E-03      5.983355133190E-04
   63.800000      3.382366871056E-03      7.269118369457E-04
   63.900000      4.488881061022E-03      1.009860983417E-03
   64.000000      6.076528133686E-03      1.422363475152E-03
   64.100000      7.923112814874E-03      1.919835078529E-03
   64.200000      9.794782443802E-03      2.445077651116E-03
   64.300000      1.148006657302E-02      2.938260059618E-03
   64.400000      1.281620335805E-02      3.347402061302E-03
   64.500000      1.370652282271E-02      3.636824079677E-03
   64.600000      1.412654154712E-02      3.791599372146E-03
   64.700000      1.411812592224E-02      3.817216009687E-03
   64.800000      1.377233556941E-02      3.735025236392E-03
   64.900000      1.320004630348E-02      3.575161578574E-03
   65.000000      1.249970387057E-02      3.369120451517E-03
   65.100000      1.174912141311E-02      3.143953597779E-03
   65.200000      1.100382147911E-02      2.919233838254E-03
   65.300000      1.030201541070E-02      2.706883208243E-03
   65.400000      9.674390274540E-03      2.513045418041E-03
   65.500000      9.147525336152E-03      2.340714948972E-03
   65.600000      8.729334571301E-03      2.191910210933E-03
   65.700000      8.395259046849E-03      2.068673770505E-03
   65.800000      8.125262662052E-03      1.972827872120E-03
   65.900000      7.914157317469E-03      1.904925148994E-03
   66.000000      7.764766242655E-03      1.863044284806E-03
   66.100000      7.679615482374E-03      1.841990821016E-03
   66.200000      7.648210655594E-03      1.833210309934E-03
   66.300000      7.639287915398E-03      1.825475896355E-03
   66.400000      7.605802987563E-03      1.806282946247E-03
   66.500000      7.494856370720E-03      1.763866090993E-03
   66.600000      7.262306854142E-03      1.689754776032E-03
   66.700000      6.887946671298E-03      1.581687107684E-03
   66.800000      6.387439365973E-03      1.446454554237E-03
   66.900000      5.820163820620E-03      1.301912791787E-03
   67.000000      5.290880820924E-03      1.177139599001E-03
   67.100000      4.943092804148E-03      1.109767229029E-03
   67.200000      4.945429654014E-03      1.140017330426E-03
   67.300000      5.449887162342E-03      1.301903614782E-03
   67.400000      6.523150504659E-03      1.613206261086E-03
   67.500000      8.125232296387E-03      2.066760642096E-03
   67.600000      1.009552532188E-02      2.625913322604E-03
   67.700000      1.218300140605E-02      3.226406009793E-03
   67.800000      1.409745736138E-02      3.785474255533E-03
   67.900000      1.555683616401E-02      4.216946099916E-03
   68.000000      1.633716383394E-02      4.449191832880E-03
   68.100000      1.631212298014E-02      4.441554589425E-03
   68.200000      1.547781334685E-02      4.194853266182E-03
   68.300000      1.395838344814E-02      3.752815050732E-03
   68.400000      1.199047440799E-02      3.193571614121E-03
   68.500000      9.888835276401E-03      2.613007365402E-03
   68.600000      8.001872021892E-03      2.103997813915E-03
   68.700000      6.669802561428E-03      1.736738031886E-03
   68.800000      6.091707456585E-03      1.545073322740E-03
   68.900000      6.226381700519E-03      1.522083753386E-03
   69.000000      6.824695536062E-03      1.625633552109E-03
   69.100000      7.590752355174E-03      1.791926435918E-03
   69.200000      8.264882163653E-03      1.953083319536E-03
   69.300000      8.656501856427E-03      2.053940168756E-03
   69.400000      8.669036285390E-03      2.063831268800E-03
   69.500000      8.307112560714E-03      1.980833916304E-03
   69.600000      7.665003888607E-03      1.828231485614E-03
   69.700000      6.901123331690E-03      1.645095268600E-03
   69.800000      6.207382213868E-03      1.474277155110E-03
   69.900000      5.762963615815E-03      1.351407486597E-03
   70.000000      5.637703137772E-03      1.297726783196E-03
   70.100000      5.792630737864E-03      1.318090694556E-03
   70.200000      6.153058563812E-03      1.403805655535E-03
   70.300000      6.639421548532E-03      1.538609994066E-03
   70.400000      7.190143752585E-03      1.705470234204E-03
   70.500000      7.779631685447E-03      1.892001429840E-03
   70.600000      8.419746710322E-03      2.093067310778E-03
   70.700000      9.119175980483E-03      2.310138439087E-03
   70.800000      9.881792509361E-03      2.547943229067E-03
   70.900000      1.071414517493E-02      2.809604970870E-03
   71.000000      1.161029292497E-02      3.091735894875E-03
   71.100000      1.254296082379E-02      3.380893289717E-03
   71.200000      1.345156209200E-02      3.652480620795E-03
   71.300000      1.422745516977E-02      3.872682079183E-03
   71.400000      1.473229229988E-02      4.003413210529E-03
   71.500000      1.483365499472E-02      4.009609132196E-03
   71.600000      1.443646124134E-02      3.867536762997E-03
   71.700000      1.350444420553E-02      3.572334314379E-03
   71.800000      1.207578471154E-02      3.142809050878E-03
   71.900000      1.027030936239E-02      2.621808516897E-03
   72.000000      8.285073477612E-03      2.071281721434E-03
   72.100000      6.378921598841E-03      1.562372973309E-03
   72.200000      4.853683244294E-03      1.162270821704E-03
   72.300000      3.996713075319E-03      9.206648691231E-04
   72.400000      3.874560171726E-03      8.591332468542E-04
   72.500000      4.383325120096E-03      9.663355029250E-04
   72.600000      5.336664370819E-03      1.200543527388E-03
   72.700000      6.489467684046E-03      1.499143938778E-03
   72.800000      7.591221023589E-03      1.792847615545E-03
   72.900000      8.434519891183E-03      2.021040653029E-03
   73.000000      8.887794094530E-03      2.144428222968E-03
   73.100000      8.913778379203E-03      2.151955209430E-03
   73.200000      8.569665993956E-03      2.060666784013E-03
   73.300000      7.989086022442E-03      1.909155331664E-03
   73.400000      7.351211388967E-03      1.746898179194E-03
   73.500000      6.839421755054E-03      1.622626682072E-03
   73.600000      6.600135509478E-03      1.574685732894E-03
   73.700000      6.719371642732E-03      1.625304825553E-03
   73.800000      7.216965634062E-03      1.779248063245E-03
   73.900000      8.062971389879E-03      2.025982411806E-03
   74.000000      9.174306812263E-03      2.343735826076E-03
   74.100000      1.041840667726E-02      2.703784541904E-03
   74.200000      1.166752448152E-02      3.073887327029E-03
   74.300000      1.281159907125E-02      3.420632341066E-03
   74.400000      1.375567516399E-02      3.711180931913E-03
   74.500000      1.441677411437E-02      3.915190216470E-03
   74.600000      1.472612640604E-02      4.007488896111E-03
   74.700000      1.463478052997E-02      3.971502944808E-03
   74.800000      1.412197791049E-02      3.802761087255E-03
   74.900000      1.320564960968E-02      3.511365341312E-03
   75.000000      1.194946187044E-02      3.122308279938E-03
   75.100000      1.046061626086E-02      2.672997098906E-03
   75.200000      8.877337404503E-03      2.208148553292E-03
   75.300000      7.349939115198E-03      1.773052389362E-03
   75.400000      6.020261056503E-03      1.406745988958E-03
   75.500000      5.011901405035E-03      1.136689044833E-03
   75.600000      4.421376814896E-03      9.760569434243E-04
   75.700000      4.268980302683E-03      9.239654649349E-04
   75.800000      4.489663969514E-03      9.680982464766E-04
   75.900000      4.979774098851E-03      1.088631006339E-03
   76.000000      5.632355310043E-03      1.262214313871E-03
   76.100000      6.358616039537E-03      1.465091107909E-03
   76.200000      7.092107228682E-03      1.675017461979E-03
   76.300000      7.780241821769E-03      1.872260078767E-03
   76.400000      8.378073023304E-03      2.040306622275E-03
   76.500000      8.847461148803E-03      2.166900436458E-03
   76.600000      9.153291493888E-03      2.245623131405E-03
   76.700000      9.275584493963E-03      2.277683171102E-03
   76.800000      9.228326773918E-03      2.273101856775E-03
   76.900000      9.065226792818E-03      2.250368213506E-03
   77.000000      8.876508661856E-03      2.233966480965E-03
   77.100000      8.777979777974E-03      2.249867356874E-03
   77.200000      8.894451388902E-03      2.319850042492E-03
   77.300000      9.329542149723E-03      2.456064087046E-03
   77.400000      1.006649699510E-02      2.657313743295E-03
   77.500000      1.099380660608E-02      2.908110218776E-03
   77.600000      1.198273735037E-02      3.180752357907E-03
   77.700000      1.290296434281E-02      3.439857935349E-03
   77.800000      1.363410429070E-02      3.648174015759E-03
   77.900000      1.407421767766E-02      3.772329053839E-03
   78.000000      1.414859600190E-02      3.787456349665E-03
   78.100000      1.381769726782E-02      3.680156084513E-03
   78.200000      1.307944786421E-02      3.449819517911E-03
   78.300000      1.196741681585E-02      3.108681885606E-03
   78.400000      1.054739098618E-02      2.680987463235E-03
   78.500000      8.915012121129E-03      2.201397741619E-03
   78.600000      7.194955669055E-03      1.712452423755E-03
   78.700000      5.538314141174E-03      1.260751144321E-03
   78.800000      4.115676291438E-03      8.917266727040E-04
   78.900000      3.106054399060E-03      6.434095030938E-04
   79.000000      2.671093975617E-03      5.402243383537E-04
   79.100000      2.878447134455E-03      5.882918845077E-04
   79.200000      3.658455063005E-03      7.736667582798E-04
   79.300000      4.829131416575E-03      1.064346728669E-03
   79.400000      6.181161817034E-03      1.415902792075E-03
   79.500000      7.524111555617E-03      1.779543870922E-03
   79.600000      8.707085375069E-03      2.110720220566E-03
   79.700000      9.629840090188E-03      2.376245088629E-03
   79.800000      1.024601122522E-02      2.558417026318E-03
   79.900000      1.055906663141E-02      2.655568130775E-03
   80.000000      1.061227162618E-02      2.679503559639E-03
   80.100000      1.047437887390E-02      2.651067740043E-03
   80.200000      1.022497439970E-02      2.595321640913E-03
   80.300000      9.944904023722E-03      2.537505160185E-03
   80.400000      9.712835478214E-03      2.500277043947E-03
   80.500000      9.604500292546E-03      2.502004179448E-03
   80.600000      9.692333753515E-03      2.555443214321E-03
   80.700000      1.002745157863E-02      2.666202100464E-03
   80.800000      1.059814011479E-02      2.830841126404E-03
   80.900000      1.134408284290E-02      3.035123562495E-03
   81.000000      1.216478993575E-02      3.253419456556E-03
   81.100000      1.292572085456E-02      3.450328183068E-03
   81.200000      1.347674288418E-02      3.585119337523E-03
   81.300000      1.367691202636E-02      3.618718919068E-03
   81.400000      1.342103594526E-02      3.521985765240E-03
   81.500000      1.266242120861E-02      3.283299571148E-03
   81.600000      1.142684451920E-02      2.913321445656E-03
   81.700000      9.814148761274E-03      2.445315514254E-03
   81.800000      7.986536780399E-03      1.930521072238E-03
   81.900000      6.145589425467E-03      1.429412372942E-03
   82.000000      4.504805027155E-03      1.000846908688E-03
   82.100000      3.264787692153E-03      6.917013123009E-04
   82.200000      2.586711065178E-03      5.294309613895E-04
   82.300000      2.562158633034E-03      5.191241223836E-04
   82.400000      3.136977157119E-03      6.453436678950E-04
   82.500000      4.129766747135E-03      8.777729481970E-04
   82.600000      5.335561921653E-03      1.178799534364E-03
   82.700000      6.585424768074E-03      1.510920936210E-03
   82.800000      7.761680997633E-03      1.842256711869E-03
   82.900000      8.796752924294E-03      2.149305478172E-03
   83.000000      9.664463950968E-03      2.417065386445E-03
   83.100000      1.036459552218E-02      2.637403560954E-03
   83.200000      1.089980376701E-02      2.806881515115E-03
   83.300000      1.127015345293E-02      2.925070197066E-03
   83.400000      1.147625648635E-02      2.993860022084E-03
   83.500000      1.152399169550E-02      3.017650082206E-03
   83.600000      1.143190394480E-02      3.003855133703E-03
   83.700000      1.123558719619E-02      2.963059636803E-03
   83.800000      1.098763071096E-02      2.908368102004E-03
   83.900000      1.075298192894E-02      2.853897406014E-03
   84.000000      1.060330319845E-02      2.812719768396E-03
   84.100000      1.057676794178E-02      2.794735898262E-03
   84.200000      1.066173912135E-02      2.804900179633E-03
   84.300000      1.083853741775E-02      2.842022529379E-03
   84.400000      1.107780159613E-02      2.898186693258E-03
   84.500000      1.133488919783E-02      2.958776599347E-03
   84.600000      1.154719142289E-02      3.003215129430E-03
   84.700000      1.163391098222E-02      3.006697927140E-03
   84.800000      1.149998956727E-02      2.943277237448E-03
   84.900000      1.105271072724E-02      2.790458777882E-03
   85.000000      1.022547350405E-02      2.534969940192E-03
   85.100000      9.000202408619E-03      2.178662221301E-03
   85.200000      7.425712468066E-03      1.742902260549E-03
   85.300000      5.628662710258E-03      1.269616952431E-03
   85.400000      3.813982021123E-03      8.176229668018E-04
   85.500000      2.255258874417E-03      4.539882409009E-04
   85.600000      1.284950484930E-03      2.416600809929E-04
   85.700000      1.219353219613E-03      2.259681950965E-04
   85.800000      2.109395182798E-03      4.233644309282E-04
   85.900000      3.765080090876E-03      8.155601538107E-04
   86.000000      5.886504922416E-03      1.351039363124E-03
   86.100000      8.144437582639E-03      1.954062080825E-03
   86.200000      1.023253262055E-02      2.539267825976E-03
   86.300000      1.190380841195E-02      3.028449915134E-03
   86.400000      1.299942309800E-02      3.365473914201E-03
   86.500000      1.346419861075E-02      3.525841849234E-03
   86.600000      1.334559925171E-02      3.518884739873E-03
   86.700000      1.277617615720E-02      3.382530737067E-03
   86.800000      1.194333926721E-02      3.172447110082E-03
   86.900000      1.105691160766E-02      2.948571954793E-03
   87.000000      1.031637937236E-02      2.762357723699E-03
   87.100000      9.864872711102E-03      2.647469410916E-03
   87.200000      9.757715751946E-03      2.615495906658E-03
   87.300000      9.971331946026E-03      2.656851929236E-03
   87.400000      1.040334664783E-02      2.745860224746E-03
   87.500000      1.089503440646E-02      2.848270234730E-03
   87.600000      1.129565610173E-02      2.929274460763E-03
   87.700000      1.149547675979E-02      2.960352110942E-03
   87.800000      1.143036916345E-02      2.923827503725E-03
   87.900000      1.108214158601E-02      2.814681697285E-03
   88.000000      1.047657351757E-02      2.639744219485E-03
   88.100000      9.676300976791E-03      2.414833609476E-03
   88.200000      8.769338272494E-03      2.160691438650E-03
   88.300000      7.848161308604E-03      1.898677042734E-03
   88.400000      6.973876859721E-03      1.647169091394E-03
   88.500000      6.175126699680E-03      1.419448232272E-03
   88.600000      5.466049122929E-03      1.223501955394E-03
   88.700000      4.858345855692E-03      1.063715633051E-03
   88.800000      4.375728185570E-03      9.438652354357E-04
   88.900000      4.065754620289E-03      8.703425052405E-04
   89.000000      3.996917710518E-03      8.542929493838E-04
   89.100000      4.225873923045E-03      9.114789347069E-04
   89.200000      4.783241614665E-03      1.059248576211E-03
   89.300000      5.685186940922E-03      1.310903029459E-03
   89.400000      6.926050520767E-03      1.668767139159E-03
   89.500000      8.462855082512E-03      2.118047599388E-03
   89.600000      1.019173471224E-02      2.623791452499E-03
   89.700000      1.193187345120E-02      3.132751645182E-03
   89.800000      1.346035573028E-02      3.580761707968E-03
   89.900000      1.456169168355E-02      3.904601170412E-03
   90.000000      1.507343386552E-02      4.055771865991E-03
   90.100000      1.491827444394E-02      4.012634644880E-03
   90.200000      1.412326063237E-02      3.787380439807E-03
   90.300000      1.282248495686E-02      3.425436736704E-03
   90.400000      1.124154578234E-02      2.996874977253E-03
   90.500000      9.666568605497E-03      2.581612013771E-03
   90.600000      8.405064242653E-03      2.251995976903E-03
   90.700000      7.736253815203E-03      2.057162405601E-03
   90.800000      7.755612620219E-03      2.013087333740E-03
   90.900000      8.291631893766E-03      2.100695541340E-03
   91.000000      9.097119800939E-03      2.272190918314E-03
   91.100000      9.914849591215E-03      2.463625386880E-03
   91.200000      1.051574976056E-02      2.610239959635E-03
   91.300000      1.073206886860E-02      2.660689815554E-03
   91.400000      1.047846716924E-02      2.586946376491E-03
   91.500000      9.758127249701E-03      2.388144473761E-03
   91.600000      8.654796447572E-03      2.088378676121E-03
   91.700000      7.314233524231E-03      1.729897273414E-03
   91.800000      5.919732047205E-03      1.363922762757E-03
   91.900000      4.668029163642E-03      1.041359233406E-03
   92.000000      3.744774580329E-03      8.051095469144E-04
   92.100000      3.282846490393E-03      6.849366654444E-04
   92.200000      3.338018371899E-03      6.950665782353E-04
   92.300000      3.894724588565E-03      8.342258177434E-04
   92.400000      4.885814304231E-03      1.087566978105E-03
   92.500000      6.188358085569E-03      1.429885413649E-03
   92.600000      7.648044635332E-03      1.829557001113E-03
   92.700000      9.126973721906E-03      2.252648411300E-03
   92.800000      1.051297845570E-02      2.666655057783E-03
   92.900000      1.172366790495E-02      3.043361447606E-03
   93.000000      1.270640828265E-02      3.360469277126E-03
   93.100000      1.343380971622E-02      3.601932020692E-03
   93.200000      1.389579152441E-02      3.757312504692E-03
   93.300000      1.408915543825E-02      3.820799294101E-03
   93.400000      1.400720086689E-02      3.790614981852E-03
   93.500000      1.364003323082E-02      3.669329978338E-03
   93.600000      1.299008935717E-02      3.465100193119E-03
   93.700000      1.208659252439E-02      3.193256981617E-03
   93.800000      1.099550121680E-02      2.877247302477E-03
   93.900000      9.824610429014E-03      2.547870139308E-03
   94.000000      8.721077026927E-03      2.240163885800E-03
   94.100000      7.849645966064E-03      1.988067425458E-03
   94.200000      7.319399209597E-03      1.817851020791E-03
   94.300000      7.152815463532E-03      1.741976625925E-03
   94.400000      7.303390432496E-03      1.755237602993E-03
   94.500000      7.667658659086E-03      1.834626878442E-03
   94.600000      8.108639758968E-03      1.943463395426E-03
   94.700000      8.478795032732E-03      2.039122110483E-03
   94.800000      8.647458523127E-03      2.082626144216E-03
   94.900000      8.528282426918E-03      2.047730739786E-03
   95.000000      8.097254119128E-03      1.927185742071E-03
   95.100000      7.398138893687E-03      1.734610573482E-03
   95.200000      6.535581183420E-03      1.501620016545E-03
   95.300000      5.658100661093E-03      1.271110250739E-03
   95.400000      4.933435931787E-03      1.088548869128E-03
   95.500000      4.519787558787E-03      9.934397661211E-04
   95.600000      4.539076221791E-03      1.012806277569E-03
   95.700000      5.054177063993E-03      1.157728941127E-03
   95.800000      6.040895897736E-03      1.423005053786E-03
   95.900000      7.385332875605E-03      1.789203037598E-03
   96.000000      8.935466057700E-03      2.226005646106E-03
   96.100000      1.054204045448E-02      2.695839769343E-03
   96.200000      1.206736923417E-02      3.157256233185E-03
   96.300000      1.338906883032E-02      3.568090133801E-03
   96.400000      1.440151073112E-02      3.888804516043E-03
   96.500000      1.501757885694E-02      4.086393884744E-03
   96.600000      1.517641616332E-02      4.138789678504E-03
   96.700000      1.485467076162E-02      4.039071679209E-03
   96.800000      1.407656456889E-02      3.798280109630E-03
   96.900000      1.291948616833E-02      3.445548306217E-03
   97.000000      1.151096341241E-02      3.024763990389E-03
   97.100000      1.001541339999E-02      2.587901568585E-03
   97.200000      8.612277238754E-03      2.186228333309E-03
   97.300000      7.470694575097E-03      1.861377571002E-03
   97.400000      6.724251155933E-03      1.638484572956E-03
   97.500000      6.411270637718E-03      1.523084356387E-03
   97.600000      6.444844610510E-03      1.502413379438E-03
   97.700000      6.699381454891E-03      1.550493613479E-03
   97.800000      7.047453990511E-03      1.635343643842E-03
   97.900000      7.380785693426E-03      1.726215000718E-03
   98.000000      7.623990356559E-03      1.799026525585E-03
   98.100000      7.739070088530E-03      1.839020481766E-03
   98.200000      7.721763176400E-03      1.840729401478E-03
   98.300000      7.590884858323E-03      1.806198348201E-03
   98.400000      7.374264328620E-03      1.742746519666E-03
   98.500000      7.102677345140E-03      1.661306293991E-03
   98.600000      6.811851857795E-03      1.575726672534E-03
   98.700000      6.544845287654E-03      1.502701927855E-03
   98.800000      6.355797869503E-03      1.461513944514E-03
   98.900000      6.312634645180E-03      1.472751070305E-03
   99.000000      6.496221910284E-03      1.555580083795E-03
   99.100000      6.994472951225E-03      1.723814649798E-03
   99.200000      7.857010691739E-03      1.981663275826E-03
   99.300000      9.038836323481E-03      2.320391567650E-03
   99.400000      1.042636041656E-02      2.717055247564E-03
   99.500000      1.187363598239E-02      3.135978115088E-03
   99.600000      1.322268523802E-02      3.532939316663E-03
   99.700000      1.432243141277E-02      3.861344961571E-03
   99.800000      1.504688774253E-02      4.079206234307E-03
   99.900000      1.530678144145E-02      4.155632932806E-03
  100.000000      1.505729003168E-02      4.075745924018E-03
