# M=24, N=12, V0=0.0, V=0.765, PBC
#  time (tJ)                 S₁(n=4)                 S₂(n=4)
    0.000000      3.019806626980E-14     -1.776356839400E-15
    0.100000      2.414117539448E-02      6.111794911956E-03
    0.200000      7.631604440958E-02      2.325335532908E-02
    0.300000      1.404211879050E-01      4.813952005050E-02
    0.400000      2.045113799619E-01      7.619417298469E-02
    0.500000      2.595033997208E-01      1.026205704403E-01
    0.600000      2.994223978740E-01      1.234446186909E-01
    0.700000      3.215143959626E-01      1.362704102748E-01
    0.800000      3.260917861775E-01      1.405956126994E-01
    0.900000      3.161406628601E-01      1.376640028869E-01
    1.000000      2.967163665570E-01      1.299436740810E-01
    1.100000      2.741229347392E-01      1.203955652758E-01
    1.200000      2.547322365144E-01      1.117309972104E-01
    1.300000      2.431572705229E-01      1.058414998855E-01
    1.400000      2.407180238072E-01      1.035202591907E-01
    1.500000      2.457759282158E-01      1.045012316897E-01
    1.600000      2.551313572777E-01      1.077516877716E-01
    1.700000      2.653532597994E-01      1.118959415869E-01
    1.800000      2.736795866575E-01      1.156356890780E-01
    1.900000      2.784325121224E-01      1.180606095058E-01
    2.000000      2.790981558070E-01      1.187943036970E-01
    2.100000      2.762180374017E-01      1.179749569094E-01
    2.200000      2.711158760864E-01      1.161117548354E-01
    2.300000      2.654759600316E-01      1.138796377282E-01
    2.400000      2.608673214820E-01      1.119165133927E-01
    2.500000      2.583433691793E-01      1.106729619177E-01
    2.600000      2.581998619888E-01      1.103405823621E-01
    2.700000      2.600706132677E-01      1.108582504205E-01
    2.800000      2.632928508325E-01      1.119743181178E-01
    2.900000      2.670792432554E-01      1.133351969994E-01
    3.000000      2.704877215113E-01      1.145772176551E-01
    3.100000      2.726373793864E-01      1.154090837295E-01
    3.200000      2.730660272404E-01      1.156752704620E-01
    3.300000      2.718749164241E-01      1.153863494150E-01
    3.400000      2.696834399271E-01      1.147016425602E-01
    3.500000      2.674530989790E-01      1.138619137095E-01
    3.600000      2.661198584442E-01      1.130916520423E-01
    3.700000      2.659856554071E-01      1.125084659031E-01
    3.800000      2.665432700591E-01      1.120775272324E-01
    3.900000      2.669346368713E-01      1.116275982602E-01
    4.000000      2.664096436883E-01      1.109123747878E-01
    4.100000      2.645667216965E-01      1.096780969026E-01
    4.200000      2.613433866334E-01      1.077027916743E-01
    4.300000      2.567201495559E-01      1.048009904429E-01
    4.400000      2.503465203957E-01      1.008171837437E-01
    4.500000      2.416186760399E-01      9.563811905326E-02
    4.600000      2.300418137964E-01      8.923490645175E-02
    4.700000      2.155223339547E-01      8.171916481084E-02
    4.800000      1.985210235402E-01      7.338554186870E-02
    4.900000      1.800743519553E-01      6.472260522481E-02
    5.000000      1.617201919206E-01      5.639268504450E-02
    5.100000      1.453828590708E-01      4.919100641327E-02
    5.200000      1.332345779220E-01      4.398940314849E-02
    5.300000      1.274454853230E-01      4.165922210441E-02
    5.400000      1.297603720169E-01      4.296512655465E-02
    5.500000      1.410653398026E-01      4.843161592522E-02
    5.600000      1.611368284728E-01      5.820142367486E-02
    5.700000      1.885703444683E-01      7.191916642154E-02
    5.800000      2.209578201032E-01      8.867718101413E-02
    5.900000      2.552870310838E-01      1.070515848397E-01
    6.000000      2.883487781188E-01      1.252381768711E-01
    6.100000      3.170354662971E-01      1.412757606520E-01
    6.200000      3.385762692678E-01      1.533253725397E-01
    6.300000      3.507720999623E-01      1.599616938998E-01
    6.400000      3.522449005751E-01      1.604272674657E-01
    6.500000      3.426834722301E-01      1.547996099154E-01
    6.600000      3.230517791443E-01      1.440285234168E-01
    6.700000      2.957128054423E-01      1.298211294589E-01
    6.800000      2.644147332170E-01      1.143848047234E-01
    6.900000      2.340777828978E-01      1.000724401981E-01
    7.000000      2.102270413551E-01      8.899646856064E-02
    7.100000      1.976058185280E-01      8.268215809662E-02
    7.200000      1.980686759466E-01      8.182103122169E-02
    7.300000      2.100682591631E-01      8.616864881767E-02
    7.400000      2.299791409316E-01      9.460945718158E-02
    7.500000      2.534208114359E-01      1.053830218125E-01
    7.600000      2.761510565454E-01      1.164315972637E-01
    7.700000      2.946344212984E-01      1.257972321868E-01
    7.800000      3.063968170583E-01      1.319811490443E-01
    7.900000      3.102200885263E-01      1.341881837981E-01
    8.000000      3.061935913877E-01      1.324118046346E-01
    8.100000      2.956324480133E-01      1.273574764544E-01
    8.200000      2.808638392899E-01      1.202388584827E-01
    8.300000      2.648677522603E-01      1.125028244812E-01
    8.400000      2.507494209407E-01      1.055434400987E-01
    8.500000      2.410538992649E-01      1.004558436936E-01
    8.600000      2.371149846388E-01      9.786530566537E-02
    8.700000      2.388230534366E-01      9.785037513151E-02
    8.800000      2.449207306931E-01      9.996442710887E-02
    8.900000      2.534532958383E-01      1.033467781479E-01
    9.000000      2.621340295621E-01      1.069020132097E-01
    9.100000      2.687243985417E-01      1.095149252418E-01
    9.200000      2.714093151286E-01      1.102610809821E-01
    9.300000      2.690588137234E-01      1.085727691400E-01
    9.400000      2.613616731691E-01      1.043289542099E-01
    9.500000      2.488381999198E-01      9.785475262090E-02
    9.600000      2.327469965280E-01      8.983630383960E-02
    9.700000      2.149002620224E-01      8.117474269524E-02
    9.800000      1.973859646817E-01      7.281407751954E-02
    9.900000      1.821972991529E-01      6.558094791421E-02
   10.000000      1.708347246478E-01      6.006975825077E-02
   10.100000      1.640389604171E-01      5.659486347298E-02
   10.200000      1.617785352383E-01      5.521366764041E-02
   10.300000      1.634814267636E-01      5.580489158157E-02
   10.400000      1.684152583126E-01      5.817135713689E-02
   10.500000      1.760218736599E-01      6.213189957258E-02
   10.600000      1.860421410347E-01      6.757383755218E-02
   10.700000      1.984073306795E-01      7.445263218775E-02
   10.800000      2.130404964563E-01      8.274314743365E-02
   10.900000      2.297693161955E-01      9.236137118073E-02
   11.000000      2.482632157230E-01      1.030826053789E-01
   11.100000      2.679044871087E-01      1.144812417425E-01
   11.200000      2.876897156596E-01      1.259107360286E-01
   11.300000      3.062423027060E-01      1.365339777145E-01
   11.400000      3.219395226854E-01      1.454060248343E-01
   11.500000      3.331351478417E-01      1.516022728327E-01
   11.600000      3.384296067821E-01      1.543737414622E-01
   11.700000      3.369283139333E-01      1.532986246446E-01
   11.800000      3.284335766674E-01      1.483918877004E-01
   11.900000      3.135380319820E-01      1.401401785608E-01
   12.000000      2.936224217490E-01      1.294493868748E-01
   12.100000      2.707713000985E-01      1.175186911044E-01
   12.200000      2.475966564201E-01      1.056744421843E-01
   12.300000      2.269376391285E-01      9.520100069825E-02
   12.400000      2.114394468652E-01      8.719550915087E-02
   12.500000      2.030568835881E-01      8.245861021082E-02
   12.600000      2.026448326196E-01      8.142180406869E-02
   12.700000      2.098960815926E-01      8.410785383401E-02
   12.800000      2.235704154319E-01      9.012232146719E-02
   12.900000      2.417244202086E-01      9.867880772913E-02
   13.000000      2.619572054049E-01      1.086640626499E-01
   13.100000      2.817134990506E-01      1.187485224844E-01
   13.200000      2.985627630047E-01      1.275413920678E-01
   13.300000      3.104233526931E-01      1.337780360339E-01
   13.400000      3.157567020466E-01      1.365142078456E-01
   13.500000      3.137512642275E-01      1.352907854463E-01
   13.600000      3.044730167755E-01      1.302292619454E-01
   13.700000      2.889425468089E-01      1.220271172876E-01
   13.800000      2.691084834989E-01      1.118444285732E-01
   13.900000      2.476872082663E-01      1.011019719637E-01
   14.000000      2.278192041917E-01      9.123407491390E-02
   14.100000      2.124810832527E-01      8.344694293746E-02
   14.200000      2.037189788014E-01      7.852547627566E-02
   14.300000      2.020712866003E-01      7.671680725515E-02
   14.400000      2.065247674225E-01      7.770461843159E-02
   14.500000      2.149079834365E-01      8.067707570107E-02
   14.600000      2.244651027380E-01      8.448094250054E-02
   14.700000      2.324482290534E-01      8.784229325908E-02
   14.800000      2.365989143859E-01      8.961971968127E-02
   14.900000      2.354806988232E-01      8.904291204048E-02
   15.000000      2.286871896835E-01      8.588511941245E-02
   15.100000      2.169443772971E-01      8.052763791469E-02
   15.200000      2.020942041472E-01      7.389740286700E-02
   15.300000      1.869043996064E-01      6.728850862398E-02
   15.400000      1.746206845864E-01      6.210632973333E-02
   15.500000      1.682566029522E-01      5.959079547301E-02
   15.600000      1.697992426404E-01      6.057829186254E-02
   15.700000      1.796594538853E-01      6.535006263817E-02
   15.800000      1.966480266926E-01      7.359424923279E-02
   15.900000      2.184074609000E-01      8.448515840841E-02
   16.000000      2.420419988566E-01      9.686060649873E-02
   16.100000      2.647395908964E-01      1.094577317073E-01
   16.200000      2.843005903007E-01      1.211520544152E-01
   16.300000      2.994828143816E-01      1.311393791681E-01
   16.400000      3.100888718520E-01      1.390118850982E-01
   16.500000      3.167945413571E-01      1.447103508342E-01
   16.600000      3.207416338783E-01      1.483763534374E-01
   16.700000      3.229412219631E-01      1.501655846983E-01
   16.800000      3.236761411889E-01      1.500996281623E-01
   16.900000      3.223049485151E-01      1.480200504628E-01
   17.000000      3.176130661875E-01      1.436688399767E-01
   17.100000      3.083873643539E-01      1.368675772305E-01
   17.200000      2.939518326674E-01      1.277252240284E-01
   17.300000      2.745844598902E-01      1.167895907443E-01
   17.400000      2.517766046633E-01      1.050764065893E-01
   17.500000      2.282850017207E-01      9.395261256170E-02
   17.600000      2.079004426398E-01      8.489806791276E-02
   17.700000      1.947757998457E-01      7.920543605828E-02
   17.800000      1.920663017823E-01      7.769379830567E-02
   17.900000      2.002936564386E-01      8.050827773040E-02
   18.000000      2.170878653204E-01      8.705954440308E-02
   18.100000      2.384883395429E-01      9.612617140124E-02
   18.200000      2.603270264168E-01      1.061021620893E-01
   18.300000      2.791056303359E-01      1.153299258257E-01
   18.400000      2.924515167270E-01      1.224310238078E-01
   18.500000      2.992771168065E-01      1.265476495196E-01
   18.600000      2.997068254346E-01      1.274388036395E-01
   18.700000      2.948178733768E-01      1.254224664942E-01
   18.800000      2.862474075424E-01      1.211987614796E-01
   18.900000      2.757346301718E-01      1.156158172867E-01
   19.000000      2.646941136015E-01      1.094468967712E-01
   19.100000      2.539467924034E-01      1.032367126558E-01
   19.200000      2.437124559789E-01      9.724979491535E-02
   19.300000      2.338271365080E-01      9.151993872835E-02
   19.400000      2.240301688508E-01      8.596792971251E-02
   19.500000      2.141881346749E-01      8.053719000889E-02
   19.600000      2.044011764887E-01      7.529942274295E-02
   19.700000      1.950495314450E-01      7.050001915550E-02
   19.800000      1.868531201083E-01      6.653530997964E-02
   19.900000      1.808505858292E-01      6.387228681935E-02
   20.000000      1.781825572704E-01      6.293380261150E-02
   20.100000      1.797023591758E-01      6.397937967306E-02
   20.200000      1.856014230003E-01      6.701343678335E-02
   20.300000      1.952819900784E-01      7.174729618622E-02
   20.400000      2.074530206742E-01      7.762862107999E-02
   20.500000      2.203374424677E-01      8.393522372810E-02
   20.600000      2.320756244252E-01      8.991435536620E-02
   20.700000      2.411968713752E-01      9.493758532573E-02
   20.800000      2.469411482048E-01      9.863748042784E-02
   20.900000      2.493933617568E-01      1.009959893372E-01
   21.000000      2.494468218237E-01      1.023637572419E-01
   21.100000      2.486198643258E-01      1.034011912788E-01
   21.200000      2.487653104442E-01      1.049444770332E-01
   21.300000      2.517138050536E-01      1.078141781251E-01
   21.400000      2.588691726151E-01      1.126004985968E-01
   21.500000      2.707472478401E-01      1.194726552209E-01
   21.600000      2.865490936803E-01      1.280624696962E-01
   21.700000      3.041410574068E-01      1.374602948968E-01
   21.800000      3.206575759640E-01      1.463370588174E-01
   21.900000      3.332466109292E-01      1.531758973970E-01
   22.000000      3.395710870463E-01      1.565685250396E-01
   22.100000      3.380860888921E-01      1.555135884273E-01
   22.200000      3.281875607299E-01      1.496523826412E-01
   22.300000      3.103035890828E-01      1.393901063977E-01
   22.400000      2.859639608404E-01      1.258720348336E-01
   22.500000      2.578249751191E-01      1.108101613974E-01
   22.600000      2.295614560128E-01      9.618754099507E-02
   22.700000      2.054664420394E-01      8.390044306699E-02
   22.800000      1.894662575550E-01      7.541926886735E-02
   22.900000      1.836580351450E-01      7.154578148942E-02
   23.000000      1.877810886376E-01      7.231692426725E-02
   23.100000      1.999054996865E-01      7.706632535465E-02
   23.200000      2.171948022944E-01      8.461707336334E-02
   23.300000      2.365022954237E-01      9.355202212577E-02
   23.400000      2.549120774601E-01      1.024945744530E-01
   23.500000      2.701959037858E-01      1.103352366363E-01
   23.600000      2.810815650509E-01      1.163572480522E-01
   23.700000      2.872827809300E-01      1.202452813249E-01
   23.800000      2.893168361849E-01      1.219966407011E-01
   23.900000      2.881364161187E-01      1.217820764627E-01
   24.000000      2.846083853749E-01      1.198119574329E-01
   24.100000      2.790602435044E-01      1.162510207814E-01
   24.200000      2.712614566964E-01      1.112002753829E-01
   24.300000      2.607604819680E-01      1.047405204670E-01
   24.400000      2.472803987753E-01      9.701551708485E-02
   24.500000      2.310370689090E-01      8.832401091574E-02
   24.600000      2.129233579036E-01      7.918642313071E-02
   24.700000      1.945355336066E-01      7.035473509998E-02
   24.800000      1.780207338173E-01      6.274566249734E-02
   24.900000      1.657336427263E-01      5.729845781644E-02
   25.000000      1.597623711709E-01      5.478523639919E-02
   25.100000      1.614306287117E-01      5.562399415644E-02
   25.200000      1.707834967756E-01      5.975146651607E-02
   25.300000      1.862490345461E-01      6.659896171444E-02
   25.400000      2.050473533789E-01      7.518398007074E-02
   25.500000      2.240780724711E-01      8.429710864798E-02
   25.600000      2.406484672969E-01      9.274071951947E-02
   25.700000      2.528991710451E-01      9.956831991270E-02
   25.800000      2.600000398800E-01      1.042765079521E-01
   25.900000      2.621955951566E-01      1.069086551839E-01
   26.000000      2.607404670213E-01      1.080398562910E-01
   26.100000      2.577173955248E-01      1.086321294890E-01
   26.200000      2.557007181193E-01      1.097811674105E-01
   26.300000      2.572134790554E-01      1.124132804957E-01
   26.400000      2.639304400832E-01      1.170148525391E-01
   26.500000      2.758672444306E-01      1.234712187285E-01
   26.600000      2.912745600760E-01      1.310590346631E-01
   26.700000      3.072711556663E-01      1.385928146518E-01
   26.800000      3.206549809079E-01      1.446896301667E-01
   26.900000      3.286482713643E-01      1.480924163385E-01
   27.000000      3.294532712233E-01      1.479797445176E-01
   27.100000      3.225713053332E-01      1.441868567668E-01
   27.200000      3.089048352255E-01      1.372736808994E-01
   27.300000      2.906537784229E-01      1.284069721043E-01
   27.400000      2.709868464278E-01      1.190750384406E-01
   27.500000      2.534481430886E-01      1.107099465625E-01
   27.600000      2.410589434870E-01      1.043284597012E-01
   27.700000      2.352130167559E-01      1.002994667846E-01
   27.800000      2.350401928747E-01      9.830326247231E-02
   27.900000      2.379638335098E-01      9.748728430581E-02
   28.000000      2.408771676248E-01      9.676810666226E-02
   28.100000      2.411524957074E-01      9.519461443114E-02
   28.200000      2.373345321315E-01      9.227461244152E-02
   28.300000      2.295096872272E-01      8.817457901601E-02
   28.400000      2.193534455575E-01      8.372913239887E-02
   28.500000      2.098657564433E-01      8.024240767539E-02
   28.600000      2.047722742009E-01      7.912158366231E-02
   28.700000      2.074696468046E-01      8.143767040618E-02
   28.800000      2.194821315510E-01      8.753969984655E-02
   28.900000      2.393609173390E-01      9.684087233219E-02
   29.000000      2.631837452105E-01      1.078494566362E-01
   29.100000      2.859838233367E-01      1.184485245607E-01
   29.200000      3.030431251045E-01      1.263584263424E-01
   29.300000      3.107550554316E-01      1.296640100992E-01
   29.400000      3.071254141944E-01      1.272688443705E-01
   29.500000      2.920022087181E-01      1.191570735217E-01
   29.600000      2.670723544871E-01      1.063964358783E-01
   29.700000      2.356360733025E-01      9.088948960274E-02
   29.800000      2.021516027197E-01      7.495149265593E-02
   29.900000      1.715147353955E-01      6.083773360703E-02
   30.000000      1.481519751531E-01      5.034455193359E-02
   30.100000      1.352298414583E-01      4.456889602545E-02
   30.200000      1.340724317658E-01      4.385026544558E-02
   30.300000      1.439058934046E-01      4.786251844503E-02
   30.400000      1.621871007403E-01      5.579159407354E-02
   30.500000      1.855195550533E-01      6.653438481497E-02
   30.600000      2.106432998664E-01      7.887475856833E-02
   30.700000      2.349843657601E-01      9.161911107233E-02
   30.800000      2.567486727320E-01      1.036932064509E-01
   30.900000      2.747551139830E-01      1.142107836209E-01
   31.000000      2.882330057772E-01      1.225255337229E-01
   31.100000      2.967548456480E-01      1.282747981889E-01
   31.200000      3.003209208886E-01      1.314156295196E-01
   31.300000      2.994730538272E-01      1.322416558278E-01
   31.400000      2.953308521060E-01      1.313579651906E-01
   31.500000      2.895091139880E-01      1.295915517096E-01
   31.600000      2.839172744376E-01      1.278337934005E-01
   31.700000      2.804396141446E-01      1.268431627127E-01
   31.800000      2.804446766328E-01      1.270628627516E-01
   31.900000      2.841928045784E-01      1.285114898988E-01
   32.000000      2.905829898490E-01      1.307813598093E-01
   32.100000      2.975868692629E-01      1.331418738690E-01
   32.200000      3.029962851773E-01      1.347139656204E-01
   32.300000      3.049842227756E-01      1.346688558539E-01
   32.400000      3.023856427204E-01      1.324091417467E-01
   32.500000      2.947842001471E-01      1.277024348256E-01
   32.600000      2.824947576026E-01      1.207477588902E-01
   32.700000      2.665102101713E-01      1.121613574924E-01
   32.800000      2.484467269410E-01      1.028778446359E-01
   32.900000      2.304733612290E-01      9.398059060090E-02
   33.000000      2.151379553138E-01      8.649803769146E-02
   33.100000      2.048736510827E-01      8.121683347076E-02
   33.200000      2.010957819788E-01      7.855662025379E-02
   33.300000      2.035499485365E-01      7.852728206833E-02
   33.400000      2.106450928888E-01      8.076273592754E-02
   33.500000      2.203110539400E-01      8.461073848213E-02
   33.600000      2.305893438204E-01      8.925774285203E-02
   33.700000      2.398908046516E-01      9.387207166647E-02
   33.800000      2.471052113248E-01      9.774786883308E-02
   33.900000      2.516492754135E-01      1.004257910316E-01
   34.000000      2.534746353597E-01      1.017617923018E-01
   34.100000      2.530190220991E-01      1.019208969450E-01
   34.200000      2.510864072839E-01      1.012909775441E-01
   34.300000      2.486805451920E-01      1.003371450275E-01
   34.400000      2.467801899919E-01      9.943979563346E-02
   34.500000      2.460049778325E-01      9.876741997738E-02
   34.600000      2.462489527501E-01      9.822385405775E-02
   34.700000      2.466088088583E-01      9.748365509377E-02
   34.800000      2.457491201738E-01      9.610039936475E-02
   34.900000      2.423985224752E-01      9.365196857301E-02
   35.000000      2.357490503463E-01      8.988027324252E-02
   35.100000      2.257000024011E-01      8.479106405135E-02
   35.200000      2.129322026562E-01      7.869781703799E-02
   35.300000      1.988215921265E-01      7.221203146872E-02
   35.400000      1.852274092453E-01      6.619033312461E-02
   35.500000      1.742472576624E-01      6.164492313858E-02
   35.600000      1.680204938009E-01      5.961746034012E-02
   35.700000      1.685334234144E-01      6.101872099657E-02
   35.800000      1.773290746769E-01      6.644987536260E-02
   35.900000      1.949532100455E-01      7.603797846699E-02
   36.000000      2.202561936392E-01      8.932710715754E-02
   36.100000      2.504337900190E-01      1.052613228787E-01
   36.200000      2.818948521889E-01      1.222780319376E-01
   36.300000      3.109958112648E-01      1.385070754832E-01
   36.400000      3.344871877042E-01      1.520485364097E-01
   36.500000      3.498502776547E-01      1.612841901148E-01
   36.600000      3.555572777907E-01      1.651654937841E-01
   36.700000      3.512468123631E-01      1.634180396740E-01
   36.800000      3.378069977585E-01      1.566123369166E-01
   36.900000      3.173533167789E-01      1.460747484535E-01
   37.000000      2.930811007867E-01      1.336467950442E-01
   37.100000      2.689584175533E-01      1.213380928323E-01
   37.200000      2.491776798156E-01      1.109471592682E-01
   37.300000      2.371872166721E-01      1.037344673441E-01
   37.400000      2.342768245376E-01      1.002185649211E-01
   37.500000      2.389520638769E-01      1.001336422418E-01
   37.600000      2.480790092526E-01      1.025473939108E-01
   37.700000      2.581975395469E-01      1.061031424374E-01
   37.800000      2.662792657761E-01      1.093272118543E-01
   37.900000      2.701338602413E-01      1.109345854987E-01
   38.000000      2.685916198402E-01      1.100734678875E-01
   38.100000      2.615247176262E-01      1.064693451428E-01
   38.200000      2.497530216107E-01      1.004536638815E-01
   38.300000      2.348813718128E-01      9.288268630871E-02
   38.400000      2.191110501381E-01      8.496559718361E-02
   38.500000      2.050152976750E-01      7.803146120541E-02
   38.600000      1.952107387941E-01      7.327561100630E-02
   38.700000      1.918216236867E-01      7.153383031624E-02
   38.800000      1.956639701067E-01      7.312943929876E-02
   38.900000      2.058363913707E-01      7.782119358871E-02
   39.000000      2.203606912831E-01      8.485506038773E-02
   39.100000      2.368388536010E-01      9.310097371048E-02
   39.200000      2.528173889008E-01      1.012435787435E-01
   39.300000      2.660421773514E-01      1.079937837058E-01
   39.400000      2.746837970815E-01      1.122909129852E-01
   39.500000      2.775225180046E-01      1.134684754198E-01
   39.600000      2.740783393102E-01      1.113586320482E-01
   39.700000      2.646936023764E-01      1.063144526804E-01
   39.800000      2.505602458409E-01      9.913989942524E-02
   39.900000      2.336587451266E-01      9.093681787801E-02
   40.000000      2.165633986788E-01      8.290091085580E-02
   40.100000      2.020288031306E-01      7.611455705958E-02
   40.200000      1.922048392304E-01      7.138448903335E-02
   40.300000      1.879487624493E-01      6.915507379923E-02
   40.400000      1.890804607941E-01      6.950072716186E-02
   40.500000      1.948116138275E-01      7.217725915188E-02
   40.600000      2.040207293912E-01      7.670348515245E-02
   40.700000      2.154274244898E-01      8.245316450546E-02
   40.800000      2.276863641273E-01      8.875301083693E-02
   40.900000      2.394836322041E-01      9.499019130569E-02
   41.000000      2.497249627189E-01      1.007246900140E-01
   41.100000      2.578059198038E-01      1.057840470771E-01
   41.200000      2.638155244707E-01      1.103052742707E-01
   41.300000      2.685688467412E-01      1.146939039679E-01
   41.400000      2.734541490697E-01      1.194942477178E-01
   41.500000      2.800635355926E-01      1.251968707768E-01
   41.600000      2.895350838216E-01      1.320336664994E-01
   41.700000      3.019374496002E-01      1.398180213679E-01
   41.800000      3.161888140476E-01      1.478773179911E-01
   41.900000      3.302254529843E-01      1.551037216960E-01
   42.000000      3.413850834616E-01      1.601237976366E-01
   42.100000      3.469420794346E-01      1.615624198166E-01
   42.200000      3.446229744369E-01      1.583539739307E-01
   42.300000      3.330379910307E-01      1.500367440289E-01
   42.400000      3.120177787105E-01      1.369595587272E-01
   42.500000      2.828486392536E-01      1.203391627792E-01
   42.600000      2.483870894428E-01      1.021349413198E-01
   42.700000      2.130002201927E-01      8.474968099683E-02
   42.800000      1.822216166100E-01      7.060877453963E-02
   42.900000      1.619339834198E-01      6.170162991217E-02
   43.000000      1.567139156672E-01      5.917967326482E-02
   43.100000      1.674122966454E-01      6.309572162380E-02
   43.200000      1.904461478892E-01      7.234525038937E-02
   43.300000      2.197612181283E-01      8.483584165180E-02
   43.400000      2.489311254870E-01      9.786888879634E-02
   43.500000      2.723668371287E-01      1.086709622164E-01
   43.600000      2.859818726395E-01      1.149706398950E-01
   43.700000      2.875768706712E-01      1.154939428881E-01
   43.800000      2.770438535808E-01      1.102583655465E-01
   43.900000      2.564169013281E-01      1.005836956702E-01
   44.000000      2.297437999173E-01      8.880145316305E-02
   44.100000      2.027180406621E-01      7.772078605599E-02
   44.200000      1.819787886391E-01      6.997507934500E-02
   44.300000      1.737772517773E-01      6.740625943389E-02
   44.400000      1.812811876164E-01      7.063259655960E-02
   44.500000      2.019065934466E-01      7.890031896334E-02
   44.600000      2.291205652583E-01      9.025645334732E-02
   44.700000      2.559452753604E-01      1.020106905907E-01
   44.800000      2.765441095100E-01      1.113844170411E-01
   44.900000      2.869043127453E-01      1.161892261005E-01
   45.000000      2.851997008792E-01      1.153575823930E-01
   45.100000      2.719198472860E-01      1.091813670705E-01
   45.200000      2.497781486692E-01      9.919573283187E-02
   45.300000      2.233772221274E-01      8.775044626495E-02
   45.400000      1.985730472533E-01      7.740159259578E-02
   45.500000      1.813467285990E-01      7.029984482372E-02
   45.600000      1.757889187442E-01      6.773525824716E-02
   45.700000      1.822938631988E-01      6.993794158631E-02
   45.800000      1.980110853379E-01      7.615757020473E-02
   45.900000      2.184476083542E-01      8.497506626254E-02
   46.000000      2.391864746724E-01      9.474770252107E-02
   46.100000      2.569877375882E-01      1.040602624133E-01
   46.200000      2.702384037426E-01      1.120560955272E-01
   46.300000      2.789782179781E-01      1.185574776227E-01
   46.400000      2.845985287004E-01      1.239503843953E-01
   46.500000      2.892433316221E-01      1.288869641207E-01
   46.600000      2.949334732580E-01      1.339218482602E-01
   46.700000      3.026017570468E-01      1.392196872445E-01
   46.800000      3.115553101976E-01      1.444396964239E-01
   46.900000      3.199475870477E-01      1.488295762373E-01
   47.000000      3.257551381461E-01      1.514765842289E-01
   47.100000      3.273903709182E-01      1.516057938968E-01
   47.200000      3.239858147534E-01      1.488108928030E-01
   47.300000      3.154610983018E-01      1.431489407394E-01
   47.400000      3.024752165357E-01      1.350966514833E-01
   47.500000      2.862857826530E-01      1.254143065548E-01
   47.600000      2.684765562467E-01      1.149760658073E-01
   47.700000      2.506244251124E-01      1.046117974053E-01
   47.800000      2.340779825784E-01      9.498779730717E-02
   47.900000      2.197789487474E-01      8.654437062705E-02
   48.000000      2.079932424901E-01      7.950198670418E-02
   48.100000      1.984463367366E-01      7.393283630091E-02
   48.200000      1.909319469133E-01      6.986929743440E-02
   48.300000      1.857541555041E-01      6.739883060591E-02
   48.400000      1.837872695139E-01      6.669521831857E-02
   48.500000      1.860919382569E-01      6.796514693062E-02
   48.600000      1.932451643363E-01      7.133148401271E-02
   48.700000      2.048252349303E-01      7.670425686005E-02
   48.800000      2.194996517147E-01      8.369248417583E-02
   48.900000      2.355028815226E-01      9.159058755469E-02
   49.000000      2.509983898922E-01      9.944799008841E-02
   49.100000      2.641964976461E-01      1.062097652912E-01
   49.200000      2.733536378259E-01      1.109004188872E-01
   49.300000      2.770148200082E-01      1.128107712220E-01
   49.400000      2.744246337969E-01      1.116429731503E-01
   49.500000      2.658059714094E-01      1.075774363248E-01
   49.600000      2.524292574363E-01      1.012488121855E-01
   49.700000      2.364516180445E-01      9.364518448308E-02
   49.800000      2.205032476629E-01      8.595900427229E-02
   49.900000      2.071411325818E-01      7.941443508516E-02
   50.000000      1.984441147536E-01      7.508556729123E-02
   50.100000      1.958036758047E-01      7.371939356097E-02
   50.200000      1.997232041712E-01      7.558891965613E-02
   50.300000      2.095636845612E-01      8.041266647786E-02
   50.400000      2.234873285568E-01      8.737338487444E-02
   50.500000      2.388639137583E-01      9.524869673742E-02
   50.600000      2.529265839724E-01      1.026384108916E-01
   50.700000      2.633075893647E-01      1.082484759038E-01
   50.800000      2.683850634975E-01      1.111756910843E-01
   50.900000      2.675328969239E-01      1.111309429808E-01
   51.000000      2.613161532399E-01      1.085427707628E-01
   51.100000      2.515600896473E-01      1.045019254185E-01
   51.200000      2.411953315557E-01      1.005437895111E-01
   51.300000      2.338188757831E-01      9.831067335038E-02
   51.400000      2.329118593482E-01      9.917160557109E-02
   51.500000      2.406951104815E-01      1.038882423304E-01
   51.600000      2.570623687580E-01      1.124018671971E-01
   51.700000      2.794829377298E-01      1.237894393198E-01
   51.800000      3.039296186827E-01      1.364056949681E-01
   51.900000      3.260669357985E-01      1.481938343444E-01
   52.000000      3.421588444943E-01      1.571072262175E-01
   52.100000      3.496284700153E-01      1.615463392392E-01
   52.200000      3.473558525633E-01      1.606978420637E-01
   52.300000      3.357702048992E-01      1.546831887154E-01
   52.400000      3.167480644158E-01      1.444800443828E-01
   52.500000      2.932923068172E-01      1.316495720822E-01
   52.600000      2.689460631360E-01      1.179572890557E-01
   52.700000      2.469434625448E-01      1.049955467173E-01
   52.800000      2.293509503343E-01      9.389989549809E-02
   52.900000      2.166742107989E-01      8.521308985749E-02
   53.000000      2.081019146199E-01      7.890738426882E-02
   53.100000      2.021609432278E-01      7.454008226531E-02
   53.200000      1.974293811702E-01      7.149175090135E-02
   53.300000      1.930488660873E-01      6.922004457006E-02
   53.400000      1.889547014826E-01      6.745723672642E-02
   53.500000      1.858248569207E-01      6.629295234903E-02
   53.600000      1.848025303031E-01      6.611802946483E-02
   53.700000      1.871006613864E-01      6.745208325832E-02
   53.800000      1.936181369936E-01      7.071734440868E-02
   53.900000      2.045772654055E-01      7.603693847059E-02
   54.000000      2.192431096192E-01      8.312181825158E-02
   54.100000      2.359677473110E-01      9.127672746686E-02
   54.200000      2.525878964170E-01      9.951806776324E-02
   54.300000      2.669024286806E-01      1.067676011986E-01
   54.400000      2.770642442566E-01      1.120699388938E-01
   54.500000      2.818661130807E-01      1.147787565195E-01
   54.600000      2.809092436239E-01      1.146666978715E-01
   54.700000      2.746335734687E-01      1.119367347852E-01
   54.800000      2.642087780083E-01      1.071434815691E-01
   54.900000      2.513075331521E-01      1.010601315483E-01
   55.000000      2.378018776794E-01      9.453731852930E-02
   55.100000      2.254411011659E-01      8.838940935304E-02
   55.200000      2.155860335815E-01      8.331985501524E-02
   55.300000      2.090924001275E-01      7.987641520468E-02
   55.400000      2.063596430094E-01      7.842113258028E-02
   55.500000      2.074436236831E-01      7.910821932292E-02
   55.600000      2.121344201140E-01      8.187484705186E-02
   55.700000      2.199753539328E-01      8.645425901024E-02
   55.800000      2.302655279498E-01      9.241486847100E-02
   55.900000      2.420969211883E-01      9.921905821169E-02
   56.000000      2.544456029287E-01      1.062894901284E-01
   56.100000      2.663109583368E-01      1.130722184799E-01
   56.200000      2.768349631073E-01      1.190914490555E-01
   56.300000      2.853565619826E-01      1.239944656419E-01
   56.400000      2.914392122075E-01      1.275842404873E-01
   56.500000      2.949144225692E-01      1.298342753976E-01
   56.600000      2.959325247402E-01      1.308804275132E-01
   56.700000      2.949836576231E-01      1.309896531807E-01
   56.800000      2.928535271259E-01      1.305119063503E-01
   56.900000      2.904813516979E-01      1.298234567307E-01
   57.000000      2.887320738491E-01      1.292667578599E-01
   57.100000      2.881886818737E-01      1.290883915471E-01
   57.200000      2.890526298046E-01      1.293778712363E-01
   57.300000      2.911182096216E-01      1.300169003754E-01
   57.400000      2.937658856763E-01      1.306564837528E-01
   57.500000      2.959748944118E-01      1.307415247986E-01
   57.600000      2.964046283795E-01      1.295946702778E-01
   57.700000      2.935994881336E-01      1.265536090924E-01
   57.800000      2.862972180300E-01      1.211351046084E-01
   57.900000      2.737569968146E-01      1.131845631567E-01
   58.000000      2.560305769704E-01      1.029696886453E-01
   58.100000      2.341161727480E-01      9.119109430721E-02
   58.200000      2.099516048641E-01      7.890430923116E-02
   58.300000      1.862194806375E-01      6.736739743213E-02
   58.400000      1.659534683428E-01      5.784222746608E-02
   58.500000      1.519770192515E-01      5.138630595482E-02
   58.600000      1.463042036570E-01      4.867677959368E-02
   58.700000      1.496689215713E-01      4.990540880705E-02
   58.800000      1.612759686693E-01      5.476865004359E-02
   58.900000      1.789828331963E-01      6.255163106508E-02
   59.000000      1.999929936578E-01      7.227796532508E-02
   59.100000      2.216137120496E-01      8.288107214760E-02
   59.200000      2.417176564594E-01      9.335351563661E-02
   59.300000      2.589024839188E-01      1.028460929952E-01
   59.400000      2.724315762333E-01      1.107094110062E-01
   59.500000      2.820272263436E-01      1.164895164082E-01
   59.600000      2.875992520766E-01      1.199014138743E-01
   59.700000      2.890496140547E-01      1.208075537661E-01
   59.800000      2.862810848931E-01      1.192205725249E-01
   59.900000      2.793702115680E-01      1.153317173424E-01
   60.000000      2.687578771088E-01      1.095459756871E-01
   60.100000      2.553535948794E-01      1.024937833587E-01
   60.200000      2.405141611450E-01      9.499512250816E-02
   60.300000      2.259121119947E-01      8.797170241269E-02
   60.400000      2.133463216106E-01      8.232444927217E-02
   60.500000      2.044997898294E-01      7.880479251531E-02
   60.600000      2.006296961734E-01      7.790632897888E-02
   60.700000      2.023220629641E-01      7.979466640270E-02
   60.800000      2.094670785059E-01      8.428540001259E-02
   60.900000      2.213299490462E-01      9.087522291012E-02
   61.000000      2.365154643689E-01      9.882521116185E-02
   61.100000      2.530528242506E-01      1.072848112698E-01
   61.200000      2.689019827823E-01      1.154322330778E-01
   61.300000      2.824897630770E-01      1.225991264278E-01
   61.400000      2.929230034008E-01      1.283509831358E-01
   61.500000      2.999586591346E-01      1.325094010566E-01
   61.600000      3.038507675250E-01      1.351208945720E-01
   61.700000      3.051389515798E-01      1.363902951597E-01
   61.800000      3.044365751687E-01      1.366004476959E-01
   61.900000      3.022942914830E-01      1.360359399994E-01
   62.000000      2.991806207680E-01      1.349223743440E-01
   62.100000      2.955270586998E-01      1.333880508540E-01
   62.200000      2.917319315038E-01      1.314522009154E-01
   62.300000      2.880409911827E-01      1.290412739716E-01
   62.400000      2.843508235530E-01      1.260305174952E-01
   62.500000      2.801599375919E-01      1.223018204772E-01
   62.600000      2.747921790523E-01      1.178023204078E-01
   62.700000      2.677395644972E-01      1.125856338052E-01
   62.800000      2.589252579161E-01      1.068223071638E-01
   62.900000      2.487877628153E-01      1.007770271232E-01
   63.000000      2.381481981369E-01      9.476106172760E-02
   63.100000      2.279062316568E-01      8.907358415114E-02
   63.200000      2.187569450162E-01      8.394506675853E-02
   63.300000      2.110478194335E-01      7.949459071028E-02
   63.400000      2.047341182344E-01      7.571371950341E-02
   63.500000      1.994168372436E-01      7.248946090040E-02
   63.600000      1.945161401114E-01      6.967125838189E-02
   63.700000      1.896153629680E-01      6.716951563699E-02
   63.800000      1.848253892828E-01      6.505288078125E-02
   63.900000      1.809378227392E-01      6.360172704493E-02
   64.000000      1.792727103673E-01      6.328555110154E-02
   64.100000      1.812462196560E-01      6.465978284114E-02
   64.200000      1.878501122911E-01      6.820893425495E-02
   64.300000      1.993608858406E-01      7.418259683454E-02
   64.400000      2.153279605648E-01      8.247130812076E-02
   64.500000      2.346113001969E-01      9.255460352629E-02
   64.600000      2.554207076925E-01      1.035333305642E-01
   64.700000      2.755164669665E-01      1.142403260712E-01
   64.800000      2.925950274740E-01      1.234100721916E-01
   64.900000      3.046691589362E-01      1.298778731219E-01
   65.000000      3.103108500145E-01      1.327725863402E-01
   65.100000      3.087648470531E-01      1.316669183430E-01
   65.200000      2.999910186389E-01      1.266582478699E-01
   65.300000      2.846995661243E-01      1.183688693984E-01
   65.400000      2.643918503343E-01      1.078711111747E-01
   65.500000      2.413498902675E-01      9.655369579462E-02
   65.600000      2.185092116581E-01      8.594896830427E-02
   65.700000      1.991698202045E-01      7.753920785908E-02
   65.800000      1.865115394640E-01      7.255950485284E-02
   65.900000      1.829072638511E-01      7.181824068528E-02
   66.000000      1.892550374344E-01      7.556294028736E-02
   66.100000      2.047097685443E-01      8.342320671621E-02
   66.200000      2.268110465132E-01      9.445594254073E-02
   66.300000      2.520810417135E-01      1.072973515215E-01
   66.400000      2.769666471566E-01      1.203961445107E-01
   66.500000      2.985589576043E-01      1.322756483555E-01
   66.600000      3.149374332513E-01      1.417623735649E-01
   66.700000      3.252483446602E-01      1.481303386871E-01
   66.800000      3.295844200050E-01      1.511385576377E-01
   66.900000      3.287086627991E-01      1.509710960481E-01
   67.000000      3.236846353331E-01      1.481125177237E-01
   67.100000      3.155350108157E-01      1.431999973011E-01
   67.200000      3.050899798799E-01      1.368887894594E-01
   67.300000      2.930595796999E-01      1.297568891479E-01
   67.400000      2.801770436164E-01      1.222625493866E-01
   67.500000      2.672450897454E-01      1.147546304730E-01
   67.600000      2.550134289627E-01      1.075191642801E-01
   67.700000      2.439948166432E-01      1.008303024214E-01
   67.800000      2.344500169361E-01      9.497022307287E-02
   67.900000      2.265777822396E-01      9.019798330050E-02
   68.000000      2.206867091384E-01      8.667670701405E-02
   68.100000      2.171050071298E-01      8.439508357312E-02
   68.200000      2.158180566397E-01      8.312616495954E-02
   68.300000      2.161372657689E-01      8.244996543651E-02
   68.400000      2.167864048965E-01      8.183773013685E-02
   68.500000      2.163338670544E-01      8.077232436966E-02
   68.600000      2.136711402683E-01      7.887204618038E-02
   68.700000      2.083423758870E-01      7.599289103568E-02
   68.800000      2.006448807387E-01      7.229616543882E-02
   68.900000      1.915711740998E-01      6.827330180828E-02
   69.000000      1.827353886056E-01      6.471547970289E-02
   69.100000      1.763095271392E-01      6.261123062850E-02
   69.200000      1.748031659488E-01      6.296354037362E-02
   69.300000      1.804911163702E-01      6.654402440657E-02
   69.400000      1.944759699614E-01      7.363685564041E-02
   69.500000      2.158016018819E-01      8.385167312115E-02
   69.600000      2.414217816016E-01      9.608558745240E-02
   69.700000      2.671830717867E-01      1.086809788272E-01
   69.800000      2.890361374542E-01      1.197635124946E-01
   69.900000      3.038424765426E-01      1.276754738113E-01
   70.000000      3.098338816545E-01      1.313749759866E-01
   70.100000      3.068406426199E-01      1.306765928414E-01
   70.200000      2.962853375487E-01      1.262635009318E-01
   70.300000      2.809322101324E-01      1.194786481442E-01
   70.400000      2.643892579682E-01      1.119674211291E-01
   70.500000      2.503516572728E-01      1.052749282112E-01
   70.600000      2.415510862781E-01      1.004979825637E-01
   70.700000      2.386560005232E-01      9.806963789249E-02
   70.800000      2.401753111374E-01      9.772467233958E-02
   70.900000      2.435678707496E-01      9.865821322339E-02
   71.000000      2.463900174848E-01      9.984244012958E-02
   71.100000      2.470358367987E-01      1.004141463633E-01
   71.200000      2.450699428205E-01      1.000110422593E-01
   71.300000      2.411937851564E-01      9.894108848794E-02
   71.400000      2.370655914510E-01      9.812167855540E-02
   71.500000      2.350840780595E-01      9.880383274038E-02
   71.600000      2.379818087934E-01      1.021682241600E-01
   71.700000      2.480495191145E-01      1.089173560638E-01
   71.800000      2.659654985883E-01      1.189808319495E-01
   71.900000      2.898408274585E-01      1.314086196009E-01
   72.000000      3.156610984422E-01      1.444739599620E-01
   72.100000      3.387199694680E-01      1.559626916196E-01
   72.200000      3.547187784894E-01      1.635937459813E-01
   72.300000      3.603923211610E-01      1.654912361496E-01
   72.400000      3.538757862759E-01      1.606107983857E-01
   72.500000      3.349120932065E-01      1.490200824611E-01
   72.600000      3.049467291648E-01      1.319559381322E-01
   72.700000      2.671214412217E-01      1.116306362883E-01
   72.800000      2.261316979674E-01      9.082471817378E-02
   72.900000      1.878604394600E-01      7.236183711982E-02
   73.000000      1.585796298628E-01      5.858743972763E-02
   73.100000      1.432845008579E-01      5.096016107304E-02
   73.200000      1.435165640642E-01      4.982641219048E-02
   73.300000      1.568376896714E-01      5.440706980032E-02
   73.400000      1.782679040778E-01      6.299156371362E-02
   73.500000      2.020735137044E-01      7.330524522523E-02
   73.600000      2.231154428461E-01      8.298420748024E-02
   73.700000      2.376693234831E-01      9.006126426888E-02
   73.800000      2.437949962020E-01      9.335254496633E-02
   73.900000      2.413888640181E-01      9.265161397439E-02
   74.000000      2.320130526399E-01      8.868907069267E-02
   74.100000      2.185372183226E-01      8.288316511899E-02
   74.200000      2.045928958073E-01      7.696343956070E-02
   74.300000      1.938245354096E-01      7.257309075087E-02
   74.400000      1.890300429809E-01      7.094340041961E-02
   74.500000      1.915939213958E-01      7.269891279725E-02
   74.600000      2.014913622895E-01      7.781243328082E-02
   74.700000      2.174695178259E-01      8.569434832926E-02
   74.800000      2.371943731465E-01      9.537427408442E-02
   74.900000      2.578290663482E-01      1.057174259439E-01
   75.000000      2.768464406112E-01      1.156180010139E-01
   75.100000      2.924365496478E-01      1.241293199872E-01
   75.200000      3.035209810590E-01      1.305205085044E-01
   75.300000      3.095877350670E-01      1.342806520924E-01
   75.400000      3.104822860523E-01      1.351100237777E-01
   75.500000      3.062485307985E-01      1.329341276787E-01
   75.600000      2.970969269410E-01      1.279498965388E-01
   75.700000      2.835308730765E-01      1.206783123967E-01
   75.800000      2.665803619438E-01      1.119765680952E-01
   75.900000      2.480129750574E-01      1.029716290715E-01
   76.000000      2.303606415794E-01      9.491120717438E-02
   76.100000      2.165834480301E-01      8.896506456767E-02
   76.200000      2.092665890546E-01      8.602698770187E-02
   76.300000      2.097933204425E-01      8.656128179141E-02
   76.400000      2.180657899921E-01      9.052030638124E-02
   76.500000      2.326022522954E-01      9.734632003535E-02
   76.600000      2.509155612696E-01      1.060641481299E-01
   76.700000      2.700322080262E-01      1.154608794448E-01
   76.800000      2.871677532422E-01      1.243257024372E-01
   76.900000      3.003599833215E-01      1.316923354195E-01
   77.000000      3.087515349559E-01      1.370082872414E-01
   77.100000      3.125776866348E-01      1.401694129063E-01
   77.200000      3.129269265497E-01      1.414071683544E-01
   77.300000      3.112676328657E-01      1.410781717651E-01
   77.400000      3.087344250287E-01      1.394476474727E-01
   77.500000      3.054429531149E-01      1.365566196342E-01
   77.600000      3.004859321900E-01      1.322197330285E-01
   77.700000      2.925609257526E-01      1.261415440242E-01
   77.800000      2.805605821644E-01      1.180942121875E-01
   77.900000      2.639680482075E-01      1.080857241029E-01
   78.000000      2.430796778247E-01      9.646265480291E-02
   78.100000      2.190736499835E-01      8.392079324237E-02
   78.200000      1.939335673810E-01      7.142727153396E-02
   78.300000      1.701933162472E-01      6.008160963894E-02
   78.400000      1.504497175966E-01      5.095525146534E-02
   78.500000      1.368883284467E-01      4.494580545535E-02
   78.600000      1.311675669435E-01      4.266599370945E-02
   78.700000      1.344190130066E-01      4.436993514816E-02
   78.800000      1.468830932510E-01      4.991286050518E-02
   78.900000      1.670522391990E-01      5.874555712879E-02
   79.000000      1.917881766287E-01      6.995119426375E-02
   79.100000      2.177453689815E-01      8.232947302037E-02
   79.200000      2.420703510107E-01      9.452219201224E-02
   79.300000      2.624874816809E-01      1.051656147935E-01
   79.400000      2.772218735306E-01      1.130560839128E-01
   79.500000      2.849394979558E-01      1.173213342489E-01
   79.600000      2.848707661497E-01      1.175872945241E-01
   79.700000      2.771187967742E-01      1.141119424791E-01
   79.800000      2.629783098674E-01      1.078358892957E-01
   79.900000      2.451169854604E-01      1.002975055434E-01
   80.000000      2.275344230577E-01      9.339176717245E-02
   80.100000      2.151763845962E-01      8.900473870159E-02
   80.200000      2.127273856068E-01      8.860230241883E-02
   80.300000      2.221633235887E-01      9.287194992851E-02
   80.400000      2.415846707312E-01      1.015079844671E-01
   80.500000      2.668341998806E-01      1.132018112115E-01
   80.600000      2.929744555216E-01      1.258572639518E-01
   80.700000      3.151722254090E-01      1.370002089695E-01
   80.800000      3.293898245985E-01      1.443001794986E-01
   80.900000      3.328993284779E-01      1.460856589289E-01
   81.000000      3.246175830336E-01      1.417301391614E-01
   81.100000      3.052762726794E-01      1.318168625948E-01
   81.200000      2.774392385613E-01      1.180444085548E-01
   81.300000      2.453530035010E-01      1.028957463838E-01
   81.400000      2.145802928341E-01      8.914600624333E-02
   81.500000      1.913218880365E-01      7.931813789602E-02
   81.600000      1.811797373923E-01      7.520292165590E-02
   81.700000      1.870178024657E-01      7.753971093122E-02
   81.800000      2.071165973949E-01      8.591454457427E-02
   81.900000      2.363768432687E-01      9.888405377045E-02
   82.000000      2.688546467200E-01      1.142865958653E-01
   82.100000      2.992322917575E-01      1.296645640295E-01
   82.200000      3.234443819575E-01      1.427024852660E-01
   82.300000      3.388963112467E-01      1.515909392459E-01
   82.400000      3.444536612001E-01      1.552551110621E-01
   82.500000      3.402792066809E-01      1.534271904483E-01
   82.600000      3.275658286336E-01      1.465779419893E-01
   82.700000      3.082013326268E-01      1.357446470533E-01
   82.800000      2.844217567833E-01      1.223008739042E-01
   82.900000      2.585594807580E-01      1.077144952810E-01
   83.000000      2.328943810459E-01      9.333733687387E-02
   83.100000      2.093666696235E-01      8.025999320239E-02
   83.200000      1.891498308402E-01      6.924583773236E-02
   83.300000      1.727585193512E-01      6.073388021205E-02
   83.400000      1.604952167839E-01      5.488262809598E-02
   83.500000      1.527466009438E-01      5.162596568064E-02
   83.600000      1.500205852963E-01      5.072607830022E-02
   83.700000      1.525383723778E-01      5.182603104255E-02
   83.800000      1.595383840887E-01      5.451236843678E-02
   83.900000      1.693793825540E-01      5.839068104074E-02
   84.000000      1.804219936967E-01      6.316066044336E-02
   84.100000      1.916765644596E-01      6.866442701470E-02
   84.200000      2.029786994370E-01      7.488305714265E-02
   84.300000      2.148363466455E-01      8.187253982546E-02
   84.400000      2.280203116744E-01      8.965416795592E-02
   84.500000      2.429062356456E-01      9.809435886079E-02
   84.600000      2.588846723817E-01      1.068168209731E-01
   84.700000      2.744942276502E-01      1.151837916831E-01
   84.800000      2.879140317407E-01      1.223655735616E-01
   84.900000      2.973771269724E-01      1.274931026456E-01
   85.000000      3.015295890360E-01      1.298615422012E-01
   85.100000      2.997266319131E-01      1.291310897919E-01
   85.200000      2.922277417787E-01      1.254641089353E-01
   85.300000      2.802610066275E-01      1.195521338045E-01
   85.400000      2.658980782763E-01      1.125188621595E-01
   85.500000      2.517071341705E-01      1.057220087714E-01
   85.600000      2.403601340502E-01      1.005018145656E-01
   85.700000      2.342296689721E-01      9.792968943667E-02
   85.800000      2.348808428308E-01      9.860183275610E-02
   85.900000      2.425471159175E-01      1.025104164326E-01
   86.000000      2.558607115387E-01      1.090152429637E-01
   86.100000      2.721774159750E-01      1.169292542570E-01
   86.200000      2.882819049734E-01      1.247155584540E-01
   86.300000      3.010699928792E-01      1.307700563825E-01
   86.400000      3.080334994925E-01      1.337392758260E-01
   86.500000      3.075662321762E-01      1.328087875042E-01
   86.600000      2.991727293730E-01      1.278999022187E-01
   86.700000      2.836209902215E-01      1.197292314421E-01
   86.800000      2.630180338111E-01      1.097117091020E-01
   86.900000      2.407527975667E-01      9.971864224713E-02
   87.000000      2.212346594381E-01      9.173326122393E-02
   87.100000      2.092983455383E-01      8.746870450021E-02
   87.200000      2.088885226041E-01      8.802021935556E-02
   87.300000      2.210619030149E-01      9.361505128601E-02
   87.400000      2.433887586566E-01      1.035069361931E-01
   87.500000      2.711652496229E-01      1.160427991672E-01
   87.600000      2.989053565593E-01      1.289063054154E-01
   87.700000      3.214361918064E-01      1.395122311167E-01
   87.800000      3.345838158757E-01      1.454880752090E-01
   87.900000      3.355909166175E-01      1.451460052164E-01
   88.000000      3.233439603238E-01      1.378365372654E-01
   88.100000      2.984505781792E-01      1.240968348032E-01
   88.200000      2.631907807810E-01      1.055571059117E-01
   88.300000      2.213419512187E-01      8.463073620985E-02
   88.400000      1.778577040051E-01      6.406626008816E-02
   88.500000      1.383664287130E-01      4.646566466783E-02
   88.600000      1.084420734810E-01      3.386838115857E-02
   88.700000      9.260699760342E-02      2.747150187325E-02
   88.800000      9.308544557882E-02      2.751969862240E-02
   88.900000      1.087185231252E-01      3.336532711948E-02
   89.000000      1.348821043437E-01      4.367365853949E-02
   89.100000      1.656422388809E-01      5.672747763173E-02
   89.200000      1.961187798260E-01      7.076805715977E-02
   89.300000      2.231277212807E-01      8.430024028817E-02
   89.400000      2.450923230630E-01      9.629603186609E-02
   89.500000      2.617632654861E-01      1.062575691500E-01
   89.600000      2.738279847578E-01      1.141406398410E-01
   89.700000      2.824401166596E-01      1.201801162583E-01
   89.800000      2.887306023037E-01      1.246841941040E-01
   89.900000      2.934222781759E-01      1.278667499216E-01
   90.000000      2.966639632364E-01      1.297672442843E-01
   90.100000      2.980777538449E-01      1.302740845584E-01
   90.200000      2.969831945979E-01      1.292323042940E-01
   90.300000      2.927716946907E-01      1.265902960366E-01
   90.400000      2.853111204648E-01      1.225293015296E-01
   90.500000      2.752218606024E-01      1.175251989799E-01
   90.600000      2.639375390280E-01      1.123130914568E-01
   90.700000      2.535143453349E-01      1.077561066523E-01
   90.800000      2.461421041792E-01      1.046518804707E-01
   90.900000      2.434573169969E-01      1.035328507232E-01
   91.000000      2.459194142248E-01      1.045216120922E-01
   91.100000      2.525741207325E-01      1.072881168971E-01
   91.200000      2.614781921844E-01      1.111256875327E-01
   91.300000      2.704468695068E-01      1.151263305893E-01
   91.400000      2.776490428509E-01      1.184043954908E-01
   91.500000      2.818800773044E-01      1.203034136969E-01
   91.600000      2.826116774925E-01      1.205305189956E-01
   91.700000      2.800026868837E-01      1.191907758073E-01
   91.800000      2.748764530029E-01      1.167250005125E-01
   91.900000      2.685644626990E-01      1.137761029234E-01
   92.000000      2.625901130605E-01      1.110184192087E-01
   92.100000      2.582692706234E-01      1.089879585459E-01
   92.200000      2.563008041272E-01      1.079530929809E-01
   92.300000      2.565288002872E-01      1.078614974653E-01
   92.400000      2.581582059514E-01      1.083828462422E-01
   92.500000      2.601588776832E-01      1.090364459662E-01
   92.600000      2.615977605626E-01      1.093593601317E-01
   92.700000      2.618790265526E-01      1.090521197522E-01
   92.800000      2.608304883787E-01      1.080481429961E-01
   92.900000      2.586558583642E-01      1.064850927449E-01
   93.000000      2.557980963503E-01      1.045945866810E-01
   93.100000      2.527462855466E-01      1.025549023385E-01
   93.200000      2.497540798938E-01      1.003625310854E-01
   93.300000      2.464752835958E-01      9.777261099622E-02
   93.400000      2.417694668990E-01      9.433806157368E-02
   93.500000      2.340369343371E-01      8.954682342330E-02
   93.600000      2.219326954822E-01      8.302304286578E-02
   93.700000      2.049856405389E-01      7.473220687906E-02
   93.800000      1.839796258735E-01      6.512365742078E-02
   93.900000      1.610835741467E-01      5.516103385853E-02
   94.000000      1.396956145956E-01      4.622406997261E-02
   94.100000      1.239456482428E-01      3.989878074804E-02
   94.200000      1.178228535396E-01      3.769682603971E-02
   94.300000      1.240231021697E-01      4.075707105027E-02
   94.400000      1.431277307890E-01      4.958506663511E-02
   94.500000      1.734933368189E-01      6.388048985394E-02
   94.600000      2.114341792416E-01      8.249001731217E-02
   94.700000      2.521163638930E-01      1.035059709753E-01
   94.800000      2.907364627614E-01      1.245096969529E-01
   94.900000      3.231436815797E-01      1.429318927246E-01
   95.000000      3.461194676739E-01      1.564734227416E-01
   95.100000      3.575390238168E-01      1.635095098745E-01
   95.200000      3.565213123300E-01      1.633959597055E-01
   95.300000      3.435943377058E-01      1.566082932140E-01
   95.400000      3.208285153585E-01      1.446710947095E-01
   95.500000      2.918407231841E-01      1.298771908682E-01
   95.600000      2.615546956054E-01      1.148497664200E-01
   95.700000      2.355403044860E-01      1.020445688132E-01
   95.800000      2.185766290243E-01      9.330220965798E-02
   95.900000      2.129905457341E-01      8.954096967927E-02
   96.000000      2.182799715290E-01      9.064504725835E-02
   96.100000      2.315766354848E-01      9.556593983464E-02
   96.200000      2.485615704144E-01      1.026171613394E-01
   96.300000      2.648131314103E-01      1.099018827727E-01
   96.400000      2.768818596226E-01      1.157742316655E-01
   96.500000      2.828813637699E-01      1.192138663236E-01
   96.600000      2.826895267890E-01      1.200085919066E-01
   96.700000      2.778119315125E-01      1.186965446118E-01
   96.800000      2.709228072913E-01      1.162987491907E-01
   96.900000      2.650747653561E-01      1.139391063421E-01
   97.000000      2.625973096331E-01      1.124749702694E-01
   97.100000      2.641073209111E-01      1.122454326239E-01
   97.200000      2.683923487549E-01      1.130014491617E-01
   97.300000      2.731770790318E-01      1.140273234305E-01
   97.400000      2.760441693642E-01      1.144078005552E-01
   97.500000      2.751482958789E-01      1.133521043250E-01
   97.600000      2.696808836122E-01      1.104707645740E-01
   97.700000      2.600811753487E-01      1.059201572282E-01
   97.800000      2.479674525050E-01      1.003749847876E-01
   97.900000      2.357610502007E-01      9.484160137789E-02
   98.000000      2.260930621818E-01      9.036761793106E-02
   98.100000      2.211112120583E-01      8.772721106631E-02
   98.200000      2.216558755356E-01      8.716714541984E-02
   98.300000      2.265551884217E-01      8.828812074055E-02
   98.400000      2.330108978680E-01      9.010884617010E-02
   98.500000      2.377699709671E-01      9.131434108879E-02
   98.600000      2.380660680537E-01      9.063186418899E-02
   98.700000      2.321881983171E-01      8.722785326345E-02
   98.800000      2.197964224056E-01      8.100228307285E-02
   98.900000      2.020542331913E-01      7.268495557495E-02
   99.000000      1.815953600930E-01      6.370166711238E-02
   99.100000      1.622796647452E-01      5.585155620704E-02
   99.200000      1.486201549697E-01      5.089177048268E-02
   99.300000      1.447154429436E-01      5.014309467905E-02
   99.400000      1.527124919959E-01      5.421066535844E-02
   99.500000      1.716927942527E-01      6.287431333111E-02
   99.600000      1.981756344372E-01      7.516165120904E-02
   99.700000      2.276998628790E-01      8.958048267988E-02
   99.800000      2.561999424239E-01      1.044534018537E-01
   99.900000      2.807592157816E-01      1.182685118835E-01
  100.000000      2.998490393692E-01      1.299487248410E-01
