# M=24, N=12, V0=0.0, V=-0.25, PBC
#  time (tJ)                 S₁(n=2)                 S₂(n=2)
    0.000000      3.552713678801E-15     -2.664535259100E-15
    0.100000      2.052431896358E-03      4.083346606416E-04
    0.200000      6.784622287049E-03      1.558056510141E-03
    0.300000      1.291481029386E-02      3.241542695853E-03
    0.400000      1.935306412923E-02      5.168297870541E-03
    0.500000      2.518365001815E-02      7.031739024513E-03
    0.600000      2.974988570525E-02      8.575079119323E-03
    0.700000      3.271000735967E-02      9.639428280158E-03
    0.800000      3.404249299702E-02      1.018346420309E-02
    0.900000      3.400083293053E-02      1.027286655552E-02
    1.000000      3.302852077620E-02      1.004621078153E-02
    1.100000      3.165026492004E-02      9.669596886339E-03
    1.200000      3.035487450112E-02      9.293563579116E-03
    1.300000      2.948349181648E-02      9.022959786136E-03
    1.400000      2.916262930388E-02      8.904894297519E-03
    1.500000      2.933070551479E-02      8.933815512597E-03
    1.600000      2.981785000810E-02      9.068188965943E-03
    1.700000      3.042505078357E-02      9.251313392839E-03
    1.800000      3.098125379854E-02      9.429608927499E-03
    1.900000      3.137389359530E-02      9.564345858146E-03
    2.000000      3.155538810481E-02      9.635932061295E-03
    2.100000      3.153272693884E-02      9.642338741232E-03
    2.200000      3.134911188931E-02      9.594360111612E-03
    2.300000      3.106567531658E-02      9.510191700900E-03
    2.400000      3.074787527235E-02      9.410804029378E-03
    2.500000      3.045658742323E-02      9.316484668657E-03
    2.600000      3.024139630001E-02      9.244253197460E-03
    2.700000      3.013449133511E-02      9.205786492747E-03
    2.800000      3.014624088956E-02      9.205838008072E-03
    2.900000      3.026395276176E-02      9.241524742830E-03
    3.000000      3.045389104447E-02      9.302965602713E-03
    3.100000      3.066761517954E-02      9.375472045925E-03
    3.200000      3.085414248732E-02      9.442949815849E-03
    3.300000      3.097453710243E-02      9.491654670277E-03
    3.400000      3.101241871292E-02      9.513230745403E-03
    3.500000      3.097589759217E-02      9.506169730925E-03
    3.600000      3.088892551210E-02      9.475375843564E-03
    3.700000      3.077876803053E-02      9.430162801053E-03
    3.800000      3.067000048270E-02      9.381471901750E-03
    3.900000      3.058238385806E-02      9.339214939067E-03
    4.000000      3.052855874754E-02      9.310416345262E-03
    4.100000      3.051354771051E-02      9.298412297567E-03
    4.200000      3.053695685273E-02      9.302972655354E-03
    4.300000      3.059560453339E-02      9.320999086084E-03
    4.400000      3.068310183166E-02      9.347450908309E-03
    4.500000      3.078568919920E-02      9.376279001383E-03
    4.600000      3.088229579991E-02      9.401286109559E-03
    4.700000      3.095188158195E-02      9.416892822952E-03
    4.800000      3.097914364953E-02      9.418760155333E-03
    4.900000      3.095607527047E-02      9.404152271848E-03
    5.000000      3.088133698821E-02      9.371888275253E-03
    5.100000      3.075838277281E-02      9.321780772674E-03
    5.200000      3.059204750444E-02      9.253595456033E-03
    5.300000      3.038350014247E-02      9.165744765561E-03
    5.400000      3.012480276879E-02      9.054073897724E-03
    5.500000      2.979475253642E-02      8.911138330494E-03
    5.600000      2.935795490094E-02      8.726281116306E-03
    5.700000      2.876864269018E-02      8.486628333519E-03
    5.800000      2.797828008526E-02      8.178908874288E-03
    5.900000      2.694437524882E-02      7.791848211652E-03
    6.000000      2.563851130526E-02      7.318823429523E-03
    6.100000      2.405255773990E-02      6.760482432671E-03
    6.200000      2.220323472524E-02      6.127069436144E-03
    6.300000      2.013761263287E-02      5.440204199744E-03
    6.400000      1.794202252025E-02      4.733808953910E-03
    6.500000      1.575213057461E-02      4.053791179125E-03
    6.600000      1.375925282481E-02      3.456045072182E-03
    6.700000      1.220424768398E-02      3.002417471326E-03
    6.800000      1.134245609521E-02      2.754553160078E-03
    6.900000      1.137799576191E-02      2.765980202909E-03
    7.000000      1.240702678619E-02      3.073330544053E-03
    7.100000      1.440433423569E-02      3.688071115675E-03
    7.200000      1.723941371756E-02      4.590391566784E-03
    7.300000      2.069349400502E-02      5.726838172770E-03
    7.400000      2.448369688242E-02      7.012852412576E-03
    7.500000      2.829510480445E-02      8.340606214679E-03
    7.600000      3.180987697912E-02      9.591544449044E-03
    7.700000      3.473712149856E-02      1.065202985859E-02
    7.800000      3.684677157365E-02      1.142964684683E-02
    7.900000      3.799922427057E-02      1.186726333250E-02
    8.000000      3.816404438851E-02      1.195203647285E-02
    8.100000      3.742629015695E-02      1.171725723975E-02
    8.200000      3.597920902792E-02      1.123621259806E-02
    8.300000      3.410011059317E-02      1.060889480394E-02
    8.400000      3.210883151501E-02      9.944043259929E-03
    8.500000      3.031281230553E-02      9.340218791765E-03
    8.600000      2.894849308792E-02      8.869983922643E-03
    8.700000      2.813591421458E-02      8.570595808052E-03
    8.800000      2.786620280218E-02      8.443013811638E-03
    8.900000      2.802883876085E-02      8.458887526806E-03
    9.000000      2.846318155448E-02      8.573122508889E-03
    9.100000      2.901066148222E-02      8.738229505109E-03
    9.200000      2.955277035185E-02      8.916376700789E-03
    9.300000      3.002935380649E-02      9.085988885183E-03
    9.400000      3.043625739925E-02      9.241605209112E-03
    9.500000      3.080477315836E-02      9.387939981241E-03
    9.600000      3.117015199927E-02      9.530967175371E-03
    9.700000      3.154160105461E-02      9.669738727559E-03
    9.800000      3.188700011815E-02      9.792236074225E-03
    9.900000      3.213892792801E-02      9.876976011077E-03
   10.000000      3.221846471436E-02      9.899893822112E-03
   10.100000      3.206633597361E-02      9.843986135140E-03
   10.200000      3.167039414654E-02      9.708045031863E-03
   10.300000      3.108107135281E-02      9.510979189434E-03
   10.400000      3.040901887267E-02      9.289662818940E-03
   10.500000      2.980261141028E-02      9.090489239906E-03
   10.600000      2.940819885572E-02      8.957050976665E-03
   10.700000      2.932321778762E-02      8.917818892757E-03
   10.800000      2.956143728431E-02      8.977815257649E-03
   10.900000      3.004900140889E-02      9.117009138929E-03
   11.000000      3.065112086451E-02      9.295950621856E-03
   11.100000      3.121366329600E-02      9.466788482087E-03
   11.200000      3.160387351146E-02      9.586118333819E-03
   11.300000      3.174005025371E-02      9.625661292424E-03
   11.400000      3.160494431461E-02      9.577691617338E-03
   11.500000      3.124138525804E-02      9.454038358161E-03
   11.600000      3.073233712108E-02      9.279660027040E-03
   11.700000      3.017198590251E-02      9.083442904648E-03
   11.800000      2.963752117484E-02      8.889444378872E-03
   11.900000      2.917042038594E-02      8.711175385141E-03
   12.000000      2.877148785678E-02      8.550043413297E-03
   12.100000      2.840852209771E-02      8.397417691716E-03
   12.200000      2.803125418959E-02      8.238609830318E-03
   12.300000      2.758604926369E-02      8.056807272484E-03
   12.400000      2.702426019386E-02      7.835656975841E-03
   12.500000      2.630251371459E-02      7.560375745683E-03
   12.600000      2.537874903870E-02      7.218344859193E-03
   12.700000      2.421226169932E-02      6.800569241810E-03
   12.800000      2.277508216274E-02      6.304901093040E-03
   12.900000      2.107398454886E-02      5.740745503703E-03
   13.000000      1.917452620222E-02      5.133653344708E-03
   13.100000      1.721661179674E-02      4.527450080560E-03
   13.200000      1.541209885891E-02      3.981821454639E-03
   13.300000      1.401604546479E-02      3.564601380758E-03
   13.400000      1.327046483998E-02      3.339921888700E-03
   13.500000      1.334147286453E-02      3.355127270801E-03
   13.600000      1.427868634451E-02      3.630183003862E-03
   13.700000      1.600514760238E-02      4.152821017563E-03
   13.800000      1.833758995018E-02      4.880970460564E-03
   13.900000      2.103187534211E-02      5.751725345098E-03
   14.000000      2.383796154300E-02      6.694045964267E-03
   14.100000      2.654552304441E-02      7.641341245558E-03
   14.200000      2.900907699050E-02      8.540405916579E-03
   14.300000      3.115102135798E-02      9.354728276453E-03
   14.400000      3.294741949961E-02      1.006232034541E-02
   14.500000      3.440464668894E-02      1.065012631128E-02
   14.600000      3.553392482417E-02      1.110803639396E-02
   14.700000      3.632848597181E-02      1.142526507787E-02
   14.800000      3.675542368624E-02      1.159053812210E-02
   14.900000      3.677365922557E-02      1.159576610206E-02
   15.000000      3.636189280294E-02      1.144140017632E-02
   15.100000      3.553889382272E-02      1.114103632017E-02
   15.200000      3.437243149426E-02      1.072322827718E-02
   15.300000      3.297586908398E-02      1.022961814092E-02
   15.400000      3.149327600391E-02      9.709847215363E-03
   15.500000      3.007689734244E-02      9.214710874690E-03
   15.600000      2.886324344327E-02      8.789346969707E-03
   15.700000      2.795479781950E-02      8.467910844210E-03
   15.800000      2.741173568453E-02      8.270472997506E-03
   15.900000      2.725161497232E-02      8.202155485792E-03
   16.000000      2.745040516563E-02      8.254088634159E-03
   16.100000      2.794511448816E-02      8.405701027908E-03
   16.200000      2.864357426259E-02      8.628016873455E-03
   16.300000      2.943823919910E-02      8.887774743196E-03
   16.400000      3.022212044376E-02      9.152099592883E-03
   16.500000      3.090740972485E-02      9.393143273742E-03
   16.600000      3.144055404633E-02      9.591757509216E-03
   16.700000      3.180718288144E-02      9.739174774295E-03
   16.800000      3.202568255092E-02      9.836051782608E-03
   16.900000      3.213232982193E-02      9.889041773334E-03
   17.000000      3.216349233716E-02      9.906011753548E-03
   17.100000      3.214044519535E-02      9.891681293900E-03
   17.200000      3.206036672725E-02      9.845469152515E-03
   17.300000      3.189710978818E-02      9.762581383879E-03
   17.400000      3.161550487164E-02      9.638080966190E-03
   17.500000      3.119509959405E-02      9.472339363902E-03
   17.600000      3.065142759945E-02      9.275463511584E-03
   17.700000      3.004479585356E-02      9.068428120313E-03
   17.800000      2.947204520013E-02      8.879761948879E-03
   17.900000      2.904170673649E-02      8.738352287456E-03
   18.000000      2.883817882095E-02      8.664572230127E-03
   18.100000      2.888689696214E-02      8.662817679322E-03
   18.200000      2.913828585212E-02      8.718264719528E-03
   18.300000      2.948128740287E-02      8.799281925468E-03
   18.400000      2.977705300878E-02      8.864959982825E-03
   18.500000      2.989642513539E-02      8.875401838858E-03
   18.600000      2.974978573271E-02      8.801446415601E-03
   18.700000      2.930264148952E-02      8.630745128114E-03
   18.800000      2.857469505673E-02      8.368470346478E-03
   18.900000      2.762451424096E-02      8.032882254829E-03
   19.000000      2.652569670421E-02      7.647777307358E-03
   19.100000      2.534300600741E-02      7.234825961435E-03
   19.200000      2.411701092275E-02      6.808642470223E-03
   19.300000      2.286233525381E-02      6.376217481922E-03
   19.400000      2.157953568210E-02      5.940571403180E-03
   19.500000      2.027628347503E-02      5.506828292251E-03
   19.600000      1.898944839489E-02      5.087975706708E-03
   19.700000      1.779781697292E-02      4.707690584777E-03
   19.800000      1.681818086362E-02      4.398711565634E-03
   19.900000      1.618285823712E-02      4.196910886086E-03
   20.000000      1.600320416285E-02      4.132858430706E-03
   20.100000      1.633282624397E-02      4.223693449642E-03
   20.200000      1.714910706389E-02      4.468163028050E-03
   20.300000      1.836171756640E-02      4.846724782341E-03
   20.400000      1.984096262968E-02      5.326956207179E-03
   20.500000      2.145322573119E-02      5.872704350885E-03
   20.600000      2.309389002892E-02      6.454039772992E-03
   20.700000      2.471045314587E-02      7.054613632226E-03
   20.800000      2.630998335363E-02      7.673658160186E-03
   20.900000      2.794741964524E-02      8.321489573449E-03
   21.000000      2.969478662888E-02      9.009523081276E-03
   21.100000      3.159663649267E-02      9.737834350531E-03
   21.200000      3.362345386596E-02      1.048451669002E-02
   21.300000      3.564203245464E-02      1.120100181830E-02
   21.400000      3.742817707471E-02      1.181603015729E-02
   21.500000      3.872185269907E-02      1.224842433077E-02
   21.600000      3.929353401991E-02      1.242596743385E-02
   21.700000      3.900079476506E-02      1.230542217853E-02
   21.800000      3.782761685717E-02      1.188784768486E-02
   21.900000      3.590113861938E-02      1.122428499802E-02
   22.000000      3.348216429832E-02      1.040941810840E-02
   22.100000      3.092881418875E-02      9.564227419367E-03
   22.200000      2.863544596034E-02      8.811849631344E-03
   22.300000      2.695108326273E-02      8.252804253785E-03
   22.400000      2.609183422247E-02      7.945838310361E-03
   22.500000      2.608546027152E-02      7.898913849890E-03
   22.600000      2.678005324290E-02      8.071946783405E-03
   22.700000      2.790588368460E-02      8.389762831173E-03
   22.800000      2.915590477363E-02      8.761314345392E-03
   22.900000      3.025606856098E-02      9.100124322776E-03
   23.000000      3.101257391042E-02      9.341317985766E-03
   23.100000      3.133452275445E-02      9.452109170174E-03
   23.200000      3.123563040609E-02      9.434573347366E-03
   23.300000      3.082002404324E-02      9.321300328679E-03
   23.400000      3.025647893888E-02      9.165669183425E-03
   23.500000      2.974396477141E-02      9.028974119814E-03
   23.600000      2.947047003160E-02      8.966671157336E-03
   23.700000      2.956850111880E-02      9.015894218856E-03
   23.800000      3.007679180484E-02      9.186259978319E-03
   23.900000      3.092425416001E-02      9.455787139202E-03
   24.000000      3.194340456744E-02      9.773285782985E-03
   24.100000      3.290621630610E-02      1.006761136023E-02
   24.200000      3.357337571128E-02      1.026269083400E-02
   24.300000      3.374744316345E-02      1.029548837626E-02
   24.400000      3.331943592121E-02      1.013265580796E-02
   24.500000      3.229939092130E-02      9.781185773932E-03
   24.600000      3.082374964696E-02      9.289414802337E-03
   24.700000      2.913566168849E-02      8.737157765919E-03
   24.800000      2.753785851591E-02      8.216939859238E-03
   24.900000      2.632091288289E-02      7.811166550748E-03
   25.000000      2.567719455172E-02      7.571581138786E-03
   25.100000      2.563389052383E-02      7.506885213613E-03
   25.200000      2.605022650752E-02      7.582015825416E-03
   25.300000      2.667732898059E-02      7.729042789755E-03
   25.400000      2.723830724176E-02      7.866146240866E-03
   25.500000      2.749777509114E-02      7.918837080330E-03
   25.600000      2.730830064544E-02      7.837249908012E-03
   25.700000      2.662943401631E-02      7.605025550219E-03
   25.800000      2.552011126592E-02      7.238336920618E-03
   25.900000      2.411005175720E-02      6.776857194669E-03
   26.000000      2.255996751638E-02      6.270762353681E-03
   26.100000      2.102301708822E-02      5.768471173055E-03
   26.200000      1.961925756857E-02      5.308715339381E-03
   26.300000      1.842931267719E-02      4.918315039451E-03
   26.400000      1.750450347869E-02      4.614679882763E-03
   26.500000      1.688382282884E-02      4.410469499427E-03
   26.600000      1.660712867823E-02      4.317531616810E-03
   26.700000      1.671671453108E-02      4.348129605496E-03
   26.800000      1.724598214671E-02      4.513049045348E-03
   26.900000      1.820289732252E-02      4.817700376981E-03
   27.000000      1.955877935207E-02      5.258188347400E-03
   27.100000      2.124741596359E-02      5.819223390689E-03
   27.200000      2.317314693844E-02      6.474853550952E-03
   27.300000      2.522426469649E-02      7.191766064331E-03
   27.400000      2.728850013016E-02      7.933907226647E-03
   27.500000      2.926742945955E-02      8.666807244312E-03
   27.600000      3.108585226099E-02      9.360366718607E-03
   27.700000      3.269307668027E-02      9.989723032533E-03
   27.800000      3.405586960001E-02      1.053472472344E-02
   27.900000      3.514760514590E-02      1.097906886108E-02
   28.000000      3.594372128846E-02      1.131008273481E-02
   28.100000      3.642774480982E-02      1.151954459692E-02
   28.200000      3.659969779913E-02      1.160517400201E-02
   28.300000      3.647904199149E-02      1.157188691974E-02
   28.400000      3.610038479018E-02      1.143187923653E-02
   28.500000      3.550563469808E-02      1.120308946592E-02
   28.600000      3.473817955914E-02      1.090635632910E-02
   28.700000      3.384031331803E-02      1.056225611827E-02
   28.800000      3.285206822617E-02      1.018884880161E-02
   28.900000      3.181139936201E-02      9.801239804012E-03
   29.000000      3.075660126391E-02      9.413083322839E-03
   29.100000      2.972989355097E-02      9.039227499165E-03
   29.200000      2.878078017996E-02      8.698034001418E-03
   29.300000      2.796978535183E-02      8.411824246725E-03
   29.400000      2.736932660507E-02      8.204521408221E-03
   29.500000      2.705377309248E-02      8.096688231752E-03
   29.600000      2.707622934315E-02      8.099376022675E-03
   29.700000      2.743976774558E-02      8.208989143152E-03
   29.800000      2.808084925116E-02      8.405356917383E-03
   29.900000      2.888022746777E-02      8.654320193994E-03
   30.000000      2.969600909609E-02      8.914657682454E-03
   30.100000      3.040108621548E-02      9.147617261637E-03
   30.200000      3.091268789303E-02      9.326250530385E-03
   30.300000      3.120868292519E-02      9.441587278295E-03
   30.400000      3.132813799689E-02      9.503532734610E-03
   30.500000      3.135582498946E-02      9.535974200941E-03
   30.600000      3.139334247235E-02      9.567424544180E-03
   30.700000      3.152283763434E-02      9.619997950364E-03
   30.800000      3.177318541862E-02      9.700121164387E-03
   30.900000      3.210181320858E-02      9.793931347917E-03
   31.000000      3.240122240098E-02      9.868945913129E-03
   31.100000      3.252784496581E-02      9.881742792932E-03
   31.200000      3.234203717529E-02      9.789631335257E-03
   31.300000      3.174677711510E-02      9.563145479111E-03
   31.400000      3.071621756054E-02      9.195962016598E-03
   31.500000      2.930911235681E-02      8.709550963489E-03
   31.600000      2.766512993716E-02      8.151241179395E-03
   31.700000      2.598450545478E-02      7.586013032893E-03
   31.800000      2.449330671081E-02      7.083787656251E-03
   31.900000      2.339747010632E-02      6.704962771185E-03
   32.000000      2.283079358556E-02      6.487304709150E-03
   32.100000      2.281152862901E-02      6.437042512614E-03
   32.200000      2.323234075206E-02      6.526211736832E-03
   32.300000      2.388937494713E-02      6.697104812045E-03
   32.400000      2.453099904219E-02      6.873283523491E-03
   32.500000      2.490963240743E-02      6.975220403310E-03
   32.600000      2.482880012295E-02      6.937518700056E-03
   32.700000      2.418088866545E-02      6.724080437939E-03
   32.800000      2.297171286941E-02      6.337759288161E-03
   32.900000      2.132834355709E-02      5.822024227286E-03
   33.000000      1.948732310002E-02      5.253842110473E-03
   33.100000      1.776120434698E-02      4.729014985256E-03
   33.200000      1.648229480210E-02      4.343081002671E-03
   33.300000      1.592660728647E-02      4.172088562480E-03
   33.400000      1.623719919093E-02      4.257707676859E-03
   33.500000      1.738693413502E-02      4.600147812241E-03
   33.600000      1.920157844537E-02      5.160427163108E-03
   33.700000      2.142134882687E-02      5.871180278505E-03
   33.800000      2.377020988461E-02      6.653037793953E-03
   33.900000      2.601390920677E-02      7.432258479383E-03
   34.000000      2.799813695292E-02      8.155109394029E-03
   34.100000      2.966384671062E-02      8.795507320639E-03
   34.200000      3.103991027159E-02      9.354349457531E-03
   34.300000      3.221626455879E-02      9.851237696047E-03
   34.400000      3.330340479090E-02      1.031133421085E-02
   34.500000      3.438551850452E-02      1.075136218278E-02
   34.600000      3.547757676506E-02      1.116897245622E-02
   34.700000      3.650536077811E-02      1.153878084976E-02
   34.800000      3.732318744430E-02      1.181655242081E-02
   34.900000      3.775796412592E-02      1.195070888084E-02
   35.000000      3.766086267251E-02      1.189815310776E-02
   35.100000      3.695431702675E-02      1.163994707298E-02
   35.200000      3.566495937461E-02      1.119210606076E-02
   35.300000      3.393533665960E-02      1.060784525994E-02
   35.400000      3.200976832696E-02      9.969821641363E-03
   35.500000      3.019281508261E-02      9.373695289663E-03
   35.600000      2.878382083161E-02      8.906920141654E-03
   35.700000      2.799944432424E-02      8.628292262524E-03
   35.800000      2.790689447836E-02      8.553889389484E-03
   35.900000      2.839865587425E-02      8.653498806019E-03
   36.000000      2.922860853637E-02      8.858819521692E-03
   36.100000      3.009093937288E-02      9.081433019256E-03
   36.200000      3.070367586565E-02      9.235756812114E-03
   36.300000      3.087346624908E-02      9.260796461054E-03
   36.400000      3.053316874629E-02      9.134939161308E-03
   36.500000      2.975026656557E-02      8.880138500774E-03
   36.600000      2.870775056369E-02      8.554927945453E-03
   36.700000      2.766185762212E-02      8.238765868738E-03
   36.800000      2.688299806187E-02      8.012308652750E-03
   36.900000      2.659005873920E-02      7.938776467162E-03
   37.000000      2.689668975788E-02      8.050633959347E-03
   37.100000      2.778834622764E-02      8.343875446357E-03
   37.200000      2.913258048691E-02      8.780044934285E-03
   37.300000      3.071438884463E-02      9.294419790642E-03
   37.400000      3.228348035791E-02      9.807913029550E-03
   37.500000      3.359813733730E-02      1.024019189103E-02
   37.600000      3.445845303126E-02      1.052197257128E-02
   37.700000      3.472913491007E-02      1.060504053162E-02
   37.800000      3.435346675608E-02      1.046897898748E-02
   37.900000      3.335890313931E-02      1.012382015608E-02
   38.000000      3.185348603483E-02      9.608051975866E-03
   38.100000      3.001174240004E-02      8.981884813198E-03
   38.200000      2.804914130799E-02      8.316537411822E-03
   38.300000      2.618557310034E-02      7.681381420232E-03
   38.400000      2.460210706995E-02      7.131671999614E-03
   38.500000      2.340372586818E-02      6.699811496521E-03
   38.600000      2.260602751069E-02      6.392368318845E-03
   38.700000      2.214992391910E-02      6.193505977558E-03
   38.800000      2.193083633511E-02      6.073549613776E-03
   38.900000      2.183206180367E-02      5.999819092070E-03
   39.000000      2.175648302031E-02      5.946213257429E-03
   39.100000      2.164819633811E-02      5.898631116273E-03
   39.200000      2.149806300688E-02      5.854972376045E-03
   39.300000      2.133376388285E-02      5.820544540314E-03
   39.400000      2.119950751912E-02      5.801393215444E-03
   39.500000      2.113206068442E-02      5.798692958051E-03
   39.600000      2.113966107631E-02      5.806659667928E-03
   39.700000      2.119401654162E-02      5.814792293863E-03
   39.800000      2.124664768008E-02      5.813347812635E-03
   39.900000      2.126044987278E-02      5.799608767848E-03
   40.000000      2.123554583623E-02      5.782254423988E-03
   40.100000      2.121884509204E-02      5.782032251815E-03
   40.200000      2.129680672343E-02      5.828486203352E-03
   40.300000      2.157583938565E-02      5.954004155485E-03
   40.400000      2.215659127139E-02      6.187249247482E-03
   40.500000      2.310879616917E-02      6.547864222658E-03
   40.600000      2.445444006282E-02      7.043392178037E-03
   40.700000      2.616584184677E-02      7.668202849056E-03
   40.800000      2.817585602741E-02      8.403472443514E-03
   40.900000      3.038909547867E-02      9.217306427789E-03
   41.000000      3.268500639589E-02      1.006485174770E-02
   41.100000      3.491409760427E-02      1.088924526779E-02
   41.200000      3.690070139210E-02      1.162484422623E-02
   41.300000      3.846107445322E-02      1.220389817447E-02
   41.400000      3.943161732697E-02      1.256660060791E-02
   41.500000      3.969943851915E-02      1.267276085074E-02
   41.600000      3.922890029892E-02      1.251194905830E-02
   41.700000      3.807726409982E-02      1.210864058917E-02
   41.800000      3.639359537200E-02      1.151996094293E-02
   41.900000      3.439860600948E-02      1.082583643998E-02
   42.000000      3.234776138942E-02      1.011388120277E-02
   42.100000      3.048425685311E-02      9.463186935533E-03
   42.200000      2.899213036131E-02      8.931553303912E-03
   42.300000      2.796462220505E-02      8.549411544647E-03
   42.400000      2.740444867303E-02      8.321242744772E-03
   42.500000      2.725343022475E-02      8.232652086083E-03
   42.600000      2.742823968616E-02      8.259488581760E-03
   42.700000      2.784597179579E-02      8.375190800273E-03
   42.800000      2.843444585894E-02      8.553931318201E-03
   42.900000      2.912699263802E-02      8.769489316443E-03
   43.000000      2.984736318004E-02      8.992053377509E-03
   43.100000      3.049663340105E-02      9.186325960488E-03
   43.200000      3.095552433651E-02      9.313814186755E-03
   43.300000      3.110792151509E-02      9.340210365453E-03
   43.400000      3.087785114233E-02      9.246116585106E-03
   43.500000      3.026493169234E-02      9.037205143911E-03
   43.600000      2.936497410823E-02      8.749228105535E-03
   43.700000      2.836695202415E-02      8.444508880419E-03
   43.800000      2.752231187793E-02      8.199311661363E-03
   43.900000      2.708719931525E-02      8.084798316657E-03
   44.000000      2.724310663906E-02      8.146901799028E-03
   44.100000      2.801805845212E-02      8.391348772011E-03
   44.200000      2.926299555841E-02      8.778837717170E-03
   44.300000      3.070483658766E-02      9.232372325535E-03
   44.400000      3.202734797555E-02      9.654961514570E-03
   44.500000      3.294611959335E-02      9.952624622070E-03
   44.600000      3.326582497461E-02      1.005601637432E-02
   44.700000      3.291168836605E-02      9.934564447997E-03
   44.800000      3.193168983002E-02      9.599562212138E-03
   44.900000      3.047152746135E-02      9.096260100383E-03
   45.000000      2.872892090244E-02      8.488394070386E-03
   45.100000      2.689788414567E-02      7.840648315754E-03
   45.200000      2.512034478573E-02      7.204657641902E-03
   45.300000      2.346723960378E-02      6.612396989146E-03
   45.400000      2.195506706057E-02      6.077894682165E-03
   45.500000      2.058138885410E-02      5.605206633794E-03
   45.600000      1.936042610131E-02      5.198536681783E-03
   45.700000      1.834461462910E-02      4.869939717723E-03
   45.800000      1.762334708426E-02      4.641271383734E-03
   45.900000      1.729912119118E-02      4.539442604226E-03
   46.000000      1.745067818401E-02      4.586709637148E-03
   46.100000      1.809740786004E-02      4.789726790663E-03
   46.200000      1.917831410236E-02      5.131715898922E-03
   46.300000      2.055372064413E-02      5.571158965028E-03
   46.400000      2.203055524829E-02      6.048241463650E-03
   46.500000      2.340405604053E-02      6.497628972706E-03
   46.600000      2.450345496908E-02      6.863965801277E-03
   46.700000      2.522939146635E-02      7.115489153778E-03
   46.800000      2.557462237177E-02      7.251679952013E-03
   46.900000      2.562390450000E-02      7.302720396607E-03
   47.000000      2.553314597236E-02      7.321056499196E-03
   47.100000      2.549243944027E-02      7.367719729342E-03
   47.200000      2.568232144885E-02      7.497477769075E-03
   47.300000      2.623476076036E-02      7.746931335102E-03
   47.400000      2.720650070590E-02      8.128400320595E-03
   47.500000      2.856814992385E-02      8.630350563021E-03
   47.600000      3.021557338758E-02      9.222977844103E-03
   47.700000      3.200560241264E-02      9.866151427571E-03
   47.800000      3.379575718046E-02      1.051668803732E-02
   47.900000      3.546626580127E-02      1.113286671180E-02
   48.000000      3.692188420201E-02      1.167573838777E-02
   48.100000      3.808136766601E-02      1.210841404417E-02
   48.200000      3.886457890048E-02      1.239546021496E-02
   48.300000      3.918745627837E-02      1.250442394099E-02
   48.400000      3.897179501861E-02      1.241041478689E-02
   48.500000      3.816789749621E-02      1.210304572009E-02
   48.600000      3.678089758819E-02      1.159354934869E-02
   48.700000      3.489093292020E-02      1.091917513899E-02
   48.800000      3.265977141027E-02      1.014238556007E-02
   48.900000      3.031954536950E-02      9.343819723219E-03
   49.000000      2.814249389505E-02      8.609982093665E-03
   49.100000      2.639426699037E-02      8.018416485435E-03
   49.200000      2.527831838157E-02      7.624077832467E-03
   49.300000      2.488576028280E-02      7.450371014113E-03
   49.400000      2.517284014663E-02      7.486983985581E-03
   49.500000      2.598303793521E-02      7.694686484784E-03
   49.600000      2.710120222358E-02      8.015372153436E-03
   49.700000      2.830888859455E-02      8.384404053120E-03
   49.800000      2.942316339652E-02      8.742114926534E-03
   49.900000      3.031657996673E-02      9.042068880076E-03
   50.000000      3.092136496484E-02      9.255034200465E-03
   50.100000      3.122221750646E-02      9.369009407640E-03
   50.200000      3.124270995668E-02      9.386602231864E-03
   50.300000      3.103040892919E-02      9.321329666959E-03
   50.400000      3.064533057948E-02      9.194032671757E-03
   50.500000      3.015436349178E-02      9.029875939340E-03
   50.600000      2.963013905066E-02      8.855729234148E-03
   50.700000      2.914905508971E-02      8.697425885032E-03
   50.800000      2.878344409390E-02      8.576577528210E-03
   50.900000      2.858669505237E-02      8.507150508144E-03
   51.000000      2.857553836733E-02      8.492561309493E-03
   51.100000      2.871942546585E-02      8.524294556526E-03
   51.200000      2.894660244730E-02      8.582808121189E-03
   51.300000      2.916416734159E-02      8.640827585200E-03
   51.400000      2.928045371729E-02      8.668321060605E-03
   51.500000      2.922173788372E-02      8.637844806253E-03
   51.600000      2.894036357707E-02      8.528840576639E-03
   51.700000      2.841429192217E-02      8.329917084509E-03
   51.800000      2.764073447502E-02      8.038976562934E-03
   51.900000      2.662880924018E-02      7.661885317805E-03
   52.000000      2.539639136322E-02      7.210845947013E-03
   52.100000      2.397328768081E-02      6.703489078241E-03
   52.200000      2.240856661132E-02      6.163033162522E-03
   52.300000      2.077797235050E-02      5.618997666065E-03
   52.400000      1.918781241285E-02      5.107338753914E-03
   52.500000      1.777253607945E-02      4.668836013855E-03
   52.600000      1.668361160339E-02      4.345150904384E-03
   52.700000      1.606755319830E-02      4.172961226796E-03
   52.800000      1.603392951961E-02      4.177521289568E-03
   52.900000      1.662324258203E-02      4.367475407118E-03
   53.000000      1.779222956088E-02      4.732523267523E-03
   53.100000      1.942485056461E-02      5.244663280167E-03
   53.200000      2.136046545436E-02      5.862578904342E-03
   53.300000      2.342582053737E-02      6.537781390042E-03
   53.400000      2.545999614546E-02      7.220793804293E-03
   53.500000      2.732791093564E-02      7.866079949594E-03
   53.600000      2.892429639071E-02      8.435348951986E-03
   53.700000      3.017362460986E-02      8.899803076638E-03
   53.800000      3.103200942670E-02      9.242321865827E-03
   53.900000      3.149426946918E-02      9.460210716417E-03
   54.000000      3.160438424654E-02      9.568115040810E-03
   54.100000      3.146330122535E-02      9.599532045983E-03
   54.200000      3.122664774725E-02      9.604740234540E-03
   54.300000      3.108705380551E-02      9.643457282255E-03
   54.400000      3.124061067982E-02      9.772210814005E-03
   54.500000      3.183961844538E-02      1.002875175839E-02
   54.600000      3.293245221673E-02      1.041789730322E-02
   54.700000      3.440990368605E-02      1.090393879439E-02
   54.800000      3.601438105050E-02      1.141357227658E-02
   54.900000      3.741712018807E-02      1.185033086416E-02
   55.000000      3.830719904249E-02      1.211763030285E-02
   55.100000      3.846466562848E-02      1.214418576490E-02
   55.200000      3.781006786355E-02      1.190408029906E-02
   55.300000      3.642342729729E-02      1.142491553704E-02
   55.400000      3.452833988775E-02      1.078103914911E-02
   55.500000      3.244147811675E-02      1.007366060559E-02
   55.600000      3.049121779785E-02      9.404037865972E-03
   55.700000      2.892181687996E-02      8.848244334573E-03
   55.800000      2.783239494535E-02      8.441425931453E-03
   55.900000      2.718179838590E-02      8.176114502483E-03
   56.000000      2.683707853937E-02      8.014265589459E-03
   56.100000      2.664044767153E-02      7.907994355465E-03
   56.200000      2.647345636587E-02      7.821167317816E-03
   56.300000      2.629987738847E-02      7.744039723777E-03
   56.400000      2.617596989142E-02      7.695927099215E-03
   56.500000      2.622496954793E-02      7.715384797446E-03
   56.600000      2.658315381859E-02      7.841889075874E-03
   56.700000      2.733468720715E-02      8.095964804554E-03
   56.800000      2.845874140029E-02      8.465111356299E-03
   56.900000      2.981045247050E-02      8.900707497554E-03
   57.000000      3.114791563340E-02      9.327201324342E-03
   57.100000      3.219984492135E-02      9.660727238353E-03
   57.200000      3.274280195477E-02      9.831261492169E-03
   57.300000      3.265764203900E-02      9.801466098341E-03
   57.400000      3.195598602975E-02      9.576645086210E-03
   57.500000      3.077681883559E-02      9.203162216168E-03
   57.600000      2.935603828639E-02      8.756181926462E-03
   57.700000      2.797380077148E-02      8.320558647265E-03
   57.800000      2.688672903394E-02      7.970283139113E-03
   57.900000      2.625860266362E-02      7.751801090193E-03
   58.000000      2.611636325910E-02      7.675000609201E-03
   58.100000      2.635571441994E-02      7.713350298507E-03
   58.200000      2.678628206266E-02      7.812298416630E-03
   58.300000      2.718721679105E-02      7.903225231159E-03
   58.400000      2.735488219590E-02      7.919316843522E-03
   58.500000      2.713740874233E-02      7.809758740650E-03
   58.600000      2.645606510216E-02      7.549469781831E-03
   58.700000      2.531393892090E-02      7.142914390101E-03
   58.800000      2.379262482365E-02      6.621984215729E-03
   58.900000      2.203896462247E-02      6.039181922605E-03
   59.000000      2.024455232297E-02      5.458102006321E-03
   59.100000      1.861997713093E-02      4.943366210209E-03
   59.200000      1.736467278393E-02      4.551791562429E-03
   59.300000      1.663471560238E-02      4.325857807931E-03
   59.400000      1.651697728324E-02      4.289783851801E-03
   59.500000      1.702015772438E-02      4.447978757352E-03
   59.600000      1.808299813546E-02      4.785443695167E-03
   59.700000      1.959102643957E-02      5.269841156567E-03
   59.800000      2.139116241578E-02      5.855230726223E-03
   59.900000      2.330370510588E-02      6.487625510641E-03
   60.000000      2.514595169963E-02      7.112323707458E-03
   60.100000      2.676556729329E-02      7.682371381151E-03
   60.200000      2.806859249696E-02      8.166719866217E-03
   60.300000      2.903572404097E-02      8.556047055618E-03
   60.400000      2.972391502564E-02      8.864218578037E-03
   60.500000      3.025120276308E-02      9.124174863691E-03
   60.600000      3.076583207872E-02      9.378515009915E-03
   60.700000      3.140548721407E-02      9.666764150501E-03
   60.800000      3.225721360785E-02      1.001264961386E-02
   60.900000      3.332887965377E-02      1.041512484882E-02
   61.000000      3.453810160022E-02      1.084609807343E-02
   61.100000      3.572426846568E-02      1.125598392683E-02
   61.200000      3.669096200295E-02      1.158584200730E-02
   61.300000      3.726389365604E-02      1.178277164040E-02
   61.400000      3.733824556753E-02      1.181412852977E-02
   61.500000      3.690458143028E-02      1.167642051430E-02
   61.600000      3.605109529475E-02      1.139634303239E-02
   61.700000      3.494177694684E-02      1.102379008929E-02
   61.800000      3.377284519248E-02      1.061903420732E-02
   61.900000      3.271917004901E-02      1.023786149374E-02
   62.000000      3.189316966968E-02      9.918826622104E-03
   62.100000      3.132776273557E-02      9.675935400715E-03
   62.200000      3.097771575942E-02      9.498339067641E-03
   62.300000      3.073720566018E-02      9.356624319606E-03
   62.400000      3.047515448266E-02      9.213592940672E-03
   62.500000      3.007761832819E-02      9.036447384376E-03
   62.600000      2.948161254596E-02      8.807177026791E-03
   62.700000      2.869369524774E-02      8.528587591306E-03
   62.800000      2.779143799765E-02      8.224601598177E-03
   62.900000      2.690741436254E-02      7.934885065206E-03
   63.000000      2.619796014138E-02      7.705219324964E-03
   63.100000      2.580300758342E-02      7.576055643510E-03
   63.200000      2.580748472975E-02      7.572143233038E-03
   63.300000      2.621718371972E-02      7.695887650955E-03
   63.400000      2.695752091722E-02      7.926192018608E-03
   63.500000      2.789328196998E-02      8.223128929744E-03
   63.600000      2.886198241333E-02      8.537207031908E-03
   63.700000      2.971252715811E-02      8.820659799126E-03
   63.800000      3.033840361457E-02      9.037529960522E-03
   63.900000      3.069545059578E-02      9.169645871060E-03
   64.000000      3.079978983094E-02      9.216887126133E-03
   64.100000      3.070725340291E-02      9.192050959370E-03
   64.200000      3.048171889614E-02      9.112504622235E-03
   64.300000      3.016529151584E-02      8.991929268758E-03
   64.400000      2.976340381479E-02      8.835351665782E-03
   64.500000      2.925020932437E-02      8.639306266777E-03
   64.600000      2.858934424458E-02      8.396858385786E-03
   64.700000      2.776041252041E-02      8.105165011589E-03
   64.800000      2.678155877009E-02      7.772081026472E-03
   64.900000      2.571947231948E-02      7.418544182593E-03
   65.000000      2.468069796916E-02      7.075068747449E-03
   65.100000      2.378311731983E-02      6.773076188752E-03
   65.200000      2.311386485533E-02      6.534072626083E-03
   65.300000      2.268881795144E-02      6.360918906531E-03
   65.400000      2.243617788118E-02      6.235059226664E-03
   65.500000      2.222093165069E-02      6.121615538927E-03
   65.600000      2.189802990795E-02      5.981386154887E-03
   65.700000      2.136657262528E-02      5.786073869655E-03
   65.800000      2.060857180424E-02      5.531564366744E-03
   65.900000      1.970562694077E-02      5.244399517891E-03
   66.000000      1.883035622049E-02      4.978679346221E-03
   66.100000      1.821207401221E-02      4.803758804339E-03
   66.200000      1.808012588891E-02      4.786180272799E-03
   66.300000      1.859594449548E-02      4.971232789381E-03
   66.400000      1.979690207428E-02      5.369701737755E-03
   66.500000      2.157836981268E-02      5.953742534629E-03
   66.600000      2.372280726382E-02      6.662964464329E-03
   66.700000      2.596126925414E-02      7.418719573891E-03
   66.800000      2.804100138109E-02      8.142271360530E-03
   66.900000      2.977691768689E-02      8.771675270007E-03
   67.000000      3.107831390840E-02      9.273002481067E-03
   67.100000      3.195151753754E-02      9.643573532352E-03
   67.200000      3.248293413970E-02      9.907349048471E-03
   67.300000      3.280892444652E-02      1.010470358599E-02
   67.400000      3.307982604008E-02      1.027990014382E-02
   67.500000      3.342495963240E-02      1.046954021168E-02
   67.600000      3.392408034161E-02      1.069435288622E-02
   67.700000      3.459014854727E-02      1.095540141210E-02
   67.800000      3.536839325618E-02      1.123461812679E-02
   67.900000      3.615215030041E-02      1.149883826998E-02
   68.000000      3.680811421853E-02      1.170624278290E-02
   68.100000      3.720224360893E-02      1.181417396191E-02
   68.200000      3.722267233154E-02      1.178739036415E-02
   68.300000      3.679964291577E-02      1.160577258456E-02
   68.400000      3.592216668327E-02      1.127026173996E-02
   68.500000      3.464889214859E-02      1.080560693405E-02
   68.600000      3.310886117822E-02      1.025862856427E-02
   68.700000      3.148763651445E-02      9.691403203044E-03
   68.800000      2.999592919818E-02      9.170021169235E-03
   68.900000      2.882273495966E-02      8.751031634859E-03
   69.000000      2.808516734418E-02      8.468840952307E-03
   69.100000      2.779611968146E-02      8.327643834664E-03
   69.200000      2.786369505910E-02      8.300651533480E-03
   69.300000      2.812013213004E-02      8.337525411675E-03
   69.400000      2.837013483522E-02      8.378518488232E-03
   69.500000      2.844523550924E-02      8.371632268559E-03
   69.600000      2.824979396467E-02      8.287889965103E-03
   69.700000      2.778734303516E-02      8.130113391447E-03
   69.800000      2.716130459849E-02      7.932380691473E-03
   69.900000      2.654960986774E-02      7.750114387871E-03
   70.000000      2.615766949784E-02      7.643615394325E-03
   70.100000      2.615789261252E-02      7.659874215757E-03
   70.200000      2.662864732095E-02      7.817992663604E-03
   70.300000      2.751754971465E-02      8.102390658372E-03
   70.400000      2.865587061902E-02      8.465564943675E-03
   70.500000      2.981388481761E-02      8.839321792834E-03
   70.600000      3.076317544224E-02      9.151039789153E-03
   70.700000      3.132621753980E-02      9.340333190818E-03
   70.800000      3.140689911044E-02      9.371747513213E-03
   70.900000      3.100056465276E-02      9.240605877796E-03
   71.000000      3.018539556718E-02      8.971251616853E-03
   71.100000      2.909955808229E-02      8.608985500776E-03
   71.200000      2.790976202968E-02      8.208386860797E-03
   71.300000      2.677691212508E-02      7.821153048630E-03
   71.400000      2.582443104341E-02      7.486155943448E-03
   71.500000      2.511525172126E-02      7.223422187706E-03
   71.600000      2.464359416541E-02      7.032610537113E-03
   71.700000      2.434409986450E-02      6.895619830064E-03
   71.800000      2.411369907837E-02      6.782366877496E-03
   71.900000      2.383813113680E-02      6.658494480415E-03
   72.000000      2.341759062730E-02      6.493678029826E-03
   72.100000      2.278889635250E-02      6.269185528017E-03
   72.200000      2.194212061449E-02      5.983396905958E-03
   72.300000      2.092920429588E-02      5.654181444029E-03
   72.400000      1.986210402235E-02      5.317457529412E-03
   72.500000      1.889894941635E-02      5.021928381076E-03
   72.600000      1.821846022440E-02      4.820789184403E-03
   72.700000      1.798550464131E-02      4.761930363219E-03
   72.800000      1.831486728578E-02      4.878599150866E-03
   72.900000      1.924333225768E-02      5.182476474786E-03
   73.000000      2.071739285975E-02      5.660650521364E-03
   73.100000      2.260000842119E-02      6.277130904421E-03
   73.200000      2.469836406616E-02      6.978565187191E-03
   73.300000      2.680417103236E-02      7.702951220151E-03
   73.400000      2.873018488926E-02      8.389597456525E-03
   73.500000      3.033583362479E-02      8.988466077412E-03
   73.600000      3.154197512017E-02      9.467303089942E-03
   73.700000      3.233602115600E-02      9.815484637850E-03
   73.800000      3.276859901743E-02      1.004413415394E-02
   73.900000      3.294230833890E-02      1.018266582774E-02
   74.000000      3.299252614936E-02      1.027241142973E-02
   74.100000      3.306202042330E-02      1.035835732985E-02
   74.200000      3.327512374217E-02      1.048024974268E-02
   74.300000      3.371523711202E-02      1.066442218748E-02
   74.400000      3.440587813403E-02      1.091765970598E-02
   74.500000      3.529983345221E-02      1.122422711067E-02
   74.600000      3.628178452917E-02      1.154683304709E-02
   74.700000      3.718516113758E-02      1.183176945788E-02
   74.800000      3.782090268692E-02      1.201778597177E-02
   74.900000      3.801275186713E-02      1.204751268818E-02
   75.000000      3.763201583042E-02      1.187956578586E-02
   75.100000      3.662586453354E-02      1.149902393214E-02
   75.200000      3.503516594983E-02      1.092391441445E-02
   75.300000      3.299899354013E-02      1.020581236725E-02
   75.400000      3.074330691779E-02      9.423647503015E-03
   75.500000      2.855159453176E-02      8.671201706975E-03
   75.600000      2.671723804921E-02      8.040298546211E-03
   75.700000      2.548302816699E-02      7.602971004903E-03
   75.800000      2.498121341616E-02      7.396574807202E-03
   75.900000      2.519525674855E-02      7.415602358633E-03
   76.000000      2.596204020023E-02      7.612732239314E-03
   76.100000      2.701546374862E-02      7.909562272753E-03
   76.200000      2.805579998542E-02      8.214957489314E-03
   76.300000      2.882253544945E-02      8.446682287701E-03
   76.400000      2.915151741113E-02      8.550735752595E-03
   76.500000      2.900557952402E-02      8.513124817010E-03
   76.600000      2.847519162248E-02      8.360775990679E-03
   76.700000      2.775042895829E-02      8.151398895277E-03
   76.800000      2.706877476702E-02      7.955403870091E-03
   76.900000      2.664729958019E-02      7.835340530382E-03
   77.000000      2.661812797821E-02      7.828944966464E-03
   77.100000      2.699215114968E-02      7.940537524873E-03
   77.200000      2.766614281269E-02      8.142666395192E-03
   77.300000      2.846723539155E-02      8.386537176968E-03
   77.400000      2.920981989233E-02      8.617073453438E-03
   77.500000      2.974423944753E-02      8.787341353731E-03
   77.600000      2.998480277879E-02      8.867875702423E-03
   77.700000      2.991338431509E-02      8.848776294431E-03
   77.800000      2.956273374233E-02      8.735334895925E-03
   77.900000      2.898808469810E-02      8.540258070692E-03
   78.000000      2.823760424185E-02      8.276408010977E-03
   78.100000      2.733424758123E-02      7.953164027041E-03
   78.200000      2.628082335528E-02      7.577475124482E-03
   78.300000      2.508505990988E-02      7.158358347562E-03
   78.400000      2.378534587913E-02      6.711991262579E-03
   78.500000      2.246261539400E-02      6.264302852374E-03
   78.600000      2.123152169085E-02      5.849143527825E-03
   78.700000      2.021198717378E-02      5.502163421408E-03
   78.800000      1.949556164466E-02      5.252531782041E-03
   78.900000      1.912359863583E-02      5.115705009936E-03
   79.000000      1.908409710042E-02      5.090137146404E-03
   79.100000      1.932346354366E-02      5.159287266354E-03
   79.200000      1.976604698375E-02      5.298204388474E-03
   79.300000      2.033636751372E-02      5.482248918685E-03
   79.400000      2.097908144042E-02      5.694823426918E-03
   79.500000      2.167152032199E-02      5.931539106308E-03
   79.600000      2.242606504033E-02      6.199719676300E-03
   79.700000      2.328182987029E-02      6.513880179056E-03
   79.800000      2.428751738639E-02      6.889111761688E-03
   79.900000      2.548088069955E-02      7.334706860362E-03
   80.000000      2.687040452340E-02      7.849844926836E-03
   80.100000      2.842286510666E-02      8.422092984833E-03
   80.200000      3.006384706028E-02      9.028412072372E-03
   80.300000      3.169442374698E-02      9.637762586768E-03
   80.400000      3.321048196807E-02      1.021442655139E-02
   80.500000      3.451478943131E-02      1.072162269649E-02
   80.600000      3.552377969376E-02      1.112547820405E-02
   80.700000      3.617367633955E-02      1.139955602631E-02
   80.800000      3.642916032342E-02      1.152976569560E-02
   80.900000      3.629496260455E-02      1.151877507548E-02
   81.000000      3.582693567663E-02      1.138840585147E-02
   81.100000      3.513588255062E-02      1.117839609844E-02
   81.200000      3.437742271749E-02      1.094060404115E-02
   81.300000      3.372522002595E-02      1.072909025493E-02
   81.400000      3.333112959524E-02      1.058807011741E-02
   81.500000      3.328084791407E-02      1.054083007160E-02
   81.600000      3.355704808573E-02      1.058283742146E-02
   81.700000      3.403509716611E-02      1.068130296715E-02
   81.800000      3.452308297932E-02      1.078167845626E-02
   81.900000      3.481412226025E-02      1.081960098507E-02
   82.000000      3.472963315108E-02      1.073531124325E-02
   82.100000      3.415010666563E-02      1.048704650714E-02
   82.200000      3.303195367808E-02      1.006044210714E-02
   82.300000      3.141233194411E-02      9.472275344509E-03
   82.400000      2.940643653511E-02      8.768415982018E-03
   82.500000      2.719899548063E-02      8.017066327227E-03
   82.600000      2.502907673028E-02      7.298965963054E-03
   82.700000      2.316650141430E-02      6.696217721749E-03
   82.800000      2.187531652720E-02      6.281046473242E-03
   82.900000      2.135856241151E-02      6.105490076246E-03
   83.000000      2.169771491994E-02      6.192967010229E-03
   83.100000      2.282828722128E-02      6.532840938669E-03
   83.200000      2.456642391028E-02      7.079259775959E-03
   83.300000      2.665458414498E-02      7.755362870375E-03
   83.400000      2.879962373031E-02      8.463215053522E-03
   83.500000      3.070391514249E-02      9.098582650707E-03
   83.600000      3.210228832994E-02      9.568237351544E-03
   83.700000      3.280475041163E-02      9.806365772764E-03
   83.800000      3.272954996338E-02      9.786369406946E-03
   83.900000      3.191749810790E-02      9.525120787373E-03
   84.000000      3.052601716803E-02      9.078474151348E-03
   84.100000      2.880350488177E-02      8.529015069552E-03
   84.200000      2.704573674924E-02      7.968978484375E-03
   84.300000      2.553686121691E-02      7.482348821770E-03
   84.400000      2.448475287938E-02      7.130075857874E-03
   84.500000      2.397925850733E-02      6.941208027142E-03
   84.600000      2.399330337676E-02      6.911014499088E-03
   84.700000      2.440877592628E-02      7.005435271805E-03
   84.800000      2.504676713998E-02      7.169974613186E-03
   84.900000      2.570075967056E-02      7.340689915040E-03
   85.000000      2.617240068174E-02      7.455167252600E-03
   85.100000      2.630096980878E-02      7.462022878617E-03
   85.200000      2.598241631492E-02      7.328159491863E-03
   85.300000      2.517995094910E-02      7.043468000878E-03
   85.400000      2.392868329348E-02      6.622827513866E-03
   85.500000      2.233540177158E-02      6.105234028770E-03
   85.600000      2.057291291931E-02      5.549888530903E-03
   85.700000      1.886702834514E-02      5.029273328646E-03
   85.800000      1.747352806892E-02      4.619696104388E-03
   85.900000      1.664245432647E-02      4.390390997226E-03
   86.000000      1.657039008154E-02      4.392828385814E-03
   86.100000      1.735118898170E-02      4.652160051720E-03
   86.200000      1.894725215914E-02      5.162540887127E-03
   86.300000      2.119943773061E-02      5.887398632422E-03
   86.400000      2.386809297962E-02      6.764721712955E-03
   86.500000      2.668299132622E-02      7.716380836714E-03
   86.600000      2.938679182742E-02      8.659690862750E-03
   86.700000      3.176622852439E-02      9.519061494495E-03
   86.800000      3.367123337920E-02      1.023572865244E-02
   86.900000      3.502358285886E-02      1.077410372531E-02
   87.000000      3.581643770018E-02      1.112403689338E-02
   87.100000      3.610626630566E-02      1.129906255910E-02
   87.200000      3.599895097350E-02      1.133132694667E-02
   87.300000      3.563177169879E-02      1.126431297484E-02
   87.400000      3.515186792012E-02      1.114466730510E-02
   87.500000      3.469060500725E-02      1.101443114529E-02
   87.600000      3.433786166505E-02      1.090482098349E-02
   87.700000      3.413073258792E-02      1.083242953920E-02
   87.800000      3.406126442890E-02      1.079834201152E-02
   87.900000      3.408904715129E-02      1.079020885567E-02
   88.000000      3.415156059905E-02      1.078681750966E-02
   88.100000      3.417497839142E-02      1.076422186050E-02
   88.200000      3.408966380564E-02      1.070211395596E-02
   88.300000      3.384886716158E-02      1.058897443163E-02
   88.400000      3.344256697412E-02      1.042471617894E-02
   88.500000      3.290091420163E-02      1.022006651642E-02
   88.600000      3.228624837913E-02      9.992731562235E-03
   88.700000      3.167474663560E-02      9.761265972622E-03
   88.800000      3.112876559742E-02      9.538299095881E-03
   88.900000      3.066405148857E-02      9.325134916564E-03
   89.000000      3.023133961390E-02      9.109610604350E-03
   89.100000      2.973106894960E-02      8.868430307060E-03
   89.200000      2.904904416697E-02      8.574071538039E-03
   89.300000      2.809481655674E-02      8.205011543221E-03
   89.400000      2.683651013442E-02      7.756781117952E-03
   89.500000      2.532800474749E-02      7.250612987804E-03
   89.600000      2.372229992102E-02      6.736529805278E-03
   89.700000      2.226363235251E-02      6.288738710862E-03
   89.800000      2.125068035837E-02      5.993025296791E-03
   89.900000      2.096785861924E-02      5.928069144025E-03
   90.000000      2.159900220305E-02      6.144655617141E-03
   90.100000      2.315758903873E-02      6.648013617376E-03
   90.200000      2.546085940117E-02      7.388477769450E-03
   90.300000      2.815837169020E-02      8.264166263857E-03
   90.400000      3.080790669062E-02      9.136600673833E-03
   90.500000      3.296625376800E-02      9.856799658742E-03
   90.600000      3.427085399037E-02      1.029626407108E-02
   90.700000      3.450300566728E-02      1.037538829328E-02
   90.800000      3.362619490229E-02      1.008188326278E-02
   90.900000      3.179416352754E-02      9.473971410512E-03
   91.000000      2.932633568530E-02      8.666957806842E-03
   91.100000      2.665246895621E-02      7.806261644721E-03
   91.200000      2.423240472100E-02      7.033780815080E-03
   91.300000      2.245764741668E-02      6.456368106480E-03
   91.400000      2.154007685185E-02      6.124581342315E-03
   91.500000      2.143053232051E-02      6.026882260405E-03
   91.600000      2.186820577731E-02      6.100003609042E-03
   91.700000      2.251474474818E-02      6.251645838720E-03
   91.800000      2.306048145561E-02      6.388393234361E-03
   91.900000      2.329184492128E-02      6.440724408409E-03
   92.000000      2.312478828854E-02      6.378469869879E-03
   92.100000      2.260479758481E-02      6.213463496000E-03
   92.200000      2.187779195414E-02      5.990257012591E-03
   92.300000      2.114132812999E-02      5.769239336276E-03
   92.400000      2.058917257499E-02      5.608247660787E-03
   92.500000      2.036279082685E-02      5.548362035224E-03
   92.600000      2.052176425745E-02      5.607397050946E-03
   92.700000      2.104363372368E-02      5.781582837064E-03
   92.800000      2.185305774049E-02      6.053196473461E-03
   92.900000      2.286259183995E-02      6.400363602173E-03
   93.000000      2.400490789058E-02      6.805260173091E-03
   93.100000      2.524684889936E-02      7.258254489965E-03
   93.200000      2.658527867838E-02      7.757440027143E-03
   93.300000      2.803089609066E-02      8.304697896812E-03
   93.400000      2.958984596948E-02      8.900300545480E-03
   93.500000      3.125080562999E-02      9.537983762660E-03
   93.600000      3.297805099907E-02      1.020168299940E-02
   93.700000      3.470825126359E-02      1.086429553080E-02
   93.800000      3.635012601759E-02      1.148834821818E-02
   93.900000      3.778783527237E-02      1.202844769541E-02
   94.000000      3.889001907066E-02      1.243562970911E-02
   94.100000      3.952556554870E-02      1.266379362049E-02
   94.200000      3.958592352620E-02      1.267799678674E-02
   94.300000      3.901144933192E-02      1.246349761079E-02
   94.400000      3.781627074696E-02      1.203343137010E-02
   94.500000      3.610488278180E-02      1.143243276568E-02
   94.600000      3.407388932224E-02      1.073386928457E-02
   94.700000      3.199363159104E-02      1.002977516241E-02
   94.800000      3.016717113990E-02      9.414756593682E-03
   94.900000      2.886848746087E-02      8.967336401291E-03
   95.000000      2.826958399194E-02      8.733533538792E-03
   95.100000      2.838407969775E-02      8.717279705659E-03
   95.200000      2.906724596397E-02      8.880474819892E-03
   95.300000      3.007068755985E-02      9.152643687370E-03
   95.400000      3.111282335339E-02      9.447297350466E-03
   95.500000      3.193870059301E-02      9.680276364541E-03
   95.600000      3.235961687350E-02      9.785204321154E-03
   95.700000      3.227061597147E-02      9.722681684094E-03
   95.800000      3.164865719322E-02      9.482327689308E-03
   95.900000      3.053825274947E-02      9.079201626472E-03
   96.000000      2.903333659604E-02      8.547553711232E-03
   96.100000      2.726263947500E-02      7.934795039812E-03
   96.200000      2.538147232021E-02      7.297228827597E-03
   96.300000      2.356861388181E-02      6.697214115009E-03
   96.400000      2.202393156101E-02      6.200016233851E-03
   96.500000      2.095793927090E-02      5.868370935801E-03
   96.600000      2.056226380808E-02      5.753897088030E-03
   96.700000      2.095892586299E-02      5.886423919969E-03
   96.800000      2.214762416481E-02      6.264123245151E-03
   96.900000      2.398350478961E-02      6.848136906371E-03
   97.000000      2.620201520074E-02      7.564672625607E-03
   97.100000      2.847666165550E-02      8.315460426861E-03
   97.200000      3.048355749872E-02      8.994759668880E-03
   97.300000      3.195708527867E-02      9.508818576481E-03
   97.400000      3.272897335026E-02      9.792720535637E-03
   97.500000      3.274612430766E-02      9.820304120375E-03
   97.600000      3.206583739213E-02      9.605035570836E-03
   97.700000      3.083159124141E-02      9.192498225784E-03
   97.800000      2.923702481938E-02      8.647499831611E-03
   97.900000      2.748629440080E-02      8.039887033686E-03
   98.000000      2.575579906588E-02      7.432753442337E-03
   98.100000      2.417169029376E-02      6.875190932842E-03
   98.200000      2.281604320721E-02      6.399810322357E-03
   98.300000      2.174052651115E-02      6.023739604609E-03
   98.400000      2.097094248715E-02      5.751211900423E-03
   98.500000      2.050245019780E-02      5.576242349330E-03
   98.600000      2.029283707557E-02      5.484886153054E-03
   98.700000      2.026825031687E-02      5.457552189094E-03
   98.800000      2.034393835983E-02      5.472260322413E-03
   98.900000      2.044902515575E-02      5.509343170972E-03
   99.000000      2.054749979433E-02      5.557103544296E-03
   99.100000      2.065169329957E-02      5.616872459204E-03
   99.200000      2.082450362829E-02      5.705363074521E-03
   99.300000      2.116681682074E-02      5.852564996245E-03
   99.400000      2.179173059905E-02      6.094667509974E-03
   99.500000      2.279431385512E-02      6.463243842585E-03
   99.600000      2.422114173307E-02      6.973532190536E-03
   99.700000      2.604241004433E-02      7.615468943613E-03
   99.800000      2.813898291263E-02      8.350761689716E-03
   99.900000      3.031637712892E-02      9.117736601627E-03
  100.000000      3.234557908988E-02      9.843387934864E-03
