# M=12, N=6, V0=0.0, V=0.25, PBC
#  time (tJ)                 S₁(n=2)                 S₂(n=2)
    0.000000      4.440892098501E-16     -4.440892098501E-16
    0.100000      1.848402643783E-03      3.665004911206E-04
    0.200000      6.110486232519E-03      1.397858412083E-03
    0.300000      1.162385511010E-02      2.905607959575E-03
    0.400000      1.738950843036E-02      4.624510249791E-03
    0.500000      2.255647399116E-02      6.271994608978E-03
    0.600000      2.650150732455E-02      7.608010951683E-03
    0.700000      2.888626677423E-02      8.480567296489E-03
    0.800000      2.967183325179E-02      8.847019332823E-03
    0.900000      2.908879485928E-02      8.768302412278E-03
    1.000000      2.757031983030E-02      8.380507661247E-03
    1.100000      2.566184219960E-02      7.853466989140E-03
    1.200000      2.391978813794E-02      7.348068959604E-03
    1.300000      2.275192965559E-02      6.982678895518E-03
    1.400000      2.229825008896E-02      6.815097649944E-03
    1.500000      2.252323549471E-02      6.841456677838E-03
    1.600000      2.327997296355E-02      7.008941569784E-03
    1.700000      2.428132529684E-02      7.236467656909E-03
    1.800000      2.516539024203E-02      7.436826509590E-03
    1.900000      2.565993187701E-02      7.535030424133E-03
    2.000000      2.560228564527E-02      7.479798335485E-03
    2.100000      2.493346927399E-02      7.247517676479E-03
    2.200000      2.368677570978E-02      6.839994851730E-03
    2.300000      2.196748507256E-02      6.278556322040E-03
    2.400000      1.991546567615E-02      5.597436126346E-03
    2.500000      1.765166191241E-02      4.838862210475E-03
    2.600000      1.527524811233E-02      4.051002540012E-03
    2.700000      1.289575564294E-02      3.288367055132E-03
    2.800000      1.067535107963E-02      2.612944688575E-03
    2.900000      8.855210340123E-03      2.093761221690E-03
    3.000000      7.749262974679E-03      1.802857977351E-03
    3.100000      7.688188639690E-03      1.806775110679E-03
    3.200000      8.872187830628E-03      2.154144217792E-03
    3.300000      1.122284999509E-02      2.861574540174E-03
    3.400000      1.451859679978E-02      3.901284637048E-03
    3.500000      1.846243848842E-02      5.194506649832E-03
    3.600000      2.267622359068E-02      6.614211500542E-03
    3.700000      2.671569276496E-02      7.998980659812E-03
    3.800000      3.011681437518E-02      9.177079770871E-03
    3.900000      3.246360808779E-02      9.996656407624E-03
    4.000000      3.347051634050E-02      1.035551144677E-02
    4.100000      3.303751388356E-02      1.022305777272E-02
    4.200000      3.127308956831E-02      9.648382471787E-03
    4.300000      2.848727351777E-02      8.751547871841E-03
    4.400000      2.515614359741E-02      7.699512541764E-03
    4.500000      2.186437857695E-02      6.672074312534E-03
    4.600000      1.923629276233E-02      5.825835499945E-03
    4.700000      1.778207973155E-02      5.264596741681E-03
    4.800000      1.749474135389E-02      5.022699204313E-03
    4.900000      1.806313467828E-02      5.064264453259E-03
    5.000000      1.911792978598E-02      5.297159597931E-03
    5.100000      2.026605817008E-02      5.597112139883E-03
    5.200000      2.113234416222E-02      5.835659934164E-03
    5.300000      2.141870409648E-02      5.905828156668E-03
    5.400000      2.094721006570E-02      5.741140661717E-03
    5.500000      1.967604520393E-02      5.325904462670E-03
    5.600000      1.770184094883E-02      4.696741177910E-03
    5.700000      1.525335779338E-02      3.936536553622E-03
    5.800000      1.267455037585E-02      3.162327651083E-03
    5.900000      1.039457126123E-02      2.508553690410E-03
    6.000000      8.880984599542E-03      2.107093585066E-03
    6.100000      8.552974857301E-03      2.065946885775E-03
    6.200000      9.691107928049E-03      2.449248096152E-03
    6.300000      1.234307384655E-02      3.262112450192E-03
    6.400000      1.614507352640E-02      4.443975456079E-03
    6.500000      2.056252455948E-02      5.873118643940E-03
    6.600000      2.503962162383E-02      7.382918916516E-03
    6.700000      2.905439778993E-02      8.787534783494E-03
    6.800000      3.217010251343E-02      9.912173948976E-03
    6.900000      3.407774054786E-02      1.062170957247E-02
    7.000000      3.462179752874E-02      1.084174585758E-02
    7.100000      3.380879667188E-02      1.056815417836E-02
    7.200000      3.179827012016E-02      9.863932509280E-03
    7.300000      2.887755008653E-02      8.845072320805E-03
    7.400000      2.542553908073E-02      7.659160261349E-03
    7.500000      2.186708111668E-02      6.461277263384E-03
    7.600000      1.862209917531E-02      5.391410414815E-03
    7.700000      1.608040601229E-02      4.556451230626E-03
    7.800000      1.456445475451E-02      4.018472041431E-03
    7.900000      1.415104704533E-02      3.789830682100E-03
    8.000000      1.462126733295E-02      3.834972615555E-03
    8.100000      1.563504905405E-02      4.078484982814E-03
    8.200000      1.682935323333E-02      4.418702284133E-03
    8.300000      1.786520988436E-02      4.745656345106E-03
    8.400000      1.847619789484E-02      4.961297153157E-03
    8.500000      1.851087538354E-02      4.998892139715E-03
    8.600000      1.795559520022E-02      4.837800633112E-03
    8.700000      1.692142548286E-02      4.509930181496E-03
    8.800000      1.561696301719E-02      4.095420174640E-03
    8.900000      1.433095519917E-02      3.707375869538E-03
    9.000000      1.340005278404E-02      3.468261138757E-03
    9.100000      1.316435600749E-02      3.483012655023E-03
    9.200000      1.392382671890E-02      3.815197128934E-03
    9.300000      1.585754651916E-02      4.472039779891E-03
    9.400000      1.880003305946E-02      5.401913402708E-03
    9.500000      2.224535878549E-02      6.504522314414E-03
    9.600000      2.568079942921E-02      7.650608492510E-03
    9.700000      2.868803194760E-02      8.705670656036E-03
    9.800000      3.097070110399E-02      9.551675558491E-03
    9.900000      3.236502718502E-02      1.010214202178E-02
   10.000000      3.282516929516E-02      1.030867261057E-02
   10.100000      3.238329099746E-02      1.015991623865E-02
   10.200000      3.110990846120E-02      9.675970469980E-03
   10.300000      2.909146327108E-02      8.901710211085E-03
   10.400000      2.642592865750E-02      7.901485927668E-03
   10.500000      2.325148081495E-02      6.755732019786E-03
   10.600000      1.977497807793E-02      5.558226242231E-03
   10.700000      1.628483778955E-02      4.411856525326E-03
   10.800000      1.314699724653E-02      3.421108485205E-03
   10.900000      1.075844283173E-02      2.680847877282E-03
   11.000000      9.387392988955E-03      2.262717479667E-03
   11.100000      9.153270088954E-03      2.201904750851E-03
   11.200000      1.006609900153E-02      2.487669275364E-03
   11.300000      1.196860752958E-02      3.060673082751E-03
   11.400000      1.452827583952E-02      3.818955490873E-03
   11.500000      1.727691544291E-02      4.632650624407E-03
   11.600000      1.973615413826E-02      5.365645786866E-03
   11.700000      2.152220685218E-02      5.900692961507E-03
   11.800000      2.239477433077E-02      6.163324233986E-03
   11.900000      2.228999839124E-02      6.139524288806E-03
   12.000000      2.133607574303E-02      5.882649910963E-03
   12.100000      1.984549002368E-02      5.506641527214E-03
   12.200000      1.828238711971E-02      5.165079273015E-03
   12.300000      1.721176294486E-02      5.018785912981E-03
   12.400000      1.724858055188E-02      5.197859966992E-03
   12.500000      1.884869957706E-02      5.766385378009E-03
   12.600000      2.184761350123E-02      6.698736796966E-03
   12.700000      2.565628133893E-02      7.874796748931E-03
   12.800000      2.955064993689E-02      9.097513410667E-03
   12.900000      3.279870318601E-02      1.013077405980E-02
   13.000000      3.477222443265E-02      1.074992412879E-02
   13.100000      3.504019431673E-02      1.079312349174E-02
   13.200000      3.343646138006E-02      1.020057801929E-02
   13.300000      3.008998238337E-02      9.031191334951E-03
   13.400000      2.541153391057E-02      7.451860576128E-03
   13.500000      2.003872609807E-02      5.701900610943E-03
   13.600000      1.474979973025E-02      4.041738169829E-03
   13.700000      1.035277055948E-02      2.699046547529E-03
   13.800000      7.480884663679E-03      1.825724432774E-03
   13.900000      6.395662543451E-03      1.475604069956E-03
   14.000000      7.026436714605E-03      1.606680143325E-03
   14.100000      8.942714163459E-03      2.104857304805E-03
   14.200000      1.153407986264E-02      2.820710272302E-03
   14.300000      1.422386153739E-02      3.608067571543E-03
   14.400000      1.661116111489E-02      4.354008393228E-03
   14.500000      1.850823217487E-02      4.993658749280E-03
   14.600000      1.991065491091E-02      5.508600580355E-03
   14.700000      2.093943779457E-02      5.912900225741E-03
   14.800000      2.177291383696E-02      6.234028983932E-03
   14.900000      2.253657239734E-02      6.496361783356E-03
   15.000000      2.320157680258E-02      6.712636577864E-03
   15.100000      2.369107946681E-02      6.884828862173E-03
   15.200000      2.395291160692E-02      7.011932081074E-03
   15.300000      2.399781906132E-02      7.099601429738E-03
   15.400000      2.392461426650E-02      7.166316674525E-03
   15.500000      2.392466604474E-02      7.242535947115E-03
   15.600000      2.418234521884E-02      7.362354585920E-03
   15.700000      2.473351955908E-02      7.550218267573E-03
   15.800000      2.554217008643E-02      7.807211091429E-03
   15.900000      2.651070016754E-02      8.101816680941E-03
   16.000000      2.746826806570E-02      8.368896712377E-03
   16.100000      2.814039475073E-02      8.518436332452E-03
   16.200000      2.820722232407E-02      8.453032517104E-03
   16.300000      2.739484274697E-02      8.090775623917E-03
   16.400000      2.553590846155E-02      7.388574272424E-03
   16.500000      2.261497315645E-02      6.360400916165E-03
   16.600000      1.878832521024E-02      5.085523812190E-03
   16.700000      1.438648283824E-02      3.703510305492E-03
   16.800000      9.913921595533E-03      2.395420761974E-03
   16.900000      6.031681720447E-03      1.353726032524E-03
   17.000000      3.541027461142E-03      7.464199908105E-04
   17.100000      3.272469235496E-03      6.827935069902E-04
   17.200000      5.323653521685E-03      1.188718052398E-03
   17.300000      9.052005115638E-03      2.197735077679E-03
   17.400000      1.371415160310E-02      3.560951260606E-03
   17.500000      1.858699132365E-02      5.074403960573E-03
   17.600000      2.302357378287E-02      6.518254192156E-03
   17.700000      2.651475130446E-02      7.699057878553E-03
   17.800000      2.873558363110E-02      8.485410424446E-03
   17.900000      2.958121218809E-02      8.828862641348E-03
   18.000000      2.917108703712E-02      8.765824454119E-03
   18.100000      2.781664374070E-02      8.401133930017E-03
   18.200000      2.596092007969E-02      7.878577603379E-03
   18.300000      2.409154905983E-02      7.346505380295E-03
   18.400000      2.264225041868E-02      6.927016587438E-03
   18.500000      2.190654704022E-02      6.695138990040E-03
   18.600000      2.198927418829E-02      6.670913266857E-03
   18.700000      2.275495660784E-02      6.823624840683E-03
   18.800000      2.386783961974E-02      7.084725393437E-03
   18.900000      2.498183518952E-02      7.364866609646E-03
   19.000000      2.579864286263E-02      7.570911865491E-03
   19.100000      2.608533377332E-02      7.620274429182E-03
   19.200000      2.568442632249E-02      7.451671769199E-03
   19.300000      2.451708441331E-02      7.032641965576E-03
   19.400000      2.258258658976E-02      6.364509750291E-03
   19.500000      1.996093086962E-02      5.484962570230E-03
   19.600000      1.682105953245E-02      4.467492999462E-03
   19.700000      1.342869828199E-02      3.416376525980E-03
   19.800000      1.015251580179E-02      2.456120494581E-03
   19.900000      7.459563206027E-03      1.715531107250E-03
   20.000000      5.876343412934E-03      1.308283329102E-03
   20.100000      5.852012326138E-03      1.313422108983E-03
   20.200000      7.508757088903E-03      1.759898944153E-03
   20.300000      1.053639284865E-02      2.618733090802E-03
   20.400000      1.446401927804E-02      3.804819578919E-03
   20.500000      1.879616203231E-02      5.188283609419E-03
   20.600000      2.305591199562E-02      6.613240291858E-03
   20.700000      2.682170547807E-02      7.920414368153E-03
   20.800000      2.975536223375E-02      8.969614616253E-03
   20.900000      3.162409923774E-02      9.658525110711E-03
   21.000000      3.231556965094E-02      9.935355469865E-03
   21.100000      3.184435681118E-02      9.804119446200E-03
   21.200000      3.034916313241E-02      9.322300671321E-03
   21.300000      2.808299813997E-02      8.591308388714E-03
   21.400000      2.539732802029E-02      7.740622903178E-03
   21.500000      2.271544854994E-02      6.907199192988E-03
   21.600000      2.049462784336E-02      6.212685731725E-03
   21.700000      1.917920583486E-02      5.742105027820E-03
   21.800000      1.892897623599E-02      5.528294687605E-03
   21.900000      1.946311272405E-02      5.546043358708E-03
   22.000000      2.039656699432E-02      5.718197416385E-03
   22.100000      2.132768397296E-02      5.933302583709E-03
   22.200000      2.188928244593E-02      6.071315170081E-03
   22.300000      2.180446868697E-02      6.031549043510E-03
   22.400000      2.093127735568E-02      5.756169806586E-03
   22.500000      1.928702986263E-02      5.243595903496E-03
   22.600000      1.704851609093E-02      4.548866253058E-03
   22.700000      1.452712393640E-02      3.771550558838E-03
   22.800000      1.211222900237E-02      3.034975190226E-03
   22.900000      1.018865608636E-02      2.462394801053E-03
   23.000000      9.096987069191E-03      2.155749998643E-03
   23.100000      9.103603200316E-03      2.181009923313E-03
   23.200000      1.032687945101E-02      2.561587262266E-03
   23.300000      1.268386312861E-02      3.278930957113E-03
   23.400000      1.586335851292E-02      4.277940578765E-03
   23.500000      1.948377350047E-02      5.474619248671E-03
   23.600000      2.320105262874E-02      6.764193153950E-03
   23.700000      2.671663583725E-02      8.029227424183E-03
   23.800000      2.976893451636E-02      9.148394684433E-03
   23.900000      3.212094672906E-02      1.000695126046E-02
   24.000000      3.355108637906E-02      1.050940055724E-02
   24.100000      3.387727745675E-02      1.059345112901E-02
   24.200000      3.300869245260E-02      1.024278596481E-02
   24.300000      3.098475460097E-02      9.495119731597E-03
   24.400000      2.799426229162E-02      8.442157016143E-03
   24.500000      2.437338482048E-02      7.219545552670E-03
   24.600000      2.058133318547E-02      5.987348430918E-03
   24.700000      1.715853296090E-02      4.904144705666E-03
   24.800000      1.466887638845E-02      4.099763736866E-03
   24.900000      1.346578582090E-02      3.652301152098E-03
   25.000000      1.352158506159E-02      3.574328528178E-03
   25.100000      1.456069842873E-02      3.811362317368E-03
   25.200000      1.616889525851E-02      4.253195644546E-03
   25.300000      1.787461661685E-02      4.756167278495E-03
   25.400000      1.923307923624E-02      5.172319255230E-03
   25.500000      1.990148040285E-02      5.380012631102E-03
   25.600000      1.969282754811E-02      5.310115673602E-03
   25.700000      1.860465669062E-02      4.962421578994E-03
   25.800000      1.682364312436E-02      4.408482936652E-03
   25.900000      1.470785245389E-02      3.779454486839E-03
   26.000000      1.274214040458E-02      3.240519521074E-03
   26.100000      1.146609249753E-02      2.956502945678E-03
   26.200000      1.138429092464E-02      3.055628997630E-03
   26.300000      1.288990529916E-02      3.599363295328E-03
   26.400000      1.602497637572E-02      4.565446053956E-03
   26.500000      2.018246008728E-02      5.848567595747E-03
   26.600000      2.463328941167E-02      7.279137309572E-03
   26.700000      2.872274702036E-02      8.656163551781E-03
   26.800000      3.192031249716E-02      9.786575249041E-03
   26.900000      3.387356930464E-02      1.052153104755E-02
   27.000000      3.443776771447E-02      1.078110059006E-02
   27.100000      3.367229784519E-02      1.056208221717E-02
   27.200000      3.180408157304E-02      9.928643877156E-03
   27.300000      2.915953977704E-02      8.990313885392E-03
   27.400000      2.607839888510E-02      7.874962202844E-03
   27.500000      2.283968467322E-02      6.704798798226E-03
   27.600000      1.965387532774E-02      5.581110346355E-03
   27.700000      1.670809754195E-02      4.579494622608E-03
   27.800000      1.419396232085E-02      3.753317320620E-03
   27.900000      1.231587695037E-02      3.140500853964E-03
   28.000000      1.120569765439E-02      2.768405577978E-03
   28.100000      1.087846896392E-02      2.653421893928E-03
   28.200000      1.132443204266E-02      2.795083618686E-03
   28.300000      1.248461497057E-02      3.167713596372E-03
   28.400000      1.422206101860E-02      3.714532106103E-03
   28.500000      1.629957708380E-02      4.349001638875E-03
   28.600000      1.835835787378E-02      4.965937246934E-03
   28.700000      2.001994592663E-02      5.461370684669E-03
   28.800000      2.100946607198E-02      5.756625781070E-03
   28.900000      2.120834851935E-02      5.819867390894E-03
   29.000000      2.067517857095E-02      5.678360174389E-03
   29.100000      1.963668198763E-02      5.416855066879E-03
   29.200000      1.845806220058E-02      5.161189068771E-03
   29.300000      1.759632719673E-02      5.050185759843E-03
   29.400000      1.755115888074E-02      5.202135209530E-03
   29.500000      1.876364242861E-02      5.683712668358E-03
   29.600000      2.125327861318E-02      6.488845594551E-03
   29.700000      2.458530434290E-02      7.532897278751E-03
   29.800000      2.813834710239E-02      8.664121514498E-03
   29.900000      3.129013748850E-02      9.690454332970E-03
   30.000000      3.349955304655E-02      1.041626119110E-02
   30.100000      3.436594611621E-02      1.068144508301E-02
   30.200000      3.367116102700E-02      1.039478593254E-02
   30.300000      3.139527642259E-02      9.554534814900E-03
   30.400000      2.772275426257E-02      8.251811395950E-03
   30.500000      2.303995836787E-02      6.655774758197E-03
   30.600000      1.790429876983E-02      4.983294305276E-03
   30.700000      1.299127121244E-02      3.459249803647E-03
   30.800000      9.020743724117E-03      2.275834826721E-03
   30.900000      6.594960636078E-03      1.559614486712E-03
   31.000000      5.998973661234E-03      1.353308470490E-03
   31.100000      7.080246097908E-03      1.615693741353E-03
   31.200000      9.360765778126E-03      2.238592413314E-03
   31.300000      1.228205086584E-02      3.075840793441E-03
   31.400000      1.530165877518E-02      3.976515268830E-03
   31.500000      1.798865899072E-02      4.814193096661E-03
   31.600000      2.009226864093E-02      5.505754902012E-03
   31.700000      2.154311961500E-02      6.016686559940E-03
   31.800000      2.241642248159E-02      6.353976058095E-03
   31.900000      2.287762274183E-02      6.551202758050E-03
   32.000000      2.309030918123E-02      6.652097818428E-03
   32.100000      2.314641219985E-02      6.698161214039E-03
   32.200000      2.309229648693E-02      6.723231860696E-03
   32.300000      2.297972239010E-02      6.754423143623E-03
   32.400000      2.289966033194E-02      6.816048711383E-03
   32.500000      2.300371217383E-02      6.932179995432E-03
   32.600000      2.345760004178E-02      7.124565597340E-03
   32.700000      2.428093776347E-02      7.405210582487E-03
   32.800000      2.539583087287E-02      7.765850546275E-03
   32.900000      2.667344798185E-02      8.168701169147E-03
   33.000000      2.792057200283E-02      8.543389529791E-03
   33.100000      2.886733837763E-02      8.793599295965E-03
   33.200000      2.919553544754E-02      8.814034985083E-03
   33.300000      2.860889173108E-02      8.514741177708E-03
   33.400000      2.690932532850E-02      7.846833190289E-03
   33.500000      2.405681934705E-02      6.822438852167E-03
   33.600000      2.020128226673E-02      5.522678018815E-03
   33.700000      1.568658601150E-02      4.090526636884E-03
   33.800000      1.102859973489E-02      2.709387179958E-03
   33.900000      6.875223840529E-03      1.571798626008E-03
   34.000000      3.972035242896E-03      8.449400096060E-04
   34.100000      3.120912992210E-03      6.400255232415E-04
   34.200000      4.609966621859E-03      9.915773365106E-04
   34.300000      7.894453711274E-03      1.850423332222E-03
   34.400000      1.226880679651E-02      3.091635773496E-03
   34.500000      1.703784357326E-02      4.535928680200E-03
   34.600000      2.156313655695E-02      5.980627575893E-03
   34.700000      2.531753495141E-02      7.234569569632E-03
   34.800000      2.793315575102E-02      8.150499933703E-03
   34.900000      2.923335886040E-02      8.648890038536E-03
   35.000000      2.924454308422E-02      8.728606924072E-03
   35.100000      2.818496672741E-02      8.462318826395E-03
   35.200000      2.642880131777E-02      7.977545146060E-03
   35.300000      2.444679979053E-02      7.427300877875E-03
   35.400000      2.273342338606E-02      6.956659128648E-03
   35.500000      2.172458208297E-02      6.672586185104E-03
   35.600000      2.166819085853E-02      6.623667279246E-03
   35.700000      2.251315428078E-02      6.793894026255E-03
   35.800000      2.387822335002E-02      7.111138121648E-03
   35.900000      2.529873124489E-02      7.467297971398E-03
   36.000000      2.636600833012E-02      7.744437075333E-03
   36.100000      2.677653950093E-02      7.840277832976E-03
   36.200000      2.636144198655E-02      7.687351655684E-03
   36.300000      2.509299637848E-02      7.262518582699E-03
   36.400000      2.306802959292E-02      6.586603275566E-03
   36.500000      2.046901949431E-02      5.716543135991E-03
   36.600000      1.750711454398E-02      4.733876866614E-03
   36.700000      1.440442139664E-02      3.733248864744E-03
   36.800000      1.141383603631E-02      2.813111213020E-03
   36.900000      8.841455750269E-03      2.068754815004E-03
   37.000000      7.055334530683E-03      1.586197163259E-03
   37.100000      6.441448706132E-03      1.435062339681E-03
   37.200000      7.241042821662E-03      1.659569006316E-03
   37.300000      9.382194474238E-03      2.268572582310E-03
   37.400000      1.256909894927E-02      3.227354137189E-03
   37.500000      1.644961162036E-02      4.454624731546E-03
   37.600000      2.063233452614E-02      5.827580568879E-03
   37.700000      2.468708056100E-02      7.195956197873E-03
   37.800000      2.818532649952E-02      8.403507318436E-03
   37.900000      3.076708345694E-02      9.313038103645E-03
   38.000000      3.218954493322E-02      9.829714216184E-03
   38.100000      3.235991147297E-02      9.917421317422E-03
   38.200000      3.134722443934E-02      9.604373639482E-03
   38.300000      2.937241263185E-02      8.976648425025E-03
   38.400000      2.678064374418E-02      8.161098848406E-03
   38.500000      2.400275248130E-02      7.301380394860E-03
   38.600000      2.151259855623E-02      6.532028782937E-03
   38.700000      1.978188151826E-02      5.955487741346E-03
   38.800000      1.907953539355E-02      5.625961560429E-03
   38.900000      1.925600615197E-02      5.542441791924E-03
   39.000000      1.999522971868E-02      5.651661975329E-03
   39.100000      2.093681900810E-02      5.860281709831E-03
   39.200000      2.172050192749E-02      6.054306764039E-03
   39.300000      2.203062339198E-02      6.122595432819E-03
   39.400000      2.163988788823E-02      5.980390704924E-03
   39.500000      2.044676923642E-02      5.588422285594E-03
   39.600000      1.849883601509E-02      4.963551619553E-03
   39.700000      1.599644571875E-02      4.178339253812E-03
   39.800000      1.327262734291E-02      3.349142512884E-03
   39.900000      1.075316063865E-02      2.614923208875E-03
   40.000000      8.910329256434E-03      2.111178532561E-03
   40.100000      8.198759108491E-03      1.944630627383E-03
   40.200000      8.913683984765E-03      2.174088172006E-03
   40.300000      1.105373278080E-02      2.801215901577E-03
   40.400000      1.428175227498E-02      3.772292149928E-03
   40.500000      1.811679220713E-02      4.989247902055E-03
   40.600000      2.210758225191E-02      6.326284820338E-03
   40.700000      2.586898217197E-02      7.647785804949E-03
   40.800000      2.909668675795E-02      8.824109335790E-03
   40.900000      3.156391127799E-02      9.743653166017E-03
   41.000000      3.310698154680E-02      1.032139730944E-02
   41.100000      3.361585643990E-02      1.050517079296E-02
   41.200000      3.303601428138E-02      1.028074398866E-02
   41.300000      3.139161062828E-02      9.675728260623E-03
   41.400000      2.881586300154E-02      8.760840169162E-03
   41.500000      2.556498119506E-02      7.646191548705E-03
   41.600000      2.201170327549E-02      6.470525348237E-03
   41.700000      1.862295956404E-02      5.382877571886E-03
   41.800000      1.592311881152E-02      4.518596723996E-03
   41.900000      1.435635607494E-02      3.974154559816E-03
   42.000000      1.404892075973E-02      3.786759191898E-03
   42.100000      1.481714308864E-02      3.924674750792E-03
   42.200000      1.625415118669E-02      4.292122046096E-03
   42.300000      1.784890213383E-02      4.749104562048E-03
   42.400000      1.911237068999E-02      5.142467517004E-03
   42.500000      1.967795448025E-02      5.341205157708E-03
   42.600000      1.936585147334E-02      5.267552367833E-03
   42.700000      1.820902050952E-02      4.916230020803E-03
   42.800000      1.642434006596E-02      4.357114868651E-03
   42.900000      1.436545382156E-02      3.720701822099E-03
   43.000000      1.248305616962E-02      3.169853085232E-03
   43.100000      1.125748856765E-02      2.864412630968E-03
   43.200000      1.112982683702E-02      2.926618355987E-03
   43.300000      1.244567885780E-02      3.414692782203E-03
   43.400000      1.529171210024E-02      4.309846483172E-03
   43.500000      1.918140813600E-02      5.518833882669E-03
   43.600000      2.343414147688E-02      6.890924510623E-03
   43.700000      2.744868386195E-02      8.245366027972E-03
   43.800000      3.073906312253E-02      9.403571958188E-03
   43.900000      3.295996079942E-02      1.021959534561E-02
   44.000000      3.392354241972E-02      1.060300920338E-02
   44.100000      3.360847542843E-02      1.053002623549E-02
   44.200000      3.215279317838E-02      1.004129391699E-02
   44.300000      2.982315221563E-02      9.227796533726E-03
   44.400000      2.696189691253E-02      8.208974174112E-03
   44.500000      2.389955264993E-02      7.108792144374E-03
   44.600000      2.088604808369E-02      6.035563568731E-03
   44.700000      1.811428900935E-02      5.069793063017E-03
   44.800000      1.573990919699E-02      4.261613628395E-03
   44.900000      1.389926252845E-02      3.636340831234E-03
   45.000000      1.265586469447E-02      3.204210652362E-03
   45.100000      1.196985039658E-02      2.969311753799E-03
   45.200000      1.182803012822E-02      2.933492771103E-03
   45.300000      1.224326681877E-02      3.093457644431E-03
   45.400000      1.322035176935E-02      3.432557382124E-03
   45.500000      1.472470018371E-02      3.911699127043E-03
   45.600000      1.659385683922E-02      4.465067554060E-03
   45.700000      1.848477407413E-02      5.005261811856E-03
   45.800000      2.001731266560E-02      5.439176941899E-03
   45.900000      2.090439787475E-02      5.691610181167E-03
   46.000000      2.100990573360E-02      5.729789387673E-03
   46.100000      2.038598346198E-02      5.580339688287E-03
   46.200000      1.928208631801E-02      5.331454870761E-03
   46.300000      1.812087371867E-02      5.117010863075E-03
   46.400000      1.745128562062E-02      5.084851614331E-03
   46.500000      1.784941789725E-02      5.356716416301E-03
   46.600000      1.961698981252E-02      5.990519358281E-03
   46.700000      2.263282036408E-02      6.955822213703E-03
   46.800000      2.637532012957E-02      8.130242208793E-03
   46.900000      3.013432686543E-02      9.319094851410E-03
   47.000000      3.320412101339E-02      1.029437092028E-02
   47.100000      3.499118946156E-02      1.084395454467E-02
   47.200000      3.509707359067E-02      1.081924000353E-02
   47.300000      3.337474266638E-02      1.016970168164E-02
   47.400000      2.995002937959E-02      8.956314790285E-03
   47.500000      2.520644581508E-02      7.341008799298E-03
   47.600000      1.973745182494E-02      5.555084419076E-03
   47.700000      1.427505226636E-02      3.854242532245E-03
   47.800000      9.606490854181E-03      2.470461831019E-03
   47.900000      6.477276935836E-03      1.570981930259E-03
   48.000000      5.408883708966E-03      1.232363659248E-03
   48.100000      6.362293936163E-03      1.433804498019E-03
   48.200000      8.813422608725E-03      2.069607015905E-03
   48.300000      1.207524229092E-02      2.976867971045E-03
   48.400000      1.546024163743E-02      3.971737254461E-03
   48.500000      1.841417924173E-02      4.886350430331E-03
   48.600000      2.058439769012E-02      5.598888617713E-03
   48.700000      2.183722897527E-02      6.051080295566E-03
   48.800000      2.224211256331E-02      6.250495177007E-03
   48.900000      2.203001268819E-02      6.258554830940E-03
   49.000000      2.152931112203E-02      6.168434682082E-03
   49.100000      2.107998809530E-02      6.079101339452E-03
   49.200000      2.093123726278E-02      6.072070223517E-03
   49.300000      2.118325603981E-02      6.196044705223E-03
   49.400000      2.183993951510E-02      6.461892275021E-03
   49.500000      2.287155098146E-02      6.847265558569E-03
   49.600000      2.420740294102E-02      7.307536013516E-03
   49.700000      2.566148613807E-02      7.788369904839E-03
   49.800000      2.701237573679E-02      8.235634098569E-03
   49.900000      2.809246460662E-02      8.600202238845E-03
   50.000000      2.879320472684E-02      8.837902155915E-03
   50.100000      2.904302165978E-02      8.907224882624E-03
   50.200000      2.877225874117E-02      8.768501234626E-03
   50.300000      2.788797942953E-02      8.387552677463E-03
   50.400000      2.628962591367E-02      7.744601242768E-03
   50.500000      2.391017113276E-02      6.846398813468E-03
   50.600000      2.077285710785E-02      5.737296432037E-03
   50.700000      1.703900322488E-02      4.504279360684E-03
   50.800000      1.302773059743E-02      3.272203043466E-03
   50.900000      9.209262396330E-03      2.188221748572E-03
   51.000000      6.183109784487E-03      1.397781864885E-03
   51.100000      4.649103148439E-03      1.017403529208E-03
   51.200000      5.075844935821E-03      1.110823754569E-03
   51.300000      7.246835943031E-03      1.674468859074E-03
   51.400000      1.066564781060E-02      2.635887685819E-03
   51.500000      1.477833536486E-02      3.865509193508E-03
   51.600000      1.902822603447E-02      5.198937982548E-03
   51.700000      2.290701738163E-02      6.464860231486E-03
   51.800000      2.600528318616E-02      7.512927752661E-03
   51.900000      2.805213445372E-02      8.236614180922E-03
   52.000000      2.893710461212E-02      8.587526831177E-03
   52.100000      2.871238147889E-02      8.579463477889E-03
   52.200000      2.757778386872E-02      8.282224588987E-03
   52.300000      2.585314041154E-02      7.806638332129E-03
   52.400000      2.394335976058E-02      7.283375701124E-03
   52.500000      2.229914727249E-02      6.838910196617E-03
   52.600000      2.135720792766E-02      6.572383061616E-03
   52.700000      2.138654914819E-02      6.537132601241E-03
   52.800000      2.228343778804E-02      6.730182316104E-03
   52.900000      2.372526261509E-02      7.091982301318E-03
   53.000000      2.531737117238E-02      7.517109252660E-03
   53.100000      2.664161351213E-02      7.874553706896E-03
   53.200000      2.731849939049E-02      8.034041620974E-03
   53.300000      2.706278017417E-02      7.893184878083E-03
   53.400000      2.572373223126E-02      7.399766092435E-03
   53.500000      2.330805484551E-02      6.564433186165E-03
   53.600000      1.998348523720E-02      5.461274687073E-03
   53.700000      1.606362922823E-02      4.216496328307E-03
   53.800000      1.198023477429E-02      2.987919033720E-03
   53.900000      8.254857994037E-03      1.939643763504E-03
   54.000000      5.483467103139E-03      1.216701795498E-03
   54.100000      4.313708308521E-03      9.238981197415E-04
   54.200000      5.102813682069E-03      1.111687678343E-03
   54.300000      7.600168992907E-03      1.770273996473E-03
   54.400000      1.130245917582E-02      2.831681791120E-03
   54.500000      1.569747223165E-02      4.178683004453E-03
   54.600000      2.028339350751E-02      5.659205323640E-03
   54.700000      2.458365465460E-02      7.104933389424E-03
   54.800000      2.817349125533E-02      8.352743687487E-03
   54.900000      3.071534657594E-02      9.267045236372E-03
   55.000000      3.200039553777E-02      9.760111147593E-03
   55.100000      3.197951558501E-02      9.806631825135E-03
   55.200000      3.077475090796E-02      9.448725809741E-03
   55.300000      2.866809984736E-02      8.788962808839E-03
   55.400000      2.606097383309E-02      7.971458133016E-03
   55.500000      2.340770727893E-02      7.154098214392E-03
   55.600000      2.116652455036E-02      6.477495155325E-03
   55.700000      1.976939061227E-02      6.037496345369E-03
   55.800000      1.953342682074E-02      5.867539614584E-03
   55.900000      2.024453473140E-02      5.934912688354E-03
   56.000000      2.139498901677E-02      6.151616216896E-03
   56.100000      2.249398317432E-02      6.396964164781E-03
   56.200000      2.313314842951E-02      6.546297095773E-03
   56.300000      2.303343977409E-02      6.499008817160E-03
   56.400000      2.207591371161E-02      6.199753377524E-03
   56.500000      2.030908603997E-02      5.648858364783E-03
   56.600000      1.793061688236E-02      4.900832495767E-03
   56.700000      1.524311345776E-02      4.052537373901E-03
   56.800000      1.260493338769E-02      3.224454792162E-03
   56.900000      1.037725909839E-02      2.539283217638E-03
   57.000000      8.878960461930E-03      2.101944783272E-03
   57.100000      8.390352302996E-03      1.984249984671E-03
   57.200000      9.102099854100E-03      2.216236793493E-03
   57.300000      1.101480762654E-02      2.784809501571E-03
   57.400000      1.387223690571E-02      3.638948082608E-03
   57.500000      1.723746816280E-02      4.699632750046E-03
   57.600000      2.073935355857E-02      5.871927182980E-03
   57.700000      2.409097187739E-02      7.056564094188E-03
   57.800000      2.708515962495E-02      8.158967335273E-03
   57.900000      2.957332180680E-02      9.094831858091E-03
   58.000000      3.143822137748E-02      9.792829151738E-03
   58.100000      3.257066886713E-02      1.019618412067E-02
   58.200000      3.285309171825E-02      1.026525453738E-02
   58.300000      3.218867007658E-02      9.982560498702E-03
   58.400000      3.054761059683E-02      9.360101162857E-03
   58.500000      2.800089382826E-02      8.446818578600E-03
   58.600000      2.474771440480E-02      7.332528375147E-03
   58.700000      2.113318872976E-02      6.144307764710E-03
   58.800000      1.764753977870E-02      5.032655018142E-03
   58.900000      1.486116637811E-02      4.147591430299E-03
   59.000000      1.320570748748E-02      3.608519247881E-03
   59.100000      1.290999765537E-02      3.474871212127E-03
   59.200000      1.394864438512E-02      3.726111028767E-03
   59.300000      1.592268325555E-02      4.258593751571E-03
   59.400000      1.818962209008E-02      4.903079043743E-03
   59.500000      2.009740321221E-02      5.461136346731E-03
   59.600000      2.110639937529E-02      5.752862254207E-03
   59.700000      2.088568791419E-02      5.664110533349E-03
   59.800000      1.937926566134E-02      5.180353932845E-03
   59.900000      1.683008277663E-02      4.396998088403E-03
   60.000000      1.375653754660E-02      3.501896067207E-03
   60.100000      1.087798834962E-02      2.733320834581E-03
   60.200000      8.995995871806E-03      2.323510449299E-03
   60.300000      8.882049318102E-03      2.442024131075E-03
   60.400000      1.116844370964E-02      3.153298586802E-03
   60.500000      1.544459306213E-02      4.398974884758E-03
   60.600000      2.071296915934E-02      6.008969835987E-03
   60.700000      2.607815231142E-02      7.737839607799E-03
   60.800000      3.075121513575E-02      9.316801090629E-03
   60.900000      3.412320566926E-02      1.050843774422E-02
   61.000000      3.582619578932E-02      1.115132840565E-02
   61.100000      3.575930078466E-02      1.118527489703E-02
   61.200000      3.407690509857E-02      1.065327920626E-02
   61.300000      3.114397478758E-02      9.682299577697E-03
   61.400000      2.746905151954E-02      8.449530905767E-03
   61.500000      2.362677848124E-02      7.143443672434E-03
   61.600000      2.013876268867E-02      5.928743697406E-03
   61.700000      1.730496122680E-02      4.922166812776E-03
   61.800000      1.524721974722E-02      4.182483834549E-03
   61.900000      1.399434012783E-02      3.714321023435E-03
   62.000000      1.349380744754E-02      3.482316965029E-03
   62.100000      1.353354715955E-02      3.430317147775E-03
   62.200000      1.386927864020E-02      3.499955263399E-03
   62.300000      1.432504201779E-02      3.643987247275E-03
   62.400000      1.480196775794E-02      3.831816827413E-03
   62.500000      1.528674229287E-02      4.047279466112E-03
   62.600000      1.584490175486E-02      4.281255814112E-03
   62.700000      1.655916465919E-02      4.523305060392E-03
   62.800000      1.740501690571E-02      4.756641559701E-03
   62.900000      1.823000001661E-02      4.959278031842E-03
   63.000000      1.885589550951E-02      5.111490646397E-03
   63.100000      1.917505402086E-02      5.206886785977E-03
   63.200000      1.919191539715E-02      5.262372419784E-03
   63.300000      1.904212463420E-02      5.322024081899E-03
   63.400000      1.899372644923E-02      5.451471958178E-03
   63.500000      1.941666565067E-02      5.722434452887E-03
   63.600000      2.059001751090E-02      6.190554867164E-03
   63.700000      2.253208995235E-02      6.872533241799E-03
   63.800000      2.508162685654E-02      7.729730338195E-03
   63.900000      2.792150120482E-02      8.664409207264E-03
   64.000000      3.061223448059E-02      9.531688389401E-03
   64.100000      3.266192444586E-02      1.016591100198E-02
   64.200000      3.362085517685E-02      1.041578596319E-02
   64.300000      3.317663438853E-02      1.017972989923E-02
   64.400000      3.121583673772E-02      9.432332317322E-03
   64.500000      2.784981640442E-02      8.234999942575E-03
   64.600000      2.340794531115E-02      6.727948246051E-03
   64.700000      1.840147963246E-02      5.105508651506E-03
   64.800000      1.346523067003E-02      3.580763386454E-03
   64.900000      9.288346002716E-03      2.347702598058E-03
   65.000000      6.543220253922E-03      1.548987487273E-03
   65.100000      5.618633337284E-03      1.255303993518E-03
   65.200000      6.442119306779E-03      1.459060693033E-03
   65.300000      8.711507493918E-03      2.081880873904E-03
   65.400000      1.192343799027E-02      2.992841740117E-03
   65.500000      1.546027925493E-02      4.033147589637E-03
   65.600000      1.876420788947E-02      5.042792937489E-03
   65.700000      2.142086847436E-02      5.885331267887E-03
   65.800000      2.317790080207E-02      6.467633132498E-03
   65.900000      2.395032089160E-02      6.752243436876E-03
   66.000000      2.381620571867E-02      6.760685127194E-03
   66.100000      2.299896337434E-02      6.567016818701E-03
   66.200000      2.183370106040E-02      6.282273157960E-03
   66.300000      2.071713301612E-02      6.032007256073E-03
   66.400000      2.004262513168E-02      5.930689076565E-03
   66.500000      2.013880537670E-02      6.057744272263E-03
   66.600000      2.121626127902E-02      6.440126621940E-03
   66.700000      2.315918593954E-02      7.045268734377E-03
   66.800000      2.555802593580E-02      7.786131646052E-03
   66.900000      2.795969644542E-02      8.537338844844E-03
   67.000000      2.993681553313E-02      9.158801010769E-03
   67.100000      3.113252199191E-02      9.521623629508E-03
   67.200000      3.129791276708E-02      9.530943263491E-03
   67.300000      3.031354268014E-02      9.141610813054E-03
   67.400000      2.819378704672E-02      8.364754111830E-03
   67.500000      2.507976323025E-02      7.265392790307E-03
   67.600000      2.122592774339E-02      5.952780315017E-03
   67.700000      1.698250941076E-02      4.565759759472E-03
   67.800000      1.277261618993E-02      3.255323828604E-03
   67.900000      9.056221440210E-03      2.166193981581E-03
   68.000000      6.306061716830E-03      1.418985529139E-03
   68.100000      5.006438564631E-03      1.094587783065E-03
   68.200000      5.523615832487E-03      1.222654448495E-03
   68.300000      7.687581800533E-03      1.776252718376E-03
   68.400000      1.094637857668E-02      2.674400221760E-03
   68.500000      1.473290509787E-02      3.793209055292E-03
   68.600000      1.853114665597E-02      4.984715417697E-03
   68.700000      2.190756001266E-02      6.100577169156E-03
   68.800000      2.454598866647E-02      7.016269523912E-03
   68.900000      2.627299853248E-02      7.650812319995E-03
   69.000000      2.706241496207E-02      7.977779404310E-03
   69.100000      2.701353857115E-02      8.025284351773E-03
   69.200000      2.632061815686E-02      7.865265273395E-03
   69.300000      2.524857324075E-02      7.594907050680E-03
   69.400000      2.410567972639E-02      7.314700681156E-03
   69.500000      2.321021689590E-02      7.108034062951E-03
   69.600000      2.284594846334E-02      7.026361164389E-03
   69.700000      2.315319628776E-02      7.082290151766E-03
   69.800000      2.396800929748E-02      7.250919547539E-03
   69.900000      2.495993435726E-02      7.477973712716E-03
   70.000000      2.583103470058E-02      7.692144731793E-03
   70.100000      2.635204190662E-02      7.818727667577E-03
   70.200000      2.636836897087E-02      7.792083701966E-03
   70.300000      2.579010317047E-02      7.565390466002E-03
   70.400000      2.457595937399E-02      7.117118191196E-03
   70.500000      2.273219888250E-02      6.454331039257E-03
   70.600000      2.032098387724E-02      5.613107898871E-03
   70.700000      1.746308101610E-02      4.656241985486E-03
   70.800000      1.434912385453E-02      3.668218913907E-03
   70.900000      1.125358757159E-02      2.747544265507E-03
   71.000000      8.541254490192E-03      1.996828474752E-03
   71.100000      6.669358966931E-03      1.511454768973E-03
   71.200000      6.111554244871E-03      1.367924298814E-03
   71.300000      7.049349943303E-03      1.613012664147E-03
   71.400000      9.302284205514E-03      2.254811392795E-03
   71.500000      1.260348400137E-02      3.256764879802E-03
   71.600000      1.663451812370E-02      4.536007539321E-03
   71.700000      2.100456225549E-02      5.967472218380E-03
   71.800000      2.526262294211E-02      7.395030885368E-03
   71.900000      2.894351604365E-02      8.650037806791E-03
   72.000000      3.162603910644E-02      9.576011797358E-03
   72.100000      3.299132655656E-02      1.005609557585E-02
   72.200000      3.288282744034E-02      1.003796459740E-02
   72.300000      3.134824412090E-02      9.549812662601E-03
   72.400000      2.865540969989E-02      8.701651140089E-03
   72.500000      2.527765420388E-02      7.668773584526E-03
   72.600000      2.184864215218E-02      6.658530354723E-03
   72.700000      1.909962296781E-02      5.866448688160E-03
   72.800000      1.776090382477E-02      5.431661797501E-03
   72.900000      1.810118840942E-02      5.403089956951E-03
   73.000000      1.969743337451E-02      5.726034898347E-03
   73.100000      2.186471747471E-02      6.254031078184E-03
   73.200000      2.388264364943E-02      6.784184246333E-03
   73.300000      2.511171045347E-02      7.107703966538E-03
   73.400000      2.509301789149E-02      7.062859566874E-03
   73.500000      2.362453507879E-02      6.576588803695E-03
   73.600000      2.079705445802E-02      5.683897908682E-03
   73.700000      1.698511730439E-02      4.520246171908E-03
   73.800000      1.279845902461E-02      3.289521052305E-03
   73.900000      9.008559525776E-03      2.216719973994E-03
   74.000000      6.423634706455E-03      1.498094492028E-03
   74.100000      5.607281054191E-03      1.261304482523E-03
   74.200000      6.691073894344E-03      1.544408305376E-03
   74.300000      9.413294926397E-03      2.296715236179E-03
   74.400000      1.322832070770E-02      3.398570352978E-03
   74.500000      1.745906902997E-02      4.692732645868E-03
   74.600000      2.152797607530E-02      6.018141330523E-03
   74.700000      2.503253333080E-02      7.237685256358E-03
   74.800000      2.774942926035E-02      8.254511730056E-03
   74.900000      2.961481089328E-02      9.015391927027E-03
   75.000000      3.068709390439E-02      9.503500870921E-03
   75.100000      3.110065110157E-02      9.725603741400E-03
   75.200000      3.098900939762E-02      9.699397890735E-03
   75.300000      3.037481105168E-02      9.445567485327E-03
   75.400000      2.922799044192E-02      8.986525582640E-03
   75.500000      2.754477533891E-02      8.350848530343E-03
   75.600000      2.538532200114E-02      7.580107303779E-03
   75.700000      2.290414136256E-02      6.733880953110E-03
   75.800000      2.036727694970E-02      5.889353208557E-03
   75.900000      1.812428104632E-02      5.133704833716E-03
   76.000000      1.644251296312E-02      4.549919014738E-03
   76.100000      1.546591243602E-02      4.198965609767E-03
   76.200000      1.525132016467E-02      4.103030757754E-03
   76.300000      1.574527027939E-02      4.235020642088E-03
   76.400000      1.672241346726E-02      4.518685010137E-03
   76.500000      1.781958331953E-02      4.841390607963E-03
   76.600000      1.865312581125E-02      5.078263743925E-03
   76.700000      1.890207970325E-02      5.122942609556E-03
   76.800000      1.837399434785E-02      4.917558669442E-03
   76.900000      1.705200838344E-02      4.473725240246E-03
   77.000000      1.513077439709E-02      3.877760622855E-03
   77.100000      1.301251340260E-02      3.276983176641E-03
   77.200000      1.125375932659E-02      2.848856668614E-03
   77.300000      1.048114439550E-02      2.759671966599E-03
   77.400000      1.130421939463E-02      3.122816064879E-03
   77.500000      1.401067001265E-02      3.967354521988E-03
   77.600000      1.810882395061E-02      5.225289777769E-03
   77.700000      2.286580296997E-02      6.741073227260E-03
   77.800000      2.756445190539E-02      8.301142744042E-03
   77.900000      3.155881560767E-02      9.676143482243E-03
   78.000000      3.434513527435E-02      1.066553142447E-02
   78.100000      3.561316183155E-02      1.113421035622E-02
   78.200000      3.527035960534E-02      1.103355537144E-02
   78.300000      3.343699081348E-02      1.040365977992E-02
   78.400000      3.041458608650E-02      9.358477355601E-03
   78.500000      2.663412320483E-02      8.059304538356E-03
   78.600000      2.258897043726E-02      6.683810979493E-03
   78.700000      1.876100886994E-02      5.397383797123E-03
   78.800000      1.555942208765E-02      4.331457376796E-03
   78.900000      1.329497669460E-02      3.570780676408E-03
   79.000000      1.214725000557E-02      3.149259285981E-03
   79.100000      1.205244290235E-02      3.052720528190E-03
   79.200000      1.278792902467E-02      3.226716695006E-03
   79.300000      1.407383981200E-02      3.587864191760E-03
   79.400000      1.558269543316E-02      4.037626981145E-03
   79.500000      1.699754253848E-02      4.477489055006E-03
   79.600000      1.807609783990E-02      4.824081695055E-03
   79.700000      1.867728900530E-02      5.022312908828E-03
   79.800000      1.876384632552E-02      5.054284982881E-03
   79.900000      1.839759180468E-02      4.942084616111E-03
   80.000000      1.773036213932E-02      4.743468353642E-03
   80.100000      1.698524882657E-02      4.540870925503E-03
   80.200000      1.642445728005E-02      4.425653958688E-03
   80.300000      1.631057374358E-02      4.480610330092E-03
   80.400000      1.687091619702E-02      4.764058248592E-03
   80.500000      1.827534125076E-02      5.298300178450E-03
   80.600000      2.050430779189E-02      6.064052498697E-03
   80.700000      2.329396580835E-02      7.001171696654E-03
   80.800000      2.630078300352E-02      8.015059575016E-03
   80.900000      2.916002974570E-02      8.987682172707E-03
   81.000000      3.152330426898E-02      9.792026243767E-03
   81.100000      3.308268485911E-02      1.030873997704E-02
   81.200000      3.359260088660E-02      1.044343669019E-02
   81.300000      3.289707825033E-02      1.014266346049E-02
   81.400000      3.095897999103E-02      9.406037411622E-03
   81.500000      2.788012058090E-02      8.291842636611E-03
   81.600000      2.390733625245E-02      6.913789663991E-03
   81.700000      1.942422895898E-02      5.427878334379E-03
   81.800000      1.492630263212E-02      4.010315229335E-03
   81.900000      1.097834406790E-02      2.829790563388E-03
   82.000000      8.177554706720E-03      2.019379433456E-03
   82.100000      7.039908938288E-03      1.654111546111E-03
   82.200000      7.550186444695E-03      1.739378198002E-03
   82.300000      9.343535951733E-03      2.212921258216E-03
   82.400000      1.194448637277E-02      2.959865425503E-03
   82.500000      1.485225140435E-02      3.837115821906E-03
   82.600000      1.761650825480E-02      4.701376254656E-03
   82.700000      1.989219355729E-02      5.434585866998E-03
   82.800000      2.147658955188E-02      5.961736517154E-03
   82.900000      2.231632770818E-02      6.258356591820E-03
   83.000000      2.248880063694E-02      6.347658871591E-03
   83.100000      2.216833406506E-02      6.289621921348E-03
   83.200000      2.158945702845E-02      6.165500699307E-03
   83.300000      2.101342209307E-02      6.061282020608E-03
   83.400000      2.069500600017E-02      6.052737305464E-03
   83.500000      2.085614615074E-02      6.193585745799E-03
   83.600000      2.166608818520E-02      6.507414655285E-03
   83.700000      2.311556601979E-02      6.983626160959E-03
   83.800000      2.496358552168E-02      7.577633869108E-03
   83.900000      2.692352904860E-02      8.215484606911E-03
   84.000000      2.871205872824E-02      8.802779274852E-03
   84.100000      3.005927931742E-02      9.237196334222E-03
   84.200000      3.072495740728E-02      9.423257838672E-03
   84.300000      3.051600831100E-02      9.287442707377E-03
   84.400000      2.930607547407E-02      8.791491121158E-03
   84.500000      2.706037982954E-02      7.941807991530E-03
   84.600000      2.385500456338E-02      6.793260781793E-03
   84.700000      1.988917177668E-02      5.446346095109E-03
   84.800000      1.548958189559E-02      4.037583845478E-03
   84.900000      1.110172839461E-02      2.723933185482E-03
   85.000000      7.270920985933E-03      1.662849696941E-03
   85.100000      4.627597140841E-03      9.902501794077E-04
   85.200000      3.829399010828E-03      7.991674547014E-04
   85.300000      5.130984323994E-03      1.122313395530E-03
   85.400000      8.149586816840E-03      1.922009072509E-03
   85.500000      1.226869587761E-02      3.090653039862E-03
   85.600000      1.683683598189E-02      4.463689280757E-03
   85.700000      2.121750122501E-02      5.844751402470E-03
   85.800000      2.485318223210E-02      7.039628633446E-03
   85.900000      2.733439090916E-02      7.892748344984E-03
   86.000000      2.845183549030E-02      8.318065760750E-03
   86.100000      2.822491259933E-02      8.316481514130E-03
   86.200000      2.689922519265E-02      7.974483012565E-03
   86.300000      2.490953888819E-02      7.443157834909E-03
   86.400000      2.281085724826E-02      6.901887404267E-03
   86.500000      2.118675155915E-02      6.515369080801E-03
   86.600000      2.055758827017E-02      6.394739753709E-03
   86.700000      2.123801054628E-02      6.572698438407E-03
   86.800000      2.298187865928E-02      6.998775683648E-03
   86.900000      2.513858596584E-02      7.555331738048E-03
   87.000000      2.711348243548E-02      8.089174776599E-03
   87.100000      2.842748642403E-02      8.449648510144E-03
   87.200000      2.876559883366E-02      8.522876614868E-03
   87.300000      2.800585519896E-02      8.253813220197E-03
   87.400000      2.621513441889E-02      7.652022655727E-03
   87.500000      2.361225989301E-02      6.782168293942E-03
   87.600000      2.050419477138E-02      5.744359972973E-03
   87.700000      1.720920707708E-02      4.651553840062E-03
   87.800000      1.398613236728E-02      3.610679641766E-03
   87.900000      1.104933919239E-02      2.711533685181E-03
   88.000000      8.627347971023E-03      2.023853298995E-03
   88.100000      7.001794302155E-03      1.599787618228E-03
   88.200000      6.514699414634E-03      1.477365953194E-03
   88.300000      7.337891389535E-03      1.681023433644E-03
   88.400000      9.297890558062E-03      2.217407372220E-03
   88.500000      1.213931977239E-02      3.067537350918E-03
   88.600000      1.562472537400E-02      4.178727643090E-03
   88.700000      1.949361427702E-02      5.460622315468E-03
   88.800000      2.342816259298E-02      6.788966740290E-03
   88.900000      2.702642155362E-02      8.018660343024E-03
   89.000000      2.987271439709E-02      9.004890291556E-03
   89.100000      3.163882656258E-02      9.628532494689E-03
   89.200000      3.213556536054E-02      9.820242505210E-03
   89.300000      3.134285527039E-02      9.577251684315E-03
   89.400000      2.942162812667E-02      8.968021650138E-03
   89.500000      2.670651707831E-02      8.122391996319E-03
   89.600000      2.367722766801E-02      7.208120081425E-03
   89.700000      2.091654294674E-02      6.397980579564E-03
   89.800000      1.907241409663E-02      5.834085660748E-03
   89.900000      1.860623397599E-02      5.597202302121E-03
   90.000000      1.938671376637E-02      5.688264419868E-03
   90.100000      2.092916053250E-02      6.027013185179E-03
   90.200000      2.266138827286E-02      6.469096824180E-03
   90.300000      2.402632262951E-02      6.838704502250E-03
   90.400000      2.455880225007E-02      6.969857040490E-03
   90.500000      2.395449824526E-02      6.746892297148E-03
   90.600000      2.211467062420E-02      6.134332034290E-03
   90.700000      1.917114101860E-02      5.188538543184E-03
   90.800000      1.548616586749E-02      4.047957255488E-03
   90.900000      1.161845424748E-02      2.904173914134E-03
   91.000000      8.259525165030E-03      1.960956604906E-03
   91.100000      6.128392512121E-03      1.391447303567E-03
   91.200000      5.768810452224E-03      1.303833951104E-03
   91.300000      7.311627046886E-03      1.723168912619E-03
   91.400000      1.042535918430E-02      2.592362738500E-03
   91.500000      1.447156229695E-02      3.790197687978E-03
   91.600000      1.881784292186E-02      5.160010370657E-03
   91.700000      2.295735000145E-02      6.540672519304E-03
   91.800000      2.651312486876E-02      7.792125258691E-03
   91.900000      2.925090986849E-02      8.810597489146E-03
   92.000000      3.107249964107E-02      9.532624735359E-03
   92.100000      3.198791707381E-02      9.930610094053E-03
   92.200000      3.207570030170E-02      1.000468415200E-02
   92.300000      3.142482172814E-02      9.775473627919E-03
   92.400000      3.009520131104E-02      9.280411440507E-03
   92.500000      2.815597288327E-02      8.573444342710E-03
   92.600000      2.574012554484E-02      7.725677330952E-03
   92.700000      2.306736416948E-02      6.823594126535E-03
   92.800000      2.044715515237E-02      5.962306424142E-03
   92.900000      1.826095570481E-02      5.233390180672E-03
   93.000000      1.681231175124E-02      4.709359851431E-03
   93.100000      1.616388031118E-02      4.428714569916E-03
   93.200000      1.624290424269E-02      4.386053339177E-03
   93.300000      1.686092670066E-02      4.530800396473E-03
   93.400000      1.773902166431E-02      4.775938234903E-03
   93.500000      1.855893209421E-02      5.015513912547E-03
   93.600000      1.902063627132E-02      5.147368131477E-03
   93.700000      1.890387214677E-02      5.096176326025E-03
   93.800000      1.811497986838E-02      4.831780988667E-03
   93.900000      1.670806384857E-02      4.378840344455E-03
   94.000000      1.488848096672E-02      3.815634625483E-03
   94.100000      1.299678961984E-02      3.261965479604E-03
   94.200000      1.146165977409E-02      2.858040665865E-03
   94.300000      1.073992967538E-02      2.737808550952E-03
   94.400000      1.126962672228E-02      3.001286433093E-03
   94.500000      1.335272760948E-02      3.690935024406E-03
   94.600000      1.681666519560E-02      4.776935321016E-03
   94.700000      2.113652934801E-02      6.155152741759E-03
   94.800000      2.570718738947E-02      7.659542775695E-03
   94.900000      2.991345817781E-02      9.087926240050E-03
   95.000000      3.320307947431E-02      1.023694649898E-02
   95.100000      3.515723368772E-02      1.093940969296E-02
   95.200000      3.554323912879E-02      1.109596527994E-02
   95.300000      3.434309301999E-02      1.069381890023E-02
   95.400000      3.175393194092E-02      9.807943889397E-03
   95.500000      2.815833015528E-02      8.584450768663E-03
   95.600000      2.406641492847E-02      7.210211589250E-03
   95.700000      2.004295910078E-02      5.876172370043E-03
   95.800000      1.662582664878E-02      4.743001651108E-03
   95.900000      1.421103865524E-02      3.916512013224E-03
   96.000000      1.298577310218E-02      3.437163347840E-03
   96.100000      1.283687476885E-02      3.284001753055E-03
   96.200000      1.343580169508E-02      3.389846114353E-03
   96.300000      1.443653942338E-02      3.662369413363E-03
   96.400000      1.553346622437E-02      4.005354629796E-03
   96.500000      1.649635677290E-02      4.335657895600E-03
   96.600000      1.719665891278E-02      4.593633094796E-03
   96.700000      1.760254677102E-02      4.747087765004E-03
   96.800000      1.773311667512E-02      4.790459817798E-03
   96.900000      1.762763203057E-02      4.741400343809E-03
   97.000000      1.735565292099E-02      4.636395058611E-03
   97.100000      1.701998474366E-02      4.525963941910E-03
   97.200000      1.675479034105E-02      4.469023035262E-03
   97.300000      1.672358434775E-02      4.525690959593E-03
   97.400000      1.711238046733E-02      4.748300834314E-03
   97.500000      1.811435127052E-02      5.171351566415E-03
   97.600000      1.984432784028E-02      5.802092776201E-03
   97.700000      2.218954471018E-02      6.613923705504E-03
   97.800000      2.490559881389E-02      7.544586774544E-03
   97.900000      2.769198278999E-02      8.500332795968E-03
   98.000000      3.022628988808E-02      9.366102245846E-03
   98.100000      3.218581510228E-02      1.002061934480E-02
   98.200000      3.327560809755E-02      1.035436746903E-02
   98.300000      3.326746815715E-02      1.028781896785E-02
   98.400000      3.203730718988E-02      9.787048286861E-03
   98.500000      2.959181430392E-02      8.873949895402E-03
   98.600000      2.608261712083E-02      7.628724658764E-03
   98.700000      2.180996238135E-02      6.183149171345E-03
   98.800000      1.721298364006E-02      4.704457882756E-03
   98.900000      1.284316000923E-02      3.371394141843E-03
   99.000000      9.325938454172E-03      2.345866610595E-03
   99.100000      7.290429840279E-03      1.745219645319E-03
   99.200000      7.013837553339E-03      1.620842588673E-03
   99.300000      8.323305188292E-03      1.948265614935E-03
   99.400000      1.079554544559E-02      2.631880675363E-03
   99.500000      1.386054153735E-02      3.524267374476E-03
   99.600000      1.693741164874E-02      4.456507473573E-03
   99.700000      1.953798470740E-02      5.272843767262E-03
   99.800000      2.134009825449E-02      5.861585413282E-03
   99.900000      2.222123163234E-02      6.174908160667E-03
  100.000000      2.225550183829E-02      6.233080764757E-03
