# M=12, N=6, V0=0.0, V=0.765, PBC
#  time (tJ)                 S₁(n=3)                 S₂(n=3)
    0.000000      0.000000000000E+00      0.000000000000E+00
    0.100000      1.523388035928E-02      3.857200744303E-03
    0.200000      4.814236149849E-02      1.467160743548E-02
    0.300000      8.852641538204E-02      3.036046757715E-02
    0.400000      1.287925736222E-01      4.802448882515E-02
    0.500000      1.631402208346E-01      6.462620203800E-02
    0.600000      1.877290947870E-01      7.764887524251E-02
    0.700000      2.007691392399E-01      8.557311698261E-02
    0.800000      2.024459667264E-01      8.807800527634E-02
    0.900000      1.946966059215E-01      8.595378962845E-02
    1.000000      1.808544502669E-01      8.077991536633E-02
    1.100000      1.652033611354E-01      7.446747589977E-02
    1.200000      1.522445226771E-01      6.878634694564E-02
    1.300000      1.446806867190E-01      6.498832475739E-02
    1.400000      1.434654608469E-01      6.359846869033E-02
    1.500000      1.484709378384E-01      6.439377192115E-02
    1.600000      1.570034186560E-01      6.654514991597E-02
    1.700000      1.651541291041E-01      6.887538792816E-02
    1.800000      1.699883847484E-01      7.017210892114E-02
    1.900000      1.697248101011E-01      6.948182088897E-02
    2.000000      1.636851884128E-01      6.630950616894E-02
    2.100000      1.522521541505E-01      6.067696693808E-02
    2.200000      1.366608458743E-01      5.304980009914E-02
    2.300000      1.184268596332E-01      4.419585011839E-02
    2.400000      9.900610715501E-02      3.505150087358E-02
    2.500000      8.018307243319E-02      2.663721660410E-02
    2.600000      6.433321557941E-02      2.000710694679E-02
    2.700000      5.421851284640E-02      1.618188102906E-02
    2.800000      5.270027166762E-02      1.602555523501E-02
    2.900000      6.209957119341E-02      2.007175072585E-02
    3.000000      8.123663848880E-02      2.834968871505E-02
    3.100000      1.066286858566E-01      4.027460495599E-02
    3.200000      1.351383254304E-01      5.464911561764E-02
    3.300000      1.637984500515E-01      6.978805374343E-02
    3.400000      1.895452691965E-01      8.374954817809E-02
    3.500000      2.094298136281E-01      9.463822500471E-02
    3.600000      2.210149339935E-01      1.009363274555E-01
    3.700000      2.227612480251E-01      1.018056092636E-01
    3.800000      2.143733311676E-01      9.728940916625E-02
    3.900000      1.970027834259E-01      8.834695729926E-02
    4.000000      1.733006433943E-01      7.668519814557E-02
    4.100000      1.473292028352E-01      6.441173031522E-02
    4.200000      1.244000660744E-01      5.359001963682E-02
    4.300000      1.103404326928E-01      4.580726212741E-02
    4.400000      1.066828959873E-01      4.185746411160E-02
    4.500000      1.107343590637E-01      4.160966981285E-02
    4.600000      1.191252029247E-01      4.408944356389E-02
    4.700000      1.284921878967E-01      4.775604390831E-02
    4.800000      1.357653561326E-01      5.090995290787E-02
    4.900000      1.385617239306E-01      5.212756887764E-02
    5.000000      1.356368843378E-01      5.061121866676E-02
    5.100000      1.270027607293E-01      4.637082909437E-02
    5.200000      1.138965736993E-01      4.020567860274E-02
    5.300000      9.859559448352E-02      3.350889576939E-02
    5.400000      8.434903137933E-02      2.795662508168E-02
    5.500000      7.500114289357E-02      2.515837008994E-02
    5.600000      7.442805363585E-02      2.633515956910E-02
    5.700000      8.529316872600E-02      3.207067532970E-02
    5.800000      1.067248310566E-01      4.216413008161E-02
    5.900000      1.344711652652E-01      5.560801491700E-02
    6.000000      1.638419347588E-01      7.070857338428E-02
    6.100000      1.907222301557E-01      8.534707763036E-02
    6.200000      2.117867988097E-01      9.734327296090E-02
    6.300000      2.246700880530E-01      1.048469055321E-01
    6.400000      2.280244307346E-01      1.066736253036E-01
    6.500000      2.214669183782E-01      1.025213529925E-01
    6.600000      2.055768787663E-01      9.303099064726E-02
    6.700000      1.819960960333E-01      7.967622008182E-02
    6.800000      1.534523664270E-01      6.449262822788E-02
    6.900000      1.236550947098E-01      4.969751880718E-02
    7.000000      9.707560110976E-02      3.728898056855E-02
    7.100000      7.859243663484E-02      2.871545230909E-02
    7.200000      7.200308430425E-02      2.467319633696E-02
    7.300000      7.624756054973E-02      2.504714218674E-02
    7.400000      8.786575419507E-02      2.898606535102E-02
    7.500000      1.030145680663E-01      3.509637225059E-02
    7.600000      1.179932261310E-01      4.173272040681E-02
    7.700000      1.298530714943E-01      4.734524185945E-02
    7.800000      1.367721782747E-01      5.081703073907E-02
    7.900000      1.381866014331E-01      5.171065587463E-02
    8.000000      1.346758651566E-01      5.035505276297E-02
    8.100000      1.277523364909E-01      4.774420531559E-02
    8.200000      1.197780779190E-01      4.527151570318E-02
    8.300000      1.137403349715E-01      4.436933332966E-02
    8.400000      1.128084857471E-01      4.614641261200E-02
    8.500000      1.199353290112E-01      5.111073916263E-02
    8.600000      1.361590733021E-01      5.903656736699E-02
    8.700000      1.578307124267E-01      6.899595675985E-02
    8.800000      1.799609736171E-01      7.953898754565E-02
    8.900000      1.985957043604E-01      8.897863575074E-02
    9.000000      2.109993578899E-01      9.571634830582E-02
    9.100000      2.156917268182E-01      9.853541973780E-02
    9.200000      2.123299750703E-01      9.679925388876E-02
    9.300000      2.014133524487E-01      9.052377445716E-02
    9.400000      1.839642081824E-01      8.033463583002E-02
    9.500000      1.612581414197E-01      6.734710172979E-02
    9.600000      1.348226713522E-01      5.300698156159E-02
    9.700000      1.066702640465E-01      3.891489354832E-02
    9.800000      7.955472296805E-02      2.664349025394E-02
    9.900000      5.719796479783E-02      1.755717042037E-02
   10.000000      4.429992789062E-02      1.264940157872E-02
   10.100000      4.375686612546E-02      1.241476216556E-02
   10.200000      5.506617947229E-02      1.677023085548E-02
   10.300000      7.536481749938E-02      2.503761626032E-02
   10.400000      1.007556925525E-01      3.599869079101E-02
   10.500000      1.272666008707E-01      4.803435846272E-02
   10.600000      1.510978647782E-01      5.935342265198E-02
   10.700000      1.690999756522E-01      6.829838495959E-02
   10.800000      1.792355742122E-01      7.368332527340E-02
   10.900000      1.807762669829E-01      7.508321203270E-02
   11.000000      1.743939565021E-01      7.297741111533E-02
   11.100000      1.621997174830E-01      6.867261518231E-02
   11.200000      1.476850119735E-01      6.399337095927E-02
   11.300000      1.355598569406E-01      6.080920762783E-02
   11.400000      1.313886941160E-01      6.052865146394E-02
   11.500000      1.384830995904E-01      6.370263517995E-02
   11.600000      1.544365845324E-01      6.984242463585E-02
   11.700000      1.738823543485E-01      7.749546857118E-02
   11.800000      1.914856876382E-01      8.456208062319E-02
   11.900000      2.027317226906E-01      8.878531232734E-02
   12.000000      2.043212325156E-01      8.830646833684E-02
   12.100000      1.944758022995E-01      8.215677440789E-02
   12.200000      1.731415892456E-01      7.056216375530E-02
   12.300000      1.420989770512E-01      5.497499496396E-02
   12.400000      1.049589333699E-01      3.780882365465E-02
   12.500000      6.701539239881E-02      2.193115005919E-02
   12.600000      3.502338303264E-02      1.004154362908E-02
   12.700000      1.686130175265E-02      4.095721153274E-03
   12.800000      1.951355695586E-02      4.915803295622E-03
   12.900000      4.173201499622E-02      1.207041122037E-02
   13.000000      7.396685493617E-02      2.404064620925E-02
   13.100000      1.086156672935E-01      3.862068059962E-02
   13.200000      1.402642286422E-01      5.344127273484E-02
   13.300000      1.654162945191E-01      6.646933163651E-02
   13.400000      1.823759650210E-01      7.634935278314E-02
   13.500000      1.910682126822E-01      8.251626579253E-02
   13.600000      1.927202909096E-01      8.509756193603E-02
   13.700000      1.894009306274E-01      8.469286686037E-02
   13.800000      1.832028307815E-01      8.213726110888E-02
   13.900000      1.754179895332E-01      7.831817445645E-02
   14.000000      1.668915919617E-01      7.405799411646E-02
   14.100000      1.586497877246E-01      7.003839796318E-02
   14.200000      1.522928567211E-01      6.674419164533E-02
   14.300000      1.492854968577E-01      6.442538200392E-02
   14.400000      1.490583013839E-01      6.308729883665E-02
   14.500000      1.502466690865E-01      6.250975088856E-02
   14.600000      1.517376406953E-01      6.228236921080E-02
   14.700000      1.526153883342E-01      6.184534437136E-02
   14.800000      1.519025610662E-01      6.054579356706E-02
   14.900000      1.481602423692E-01      5.773875859629E-02
   15.000000      1.398984620189E-01      5.295172979108E-02
   15.100000      1.263170717262E-01      4.608906870205E-02
   15.200000      1.078548337027E-01      3.760558307118E-02
   15.300000      8.652720876543E-02      2.856336911814E-02
   15.400000      6.601797133117E-02      2.051692925471E-02
   15.500000      5.119739559316E-02      1.523068344381E-02
   15.600000      4.678343210436E-02      1.428930728573E-02
   15.700000      5.612836237423E-02      1.869484168262E-02
   15.800000      7.876190837126E-02      2.855247839999E-02
   15.900000      1.105271948924E-01      4.293297090748E-02
   16.000000      1.458773630295E-01      5.996442332273E-02
   16.100000      1.794053429043E-01      7.715112282178E-02
   16.200000      2.065529269642E-01      9.185397832178E-02
   16.300000      2.239737963714E-01      1.018193929294E-01
   16.400000      2.298019573809E-01      1.056316467485E-01
   16.500000      2.237744743410E-01      1.029889181458E-01
   16.600000      2.072362936533E-01      9.474709031826E-02
   16.700000      1.830401713213E-01      8.272202253096E-02
   16.800000      1.553313835284E-01      6.928779591289E-02
   16.900000      1.292365371924E-01      5.685659995661E-02
   17.000000      1.104303149138E-01      4.736324438058E-02
   17.100000      1.029424789809E-01      4.188252446571E-02
   17.200000      1.057615210634E-01      4.047128946788E-02
   17.300000      1.145805197724E-01      4.226212258155E-02
   17.400000      1.250958079135E-01      4.576703402719E-02
   17.500000      1.337393531981E-01      4.929828364188E-02
   17.600000      1.379911815819E-01      5.139143894304E-02
   17.700000      1.366190176483E-01      5.112829052655E-02
   17.800000      1.297750853157E-01      4.829913512326E-02
   17.900000      1.188543807104E-01      4.339630173953E-02
   18.000000      1.058521375739E-01      3.747092299109E-02
   18.100000      9.317097126620E-02      3.190256691842E-02
   18.200000      8.370385615724E-02      2.813152563804E-02
   18.300000      8.036506034351E-02      2.739551945453E-02
   18.400000      8.505052354964E-02      3.050240023540E-02
   18.500000      9.874477836106E-02      3.766317909218E-02
   18.600000      1.202466231535E-01      4.840853540938E-02
   18.700000      1.460275459606E-01      6.161207233916E-02
   18.800000      1.723274403213E-01      7.563353074405E-02
   18.900000      1.957396587261E-01      8.856921068339E-02
   19.000000      2.134545865337E-01      9.856473064505E-02
   19.100000      2.234927596114E-01      1.041264233165E-01
   19.200000      2.246915725950E-01      1.043727925598E-01
   19.300000      2.167013096743E-01      9.918722823248E-02
   19.400000      2.000723514793E-01      8.925052282619E-02
   19.500000      1.763337490127E-01      7.594318083666E-02
   19.600000      1.479903687206E-01      6.112377092896E-02
   19.700000      1.185026187586E-01      4.681610155946E-02
   19.800000      9.225586436359E-02      3.486471061257E-02
   19.900000      7.443169421653E-02      2.662948544366E-02
   20.000000      6.833614680932E-02      2.277981951826E-02
   20.100000      7.222133557813E-02      2.322338039836E-02
   20.200000      8.304609739137E-02      2.717620799296E-02
   20.300000      9.756846047367E-02      3.335625524152E-02
   20.400000      1.128407253588E-01      4.026191630961E-02
   20.500000      1.264950265106E-01      4.648094212605E-02
   20.600000      1.365056100780E-01      5.096778939748E-02
   20.700000      1.415664486676E-01      5.323351721496E-02
   20.800000      1.415669893140E-01      5.341144169861E-02
   20.900000      1.375272225679E-01      5.218872972907E-02
   21.000000      1.314026241822E-01      5.062287145514E-02
   21.100000      1.257830031244E-01      4.988627943903E-02
   21.200000      1.236403502202E-01      5.099512375822E-02
   21.300000      1.280212924222E-01      5.457630754385E-02
   21.400000      1.400551786052E-01      6.071330666504E-02
   21.500000      1.569914556067E-01      6.889524058758E-02
   21.600000      1.754303145263E-01      7.807758689231E-02
   21.700000      1.924216885167E-01      8.684562185314E-02
   21.800000      2.054878401298E-01      9.365224812046E-02
   21.900000      2.126544861651E-01      9.708609880637E-02
   22.000000      2.124611380147E-01      9.612254157218E-02
   22.100000      2.039855648477E-01      9.032053638441E-02
   22.200000      1.869599989017E-01      7.994109893402E-02
   22.300000      1.620027006779E-01      6.596831929616E-02
   22.400000      1.308952066261E-01      5.001713162555E-02
   22.500000      9.670468100119E-02      3.412605200262E-02
   22.600000      6.383874236330E-02      2.045772858876E-02
   22.700000      3.810944424966E-02      1.095210820137E-02
   22.800000      2.642420532482E-02      6.987329939601E-03
   22.900000      3.300527789644E-02      9.105580069775E-03
   23.000000      5.507492405367E-02      1.686144617867E-02
   23.100000      8.579729333052E-02      2.884550688689E-02
   23.200000      1.185465020310E-01      4.291315535012E-02
   23.300000      1.479628136179E-01      5.659993542950E-02
   23.400000      1.701584435731E-01      6.764176209291E-02
   23.500000      1.828319814441E-01      7.447118154895E-02
   23.600000      1.853518647048E-01      7.655597062169E-02
   23.700000      1.787825229618E-01      7.448714283576E-02
   23.800000      1.657858589170E-01      6.979186437435E-02
   23.900000      1.503546212584E-01      6.451978323835E-02
   24.000000      1.373361568878E-01      6.070888264527E-02
   24.100000      1.318649864257E-01      5.986429405720E-02
   24.200000      1.378628105501E-01      6.257599315304E-02
   24.300000      1.534759651668E-01      6.836573052539E-02
   24.400000      1.727232602400E-01      7.580001700243E-02
   24.500000      1.900774900639E-01      8.284305750001E-02
   24.600000      2.012120323635E-01      8.736260330746E-02
   24.700000      2.032440469821E-01      8.766000647803E-02
   24.800000      1.948949358687E-01      8.288933038155E-02
   24.900000      1.765335967862E-01      7.326310272678E-02
   25.000000      1.501006499663E-01      6.000277861849E-02
   25.100000      1.189024217254E-01      4.506010643280E-02
   25.200000      8.728766730919E-02      3.069177195009E-02
   25.300000      5.992724022930E-02      1.900019607277E-02
   25.400000      4.066304904679E-02      1.155158360789E-02
   25.500000      3.303373927419E-02      9.149947177198E-03
   25.600000      4.068499506706E-02      1.179471802622E-02
   25.700000      6.092519580386E-02      1.879891224577E-02
   25.800000      8.680783071062E-02      2.901081770815E-02
   25.900000      1.135475810194E-01      4.106921678192E-02
   26.000000      1.381840535346E-01      5.362645982638E-02
   26.100000      1.592013495899E-01      6.549317010304E-02
   26.200000      1.761845901401E-01      7.569310965468E-02
   26.300000      1.892579265296E-01      8.345858213600E-02
   26.400000      1.979485088035E-01      8.822440348810E-02
   26.500000      2.010937015349E-01      8.967018478899E-02
   26.600000      1.978917791777E-01      8.781501039999E-02
   26.700000      1.884876257426E-01      8.311294524480E-02
   26.800000      1.742658355369E-01      7.647210458826E-02
   26.900000      1.579556359362E-01      6.914455394917E-02
   27.000000      1.435533988673E-01      6.249168259284E-02
   27.100000      1.345023115225E-01      5.768239162141E-02
   27.200000      1.316005258553E-01      5.540501724158E-02
   27.300000      1.345878524929E-01      5.566917517837E-02
   27.400000      1.421356230301E-01      5.775368246103E-02
   27.500000      1.507630633056E-01      6.033068463268E-02
   27.600000      1.564230510459E-01      6.176404625709E-02
   27.700000      1.558064876768E-01      6.053743890328E-02
   27.800000      1.469088548743E-01      5.571741400205E-02
   27.900000      1.294492672525E-01      4.731857297675E-02
   28.000000      1.051462314896E-01      3.644001809721E-02
   28.100000      7.777472624075E-02      2.509956172142E-02
   28.200000      5.282113702865E-02      1.578993550808E-02
   28.300000      3.690428907227E-02      1.087820320353E-02
   28.400000      3.683135117293E-02      1.201984674817E-02
   28.500000      5.631286612637E-02      1.974251455032E-02
   28.600000      8.955689859755E-02      3.329118488291E-02
   28.700000      1.285749435551E-01      5.075519029295E-02
   28.800000      1.667151432403E-01      6.944088128284E-02
   28.900000      1.986487408449E-01      8.640996092133E-02
   29.000000      2.206277476507E-01      9.906779594976E-02
   29.100000      2.306442401137E-01      1.056686626931E-01
   29.200000      2.284320073976E-01      1.056225454134E-01
   29.300000      2.153511691808E-01      9.954103870009E-02
   29.400000      1.941812587579E-01      8.902800648209E-02
   29.500000      1.688029523094E-01      7.628040103409E-02
   29.600000      1.437561359675E-01      6.360138712291E-02
   29.700000      1.234500408311E-01      5.293661699265E-02
   29.800000      1.107774210876E-01      4.552918506582E-02
   29.900000      1.069229367617E-01      4.175809024085E-02
   30.000000      1.102493932080E-01      4.118379158760E-02
   30.100000      1.171727075692E-01      4.277465853003E-02
   30.200000      1.244537230643E-01      4.523949752542E-02
   30.300000      1.295758253472E-01      4.736405742706E-02
   30.400000      1.310060532216E-01      4.826098514204E-02
   30.500000      1.283477583580E-01      4.749086384974E-02
   30.600000      1.222197824380E-01      4.507042007644E-02
   30.700000      1.138775382819E-01      4.141769274806E-02
   30.800000      1.048735065355E-01      3.727538444317E-02
   30.900000      9.689124237353E-02      3.361814452922E-02
   31.000000      9.152706519140E-02      3.152270522788E-02
   31.100000      9.017767471696E-02      3.198611932593E-02
   31.200000      9.462870516522E-02      3.571070299063E-02
   31.300000      1.069943874274E-01      4.290706304735E-02
   31.400000      1.270742638407E-01      5.317508996046E-02
   31.500000      1.515519661132E-01      6.550351354508E-02
   31.600000      1.765923418448E-01      7.839498268046E-02
   31.700000      1.986627836030E-01      9.009274437501E-02
   31.800000      2.149292083036E-01      9.886646608587E-02
   31.900000      2.233602772049E-01      1.033076233592E-01
   32.000000      2.227913309266E-01      1.025839275979E-01
   32.100000      2.129520402647E-01      9.660626302181E-02
   32.200000      1.945132276336E-01      8.607322724718E-02
   32.300000      1.691777633974E-01      7.237815635051E-02
   32.400000      1.397281182162E-01      5.738822298121E-02
   32.500000      1.099784469139E-01      4.313082663356E-02
   32.600000      8.469464407261E-02      3.144483872917E-02
   32.700000      6.881445003034E-02      2.366710669215E-02
   32.800000      6.400187189620E-02      2.042112368730E-02
   32.900000      6.845799715685E-02      2.155246425524E-02
   33.000000      7.973607936315E-02      2.621964431228E-02
   33.100000      9.529923963990E-02      3.311071108564E-02
   33.200000      1.124761435690E-01      4.072799647545E-02
   33.300000      1.281721735147E-01      4.767561737909E-02
   33.400000      1.398861783287E-01      5.289730010519E-02
   33.500000      1.462156148725E-01      5.583575499868E-02
   33.600000      1.469389135296E-01      5.650399311222E-02
   33.700000      1.429706835968E-01      5.546545741733E-02
   33.800000      1.362725188367E-01      5.371927382294E-02
   33.900000      1.296461605072E-01      5.249309519661E-02
   34.000000      1.264096263929E-01      5.296673769138E-02
   34.100000      1.295853970922E-01      5.597797535320E-02
   34.200000      1.401790853875E-01      6.178067302049E-02
   34.300000      1.563811135702E-01      6.992148648925E-02
   34.400000      1.751438549614E-01      7.927313537432E-02
   34.500000      1.931704850408E-01      8.822057666059E-02
   34.600000      2.073047905815E-01      9.495876675074E-02
   34.700000      2.148357917670E-01      9.784093453791E-02
   34.800000      2.136617915028E-01      9.571496895614E-02
   34.900000      2.025681082137E-01      8.819132808226E-02
   35.000000      1.815061280753E-01      7.579035637711E-02
   35.100000      1.518043290161E-01      5.992656931057E-02
   35.200000      1.163073681345E-01      4.271467177507E-02
   35.300000      7.938257995660E-02      2.662425004372E-02
   35.400000      4.678960769824E-02      1.404757416121E-02
   35.500000      2.566789949989E-02      6.861990621088E-03
   35.600000      2.356745778464E-02      6.067441540354E-03
   35.700000      4.070533144438E-02      1.157141846414E-02
   35.800000      6.983364957604E-02      2.217966964767E-02
   35.900000      1.031843183227E-01      3.582107802402E-02
   36.000000      1.346350541525E-01      4.998143353769E-02
   36.100000      1.598152605234E-01      6.225404631684E-02
   36.200000      1.760731604131E-01      7.086583894710E-02
   36.300000      1.824907253627E-01      7.503527452603E-02
   36.400000      1.798479893081E-01      7.506772715195E-02
   36.500000      1.704527424415E-01      7.217379555012E-02
   36.600000      1.578049000895E-01      6.807760607660E-02
   36.700000      1.460966466160E-01      6.453792827595E-02
   36.800000      1.393986122910E-01      6.291458069529E-02
   36.900000      1.404707897437E-01      6.387683653471E-02
   37.000000      1.497243239612E-01      6.729532314169E-02
   37.100000      1.638490949248E-01      7.231403663517E-02
   37.200000      1.780051758394E-01      7.757358099852E-02
   37.300000      1.883637900217E-01      8.153883424353E-02
   37.400000      1.924003760761E-01      8.286228583473E-02
   37.500000      1.889502013056E-01      8.069483998935E-02
   37.600000      1.781497634421E-01      7.486086871326E-02
   37.700000      1.611870357775E-01      6.585749612927E-02
   37.800000      1.398867653628E-01      5.470346675834E-02
   37.900000      1.161789946443E-01      4.271208136695E-02
   38.000000      9.182306701266E-02      3.126796664649E-02
   38.100000      6.895101606816E-02      2.165521998364E-02
   38.200000      5.062715539703E-02      1.494430892934E-02
   38.300000      4.137580454530E-02      1.192120367179E-02
   38.400000      4.530325802812E-02      1.303809437168E-02
   38.500000      6.041481201831E-02      1.837129451556E-02
   38.600000      8.236709103522E-02      2.758132063297E-02
   38.700000      1.081650810468E-01      3.988250530612E-02
   38.800000      1.355703016142E-01      5.404520429935E-02
   38.900000      1.625634801735E-01      6.846616187995E-02
   39.000000      1.864376184005E-01      8.133947387122E-02
   39.100000      2.042276457607E-01      9.093322971862E-02
   39.200000      2.135619005327E-01      9.593060597780E-02
   39.300000      2.131157648569E-01      9.574912931033E-02
   39.400000      2.029727208463E-01      9.073342415578E-02
   39.500000      1.848338325097E-01      8.214081927304E-02
   39.600000      1.620339669812E-01      7.189966223237E-02
   39.700000      1.394161299844E-01      6.218964757068E-02
   39.800000      1.230748554485E-01      5.494251030315E-02
   39.900000      1.178707879034E-01      5.138026475468E-02
   40.000000      1.238605265900E-01      5.170419168273E-02
   40.100000      1.364418642129E-01      5.502519260525E-02
   40.200000      1.501454383323E-01      5.957818375026E-02
   40.300000      1.601445413387E-01      6.318754210023E-02
   40.400000      1.628010593556E-01      6.386746085140E-02
   40.500000      1.561063837499E-01      6.038910235021E-02
   40.600000      1.399247794511E-01      5.265363884726E-02
   40.700000      1.160762341367E-01      4.176989456283E-02
   40.800000      8.827231513189E-02      2.981752636938E-02
   40.900000      6.182150026485E-02      1.935757625912E-02
   41.000000      4.323153386089E-02      1.281850605259E-02
   41.100000      3.912412175167E-02      1.192084889279E-02
   41.200000      5.227555165272E-02      1.729011949110E-02
   41.300000      7.973531876051E-02      2.834615878743E-02
   41.400000      1.143022949203E-01      4.347184423230E-02
   41.500000      1.495337749136E-01      6.038893102215E-02
   41.600000      1.805191303479E-01      7.662846325979E-02
   41.700000      2.038717386831E-01      8.998288013426E-02
   41.800000      2.177384789134E-01      9.885438064499E-02
   41.900000      2.217311650117E-01      1.024517136248E-01
   42.000000      2.167466900038E-01      1.008237896188E-01
   42.100000      2.046814197805E-01      9.474893240020E-02
   42.200000      1.879138897936E-01      8.552055679829E-02
   42.300000      1.686293045764E-01      7.468116394872E-02
   42.400000      1.488180241700E-01      6.375676894759E-02
   42.500000      1.306178596969E-01      5.403540053971E-02
   42.600000      1.164563986757E-01      4.641870806522E-02
   42.700000      1.083111890296E-01      4.135777781768E-02
   42.800000      1.059070153436E-01      3.886635354759E-02
   42.900000      1.076755462518E-01      3.859069311788E-02
   43.000000      1.117988842180E-01      3.990960024671E-02
   43.100000      1.167255411897E-01      4.204337630782E-02
   43.200000      1.211318232863E-01      4.416412290545E-02
   43.300000      1.239073722100E-01      4.551376271438E-02
   43.400000      1.242698522868E-01      4.553940269414E-02
   43.500000      1.217299711720E-01      4.404048818736E-02
   43.600000      1.162955725041E-01      4.129190444226E-02
   43.700000      1.088856605941E-01      3.808102396934E-02
   43.800000      1.014129018693E-01      3.560124652562E-02
   43.900000      9.671551780908E-02      3.519114122103E-02
   44.000000      9.825078363164E-02      3.797689563488E-02
   44.100000      1.089917986963E-01      4.452617850330E-02
   44.200000      1.291522746122E-01      5.462368447945E-02
   44.300000      1.550690050590E-01      6.723425000346E-02
   44.400000      1.820280270514E-01      8.065705132948E-02
   44.500000      2.057295018659E-01      9.282570173806E-02
   44.600000      2.226150943264E-01      1.016875511457E-01
   44.700000      2.301398892904E-01      1.055930556576E-01
   44.800000      2.269601444205E-01      1.036276834867E-01
   44.900000      2.130653511944E-01      9.582054832687E-02
   45.000000      1.898066226305E-01      8.317605846286E-02
   45.100000      1.598102789513E-01      6.750748458356E-02
   45.200000      1.267997945775E-01      5.110063734209E-02
   45.300000      9.531913312730E-02      3.628375280455E-02
   45.400000      7.041786021283E-02      2.500463142229E-02
   45.500000      5.690786934576E-02      1.850728586658E-02
   45.600000      5.606557325149E-02      1.716562299689E-02
   45.700000      6.570332138001E-02      2.048980853891E-02
   45.800000      8.279326127644E-02      2.728651745275E-02
   45.900000      1.031429461613E-01      3.593087814039E-02
   46.000000      1.228236687402E-01      4.469344963206E-02
   46.100000      1.387628427234E-01      5.206006744226E-02
   46.200000      1.490000363964E-01      5.698926183579E-02
   46.300000      1.527978142001E-01      5.907119145059E-02
   46.400000      1.506083142990E-01      5.857430633551E-02
   46.500000      1.440013842238E-01      5.637861319533E-02
   46.600000      1.355111455544E-01      5.379681181718E-02
   46.700000      1.283070381395E-01      5.229251807329E-02
   46.800000      1.258230402571E-01      5.313232050879E-02
   46.900000      1.310251686206E-01      5.704656479668E-02
   47.000000      1.444495937853E-01      6.399440599188E-02
   47.100000      1.632602957568E-01      7.310998438413E-02
   47.200000      1.834019556645E-01      8.285213894719E-02
   47.300000      2.009793992713E-01      9.131638724304E-02
   47.400000      2.126994083792E-01      9.662611528960E-02
   47.500000      2.160675109231E-01      9.731441555979E-02
   47.600000      2.096164798822E-01      9.262772175232E-02
   47.700000      1.930573598002E-01      8.270496856013E-02
   47.800000      1.674079104746E-01      6.860138011887E-02
   47.900000      1.350538679246E-01      5.214280627160E-02
   48.000000      9.966000286772E-02      3.562582774999E-02
   48.100000      6.594862347804E-02      2.141629481619E-02
   48.200000      3.948417014592E-02      1.152661787184E-02
   48.300000      2.676665312908E-02      7.256635663334E-03
   48.400000      3.262755297592E-02      8.967146415160E-03
   48.500000      5.344183588561E-02      1.603064309182E-02
   48.600000      8.205937794382E-02      2.697557315663E-02
   48.700000      1.120829505158E-01      3.980429029413E-02
   48.800000      1.390079771539E-01      5.241944948522E-02
   48.900000      1.599332085386E-01      6.305359545950E-02
   49.000000      1.734410761769E-01      7.058783768966E-02
   49.100000      1.794683913109E-01      7.468170000546E-02
   49.200000      1.790375992885E-01      7.570337481188E-02
   49.300000      1.739550105108E-01      7.451445605968E-02
   49.400000      1.664968806139E-01      7.219619762583E-02
   49.500000      1.590120589871E-01      6.979624771733E-02
   49.600000      1.536732951562E-01      6.813978151959E-02
   49.700000      1.523269696467E-01      6.771345958379E-02
   49.800000      1.557339435512E-01      6.861427255392E-02
   49.900000      1.620592468930E-01      7.055759684874E-02
   50.000000      1.687839028039E-01      7.294333859629E-02
   50.100000      1.740829870280E-01      7.497208079258E-02
   50.200000      1.767715804507E-01      7.578858165293E-02
   50.300000      1.760084743512E-01      7.462447675461E-02
   50.400000      1.710057824487E-01      7.092382567506E-02
   50.500000      1.608318061151E-01      6.445176383342E-02
   50.600000      1.447240928245E-01      5.538822990852E-02
   50.700000      1.227849180347E-01      4.439198343910E-02
   50.800000      9.644930150351E-02      3.260250599383E-02
   50.900000      6.877913720276E-02      2.154840290573E-02
   51.000000      4.474692654056E-02      1.295234371348E-02
   51.100000      3.113979626267E-02      8.450766107984E-03
   51.200000      3.341131553894E-02      9.269829639284E-03
   51.300000      5.087708769854E-02      1.591643749914E-02
   51.400000      7.993125372586E-02      2.795672434984E-02
   51.500000      1.157863731091E-01      4.395857574311E-02
   51.600000      1.526022348943E-01      6.165539339815E-02
   51.700000      1.850661245704E-01      7.833559014744E-02
   51.800000      2.090700473147E-01      9.138713097603E-02
   51.900000      2.219176488559E-01      9.886278604444E-02
   52.000000      2.225219379308E-01      9.991398533673E-02
   52.100000      2.115311773704E-01      9.497583171924E-02
   52.200000      1.913482573558E-01      8.565211017846E-02
   52.300000      1.660096225286E-01      7.432452068286E-02
   52.400000      1.409111713401E-01      6.358089678333E-02
   52.500000      1.225328920269E-01      5.560538798956E-02
   52.600000      1.172880813439E-01      5.168080490927E-02
   52.700000      1.244244700121E-01      5.191940314715E-02
   52.800000      1.380069100642E-01      5.528231012875E-02
   52.900000      1.522236711952E-01      5.988550246714E-02
   53.000000      1.622226351146E-01      6.352462620621E-02
   53.100000      1.645846557971E-01      6.428762245245E-02
   53.200000      1.576704819974E-01      6.108593441948E-02
   53.300000      1.417623044021E-01      5.394971188833E-02
   53.400000      1.190222827276E-01      4.400524053078E-02
   53.500000      9.331246504371E-02      3.315734156928E-02
   53.600000      6.988650592709E-02      2.359248996280E-02
   53.700000      5.446027551328E-02      1.726181592705E-02
   53.800000      5.074571382054E-02      1.548311346129E-02
   53.900000      5.906708301423E-02      1.873664291747E-02
   54.000000      7.796420746976E-02      2.665921165894E-02
   54.100000      1.041907782032E-01      3.819424535410E-02
   54.200000      1.328023709092E-01      5.183770699368E-02
   54.300000      1.597073716667E-01      6.591902144042E-02
   54.400000      1.822319119015E-01      7.886025735387E-02
   54.500000      1.989198656292E-01      8.936492226002E-02
   54.600000      2.093303247264E-01      9.650979150010E-02
   54.700000      2.137453307830E-01      9.975311147158E-02
   54.800000      2.125221927701E-01      9.891051734807E-02
   54.900000      2.055502842264E-01      9.415231294206E-02
   55.000000      1.926677941720E-01      8.603195782818E-02
   55.100000      1.743721882180E-01      7.550011561592E-02
   55.200000      1.522537865381E-01      6.384205459066E-02
   55.300000      1.291769633211E-01      5.251389309030E-02
   55.400000      1.092989688360E-01      4.291027964250E-02
   55.500000      9.642802626703E-02      3.612609334675E-02
   55.600000      9.117150916362E-02      3.276529062464E-02
   55.700000      9.292759386548E-02      3.282614247238E-02
   55.800000      1.002714219653E-01      3.568137672336E-02
   55.900000      1.107350766405E-01      4.017427059183E-02
   56.000000      1.214428149594E-01      4.484419463319E-02
   56.100000      1.297292505426E-01      4.826029245194E-02
   56.200000      1.333469608859E-01      4.939157370876E-02
   56.300000      1.310368062492E-01      4.790819082692E-02
   56.400000      1.230862886255E-01      4.431612152132E-02
   56.500000      1.114513407261E-01      3.987331564438E-02
   56.600000      9.956757269273E-02      3.629832384255E-02
   56.700000      9.191888159947E-02      3.534020488545E-02
   56.800000      9.348676206640E-02      3.831618955639E-02
   56.900000      1.078725372935E-01      4.573356115655E-02
   57.000000      1.324772673111E-01      5.709330186325E-02
   57.100000      1.616272200530E-01      7.092961233327E-02
   57.200000      1.900473276131E-01      8.508042276530E-02
   57.300000      2.131755201932E-01      9.712398376414E-02
   57.400000      2.275706303801E-01      1.048747232920E-01
   57.500000      2.311712129301E-01      1.068229152304E-01
   57.600000      2.233867228472E-01      1.024272916867E-01
   57.700000      2.050567328193E-01      9.221203420882E-02
   57.800000      1.783132223126E-01      7.766111742688E-02
   57.900000      1.463916822838E-01      6.093587279211E-02
   58.000000      1.133368776362E-01      4.447028544471E-02
   58.100000      8.364900016590E-02      3.052602587092E-02
   58.200000      6.187832980941E-02      2.080423679808E-02
   58.300000      5.201682569635E-02      1.619656309137E-02
   58.400000      5.513302326859E-02      1.671349634186E-02
   58.500000      6.879650935192E-02      2.157613521892E-02
   58.600000      8.870449464624E-02      2.942428796558E-02
   58.700000      1.102227239900E-01      3.858879797086E-02
   58.800000      1.295602493093E-01      4.738744910511E-02
   58.900000      1.440409961950E-01      5.441248706818E-02
   59.000000      1.522183478915E-01      5.877436580030E-02
   59.100000      1.539205035543E-01      6.025835330110E-02
   59.200000      1.501642314569E-01      5.935299389435E-02
   59.300000      1.429570052810E-01      5.712988121597E-02
   59.400000      1.350166326292E-01      5.498850954459E-02
   59.500000      1.292596946224E-01      5.431660063817E-02
   59.600000      1.285581302195E-01      5.614233469393E-02
   59.700000      1.356679016407E-01      6.086079719239E-02
   59.800000      1.508295872167E-01      6.810090241803E-02
   59.900000      1.701404500781E-01      7.676723154671E-02
   60.000000      1.890839956134E-01      8.525173457471E-02
   60.100000      2.038159491264E-01      9.176932944071E-02
   60.200000      2.114180612575E-01      9.473802760723E-02
   60.300000      2.101129415031E-01      9.311256789780E-02
   60.400000      1.993676876632E-01      8.659954005684E-02
   60.500000      1.798774328545E-01      7.572188102806E-02
   60.600000      1.534361196042E-01      6.173793312116E-02
   60.700000      1.227373933085E-01      4.643970243109E-02
   60.800000      9.118962121250E-02      3.186255289880E-02
   60.900000      6.276167050401E-02      1.994896179925E-02
   61.000000      4.197959512336E-02      1.222430710514E-02
   61.100000      3.401634078285E-02      9.550143524834E-03
   61.200000      4.225164027878E-02      1.200805836482E-02
   61.300000      6.210374057368E-02      1.893582094915E-02
   61.400000      8.738739154715E-02      2.909859247515E-02
   61.500000      1.136110249273E-01      4.094538089731E-02
   61.600000      1.376533160027E-01      5.288557217202E-02
   61.700000      1.575363826689E-01      6.352671333503E-02
   61.800000      1.721733720548E-01      7.183837612022E-02
   61.900000      1.810626249468E-01      7.723570624492E-02
   62.000000      1.841861551626E-01      7.959655763327E-02
   62.100000      1.820611036323E-01      7.923073337089E-02
   62.200000      1.757271802056E-01      7.681150451988E-02
   62.300000      1.668064603036E-01      7.326843047873E-02
   62.400000      1.575938941787E-01      6.963783478823E-02
   62.500000      1.508987832162E-01      6.687774267643E-02
   62.600000      1.488347062068E-01      6.567211977885E-02
   62.700000      1.512861723321E-01      6.626412159211E-02
   62.800000      1.572965977591E-01      6.836185982412E-02
   62.900000      1.653131181173E-01      7.115074342564E-02
   63.000000      1.728619942249E-01      7.342623531131E-02
   63.100000      1.769177280893E-01      7.383555657345E-02
   63.200000      1.746758110067E-01      7.119207430532E-02
   63.300000      1.642131063341E-01      6.480424928273E-02
   63.400000      1.448978612956E-01      5.474427491116E-02
   63.500000      1.177333009218E-01      4.197723658491E-02
   63.600000      8.559874073243E-02      2.829008354890E-02
   63.700000      5.340162648084E-02      1.600466909551E-02
   63.800000      2.828437486842E-02      7.520219526485E-03
   63.900000      1.898561837755E-02      4.785555067537E-03
   64.000000      3.025564189610E-02      8.828475925497E-03
   64.100000      5.894441118603E-02      1.946098530951E-02
   64.200000      9.714730839384E-02      3.524127227726E-02
   64.300000      1.374783212263E-01      5.371764029622E-02
   64.400000      1.738873307374E-01      7.191372122865E-02
   64.500000      2.018000395987E-01      8.694865337622E-02
   64.600000      2.183236630664E-01      9.664127517410E-02
   64.700000      2.223633745383E-01      9.994655328928E-02
   64.800000      2.146237601391E-01      9.711875906217E-02
   64.900000      1.975048756422E-01      8.956968208886E-02
   65.000000      1.748717092127E-01      7.946824086222E-02
   65.100000      1.516921743545E-01      6.919274248101E-02
   65.200000      1.334931692429E-01      6.078001553105E-02
   65.300000      1.243937826466E-01      5.550347380261E-02
   65.400000      1.255036428783E-01      5.366421476883E-02
   65.500000      1.337529040360E-01      5.462190675102E-02
   65.600000      1.440673679164E-01      5.704357139455E-02
   65.700000      1.522072287705E-01      5.930725234654E-02
   65.800000      1.552063189669E-01      5.995929316346E-02
   65.900000      1.515611142534E-01      5.809988092474E-02
   66.000000      1.413080984503E-01      5.358540881291E-02
   66.100000      1.259554903851E-01      4.699838601312E-02
   66.200000      1.082636256403E-01      3.942334299881E-02
   66.300000      9.174200798362E-02      3.213515518287E-02
   66.400000      7.908874636993E-02      2.631894563105E-02
   66.500000      7.179577790658E-02      2.289707002713E-02
   66.600000      7.077325970096E-02      2.247005321261E-02
   66.700000      7.644474313569E-02      2.532591362272E-02
   66.800000      8.925302067466E-02      3.146049492485E-02
   66.900000      1.082068347644E-01      4.057547407490E-02
   67.000000      1.304743028508E-01      5.205643572505E-02
   67.100000      1.537760166626E-01      6.495812761385E-02
   67.200000      1.764273785031E-01      7.802950226647E-02
   67.300000      1.968833889286E-01      8.980201690927E-02
   67.400000      2.131196707040E-01      9.874987487929E-02
   67.500000      2.226881510729E-01      1.035154384729E-01
   67.600000      2.235463052023E-01      1.031741788503E-01
   67.700000      2.146317573308E-01      9.748737704997E-02
   67.800000      1.962223384671E-01      8.706577524632E-02
   67.900000      1.701363604407E-01      7.336565590024E-02
   68.000000      1.397657286752E-01      5.847641961356E-02
   68.100000      1.100152244063E-01      4.472562619850E-02
   68.200000      8.727668817458E-02      3.419274311874E-02
   68.300000      7.678888431719E-02      2.825774569870E-02
   68.400000      7.855364326617E-02      2.730436300179E-02
   68.500000      8.922892565443E-02      3.065667847891E-02
   68.600000      1.044756084921E-01      3.676739658797E-02
   68.700000      1.199973712379E-01      4.361288238211E-02
   68.800000      1.321686234616E-01      4.919829508038E-02
   68.900000      1.385676965429E-01      5.204789221439E-02
   69.000000      1.380920751481E-01      5.155929533291E-02
   69.100000      1.310369649920E-01      4.813576530246E-02
   69.200000      1.193093548111E-01      4.306702199597E-02
   69.300000      1.062538542918E-01      3.819257959088E-02
   69.400000      9.613916813864E-02      3.543656632298E-02
   69.500000      9.343335903761E-02      3.633227380832E-02
   69.600000      1.019218642737E-01      4.164761791821E-02
   69.700000      1.220254795180E-01      5.118719552782E-02
   69.800000      1.488174721005E-01      6.380318334786E-02
   69.900000      1.766073044473E-01      7.760895070623E-02
   70.000000      2.007352888731E-01      9.035312687242E-02
   70.100000      2.177845181683E-01      9.987362687430E-02
   70.200000      2.256859160059E-01      1.045232680631E-01
   70.300000      2.236856782435E-01      1.034649669288E-01
   70.400000      2.121712774627E-01      9.678134062026E-02
   70.500000      1.924639975209E-01      8.540476571940E-02
   70.600000      1.666253614831E-01      7.091487548304E-02
   70.700000      1.372933462892E-01      5.525991130213E-02
   70.800000      1.076335343585E-01      4.045059038096E-02
   70.900000      8.127384862300E-02      2.826774531259E-02
   71.000000      6.217913844716E-02      2.002174445026E-02
   71.100000      5.398741549257E-02      1.639525957870E-02
   71.200000      5.751453035537E-02      1.738629815101E-02
   71.300000      7.065572004612E-02      2.235021438669E-02
   71.400000      8.981526391623E-02      3.012662822456E-02
   71.500000      1.109402802680E-01      3.923353389368E-02
   71.600000      1.303936340655E-01      4.811111263968E-02
   71.700000      1.455844802496E-01      5.539232139107E-02
   71.800000      1.550700393580E-01      6.016166082252E-02
   71.900000      1.585059671582E-01      6.214479974574E-02
   72.000000      1.565167024941E-01      6.176669963166E-02
   72.100000      1.505663978433E-01      6.003966193195E-02
   72.200000      1.429856664969E-01      5.829470013833E-02
   72.300000      1.368919220570E-01      5.782721118572E-02
   72.400000      1.358923160121E-01      5.955854062177E-02
   72.500000      1.430374488355E-01      6.380195635251E-02
   72.600000      1.575105658347E-01      7.017826380407E-02
   72.700000      1.750751621258E-01      7.768240866882E-02
   72.800000      1.916006346033E-01      8.487621459172E-02
   72.900000      2.036633817639E-01      9.016960196182E-02
   73.000000      2.088007330604E-01      9.214050064654E-02
   73.100000      2.056369574776E-01      8.983149162177E-02
   73.200000      1.938340534375E-01      8.296145779957E-02
   73.300000      1.739885952276E-01      7.201025765609E-02
   73.400000      1.475804209538E-01      5.816429623290E-02
   73.500000      1.169273232997E-01      4.313692224538E-02
   73.600000      8.521138739880E-02      2.889618412081E-02
   73.700000      5.655906425558E-02      1.734713631564E-02
   73.800000      3.608314450248E-02      1.002566216634E-02
   73.900000      2.967215398313E-02      7.859534307006E-03
   74.000000      4.000351285100E-02      1.103743962035E-02
   74.100000      6.217297005974E-02      1.900242509625E-02
   74.200000      9.040269132825E-02      3.056057277601E-02
   74.300000      1.200854256438E-01      4.407627312061E-02
   74.400000      1.475949421768E-01      5.771766273700E-02
   74.500000      1.701519169269E-01      6.971958825293E-02
   74.600000      1.858333510181E-01      7.863910504976E-02
   74.700000      1.936690464578E-01      8.357940962233E-02
   74.800000      1.936581293001E-01      8.434864761993E-02
   74.900000      1.866820979060E-01      8.150907738093E-02
   75.000000      1.745112426030E-01      7.627678152931E-02
   75.100000      1.598771533899E-01      7.026537325888E-02
   75.200000      1.464749542386E-01      6.512128536969E-02
   75.300000      1.387573428967E-01      6.214245384158E-02
   75.400000      1.396190615498E-01      6.197750822909E-02
   75.500000      1.479498075088E-01      6.447114182569E-02
   75.600000      1.604393767257E-01      6.868157859496E-02
   75.700000      1.729671554942E-01      7.306847358739E-02
   75.800000      1.814285911645E-01      7.582789874717E-02
   75.900000      1.825594187773E-01      7.532031193948E-02
   76.000000      1.743581493318E-01      7.050153820613E-02
   76.100000      1.563287017061E-01      6.124865163848E-02
   76.200000      1.296445327789E-01      4.848869891866E-02
   76.300000      9.725148406774E-02      3.408375165896E-02
   76.400000      6.388875461970E-02      2.048515356607E-02
   76.500000      3.603078550889E-02      1.022843636998E-02
   76.600000      2.116735802214E-02      5.384059157394E-03
   76.700000      2.540790671103E-02      7.094587538386E-03
   76.800000      4.897111729879E-02      1.531107352652E-02
   76.900000      8.342569284396E-02      2.879528124222E-02
   77.000000      1.211505982395E-01      4.538983199564E-02
   77.100000      1.562970580783E-01      6.248848700167E-02
   77.200000      1.846298877438E-01      7.758348717660E-02
   77.300000      2.035955223258E-01      8.874816928299E-02
   77.400000      2.123038996995E-01      9.494073555059E-02
   77.500000      2.113825005517E-01      9.607750257938E-02
   77.600000      2.027239962639E-01      9.289499802711E-02
   77.700000      1.891244827689E-01      8.667300832072E-02
   77.800000      1.736692717350E-01      7.890877463126E-02
   77.900000      1.588037710051E-01      7.101746176017E-02
   78.000000      1.463619922651E-01      6.410378802422E-02
   78.100000      1.379132950588E-01      5.882497742394E-02
   78.200000      1.342999441192E-01      5.535320760605E-02
   78.300000      1.341316076062E-01      5.343749974746E-02
   78.400000      1.350992793785E-01      5.254796135207E-02
   78.500000      1.355007131268E-01      5.205921996163E-02
   78.600000      1.344325262420E-01      5.141183644591E-02
   78.700000      1.317225294224E-01      5.020170822562E-02
   78.800000      1.276475218726E-01      4.819029924263E-02
   78.900000      1.223448470861E-01      4.527677744411E-02
   79.000000      1.154024938586E-01      4.149127729829E-02
   79.100000      1.065714270947E-01      3.704239906328E-02
   79.200000      9.636149587268E-02      3.239997478078E-02
   79.300000      8.624025218944E-02      2.835084478278E-02
   79.400000      7.855128560067E-02      2.595777982291E-02
   79.500000      7.634951440788E-02      2.638435440933E-02
   79.600000      8.291609736668E-02      3.060496917754E-02
   79.700000      9.901827844915E-02      3.907329124481E-02
   79.800000      1.232904353212E-01      5.145205865799E-02
   79.900000      1.531027736476E-01      6.650269180737E-02
   80.000000      1.839246251756E-01      8.219703616800E-02
   80.100000      2.107081904865E-01      9.605526887009E-02
   80.200000      2.291677290549E-01      1.056469933032E-01
   80.300000      2.362860395871E-01      1.091363214114E-01
   80.400000      2.306539026655E-01      1.057284972997E-01
   80.500000      2.126683440773E-01      9.589655428575E-02
   80.600000      1.845860122887E-01      8.132292576444E-02
   80.700000      1.504212236519E-01      6.456260425663E-02
   80.800000      1.156991364588E-01      4.850251770981E-02
   80.900000      8.727751464575E-02      3.574169091697E-02
   81.000000      7.280292246678E-02      2.803759179039E-02
   81.100000      7.355694052876E-02      2.595188791931E-02
   81.200000      8.494057953126E-02      2.878643750456E-02
   81.300000      1.014179814587E-01      3.483203128724E-02
   81.400000      1.179461389273E-01      4.186653912556E-02
   81.500000      1.306079824043E-01      4.775966389399E-02
   81.600000      1.370635731680E-01      5.100649980090E-02
   81.700000      1.366369015115E-01      5.104535302217E-02
   81.800000      1.300973044611E-01      4.829976728624E-02
   81.900000      1.195620727348E-01      4.397478144846E-02
   82.000000      1.082595456895E-01      3.969646630532E-02
   82.100000      9.997733997622E-02      3.710231275849E-02
   82.200000      9.820088468371E-02      3.747650833748E-02
   82.300000      1.047880396806E-01      4.149259821269E-02
   82.400000      1.196512872850E-01      4.909157904721E-02
   82.500000      1.408601894441E-01      5.949780811140E-02
   82.600000      1.644061926810E-01      7.136029967497E-02
   82.700000      1.862365039481E-01      8.299492638283E-02
   82.800000      2.033086222274E-01      9.268501209089E-02
   82.900000      2.137395437289E-01      9.897767351162E-02
   83.000000      2.167409649559E-01      1.009092503326E-01
   83.100000      2.123381538097E-01      9.811910434144E-02
   83.200000      2.009451554049E-01      9.085482368017E-02
   83.300000      1.831977843052E-01      7.990234783585E-02
   83.400000      1.601086871451E-01      6.647456386156E-02
   83.500000      1.332802108866E-01      5.207392642590E-02
   83.600000      1.050830726329E-01      3.833066285250E-02
   83.700000      7.883791102967E-02      2.681685989543E-02
   83.800000      5.905290426692E-02      1.884455143794E-02
   83.900000      5.069638957615E-02      1.526847878366E-02
   84.000000      5.461349352004E-02      1.632866669136E-02
   84.100000      6.831912291269E-02      2.157772244715E-02
   84.200000      8.817544146114E-02      2.993191399385E-02
   84.300000      1.103844384649E-01      3.985742621942E-02
   84.400000      1.314315013421E-01      4.966223121129E-02
   84.500000      1.485118104000E-01      5.783017660410E-02
   84.600000      1.596735404469E-01      6.332247097467E-02
   84.700000      1.639928156915E-01      6.578021081820E-02
   84.800000      1.618050364442E-01      6.557912855040E-02
   84.900000      1.547613924960E-01      6.371359934624E-02
   85.000000      1.456688203842E-01      6.152793857116E-02
   85.100000      1.381666524682E-01      6.036203204496E-02
   85.200000      1.362953888135E-01      6.120923976411E-02
   85.300000      1.429524156222E-01      6.447595951739E-02
   85.400000      1.561053748991E-01      6.988998790657E-02
   85.500000      1.719000327657E-01      7.655631780198E-02
   85.600000      1.868738396405E-01      8.312932363548E-02
   85.700000      1.980452074139E-01      8.806369847306E-02
   85.800000      2.030245444177E-01      8.990839128198E-02
   85.900000      2.002318958086E-01      8.760319340894E-02
   86.000000      1.889976067085E-01      8.072714722731E-02
   86.100000      1.695068882477E-01      6.964418368866E-02
   86.200000      1.428267767492E-01      5.550385050446E-02
   86.300000      1.111169595094E-01      4.008398427476E-02
   86.400000      7.781542600595E-02      2.550137677072E-02
   86.500000      4.765837142884E-02      1.385211149783E-02
   86.600000      2.663382441557E-02      6.857547277423E-03
   86.700000      2.236675470975E-02      5.579070056753E-03
   86.800000      3.711670175499E-02      1.023938473062E-02
   86.900000      6.418702358652E-02      2.016996989592E-02
   87.000000      9.723549498807E-02      3.389678747281E-02
   87.100000      1.308587953011E-01      4.936592663225E-02
   87.200000      1.606199866212E-01      6.428627588519E-02
   87.300000      1.832665195278E-01      7.653377035019E-02
   87.400000      1.968578048934E-01      8.453927538232E-02
   87.500000      2.007800132756E-01      8.758069029401E-02
   87.600000      1.956583049302E-01      8.591481640773E-02
   87.700000      1.832781435817E-01      8.070832120937E-02
   87.800000      1.665892093094E-01      7.376295309948E-02
   87.900000      1.496150996336E-01      6.708300014207E-02
   88.000000      1.369998787087E-01      6.238876621441E-02
   88.100000      1.333444181719E-01      6.070696214918E-02
   88.200000      1.399521863274E-01      6.214625447297E-02
   88.300000      1.529800829308E-01      6.590462181696E-02
   88.400000      1.674186525779E-01      7.048836837591E-02
   88.500000      1.786811619895E-01      7.407882629762E-02
   88.600000      1.831325457716E-01      7.496583767929E-02
   88.700000      1.785077389602E-01      7.196359960554E-02
   88.800000      1.641716083830E-01      6.472473959919E-02
   88.900000      1.412260763127E-01      5.387752733431E-02
   89.000000      1.124584429741E-01      4.094019596337E-02
   89.100000      8.213012718793E-02      2.801863632321E-02
   89.200000      5.556147136690E-02      1.735683592946E-02
   89.300000      3.831985321853E-02      1.085743655387E-02
   89.400000      3.484337016304E-02      9.697190590626E-03
   89.500000      4.685784269551E-02      1.412453714160E-02
   89.600000      7.163522152115E-02      2.346641223194E-02
   89.700000      1.023871696616E-01      3.631805742953E-02
   89.800000      1.334137646225E-01      5.085591936721E-02
   89.900000      1.607784128727E-01      6.519550145486E-02
   90.000000      1.821514113523E-01      7.770934513723E-02
   90.100000      1.966472359439E-01      8.723263708678E-02
   90.200000      2.044845611843E-01      9.312433405289E-02
   90.300000      2.064576376050E-01      9.521095947584E-02
   90.400000      2.033082704687E-01      9.368545337337E-02
   90.500000      1.954016401862E-01      8.903085465294E-02
   90.600000      1.831847519052E-01      8.198745282114E-02
   90.700000      1.677055981333E-01      7.352344184876E-02
   90.800000      1.509001565320E-01      6.475292657714E-02
   90.900000      1.356727214316E-01      5.678334320870E-02
   91.000000      1.248272773144E-01      5.052932881468E-02
   91.100000      1.188065612189E-01      4.655326790825E-02
   91.200000      1.171220713234E-01      4.497234281730E-02
   91.300000      1.193067941184E-01      4.543809480537E-02
   91.400000      1.243578655196E-01      4.718187407364E-02
   91.500000      1.299167712478E-01      4.913143737418E-02
   91.600000      1.332500205252E-01      5.011321270358E-02
   91.700000      1.322019416321E-01      4.913478799712E-02
   91.800000      1.256625186224E-01      4.569539975616E-02
   91.900000      1.138477472352E-01      4.002978110022E-02
   92.000000      9.836927236126E-02      3.318570046388E-02
   92.100000      8.230968388949E-02      2.687637845478E-02
   92.200000      6.996761920186E-02      2.311748442555E-02
   92.300000      6.642828889014E-02      2.372660014739E-02
   92.400000      7.637502357104E-02      2.980912004024E-02
   92.500000      1.009381210255E-01      4.136861058075E-02
   92.600000      1.348971536717E-01      5.716024962022E-02
   92.700000      1.710439577904E-01      7.485366215247E-02
   92.800000      2.032784738557E-01      9.149007447272E-02
   92.900000      2.267869845647E-01      1.041270625207E-01
   93.000000      2.383309230534E-01      1.104997033171E-01
   93.100000      2.364487295753E-01      1.095226046698E-01
   93.200000      2.215416658896E-01      1.015112302936E-01
   93.300000      1.958529936975E-01      8.808083369491E-02
   93.400000      1.633159590461E-01      7.175897554350E-02
   93.500000      1.292664865535E-01      5.541229001859E-02
   93.600000      1.001937727695E-01      4.162971247600E-02
   93.700000      8.204713855411E-02      3.220899199472E-02
   93.800000      7.692002399675E-02      2.785945620297E-02
   93.900000      8.257568371391E-02      2.817576782754E-02
   94.000000      9.419073026684E-02      3.187110851251E-02
   94.100000      1.074783924669E-01      3.719548711224E-02
   94.200000      1.190724734655E-01      4.241821432871E-02
   94.300000      1.268363439926E-01      4.623948986535E-02
   94.400000      1.299231103100E-01      4.802609117836E-02
   94.500000      1.287073754919E-01      4.783360371788E-02
   94.600000      1.246028309888E-01      4.625433936312E-02
   94.700000      1.196217043104E-01      4.418025032785E-02
   94.800000      1.155097619184E-01      4.257249385947E-02
   94.900000      1.135351860620E-01      4.229073418721E-02
   95.000000      1.146961596519E-01      4.398496885367E-02
   95.100000      1.199795474975E-01      4.802211380834E-02
   95.200000      1.305822258573E-01      5.442325702831E-02
   95.300000      1.462468829355E-01      6.281517001238E-02
   95.400000      1.644037045302E-01      7.242447253317E-02
   95.500000      1.823156243540E-01      8.214208244239E-02
   95.600000      1.977311811753E-01      9.065991089532E-02
   95.700000      2.089411479171E-01      9.665418225910E-02
   95.800000      2.144136430361E-01      9.898225348221E-02
   95.900000      2.127120170804E-01      9.687070552024E-02
   96.000000      2.028413327105E-01      9.008042519795E-02
   96.100000      1.845824582528E-01      7.902507411429E-02
   96.200000      1.587999844904E-01      6.480323200439E-02
   96.300000      1.276453155840E-01      4.910515774303E-02
   96.400000      9.462234339617E-02      3.398297123356E-02
   96.500000      6.459496235540E-02      2.151511471596E-02
   96.600000      4.387642642142E-02      1.343023737467E-02
   96.700000      3.823026200950E-02      1.077050224980E-02
   96.800000      4.730576770892E-02      1.367140338048E-02
   96.900000      6.723621282540E-02      2.131829840945E-02
   97.000000      9.311299628133E-02      3.210695746391E-02
   97.100000      1.199043310902E-01      4.398487323758E-02
   97.200000      1.432657141169E-01      5.489393428836E-02
   97.300000      1.602129274270E-01      6.320009524248E-02
   97.400000      1.692494272700E-01      6.800318295314E-02
   97.500000      1.703597230781E-01      6.926393909787E-02
   97.600000      1.649060737698E-01      6.773802780828E-02
   97.700000      1.554230203699E-01      6.474672189634E-02
   97.800000      1.453279798397E-01      6.184003534200E-02
   97.900000      1.385128766879E-01      6.042485851310E-02
   98.000000      1.385509278395E-01      6.143597026231E-02
   98.100000      1.467758641126E-01      6.511797821060E-02
   98.200000      1.606370365190E-01      7.096283365195E-02
   98.300000      1.763424173329E-01      7.781455728267E-02
   98.400000      1.902813304889E-01      8.411486076771E-02
   98.500000      1.994559418322E-01      8.822986276956E-02
   98.600000      2.017432462243E-01      8.878299396459E-02
   98.700000      1.959297911737E-01      8.493019102193E-02
   98.800000      1.816428981502E-01      7.654066547118E-02
   98.900000      1.593454145097E-01      6.426757209935E-02
   99.000000      1.305084129570E-01      4.949676373334E-02
   99.100000      9.780480324018E-02      3.416344306785E-02
   99.200000      6.515421730718E-02      2.044786612648E-02
   99.300000      3.775391887492E-02      1.040008905463E-02
   99.400000      2.232891394226E-02      5.572927378453E-03
   99.500000      2.614077157256E-02      6.740404860809E-03
   99.600000      4.696535927354E-02      1.375205375637E-02
   99.700000      7.757975310798E-02      2.554378309236E-02
   99.800000      1.118105344268E-01      4.030607847885E-02
   99.900000      1.445085743778E-01      5.579278928846E-02
  100.000000      1.717397705681E-01      6.972690863225E-02
