# M=14, N=7, V0=0.0, V=-1.9, PBC
#  time (tJ)                 S₁(n=3)                 S₂(n=3)
    0.000000      4.440892098501E-16      8.881784197001E-16
    0.100000      7.962242771760E-02      2.610283279196E-02
    0.200000      2.347565507194E-01      9.772044441819E-02
    0.300000      4.077174645884E-01      1.975265668409E-01
    0.400000      5.663972909422E-01      3.043364050594E-01
    0.500000      6.946359676462E-01      4.003564265454E-01
    0.600000      7.880770823792E-01      4.755635805115E-01
    0.700000      8.503439289841E-01      5.282422480847E-01
    0.800000      8.897271385512E-01      5.628678015467E-01
    0.900000      9.161376597353E-01      5.868762615805E-01
    1.000000      9.381570692693E-01      6.073838351909E-01
    1.100000      9.608710819441E-01      6.287882453298E-01
    1.200000      9.853618457816E-01      6.520348462052E-01
    1.300000      1.009818846786E+00      6.755907557384E-01
    1.400000      1.031462045180E+00      6.972746429503E-01
    1.500000      1.048489249963E+00      7.158016578520E-01
    1.600000      1.061224171594E+00      7.313383453703E-01
    1.700000      1.071981708803E+00      7.450807009896E-01
    1.800000      1.083784844111E+00      7.583922163022E-01
    1.900000      1.098514499563E+00      7.720907987865E-01
    2.000000      1.115909740711E+00      7.861603233136E-01
    2.100000      1.134253335271E+00      7.999060025944E-01
    2.200000      1.151534234370E+00      8.124628190636E-01
    2.300000      1.166435592512E+00      8.233870917504E-01
    2.400000      1.178809533617E+00      8.329068371970E-01
    2.500000      1.189267153178E+00      8.415300080887E-01
    2.600000      1.198123757176E+00      8.491293571777E-01
    2.700000      1.204329584609E+00      8.541137356386E-01
    2.800000      1.205229747903E+00      8.534580031201E-01
    2.900000      1.197465947115E+00      8.438187115289E-01
    3.000000      1.178088413854E+00      8.230989587522E-01
    3.100000      1.145514087792E+00      7.916057646482E-01
    3.200000      1.100698811583E+00      7.523811884660E-01
    3.300000      1.048566122470E+00      7.107412272078E-01
    3.400000      9.984417738347E-01      6.733135767457E-01
    3.500000      9.625496331192E-01      6.468360675070E-01
    3.600000      9.524874348291E-01      6.368034548746E-01
    3.700000      9.738378918176E-01      6.460536817543E-01
    3.800000      1.022034924382E+00      6.735919353401E-01
    3.900000      1.084247711874E+00      7.143289357802E-01
    4.000000      1.146249967307E+00      7.604661757540E-01
    4.100000      1.198138260641E+00      8.042481676940E-01
    4.200000      1.235856406246E+00      8.403930191365E-01
    4.300000      1.259928849225E+00      8.667866473623E-01
    4.400000      1.273791395691E+00      8.838947674153E-01
    4.500000      1.282112519162E+00      8.940282396540E-01
    4.600000      1.289473147588E+00      9.005961605613E-01
    4.700000      1.299111359677E+00      9.067903691216E-01
    4.800000      1.310712599433E+00      9.139547423865E-01
    4.900000      1.320442297412E+00      9.211724215358E-01
    5.000000      1.324587940617E+00      9.267730696151E-01
    5.100000      1.322561111837E+00      9.300365380129E-01
    5.200000      1.316510211232E+00      9.314091065275E-01
    5.300000      1.309530035693E+00      9.317665016411E-01
    5.400000      1.304535676142E+00      9.317958108602E-01
    5.500000      1.303794544517E+00      9.317494176818E-01
    5.600000      1.308330497530E+00      9.315554424292E-01
    5.700000      1.317285817301E+00      9.310020281058E-01
    5.800000      1.327868988157E+00      9.295565954506E-01
    5.900000      1.336336738263E+00      9.261737394737E-01
    6.000000      1.339574570714E+00      9.196856498208E-01
    6.100000      1.335784250127E+00      9.094008941554E-01
    6.200000      1.324290543498E+00      8.953489629896E-01
    6.300000      1.305155723076E+00      8.782077982892E-01
    6.400000      1.278724954895E+00      8.589574630599E-01
    6.500000      1.245198833626E+00      8.381729412463E-01
    6.600000      1.204545473719E+00      8.155124791803E-01
    6.700000      1.157407931521E+00      7.902401645240E-01
    6.800000      1.106332335904E+00      7.624344780710E-01
    6.900000      1.056299601373E+00      7.343013994804E-01
    7.000000      1.015859294853E+00      7.114157890761E-01
    7.100000      9.971958428672E-01      7.019073962846E-01
    7.200000      1.009073173091E+00      7.121490529381E-01
    7.300000      1.047746207654E+00      7.420856999062E-01
    7.400000      1.099744445373E+00      7.844127669498E-01
    7.500000      1.151321760037E+00      8.281726409777E-01
    7.600000      1.193293204410E+00      8.638899583867E-01
    7.700000      1.221091260017E+00      8.865591142789E-01
    7.800000      1.233481718301E+00      8.956501491614E-01
    7.900000      1.232389734867E+00      8.942851846027E-01
    8.000000      1.223180044916E+00      8.881455258954E-01
    8.100000      1.213041037958E+00      8.829390115926E-01
    8.200000      1.207542274265E+00      8.814281584785E-01
    8.300000      1.207814023892E+00      8.824097043491E-01
    8.400000      1.210498803171E+00      8.821379360368E-01
    8.500000      1.210144080131E+00      8.766972106838E-01
    8.600000      1.202211376938E+00      8.637079227461E-01
    8.700000      1.184811309062E+00      8.428206681607E-01
    8.800000      1.159077573467E+00      8.156857980289E-01
    8.900000      1.129208595340E+00      7.860874887661E-01
    9.000000      1.101739604132E+00      7.594918565542E-01
    9.100000      1.083058682431E+00      7.409691280772E-01
    9.200000      1.075723154526E+00      7.324627495935E-01
    9.300000      1.077160470083E+00      7.316599678539E-01
    9.400000      1.081477951129E+00      7.331885254322E-01
    9.500000      1.082041015013E+00      7.307648572975E-01
    9.600000      1.073105851258E+00      7.188388975168E-01
    9.700000      1.050871924120E+00      6.935455451356E-01
    9.800000      1.014072635081E+00      6.533201054535E-01
    9.900000      9.637065610677E-01      5.992284357891E-01
   10.000000      9.019960565124E-01      5.349446719155E-01
   10.100000      8.318887033009E-01      4.663112868696E-01
   10.200000      7.580638757144E-01      4.003612201624E-01
   10.300000      6.878678248782E-01      3.439856759488E-01
   10.400000      6.309707108836E-01      3.027157009178E-01
   10.500000      5.972966420579E-01      2.799360369846E-01
   10.600000      5.931480013248E-01      2.766476767579E-01
   10.700000      6.175531854200E-01      2.916708661454E-01
   10.800000      6.631775692370E-01      3.219312841579E-01
   10.900000      7.201231275374E-01      3.626973486739E-01
   11.000000      7.785304267517E-01      4.080676750388E-01
   11.100000      8.300425482764E-01      4.518637311474E-01
   11.200000      8.688227019687E-01      4.886733081880E-01
   11.300000      8.924583817362E-01      5.148185104303E-01
   11.400000      9.024589460148E-01      5.291872907367E-01
   11.500000      9.036246899025E-01      5.337902606020E-01
   11.600000      9.021607169339E-01      5.337562723389E-01
   11.700000      9.043941176055E-01      5.362429802095E-01
   11.800000      9.157764773285E-01      5.477115185802E-01
   11.900000      9.375131216785E-01      5.703318208925E-01
   12.000000      9.643098752139E-01      6.001955168837E-01
   12.100000      9.874066104821E-01      6.292764586286E-01
   12.200000      9.994536056111E-01      6.497396884865E-01
   12.300000      9.969691678758E-01      6.574800051945E-01
   12.400000      9.811088056775E-01      6.533112985887E-01
   12.500000      9.579238972926E-01      6.422256178231E-01
   12.600000      9.373625818599E-01      6.316386318319E-01
   12.700000      9.301981071372E-01      6.292446935974E-01
   12.800000      9.436343384164E-01      6.407540825891E-01
   12.900000      9.774536671451E-01      6.676247768724E-01
   13.000000      1.023615549983E+00      7.055632821116E-01
   13.100000      1.069996195358E+00      7.453982299418E-01
   13.200000      1.105816872657E+00      7.766803217499E-01
   13.300000      1.124632788973E+00      7.916640542337E-01
   13.400000      1.124037599883E+00      7.871078629255E-01
   13.500000      1.104492236527E+00      7.640519036479E-01
   13.600000      1.069142377942E+00      7.269921998239E-01
   13.700000      1.023795641721E+00      6.826640373047E-01
   13.800000      9.759444955652E-01      6.382126856689E-01
   13.900000      9.330429659388E-01      5.994441156745E-01
   14.000000      9.011176095315E-01      5.701944814211E-01
   14.100000      8.847485229539E-01      5.529847972791E-01
   14.200000      8.874566315396E-01      5.499909230507E-01
   14.300000      9.113454392215E-01      5.630682682154E-01
   14.400000      9.552826098158E-01      5.925261461407E-01
   14.500000      1.013263255062E+00      6.358303487102E-01
   14.600000      1.077248019021E+00      6.877091448790E-01
   14.700000      1.140121917273E+00      7.417112272906E-01
   14.800000      1.196046605397E+00      7.919802944216E-01
   14.900000      1.240327364822E+00      8.342544123415E-01
   15.000000      1.269992816045E+00      8.660586558666E-01
   15.100000      1.284419350284E+00      8.867295142761E-01
   15.200000      1.286198726469E+00      8.977105409117E-01
   15.300000      1.281358844686E+00      9.024640291600E-01
   15.400000      1.277078496074E+00      9.051466945920E-01
   15.500000      1.277575063546E+00      9.087658770880E-01
   15.600000      1.282777876060E+00      9.143319565256E-01
   15.700000      1.290194868298E+00      9.211511397914E-01
   15.800000      1.295872293362E+00      9.273033758351E-01
   15.900000      1.296150553988E+00      9.302291059082E-01
   16.000000      1.290054121725E+00      9.281848039806E-01
   16.100000      1.280190125329E+00      9.220002146251E-01
   16.200000      1.271738459512E+00      9.151343312955E-01
   16.300000      1.269805824316E+00      9.115396626619E-01
   16.400000      1.276499993297E+00      9.131011162595E-01
   16.500000      1.289351167354E+00      9.183911743411E-01
   16.600000      1.302209994995E+00      9.235872667505E-01
   16.700000      1.308783120066E+00      9.251211255495E-01
   16.800000      1.305786705081E+00      9.215192330018E-01
   16.900000      1.292699118408E+00      9.123522891762E-01
   17.000000      1.269581563908E+00      8.964126121644E-01
   17.100000      1.237016764121E+00      8.725825240585E-01
   17.200000      1.198189129296E+00      8.424174073569E-01
   17.300000      1.159495377716E+00      8.107570806837E-01
   17.400000      1.128264900234E+00      7.837889477729E-01
   17.500000      1.109789641697E+00      7.667295545831E-01
   17.600000      1.106053730306E+00      7.623029340459E-01
   17.700000      1.115724530641E+00      7.700210765616E-01
   17.800000      1.134686676905E+00      7.864764258147E-01
   17.900000      1.157376936103E+00      8.068757501312E-01
   18.000000      1.178735244635E+00      8.272579694040E-01
   18.100000      1.195967986602E+00      8.458779765064E-01
   18.200000      1.208686558183E+00      8.624594788339E-01
   18.300000      1.217419057546E+00      8.763278123961E-01
   18.400000      1.222549493992E+00      8.860409227834E-01
   18.500000      1.225134620865E+00      8.909228446102E-01
   18.600000      1.227398891253E+00      8.920266200841E-01
   18.700000      1.231208106775E+00      8.911766714418E-01
   18.800000      1.237033086056E+00      8.895493740556E-01
   18.900000      1.243923478068E+00      8.872922825760E-01
   19.000000      1.249670390613E+00      8.838585584498E-01
   19.100000      1.251286981833E+00      8.781647911014E-01
   19.200000      1.245818501227E+00      8.686464489113E-01
   19.300000      1.231136266990E+00      8.538346945489E-01
   19.400000      1.206551700605E+00      8.333983694976E-01
   19.500000      1.173487706220E+00      8.089283917026E-01
   19.600000      1.136141565840E+00      7.839721061310E-01
   19.700000      1.101576712659E+00      7.632516038823E-01
   19.800000      1.078540737740E+00      7.511690155735E-01
   19.900000      1.074212872875E+00      7.499712342036E-01
   20.000000      1.089095250915E+00      7.582749915630E-01
   20.100000      1.114608435810E+00      7.706980807924E-01
   20.200000      1.137625924563E+00      7.789544392457E-01
   20.300000      1.145966620200E+00      7.741846986874E-01
   20.400000      1.131369405976E+00      7.498344114175E-01
   20.500000      1.090717541868E+00      7.040944428486E-01
   20.600000      1.026449363931E+00      6.410925354663E-01
   20.700000      9.469858462896E-01      5.705027017332E-01
   20.800000      8.665004193359E-01      5.050817810242E-01
   20.900000      8.015613997538E-01      4.562391616785E-01
   21.000000      7.647351798127E-01      4.299452765919E-01
   21.100000      7.588036870962E-01      4.256044439730E-01
   21.200000      7.764796508714E-01      4.379244749546E-01
   21.300000      8.059181336730E-01      4.598465038738E-01
   21.400000      8.367313994849E-01      4.849269456302E-01
   21.500000      8.629869457776E-01      5.087151413644E-01
   21.600000      8.836211897407E-01      5.292586458756E-01
   21.700000      9.009420632012E-01      5.468489634686E-01
   21.800000      9.176901697874E-01      5.630695291098E-01
   21.900000      9.348354408814E-01      5.794521616833E-01
   22.000000      9.514400774434E-01      5.963374014620E-01
   22.100000      9.655265678374E-01      6.125354960613E-01
   22.200000      9.751922912076E-01      6.259923461290E-01
   22.300000      9.795125568012E-01      6.349728629171E-01
   22.400000      9.789238250516E-01      6.388140262332E-01
   22.500000      9.747774187869E-01      6.376921906832E-01
   22.600000      9.678550659298E-01      6.318581146300E-01
   22.700000      9.573753376968E-01      6.212077186115E-01
   22.800000      9.420594970145E-01      6.054132195401E-01
   22.900000      9.211973371445E-01      5.843215531409E-01
   23.000000      8.952533471241E-01      5.585289275072E-01
   23.100000      8.667973269659E-01      5.301732167822E-01
   23.200000      8.411955874941E-01      5.035892128182E-01
   23.300000      8.259925033248E-01      4.850189499027E-01
   23.400000      8.284363446098E-01      4.808673901366E-01
   23.500000      8.513960786122E-01      4.949249275425E-01
   23.600000      8.901462739435E-01      5.256979139966E-01
   23.700000      9.335713236111E-01      5.653893196426E-01
   23.800000      9.689530220836E-01      6.019115631683E-01
   23.900000      9.864616215710E-01      6.235860928001E-01
   24.000000      9.811893980082E-01      6.236978572195E-01
   24.100000      9.531100183699E-01      6.022463748680E-01
   24.200000      9.067914087611E-01      5.651493644668E-01
   24.300000      8.517643025463E-01      5.222296749578E-01
   24.400000      8.020960834135E-01      4.844675789095E-01
   24.500000      7.731072479158E-01      4.611305160328E-01
   24.600000      7.746510367666E-01      4.575620981859E-01
   24.700000      8.054082087023E-01      4.740361233170E-01
   24.800000      8.554420816614E-01      5.060475096944E-01
   24.900000      9.131374032392E-01      5.462341026752E-01
   25.000000      9.688999557113E-01      5.872311828364E-01
   25.100000      1.016235749429E+00      6.240563043502E-01
   25.200000      1.052704736201E+00      6.551197294659E-01
   25.300000      1.080389085653E+00      6.819434564716E-01
   25.400000      1.104680358754E+00      7.079175894214E-01
   25.500000      1.131451230186E+00      7.364137128184E-01
   25.600000      1.164305952583E+00      7.691145203180E-01
   25.700000      1.202974093006E+00      8.054911042384E-01
   25.800000      1.243869617862E+00      8.433645273063E-01
   25.900000      1.282305695275E+00      8.796906385780E-01
   26.000000      1.313825606803E+00      9.110540105974E-01
   26.100000      1.334622178326E+00      9.341321188055E-01
   26.200000      1.342019158321E+00      9.464450986621E-01
   26.300000      1.335350213547E+00      9.472752493855E-01
   26.400000      1.316784738472E+00      9.384050919726E-01
   26.500000      1.291444664513E+00      9.241222315397E-01
   26.600000      1.266343973833E+00      9.099324569706E-01
   26.700000      1.247963038712E+00      9.002190028033E-01
   26.800000      1.239258643629E+00      8.963888468924E-01
   26.900000      1.239057277677E+00      8.970598299030E-01
   27.000000      1.244337916821E+00      8.998063657632E-01
   27.100000      1.251986128920E+00      9.026448351168E-01
   27.200000      1.258775531720E+00      9.044660644641E-01
   27.300000      1.261592657550E+00      9.045885831597E-01
   27.400000      1.257843312228E+00      9.019316385431E-01
   27.500000      1.245460267470E+00      8.947447849366E-01
   27.600000      1.223304011581E+00      8.812011226059E-01
   27.700000      1.191968554203E+00      8.603739515577E-01
   27.800000      1.154432942652E+00      8.333058265968E-01
   27.900000      1.116270456185E+00      8.037004179915E-01
   28.000000      1.084926124226E+00      7.774424125691E-01
   28.100000      1.067995867016E+00      7.609862105951E-01
   28.200000      1.071027513728E+00      7.592771083541E-01
   28.300000      1.094349130185E+00      7.736958999235E-01
   28.400000      1.131835809515E+00      8.009830671962E-01
   28.500000      1.174010422441E+00      8.342383102103E-01
   28.600000      1.212419897731E+00      8.658218464416E-01
   28.700000      1.242782677230E+00      8.905011754266E-01
   28.800000      1.265341087790E+00      9.068633769960E-01
   28.900000      1.283157641502E+00      9.164925124309E-01
   29.000000      1.300151766330E+00      9.220840438052E-01
   29.100000      1.318584177759E+00      9.256837393896E-01
   29.200000      1.337338517006E+00      9.277402300143E-01
   29.300000      1.352926195186E+00      9.272647510900E-01
   29.400000      1.361213133937E+00      9.227505528573E-01
   29.500000      1.359045581976E+00      9.133523668704E-01
   29.600000      1.345666310050E+00      8.996685752033E-01
   29.700000      1.322081828758E+00      8.832281656205E-01
   29.800000      1.289070566668E+00      8.653561854597E-01
   29.900000      1.248729182556E+00      8.473633318482E-01
   30.000000      1.207502060395E+00      8.314840327818E-01
   30.100000      1.174439692773E+00      8.203170420787E-01
   30.200000      1.155515275112E+00      8.151699313909E-01
   30.300000      1.150172711559E+00      8.152888133357E-01
   30.400000      1.153512910968E+00      8.184161560869E-01
   30.500000      1.159694583512E+00      8.218419724179E-01
   30.600000      1.163828482919E+00      8.231573641273E-01
   30.700000      1.162847408034E+00      8.204341241727E-01
   30.800000      1.155349216422E+00      8.120704564512E-01
   30.900000      1.140609243875E+00      7.966619479083E-01
   31.000000      1.117296723397E+00      7.729751551464E-01
   31.100000      1.083387003806E+00      7.401214143761E-01
   31.200000      1.037604260432E+00      6.983549512747E-01
   31.300000      9.814355088445E-01      6.504330405207E-01
   31.400000      9.208796376360E-01      6.022741995535E-01
   31.500000      8.661716577456E-01      5.616514693496E-01
   31.600000      8.284897144350E-01      5.353233647427E-01
   31.700000      8.152336693539E-01      5.264080736474E-01
   31.800000      8.267860656998E-01      5.335534290064E-01
   31.900000      8.565223190080E-01      5.520029974297E-01
   32.000000      8.938664510055E-01      5.755695501623E-01
   32.100000      9.290066670164E-01      5.986478047998E-01
   32.200000      9.563734060870E-01      6.178164626465E-01
   32.300000      9.752917355117E-01      6.326661182532E-01
   32.400000      9.886860017496E-01      6.455982773582E-01
   32.500000      1.001109692773E+00      6.604786406672E-01
   32.600000      1.016693092833E+00      6.803658954546E-01
   32.700000      1.037488111813E+00      7.053337496880E-01
   32.800000      1.062184366722E+00      7.318089464157E-01
   32.900000      1.085846323765E+00      7.538771325100E-01
   33.000000      1.101403331221E+00      7.654692008010E-01
   33.100000      1.102301417069E+00      7.620199203518E-01
   33.200000      1.084476501240E+00      7.412402218962E-01
   33.300000      1.046990564421E+00      7.035421393630E-01
   33.400000      9.925186522568E-01      6.525390955068E-01
   33.500000      9.283070169411E-01      5.952632745570E-01
   33.600000      8.663836073306E-01      5.412573252079E-01
   33.700000      8.213299626274E-01      5.001170463493E-01
   33.800000      8.037763549460E-01      4.780855725119E-01
   33.900000      8.125651593863E-01      4.754820155785E-01
   34.000000      8.368201047090E-01      4.867467707876E-01
   34.100000      8.639037275479E-01      5.031412773169E-01
   34.200000      8.841983456676E-01      5.164243186189E-01
   34.300000      8.927437189560E-01      5.215789629350E-01
   34.400000      8.889655848088E-01      5.175691658227E-01
   34.500000      8.752630055828E-01      5.062085673316E-01
   34.600000      8.548556324743E-01      4.899910136142E-01
   34.700000      8.297336859036E-01      4.701202594750E-01
   34.800000      7.999274834658E-01      4.459404980754E-01
   34.900000      7.645991851270E-01      4.161841574213E-01
   35.000000      7.239875713004E-01      3.811983310199E-01
   35.100000      6.811228393158E-01      3.446791510975E-01
   35.200000      6.429734223003E-01      3.137177156922E-01
   35.300000      6.203068818665E-01      2.968224693684E-01
   35.400000      6.240214726583E-01      3.007654828526E-01
   35.500000      6.577537067086E-01      3.277657755352E-01
   35.600000      7.144332296413E-01      3.743328342991E-01
   35.700000      7.813505571657E-01      4.325871603888E-01
   35.800000      8.477697643917E-01      4.937482096750E-01
   35.900000      9.085446201481E-01      5.517406031846E-01
   36.000000      9.634249823354E-01      6.047268282766E-01
   36.100000      1.015061337237E+00      6.543227963050E-01
   36.200000      1.066606294567E+00      7.035355920441E-01
   36.300000      1.119017692758E+00      7.543180551050E-01
   36.400000      1.169603132426E+00      8.056102016183E-01
   36.500000      1.213378201263E+00      8.530727768104E-01
   36.600000      1.245647505054E+00      8.909806534814E-01
   36.700000      1.263402647275E+00      9.146393376253E-01
   36.800000      1.265071456092E+00      9.213813505246E-01
   36.900000      1.250488963360E+00      9.110106233339E-01
   37.000000      1.222684360932E+00      8.871495966382E-01
   37.100000      1.189762574129E+00      8.576867949680E-01
   37.200000      1.163372538895E+00      8.322180857806E-01
   37.300000      1.153345819717E+00      8.180319422530E-01
   37.400000      1.162162308056E+00      8.175758646363E-01
   37.500000      1.184426910276E+00      8.284770783743E-01
   37.600000      1.211172384262E+00      8.453894999829E-01
   37.700000      1.233916390766E+00      8.623663699082E-01
   37.800000      1.246767872984E+00      8.746466759767E-01
   37.900000      1.247203966076E+00      8.793427776417E-01
   38.000000      1.235760763395E+00      8.753047251643E-01
   38.100000      1.215380058739E+00      8.629405269741E-01
   38.200000      1.190713190159E+00      8.443726264101E-01
   38.300000      1.166768096453E+00      8.234993652160E-01
   38.400000      1.147305024779E+00      8.052655851291E-01
   38.500000      1.134579093901E+00      7.938255409477E-01
   38.600000      1.129142529054E+00      7.905078412699E-01
   38.700000      1.129618374127E+00      7.934997535218E-01
   38.800000      1.134218469142E+00      7.997704829359E-01
   38.900000      1.142336789901E+00      8.072294836714E-01
   39.000000      1.154347637225E+00      8.151842958594E-01
   39.100000      1.169939897370E+00      8.234856480096E-01
   39.200000      1.187471306842E+00      8.318971995709E-01
   39.300000      1.205156510660E+00      8.402722473510E-01
   39.400000      1.222474599371E+00      8.489471132723E-01
   39.500000      1.240068575369E+00      8.585556938772E-01
   39.600000      1.258379600512E+00      8.690428025369E-01
   39.700000      1.276902711390E+00      8.788435643890E-01
   39.800000      1.294445592202E+00      8.854839049753E-01
   39.900000      1.309442970941E+00      8.872458325111E-01
   40.000000      1.320136212863E+00      8.842164620102E-01
   40.100000      1.324726617908E+00      8.779691697097E-01
   40.200000      1.321950214872E+00      8.707236096101E-01
   40.300000      1.311986679239E+00      8.646434830515E-01
   40.400000      1.295767996524E+00      8.609611818224E-01
   40.500000      1.273458096307E+00      8.592789214672E-01
   40.600000      1.246084550252E+00      8.582045290399E-01
   40.700000      1.218599029615E+00      8.571771877214E-01
   40.800000      1.199158736260E+00      8.575336724518E-01
   40.900000      1.194368060629E+00      8.613604017992E-01
   41.000000      1.204593833199E+00      8.691460978965E-01
   41.100000      1.223370758667E+00      8.783322061684E-01
   41.200000      1.240993419200E+00      8.838694879737E-01
   41.300000      1.248647959401E+00      8.806737255017E-01
   41.400000      1.241568254754E+00      8.663324259255E-01
   41.500000      1.219594362075E+00      8.418385647618E-01
   41.600000      1.185595109109E+00      8.105789176463E-01
   41.700000      1.144367383010E+00      7.773300279367E-01
   41.800000      1.102480820774E+00      7.470011539524E-01
   41.900000      1.065954568284E+00      7.227032738140E-01
   42.000000      1.037398961343E+00      7.048390672418E-01
   42.100000      1.016343244175E+00      6.919923625536E-01
   42.200000      1.000832738638E+00      6.822384867712E-01
   42.300000      9.883288539745E-01      6.739693293552E-01
   42.400000      9.770225300484E-01      6.665762014263E-01
   42.500000      9.673870073907E-01      6.610337619374E-01
   42.600000      9.625711321062E-01      6.597288002286E-01
   42.700000      9.668447923936E-01      6.652675897446E-01
   42.800000      9.825847149698E-01      6.789511236618E-01
   42.900000      1.008910388937E+00      6.999461589494E-01
   43.000000      1.042772451531E+00      7.256313217542E-01
   43.100000      1.079959034006E+00      7.527202956177E-01
   43.200000      1.116263603300E+00      7.783531563612E-01
   43.300000      1.148324260473E+00      8.006422383789E-01
   43.400000      1.173953899067E+00      8.184613441254E-01
   43.500000      1.191671791000E+00      8.305065267404E-01
   43.600000      1.199729748170E+00      8.343827278331E-01
   43.700000      1.195662224215E+00      8.267193911871E-01
   43.800000      1.176734689732E+00      8.043691938358E-01
   43.900000      1.141086718537E+00      7.659133835591E-01
   44.000000      1.089049065837E+00      7.130333833087E-01
   44.100000      1.024740465483E+00      6.516641429176E-01
   44.200000      9.579404730078E-01      5.919356313773E-01
   44.300000      9.041396983425E-01      5.455514181177E-01
   44.400000      8.785586524340E-01      5.211966374458E-01
   44.500000      8.846705680597E-01      5.205754656144E-01
   44.600000      9.120957943409E-01      5.374565988201E-01
   44.700000      9.444411318853E-01      5.602646059672E-01
   44.800000      9.665123792203E-01      5.766957794675E-01
   44.900000      9.684000438905E-01      5.778444523173E-01
   45.000000      9.465124174908E-01      5.601702818637E-01
   45.100000      9.029937490656E-01      5.253264030705E-01
   45.200000      8.448510135426E-01      4.788643888196E-01
   45.300000      7.826598933584E-01      4.286391160173E-01
   45.400000      7.279263574582E-01      3.829925910468E-01
   45.500000      6.887903104764E-01      3.486234353187E-01
   45.600000      6.675828769760E-01      3.286611873285E-01
   45.700000      6.617907327034E-01      3.220328201027E-01
   45.800000      6.658009366335E-01      3.247635899470E-01
   45.900000      6.738736781064E-01      3.324787623483E-01
   46.000000      6.830953699903E-01      3.424787614010E-01
   46.100000      6.945201906764E-01      3.544129291812E-01
   46.200000      7.121786553825E-01      3.698909829510E-01
   46.300000      7.403174088701E-01      3.917241265314E-01
   46.400000      7.812429480487E-01      4.229238766338E-01
   46.500000      8.346358564961E-01      4.653648497111E-01
   46.600000      8.968795855739E-01      5.185079198687E-01
   46.700000      9.619087589902E-01      5.790079010663E-01
   46.800000      1.023725211312E+00      6.415809566750E-01
   46.900000      1.078347401105E+00      7.005335470797E-01
   47.000000      1.123732669598E+00      7.510627839787E-01
   47.100000      1.158679886009E+00      7.899138663421E-01
   47.200000      1.182026280913E+00      8.153969169285E-01
   47.300000      1.192299936240E+00      8.271105209421E-01
   47.400000      1.188173433266E+00      8.258712140463E-01
   47.500000      1.169776688001E+00      8.137798357221E-01
   47.600000      1.139685031252E+00      7.940435225909E-01
   47.700000      1.103408496804E+00      7.706817547319E-01
   47.800000      1.069335685029E+00      7.482418220310E-01
   47.900000      1.046528587613E+00      7.312900709266E-01
   48.000000      1.040583163484E+00      7.236692888030E-01
   48.100000      1.051442963213E+00      7.275314963211E-01
   48.200000      1.074639109838E+00      7.421474729736E-01
   48.300000      1.103254275784E+00      7.633056467334E-01
   48.400000      1.129830253329E+00      7.843640550864E-01
   48.500000      1.148361893729E+00      7.987869987193E-01
   48.600000      1.155557678438E+00      8.027574929597E-01
   48.700000      1.151581464552E+00      7.965332556314E-01
   48.800000      1.140257837109E+00      7.840884364801E-01
   48.900000      1.128166928583E+00      7.713047042787E-01
   49.000000      1.122294074943E+00      7.634752840934E-01
   49.100000      1.126659062826E+00      7.631526489137E-01
   49.200000      1.139898651848E+00      7.692096374100E-01
   49.300000      1.155990871530E+00      7.774841438100E-01
   49.400000      1.167988077285E+00      7.827204912496E-01
   49.500000      1.171189821290E+00      7.810254335520E-01
   49.600000      1.164551907177E+00      7.719015889912E-01
   49.700000      1.150849905514E+00      7.587157367216E-01
   49.800000      1.135430401169E+00      7.469080048914E-01
   49.900000      1.124678673737E+00      7.412356065846E-01
   50.000000      1.124660708904E+00      7.441553023659E-01
   50.100000      1.138872389654E+00      7.555730299842E-01
   50.200000      1.165668340374E+00      7.731146625113E-01
   50.300000      1.198454293448E+00      7.930607445023E-01
   50.400000      1.228989594274E+00      8.121798905954E-01
   50.500000      1.251224132869E+00      8.291018756754E-01
   50.600000      1.263072890618E+00      8.439027310704E-01
   50.700000      1.266103100930E+00      8.569284057466E-01
   50.800000      1.263779321730E+00      8.682463542575E-01
   50.900000      1.258356165590E+00      8.774564010651E-01
   51.000000      1.249496276735E+00      8.835793077604E-01
   51.100000      1.236747516839E+00      8.854447246491E-01
   51.200000      1.221802573780E+00      8.827206022661E-01
   51.300000      1.208693996738E+00      8.770064662624E-01
   51.400000      1.202269951916E+00      8.717802001897E-01
   51.500000      1.205472159881E+00      8.704641340701E-01
   51.600000      1.217562087340E+00      8.740426849357E-01
   51.700000      1.234190716071E+00      8.805995782319E-01
   51.800000      1.249641432502E+00      8.868439695799E-01
   51.900000      1.259154641609E+00      8.897727236535E-01
   52.000000      1.259545903645E+00      8.874528793391E-01
   52.100000      1.249187268486E+00      8.792385688707E-01
   52.200000      1.228542353747E+00      8.658315085756E-01
   52.300000      1.200654007391E+00      8.492108551233E-01
   52.400000      1.171264580448E+00      8.322459870632E-01
   52.500000      1.147788543307E+00      8.177915574553E-01
   52.600000      1.135315173422E+00      8.075730751017E-01
   52.700000      1.132830459314E+00      8.016145811988E-01
   52.800000      1.134914099663E+00      7.984488812167E-01
   52.900000      1.135595555419E+00      7.957384031324E-01
   53.000000      1.130533471916E+00      7.911427956130E-01
   53.100000      1.117972653937E+00      7.834701229844E-01
   53.200000      1.099792014493E+00      7.736531778944E-01
   53.300000      1.081686078454E+00      7.647662988671E-01
   53.400000      1.070667228991E+00      7.608881355259E-01
   53.500000      1.071941529969E+00      7.652839956373E-01
   53.600000      1.087340912458E+00      7.785034692010E-01
   53.700000      1.113512048876E+00      7.973471958744E-01
   53.800000      1.142244926145E+00      8.159100412588E-01
   53.900000      1.164776239917E+00      8.285808778405E-01
   54.000000      1.176218983370E+00      8.328319135063E-01
   54.100000      1.176990720089E+00      8.295830089421E-01
   54.200000      1.170671418289E+00      8.210293315996E-01
   54.300000      1.160174094236E+00      8.078710227030E-01
   54.400000      1.145143041493E+00      7.886772410270E-01
   54.500000      1.123857817606E+00      7.624151017717E-01
   54.600000      1.097608178468E+00      7.310932046903E-01
   54.700000      1.070190046220E+00      6.988958711275E-01
   54.800000      1.044478684193E+00      6.691652702321E-01
   54.900000      1.021104158665E+00      6.429064006908E-01
   55.000000      9.990995196449E-01      6.195443546578E-01
   55.100000      9.773145220775E-01      5.982811362678E-01
   55.200000      9.555818503332E-01      5.787642903537E-01
   55.300000      9.347423345459E-01      5.609417586846E-01
   55.400000      9.156914033874E-01      5.445576375479E-01
   55.500000      8.983607175736E-01      5.287778761445E-01
   55.600000      8.814293065235E-01      5.122968947034E-01
   55.700000      8.629141004812E-01      4.939604818357E-01
   55.800000      8.416300017872E-01      4.736306316123E-01
   55.900000      8.187558624942E-01      4.529508152010E-01
   56.000000      7.987170753989E-01      4.354777408822E-01
   56.100000      7.877679028575E-01      4.255406259666E-01
   56.200000      7.900252183737E-01      4.260238802447E-01
   56.300000      8.047471867625E-01      4.364170813294E-01
   56.400000      8.266139969666E-01      4.525082512820E-01
   56.500000      8.477166070127E-01      4.680512561223E-01
   56.600000      8.603837998020E-01      4.775619496008E-01
   56.700000      8.605432197148E-01      4.787756559055E-01
   56.800000      8.500186519105E-01      4.736345019557E-01
   56.900000      8.366887582745E-01      4.677067665222E-01
   57.000000      8.325837253222E-01      4.686039107908E-01
   57.100000      8.489988028089E-01      4.837167861953E-01
   57.200000      8.901764038574E-01      5.173615405259E-01
   57.300000      9.503508771276E-01      5.681206555070E-01
   57.400000      1.016507626046E+00      6.281032807707E-01
   57.500000      1.074877560618E+00      6.854339752973E-01
   57.600000      1.115851915339E+00      7.289543871846E-01
   57.700000      1.135082809964E+00      7.520739989267E-01
   57.800000      1.132503098685E+00      7.538976757550E-01
   57.900000      1.111425103095E+00      7.383882495586E-01
   58.000000      1.078136009787E+00      7.125855983854E-01
   58.100000      1.041183804695E+00      6.841840216144E-01
   58.200000      1.009108998362E+00      6.592222699415E-01
   58.300000      9.869335122808E-01      6.408065150444E-01
   58.400000      9.748069845769E-01      6.290707507616E-01
   58.500000      9.696354072593E-01      6.221517964569E-01
   58.600000      9.679399633607E-01      6.178019844694E-01
   58.700000      9.677383885265E-01      6.148858355449E-01
   58.800000      9.688725545203E-01      6.138606931721E-01
   58.900000      9.721310607559E-01      6.159818733494E-01
   59.000000      9.780493016282E-01      6.220460844868E-01
   59.100000      9.862351675005E-01      6.317446746481E-01
   59.200000      9.954212476828E-01      6.438032572659E-01
   59.300000      1.004113449530E+00      6.564691738533E-01
   59.400000      1.011502593489E+00      6.681165868484E-01
   59.500000      1.018197561002E+00      6.778561620325E-01
   59.600000      1.026450519831E+00      6.858828772300E-01
   59.700000      1.038860595301E+00      6.934041476537E-01
   59.800000      1.056108539299E+00      7.020233416788E-01
   59.900000      1.076143584458E+00      7.124530966797E-01
   60.000000      1.094836252451E+00      7.233280078832E-01
   60.100000      1.107929082947E+00      7.315165509468E-01
   60.200000      1.113048513772E+00      7.340740044858E-01
   60.300000      1.110726122870E+00      7.303984090023E-01
   60.400000      1.104625491059E+00      7.231570435020E-01
   60.500000      1.101405269407E+00      7.174826759945E-01
   60.600000      1.108986374609E+00      7.188142760998E-01
   60.700000      1.132222225268E+00      7.305032043191E-01
   60.800000      1.169500254424E+00      7.524591652401E-01
   60.900000      1.213482674990E+00      7.814535145654E-01
   61.000000      1.254826259370E+00      8.129353591494E-01
   61.100000      1.287235297210E+00      8.434190411872E-01
   61.200000      1.309845756529E+00      8.715009534860E-01
   61.300000      1.323923945051E+00      8.962952983049E-01
   61.400000      1.329211573829E+00      9.153529051265E-01
   61.500000      1.324754799238E+00      9.253656723297E-01
   61.600000      1.311313028665E+00      9.251930184512E-01
   61.700000      1.292180366468E+00      9.174782518383E-01
   61.800000      1.272053987371E+00      9.071569046056E-01
   61.900000      1.254925063630E+00      8.986066326342E-01
   62.000000      1.242337858221E+00      8.936599994559E-01
   62.100000      1.233025081108E+00      8.913736310717E-01
   62.200000      1.224339158584E+00      8.892536457765E-01
   62.300000      1.214137418351E+00      8.848975060262E-01
   62.400000      1.201569599042E+00      8.770732154669E-01
   62.500000      1.186657043150E+00      8.660970050470E-01
   62.600000      1.170235618781E+00      8.537121415691E-01
   62.700000      1.154291614653E+00      8.422849212236E-01
   62.800000      1.141461337045E+00      8.335405238203E-01
   62.900000      1.133812030013E+00      8.279077365681E-01
   63.000000      1.131849777297E+00      8.249483468928E-01
   63.100000      1.134582036191E+00      8.239397312514E-01
   63.200000      1.139679336784E+00      8.238272400728E-01
   63.300000      1.144043038494E+00      8.231105486027E-01
   63.400000      1.145530330816E+00      8.204380128861E-01
   63.500000      1.143954418683E+00      8.156661721209E-01
   63.600000      1.140793845530E+00      8.104174987182E-01
   63.700000      1.138390875660E+00      8.073253789294E-01
   63.800000      1.138941235773E+00      8.084008746222E-01
   63.900000      1.143735130233E+00      8.140826023479E-01
   64.000000      1.153311582067E+00      8.236143845268E-01
   64.100000      1.168090402228E+00      8.357773629163E-01
   64.200000      1.188352364023E+00      8.491272501158E-01
   64.300000      1.213136038581E+00      8.619652913428E-01
   64.400000      1.239727553724E+00      8.724609056007E-01
   64.500000      1.264613631545E+00      8.789840405842E-01
   64.600000      1.284692958061E+00      8.805438962165E-01
   64.700000      1.297387031768E+00      8.769720407161E-01
   64.800000      1.300469589349E+00      8.684659405037E-01
   64.900000      1.291969312078E+00      8.548815328835E-01
   65.000000      1.270294066854E+00      8.359017145434E-01
   65.100000      1.235822757207E+00      8.124138727913E-01
   65.200000      1.193104534449E+00      7.875440233415E-01
   65.300000      1.150610633487E+00      7.655691523566E-01
   65.400000      1.116475781448E+00      7.492984122022E-01
   65.500000      1.093690020996E+00      7.382869145301E-01
   65.600000      1.079133266585E+00      7.291639798099E-01
   65.700000      1.066264800681E+00      7.174155836669E-01
   65.800000      1.048894527853E+00      6.994487417337E-01
   65.900000      1.024014933827E+00      6.742426328927E-01
   66.000000      9.928875403096E-01      6.441282903010E-01
   66.100000      9.604287747084E-01      6.143378282624E-01
   66.200000      9.336659397506E-01      5.912078883418E-01
   66.300000      9.190055515744E-01      5.794083088344E-01
   66.400000      9.185336515614E-01      5.794652244550E-01
   66.500000      9.288334198121E-01      5.872122618398E-01
   66.600000      9.433606196684E-01      5.956588511008E-01
   66.700000      9.549337952858E-01      5.980529576807E-01
   66.800000      9.574891604841E-01      5.904043602062E-01
   66.900000      9.479966709882E-01      5.725347606538E-01
   67.000000      9.273452657476E-01      5.474652709278E-01
   67.100000      8.994236316314E-01      5.196196726822E-01
   67.200000      8.691327359454E-01      4.931433782957E-01
   67.300000      8.411081555651E-01      4.713753878669E-01
   67.400000      8.198420857902E-01      4.572492945246E-01
   67.500000      8.099435894829E-01      4.537297122209E-01
   67.600000      8.155251991437E-01      4.636774439101E-01
   67.700000      8.388508084548E-01      4.890238060895E-01
   67.800000      8.782251861598E-01      5.294733076992E-01
   67.900000      9.272439495296E-01      5.812821696123E-01
   68.000000      9.773270429747E-01      6.370893204915E-01
   68.100000      1.020557707461E+00      6.876650476130E-01
   68.200000      1.051372423787E+00      7.249495541491E-01
   68.300000      1.066713050123E+00      7.442185697679E-01
   68.400000      1.065362484550E+00      7.441315605070E-01
   68.500000      1.047525800212E+00      7.257367015462E-01
   68.600000      1.015396639489E+00      6.919793087791E-01
   68.700000      9.738466343109E-01      6.479076534592E-01
   68.800000      9.300487798613E-01      6.006478759562E-01
   68.900000      8.920489056587E-01      5.581557928358E-01
   69.000000      8.663200466208E-01      5.266916918893E-01
   69.100000      8.548072837622E-01      5.083218467426E-01
   69.200000      8.540885130431E-01      5.001570712373E-01
   69.300000      8.572836194072E-01      4.959777152382E-01
   69.400000      8.571252846466E-01      4.894089475986E-01
   69.500000      8.489420696811E-01      4.770223512589E-01
   69.600000      8.326313757898E-01      4.599554878704E-01
   69.700000      8.131698576867E-01      4.434955220899E-01
   69.800000      7.997031708817E-01      4.350297980909E-01
   69.900000      8.022881150835E-01      4.412703929683E-01
   70.000000      8.263710324529E-01      4.655238169833E-01
   70.100000      8.690682696377E-01      5.056619205570E-01
   70.200000      9.201189217338E-01      5.538221380935E-01
   70.300000      9.667880220603E-01      5.987883182114E-01
   70.400000      9.989006298282E-01      6.302968422172E-01
   70.500000      1.011108312780E+00      6.427252823987E-01
   70.600000      1.003269266233E+00      6.365568191391E-01
   70.700000      9.803859890631E-01      6.179515752298E-01
   70.800000      9.522044259732E-01      5.968027863218E-01
   70.900000      9.314676832853E-01      5.834935780748E-01
   71.000000      9.297533930983E-01      5.854203432893E-01
   71.100000      9.523456401603E-01      6.048159803464E-01
   71.200000      9.962033467390E-01      6.389558315218E-01
   71.300000      1.053137796191E+00      6.825512631849E-01
   71.400000      1.114625312743E+00      7.304772859045E-01
   71.500000      1.173725743374E+00      7.789274036383E-01
   71.600000      1.225891743566E+00      8.250797515703E-01
   71.700000      1.268702454080E+00      8.665774600415E-01
   71.800000      1.300962964264E+00      9.014874120965E-01
   71.900000      1.322137252617E+00      9.283957963601E-01
   72.000000      1.332132733839E+00      9.461290369379E-01
   72.100000      1.330827503411E+00      9.535399473848E-01
   72.200000      1.318499767951E+00      9.502180701009E-01
   72.300000      1.297467355625E+00      9.376643104932E-01
   72.400000      1.272633729596E+00      9.195133948407E-01
   72.500000      1.249771691369E+00      9.003104831923E-01
   72.600000      1.232777824600E+00      8.835706838443E-01
   72.700000      1.221726747208E+00      8.702362477979E-01
   72.800000      1.212655866476E+00      8.584665746717E-01
   72.900000      1.199979854117E+00      8.449829815776E-01
   73.000000      1.179776809584E+00      8.272342471480E-01
   73.100000      1.151812384195E+00      8.052757135286E-01
   73.200000      1.120026054766E+00      7.824483615155E-01
   73.300000      1.091604837553E+00      7.642261845109E-01
   73.400000      1.074344472111E+00      7.555014722908E-01
   73.500000      1.072723576165E+00      7.579837147466E-01
   73.600000      1.085496186625E+00      7.697001188930E-01
   73.700000      1.107521814612E+00      7.867802774751E-01
   73.800000      1.132881727772E+00      8.053468909694E-01
   73.900000      1.155470300276E+00      8.219556743686E-01
   74.000000      1.169731542227E+00      8.336563317372E-01
   74.100000      1.172905979143E+00      8.387961756140E-01
   74.200000      1.166361173085E+00      8.379378430332E-01
   74.300000      1.155399391426E+00      8.337861621181E-01
   74.400000      1.147612167828E+00      8.298718214776E-01
   74.500000      1.149815317719E+00      8.289223815690E-01
   74.600000      1.164852294080E+00      8.321938414748E-01
   74.700000      1.191005909842E+00      8.399257436807E-01
   74.800000      1.224326977823E+00      8.518351286693E-01
   74.900000      1.260331800237E+00      8.667839562095E-01
   75.000000      1.293812854745E+00      8.822054563194E-01
   75.100000      1.319686616063E+00      8.947653365810E-01
   75.200000      1.335773030421E+00      9.021600148530E-01
   75.300000      1.342825288477E+00      9.038697855497E-01
   75.400000      1.341831165145E+00      9.002216830983E-01
   75.500000      1.332728692618E+00      8.915383104275E-01
   75.600000      1.315275118416E+00      8.782358181579E-01
   75.700000      1.290027015129E+00      8.611485775524E-01
   75.800000      1.258580718352E+00      8.415438034912E-01
   75.900000      1.223643788479E+00      8.209200849232E-01
   76.000000      1.188693081245E+00      8.007555582593E-01
   76.100000      1.156769445964E+00      7.821546115796E-01
   76.200000      1.129310233458E+00      7.653982149145E-01
   76.300000      1.105065479890E+00      7.497874786967E-01
   76.400000      1.081036949186E+00      7.341477905628E-01
   76.500000      1.055368941600E+00      7.177330629302E-01
   76.600000      1.028783412878E+00      7.008938688767E-01
   76.700000      1.004149571613E+00      6.852322379834E-01
   76.800000      9.857573565041E-01      6.734177647766E-01
   76.900000      9.782256254670E-01      6.686444046756E-01
   77.000000      9.845221648017E-01      6.733863376144E-01
   77.100000      1.003658218520E+00      6.876286912884E-01
   77.200000      1.029663459132E+00      7.077059789353E-01
   77.300000      1.053801549724E+00      7.268513415790E-01
   77.400000      1.067774554174E+00      7.373033996348E-01
   77.500000      1.065559326354E+00      7.327321498057E-01
   77.600000      1.044207491498E+00      7.100019182860E-01
   77.700000      1.004379028318E+00      6.704253853766E-01
   77.800000      9.514536880068E-01      6.208292609217E-01
   77.900000      8.967954175292E-01      5.733094606247E-01
   78.000000      8.570736935325E-01      5.420161786951E-01
   78.100000      8.489923577288E-01      5.375615315575E-01
   78.200000      8.784326687226E-01      5.620902821208E-01
   78.300000      9.342801019500E-01      6.080101935653E-01
   78.400000      9.981846343392E-01      6.614250654837E-01
   78.500000      1.055040349496E+00      7.083623678715E-01
   78.600000      1.095655998719E+00      7.397355419214E-01
   78.700000      1.116592059750E+00      7.526338008129E-01
   78.800000      1.119218058850E+00      7.490559349878E-01
   78.900000      1.108192242755E+00      7.338717194440E-01
   79.000000      1.089361800435E+00      7.125668766552E-01
   79.100000      1.067692403868E+00      6.891751579860E-01
   79.200000      1.045795257752E+00      6.651748325446E-01
   79.300000      1.023425559062E+00      6.398014616108E-01
   79.400000      9.982674219015E-01      6.114883158291E-01
   79.500000      9.680467823158E-01      5.795575175652E-01
   79.600000      9.326792502877E-01      5.451389786590E-01
   79.700000      8.949645153603E-01      5.107941527883E-01
   79.800000      8.596187113935E-01      4.793217867284E-01
   79.900000      8.309542374570E-01      4.527820837115E-01
   80.000000      8.106240282745E-01      4.322305096463E-01
   80.100000      7.976692032794E-01      4.179209563060E-01
   80.200000      7.902825983295E-01      4.096880791998E-01
   80.300000      7.874934371993E-01      4.074214985564E-01
   80.400000      7.901300844964E-01      4.115162613926E-01
   80.500000      8.006279075849E-01      4.229796473656E-01
   80.600000      8.214782762605E-01      4.427681024001E-01
   80.700000      8.524938385816E-01      4.703255231097E-01
   80.800000      8.891031921065E-01      5.021321746978E-01
   80.900000      9.234997847984E-01      5.315735360397E-01
   81.000000      9.472156067892E-01      5.508834162489E-01
   81.100000      9.535183941691E-01      5.544899727217E-01
   81.200000      9.397400073557E-01      5.420162389793E-01
   81.300000      9.093134003397E-01      5.191865713412E-01
   81.400000      8.720883753765E-01      4.958648022879E-01
   81.500000      8.423133143539E-01      4.824208665679E-01
   81.600000      8.347506826106E-01      4.867171688486E-01
   81.700000      8.584180862805E-01      5.126914362782E-01
   81.800000      9.114464425501E-01      5.599156941622E-01
   81.900000      9.828094509878E-01      6.235039159807E-01
   82.000000      1.058097134342E+00      6.947132731160E-01
   82.100000      1.124454384683E+00      7.630900682116E-01
   82.200000      1.174544831506E+00      8.199695492659E-01
   82.300000      1.207634710664E+00      8.612810142852E-01
   82.400000      1.227472846598E+00      8.877013819905E-01
   82.500000      1.239268697569E+00      9.026615140145E-01
   82.600000      1.247316952477E+00      9.101441823125E-01
   82.700000      1.253552820555E+00      9.133750090080E-01
   82.800000      1.257512337194E+00      9.143021468738E-01
   82.900000      1.257583882816E+00      9.133078171036E-01
   83.000000      1.252053585049E+00      9.090670808101E-01
   83.100000      1.239657995626E+00      8.991510299264E-01
   83.200000      1.220029631782E+00      8.814866108105E-01
   83.300000      1.193774453789E+00      8.557420087975E-01
   83.400000      1.162488601826E+00      8.238192201644E-01
   83.500000      1.129049509685E+00      7.893179010503E-01
   83.600000      1.097278682201E+00      7.563628416468E-01
   83.700000      1.070973408545E+00      7.286803106100E-01
   83.800000      1.053306144526E+00      7.093051814673E-01
   83.900000      1.046252127509E+00      7.003426200184E-01
   84.000000      1.050296266542E+00      7.025121397026E-01
   84.100000      1.064726326204E+00      7.150849604988E-01
   84.200000      1.088179642804E+00      7.364175852160E-01
   84.300000      1.118609220024E+00      7.642524655358E-01
   84.400000      1.152098019049E+00      7.952798159427E-01
   84.500000      1.182546838812E+00      8.247412888806E-01
   84.600000      1.203980618220E+00      8.473212541139E-01
   84.700000      1.213262776628E+00      8.591731191803E-01
   84.800000      1.210872834012E+00      8.591624266136E-01
   84.900000      1.199432917297E+00      8.486826647505E-01
   85.000000      1.182631667739E+00      8.317573594384E-01
   85.100000      1.166299282275E+00      8.152622184221E-01
   85.200000      1.158762241027E+00      8.066498830072E-01
   85.300000      1.166878693462E+00      8.094533135650E-01
   85.400000      1.189861953086E+00      8.207764555435E-01
   85.500000      1.219410317985E+00      8.337611753137E-01
   85.600000      1.246547465175E+00      8.428801812417E-01
   85.700000      1.266186620947E+00      8.469220236091E-01
   85.800000      1.276870145017E+00      8.475902631687E-01
   85.900000      1.278454876782E+00      8.465831093191E-01
   86.000000      1.271116091041E+00      8.444794436228E-01
   86.100000      1.256852512184E+00      8.414957514560E-01
   86.200000      1.240439555890E+00      8.381662048700E-01
   86.300000      1.227162458460E+00      8.349524238267E-01
   86.400000      1.218905615873E+00      8.314353464068E-01
   86.500000      1.212457418596E+00      8.261163373608E-01
   86.600000      1.202311961855E+00      8.172396811650E-01
   86.700000      1.185050258828E+00      8.040174104770E-01
   86.800000      1.160843403914E+00      7.870664489570E-01
   86.900000      1.132241175665E+00      7.680296176189E-01
   87.000000      1.103259239349E+00      7.494931562432E-01
   87.100000      1.079298003218E+00      7.351512537260E-01
   87.200000      1.065940248212E+00      7.290481071449E-01
   87.300000      1.066546782323E+00      7.337225377877E-01
   87.400000      1.080215469992E+00      7.485215628315E-01
   87.500000      1.101961590247E+00      7.696340550299E-01
   87.600000      1.125125749603E+00      7.920069821288E-01
   87.700000      1.144354643389E+00      8.114377087939E-01
   87.800000      1.156998697140E+00      8.253315913303E-01
   87.900000      1.162686885850E+00      8.323892151252E-01
   88.000000      1.162030840802E+00      8.321797022025E-01
   88.100000      1.155167641359E+00      8.248668551038E-01
   88.200000      1.141269745358E+00      8.110126887003E-01
   88.300000      1.119582495212E+00      7.917913043928E-01
   88.400000      1.091398229199E+00      7.696091717781E-01
   88.500000      1.061252277690E+00      7.483915607124E-01
   88.600000      1.036247321219E+00      7.329741356937E-01
   88.700000      1.024002959087E+00      7.276062050143E-01
   88.800000      1.029687252439E+00      7.341880886379E-01
   88.900000      1.052977662520E+00      7.513296383180E-01
   89.000000      1.087656923479E+00      7.747667855216E-01
   89.100000      1.124329783499E+00      7.986312513941E-01
   89.200000      1.153812381077E+00      8.168672380703E-01
   89.300000      1.169502452427E+00      8.245602784003E-01
   89.400000      1.168901323794E+00      8.190975016972E-01
   89.500000      1.154085673868E+00      8.007523293383E-01
   89.600000      1.130125920503E+00      7.723560671299E-01
   89.700000      1.102696164535E+00      7.384270866863E-01
   89.800000      1.076839587443E+00      7.040340543604E-01
   89.900000      1.055627355180E+00      6.729920439453E-01
   90.000000      1.037874290210E+00      6.457517010487E-01
   90.100000      1.018184590593E+00      6.186579034094E-01
   90.200000      9.895495673951E-01      5.857479182600E-01
   90.300000      9.464167460798E-01      5.422383007848E-01
   90.400000      8.866463218384E-01      4.875906302828E-01
   90.500000      8.130652313882E-01      4.265767133861E-01
   90.600000      7.352585773357E-01      3.680059391018E-01
   90.700000      6.687385987222E-01      3.218514270124E-01
   90.800000      6.294338603923E-01      2.960779198568E-01
   90.900000      6.258723975450E-01      2.942766692669E-01
   91.000000      6.551514832316E-01      3.147526517676E-01
   91.100000      7.057944158035E-01      3.513136391001E-01
   91.200000      7.633426381035E-01      3.953739360794E-01
   91.300000      8.154518824475E-01      4.383584845820E-01
   91.400000      8.545071976933E-01      4.735930208137E-01
   91.500000      8.781723002789E-01      4.975476557367E-01
   91.600000      8.884360522035E-01      5.102180882551E-01
   91.700000      8.896517452457E-01      5.143182277856E-01
   91.800000      8.867211095750E-01      5.138296826348E-01
   91.900000      8.840240390026E-01      5.128019826664E-01
   92.000000      8.849494725765E-01      5.146718038290E-01
   92.100000      8.920900814902E-01      5.220427078515E-01
   92.200000      9.074972801487E-01      5.368839993949E-01
   92.300000      9.326309798873E-01      5.608130398789E-01
   92.400000      9.679689265953E-01      5.947853297631E-01
   92.500000      1.011961057220E+00      6.379551003373E-01
   92.600000      1.060407380699E+00      6.866305341169E-01
   92.700000      1.107920044671E+00      7.347204516169E-01
   92.800000      1.149444528712E+00      7.757672532153E-01
   92.900000      1.180645418274E+00      8.051075970041E-01
   93.000000      1.198807393026E+00      8.211125301945E-01
   93.100000      1.203675725644E+00      8.254502732289E-01
   93.200000      1.197540701693E+00      8.222466410851E-01
   93.300000      1.184790202086E+00      8.164214609962E-01
   93.400000      1.171159951961E+00      8.119703205547E-01
   93.500000      1.161734006530E+00      8.104958781597E-01
   93.600000      1.157175475015E+00      8.102095262627E-01
   93.700000      1.151892039107E+00      8.061182919512E-01
   93.800000      1.137593610469E+00      7.919334492231E-01
   93.900000      1.107914481335E+00      7.630927818883E-01
   94.000000      1.060871969767E+00      7.194762673740E-01
   94.100000      1.000171057677E+00      6.667527402995E-01
   94.200000      9.364516564218E-01      6.156347523177E-01
   94.300000      8.870436086731E-01      5.786330492027E-01
   94.400000      8.702941890890E-01      5.654837910131E-01
   94.500000      8.940065984567E-01      5.796468892833E-01
   94.600000      9.492568969315E-01      6.173579662743E-01
   94.700000      1.018051545453E+00      6.692019587293E-01
   94.800000      1.083611446797E+00      7.234543017837E-01
   94.900000      1.135830048707E+00      7.698481051818E-01
   95.000000      1.171279337327E+00      8.020449459282E-01
   95.100000      1.190524829089E+00      8.181861579580E-01
   95.200000      1.196330539426E+00      8.202781301686E-01
   95.300000      1.193371878528E+00      8.129024578445E-01
   95.400000      1.187267821658E+00      8.015271084359E-01
   95.500000      1.182521450062E+00      7.911688157167E-01
   95.600000      1.181879521222E+00      7.856303515399E-01
   95.700000      1.186555105896E+00      7.867944162197E-01
   95.800000      1.195844410708E+00      7.941337400310E-01
   95.900000      1.208047883578E+00      8.054993637090E-01
   96.000000      1.222520961328E+00      8.190119454238E-01
   96.100000      1.240149798310E+00      8.341573963309E-01
   96.200000      1.261488405958E+00      8.510244863617E-01
   96.300000      1.283810809311E+00      8.685629708228E-01
   96.400000      1.300833510320E+00      8.838901038984E-01
   96.500000      1.307488915028E+00      8.940951992505E-01
   96.600000      1.304476630042E+00      8.986599897401E-01
   96.700000      1.297232823452E+00      8.991813499656E-01
   96.800000      1.291133667158E+00      8.970656409787E-01
   96.900000      1.288116715375E+00      8.923729444528E-01
   97.000000      1.285660738018E+00      8.844605830615E-01
   97.100000      1.279176525252E+00      8.728663388865E-01
   97.200000      1.264999698934E+00      8.575038168316E-01
   97.300000      1.241049334792E+00      8.384827940952E-01
   97.400000      1.206750769894E+00      8.160917789486E-01
   97.500000      1.163340412338E+00      7.911545432291E-01
   97.600000      1.114664381376E+00      7.656852937099E-01
   97.700000      1.068318797308E+00      7.434130249775E-01
   97.800000      1.035108824854E+00      7.292782965247E-01
   97.900000      1.024509847021E+00      7.274721880660E-01
   98.000000      1.038647751549E+00      7.392159474381E-01
   98.100000      1.071197047735E+00      7.618921344781E-01
   98.200000      1.111882008044E+00      7.899282096702E-01
   98.300000      1.150817729245E+00      8.168744618704E-01
   98.400000      1.180934484970E+00      8.376669363794E-01
   98.500000      1.198749503222E+00      8.498605292394E-01
   98.600000      1.203606994161E+00      8.532910044697E-01
   98.700000      1.196693879088E+00      8.491453465293E-01
   98.800000      1.181283150001E+00      8.397924763635E-01
   98.900000      1.163394075099E+00      8.290940048906E-01
   99.000000      1.150471709040E+00      8.217332562956E-01
   99.100000      1.147624082018E+00      8.212004192103E-01
   99.200000      1.154818161125E+00      8.279491143411E-01
   99.300000      1.167910023138E+00      8.394165543044E-01
   99.400000      1.181614603290E+00      8.517882810232E-01
   99.500000      1.191854054187E+00      8.618903904513E-01
   99.600000      1.196847223986E+00      8.681040090511E-01
   99.700000      1.197443584319E+00      8.704519756056E-01
   99.800000      1.196566109035E+00      8.701613430936E-01
   99.900000      1.196884548031E+00      8.685780592832E-01
  100.000000      1.198810453611E+00      8.659815194297E-01
