# M=26, N=13, V0=0.0, V=-0.25, PBC
#  time (tJ)                 S₁(n=3)                 S₂(n=3)
    0.000000      2.486899575160E-14     -3.552713678801E-15
    0.100000      2.830665362730E-03      5.609269778883E-04
    0.200000      9.363387707380E-03      2.140340037994E-03
    0.300000      1.783274617469E-02      4.453175503508E-03
    0.400000      2.673463785456E-02      7.100625499471E-03
    0.500000      3.480345360287E-02      9.661827270069E-03
    0.600000      4.113018760417E-02      1.178425287893E-02
    0.700000      4.524050332723E-02      1.324965294668E-02
    0.800000      4.710286698565E-02      1.400100136306E-02
    0.900000      4.706666267104E-02      1.412801330524E-02
    1.000000      4.574512973177E-02      1.382042609278E-02
    1.100000      4.386417943483E-02      1.330584532611E-02
    1.200000      4.209722471565E-02      1.279069973118E-02
    1.300000      4.091120869379E-02      1.241892444239E-02
    1.400000      4.047975501905E-02      1.225540749291E-02
    1.500000      4.071925922938E-02      1.229291999152E-02
    1.600000      4.139607857921E-02      1.247495126248E-02
    1.700000      4.223537935275E-02      1.272421190520E-02
    1.800000      4.300199425036E-02      1.296765252975E-02
    1.900000      4.354287340498E-02      1.315247175367E-02
    2.000000      4.379480655079E-02      1.325192237215E-02
    2.100000      4.376861312123E-02      1.326310711394E-02
    2.200000      4.352354140231E-02      1.320047989960E-02
    2.300000      4.314302486220E-02      1.308846536467E-02
    2.400000      4.271688496291E-02      1.295521272416E-02
    2.500000      4.232906013429E-02      1.282797583798E-02
    2.600000      4.204723134106E-02      1.272968878169E-02
    2.700000      4.191436754236E-02      1.267621292507E-02
    2.800000      4.194312452121E-02      1.267420974325E-02
    2.900000      4.211378506734E-02      1.272013757113E-02
    3.000000      4.237939695912E-02      1.280103640388E-02
    3.100000      4.267641839101E-02      1.289739614359E-02
    3.200000      4.293663703146E-02      1.298767801197E-02
    3.300000      4.310051949188E-02      1.305335894732E-02
    3.400000      4.313289432749E-02      1.308306401636E-02
    3.500000      4.303373884790E-02      1.307460863165E-02
    3.600000      4.283902193326E-02      1.303448405007E-02
    3.700000      4.261122944485E-02      1.297517679807E-02
    3.800000      4.241898763757E-02      1.291136294429E-02
    3.900000      4.230956427832E-02      1.285622782948E-02
    4.000000      4.229436989261E-02      1.281890399606E-02
    4.100000      4.235706595888E-02      1.280346070973E-02
    4.200000      4.246725944373E-02      1.280928315956E-02
    4.300000      4.259228427728E-02      1.283228963977E-02
    4.400000      4.270723897718E-02      1.286636741913E-02
    4.500000      4.280083585241E-02      1.290461540156E-02
    4.600000      4.287464932523E-02      1.294029150311E-02
    4.700000      4.293420131408E-02      1.296757721065E-02
    4.800000      4.297599855600E-02      1.298228071147E-02
    4.900000      4.298725935915E-02      1.298244016579E-02
    5.000000      4.295937791336E-02      1.296861089232E-02
    5.100000      4.289617088008E-02      1.294358165893E-02
    5.200000      4.281206421324E-02      1.291142133370E-02
    5.300000      4.272473510602E-02      1.287602780425E-02
    5.400000      4.264663075292E-02      1.283958037643E-02
    5.500000      4.257875649081E-02      1.280135567379E-02
    5.600000      4.250872135177E-02      1.275722538552E-02
    5.700000      4.241247731376E-02      1.269988530711E-02
    5.800000      4.225779832869E-02      1.261959666427E-02
    5.900000      4.200856797575E-02      1.250507218762E-02
    6.000000      4.162803395445E-02      1.234417347956E-02
    6.100000      4.107987035207E-02      1.212428453960E-02
    6.200000      4.032756522787E-02      1.183249610383E-02
    6.300000      3.933326506003E-02      1.145595026313E-02
    6.400000      3.805804749267E-02      1.098275551521E-02
    6.500000      3.646540742970E-02      1.040376370322E-02
    6.600000      3.452825385072E-02      9.715252616539E-03
    6.700000      3.223940514380E-02      8.922267427889E-03
    6.800000      2.962500108394E-02      8.042114663584E-03
    6.900000      2.675937338890E-02      7.107314398597E-03
    7.000000      2.377942107279E-02      6.167216142464E-03
    7.100000      2.089572302767E-02      5.287485891813E-03
    7.200000      1.839432112191E-02      4.546802817037E-03
    7.300000      1.661385887941E-02      4.030399990119E-03
    7.400000      1.588169369885E-02      3.820568820005E-03
    7.500000      1.642992861313E-02      3.984901110790E-03
    7.600000      1.834159263937E-02      4.563770808248E-03
    7.700000      2.154086635662E-02      5.559185849275E-03
    7.800000      2.580656237812E-02      6.927453767242E-03
    7.900000      3.080128120926E-02      8.577914806669E-03
    8.000000      3.610753304635E-02      1.037921537219E-02
    8.100000      4.126854391087E-02      1.217328431419E-02
    8.200000      4.583880212027E-02      1.379555732095E-02
    8.300000      4.943845301393E-02      1.509842230374E-02
    8.400000      5.180063091653E-02      1.597373800467E-02
    8.500000      5.280506464506E-02      1.636996511004E-02
    8.600000      5.249383546297E-02      1.630013886301E-02
    8.700000      5.106652255605E-02      1.583856145299E-02
    8.800000      4.885389528149E-02      1.510640364410E-02
    8.900000      4.627076349202E-02      1.424887506389E-02
    9.000000      4.374958200230E-02      1.340864673860E-02
    9.100000      4.166078467382E-02      1.270122563572E-02
    9.200000      4.023790225057E-02      1.219763119582E-02
    9.300000      3.953820179050E-02      1.191799292188E-02
    9.400000      3.945929145256E-02      1.183695968461E-02
    9.500000      3.980032296486E-02      1.189879543684E-02
    9.600000      4.033697708230E-02      1.203757296397E-02
    9.700000      4.088490145583E-02      1.219668355752E-02
    9.800000      4.133914080452E-02      1.234232554457E-02
    9.900000      4.168525908186E-02      1.246761972841E-02
   10.000000      4.198216269894E-02      1.258696706731E-02
   10.100000      4.232110598094E-02      1.272333222221E-02
   10.200000      4.277232850584E-02      1.289334394213E-02
   10.300000      4.333962592538E-02      1.309570915004E-02
   10.400000      4.394590497822E-02      1.330719709889E-02
   10.500000      4.445730199974E-02      1.348774367798E-02
   10.600000      4.473111398111E-02      1.359296374541E-02
   10.700000      4.466649144654E-02      1.358967231033E-02
   10.800000      4.424193786635E-02      1.346885231339E-02
   10.900000      4.352972959721E-02      1.325129352032E-02
   11.000000      4.268339195782E-02      1.298361150010E-02
   11.100000      4.190042300604E-02      1.272568603191E-02
   11.200000      4.136744740293E-02      1.253356852555E-02
   11.300000      4.120127838139E-02      1.244352292551E-02
   11.400000      4.140886262641E-02      1.246249110720E-02
   11.500000      4.188880571190E-02      1.256803188478E-02
   11.600000      4.247442549480E-02      1.271747463346E-02
   11.700000      4.299432631596E-02      1.286284847541E-02
   11.800000      4.332528911039E-02      1.296624276843E-02
   11.900000      4.342300784422E-02      1.301030163740E-02
   12.000000      4.332481606878E-02      1.300051193451E-02
   12.100000      4.312505483899E-02      1.295905919597E-02
   12.200000      4.293096386224E-02      1.291311724225E-02
   12.300000      4.281640632871E-02      1.288234142547E-02
   12.400000      4.279437076231E-02      1.287036574589E-02
   12.500000      4.281733790489E-02      1.286331518401E-02
   12.600000      4.279970304981E-02      1.283549410993E-02
   12.700000      4.265076847567E-02      1.275963458552E-02
   12.800000      4.230716540082E-02      1.261743975492E-02
   12.900000      4.175485040733E-02      1.240621667829E-02
   13.000000      4.103302598620E-02      1.213907218917E-02
   13.100000      4.021746828514E-02      1.183874951441E-02
   13.200000      3.938807304190E-02      1.152768385355E-02
   13.300000      3.859200122498E-02      1.121828302694E-02
   13.400000      3.781775201296E-02      1.090726284666E-02
   13.500000      3.699404688439E-02      1.057620414959E-02
   13.600000      3.601572543360E-02      1.019806409422E-02
   13.700000      3.478332263531E-02      9.747169989949E-03
   13.800000      3.323880989471E-02      9.209108804410E-03
   13.900000      3.138657093768E-02      8.587264007867E-03
   14.000000      2.929641987146E-02      7.904290699592E-03
   14.100000      2.709168935605E-02      7.198833918103E-03
   14.200000      2.493007148931E-02      6.519414692854E-03
   14.300000      2.298605370517E-02      5.917993294277E-03
   14.400000      2.143905939478E-02      5.445120948273E-03
   14.500000      2.046207800326E-02      5.147204284666E-03
   14.600000      2.020330016393E-02      5.064977826062E-03
   14.700000      2.076414097812E-02      5.231550505726E-03
   14.800000      2.218149104380E-02      5.668735406050E-03
   14.900000      2.441843251567E-02      6.381606471707E-03
   15.000000      2.736685157391E-02      7.352711799518E-03
   15.100000      3.085858687867E-02      8.538336728659E-03
   15.200000      3.467818532704E-02      9.869123601641E-03
   15.300000      3.857760897277E-02      1.125617711615E-02
   15.400000      4.229789672208E-02      1.260196298710E-02
   15.500000      4.559865198803E-02      1.381357772185E-02
   15.600000      4.828893402111E-02      1.481504446382E-02
   15.700000      5.024966454463E-02      1.555558216197E-02
   15.800000      5.143874445243E-02      1.601222543202E-02
   15.900000      5.187774347928E-02      1.618717944411E-02
   16.000000      5.162874698923E-02      1.610203980123E-02
   16.100000      5.077429329616E-02      1.579173313479E-02
   16.200000      4.941040344420E-02      1.530042277642E-02
   16.300000      4.765452380767E-02      1.467998157554E-02
   16.400000      4.565899863565E-02      1.398977604367E-02
   16.500000      4.361620888957E-02      1.329537915467E-02
   16.600000      4.174527626058E-02      1.266404946487E-02
   16.700000      4.025700831445E-02      1.215635412174E-02
   16.800000      3.930504948987E-02      1.181549666908E-02
   16.900000      3.894387559491E-02      1.165771836102E-02
   17.000000      3.911391823930E-02      1.166767495974E-02
   17.100000      3.965867554966E-02      1.180157055423E-02
   17.200000      4.036747860303E-02      1.199836377626E-02
   17.300000      4.103265999535E-02      1.219643063432E-02
   17.400000      4.150502294100E-02      1.235079351506E-02
   17.500000      4.173212299164E-02      1.244534610128E-02
   17.600000      4.176916768833E-02      1.249580293268E-02
   17.700000      4.175846167348E-02      1.254202716924E-02
   17.800000      4.187973155713E-02      1.263194816256E-02
   17.900000      4.228125824266E-02      1.280220361494E-02
   18.000000      4.301308894488E-02      1.306187611149E-02
   18.100000      4.399412720461E-02      1.338480349391E-02
   18.200000      4.503151545420E-02      1.371324709069E-02
   18.300000      4.587836017174E-02      1.397212361508E-02
   18.400000      4.630363498237E-02      1.408971569416E-02
   18.500000      4.615452172021E-02      1.401879053478E-02
   18.600000      4.539844547962E-02      1.375193229830E-02
   18.700000      4.413756110584E-02      1.332658900068E-02
   18.800000      4.259364955812E-02      1.281826955511E-02
   18.900000      4.106577647645E-02      1.232360501815E-02
   19.000000      3.986633156828E-02      1.193768866518E-02
   19.100000      3.924459045437E-02      1.173154244969E-02
   19.200000      3.931545192605E-02      1.173541919026E-02
   19.300000      4.002313466144E-02      1.193205605643E-02
   19.400000      4.115997649661E-02      1.226140885534E-02
   19.500000      4.242846340931E-02      1.263548891278E-02
   19.600000      4.351969614352E-02      1.295940800261E-02
   19.700000      4.418394073089E-02      1.315321808003E-02
   19.800000      4.427820581181E-02      1.316899580364E-02
   19.900000      4.378553067049E-02      1.299894197917E-02
   20.000000      4.280556750528E-02      1.267275101215E-02
   20.100000      4.151941746074E-02      1.224550714496E-02
   20.200000      4.013588745577E-02      1.178001448654E-02
   20.300000      3.883163614728E-02      1.132894218575E-02
   20.400000      3.770329929259E-02      1.092198374026E-02
   20.500000      3.674975024540E-02      1.056144636455E-02
   20.600000      3.589025508741E-02      1.022688779476E-02
   20.700000      3.500725620511E-02      9.886521893844E-03
   20.800000      3.399475277162E-02      9.511072168467E-03
   20.900000      3.279582484076E-02      9.085239943222E-03
   21.000000      3.141949377403E-02      8.613134413525E-03
   21.100000      2.993448957429E-02      8.116445088878E-03
   21.200000      2.844473097291E-02      7.626904316007E-03
   21.300000      2.705758376290E-02      7.176624882029E-03
   21.400000      2.585858110989E-02      6.790424661890E-03
   21.500000      2.490190346714E-02      6.483100684010E-03
   21.600000      2.421673841978E-02      6.262308889292E-03
   21.700000      2.382404176040E-02      6.135223681254E-03
   21.800000      2.375727550998E-02      6.115514001745E-03
   21.900000      2.407755325001E-02      6.227017315109E-03
   22.000000      2.487276361481E-02      6.501828755690E-03
   22.100000      2.623672290592E-02      6.972762345371E-03
   22.200000      2.823363310761E-02      7.662375002529E-03
   22.300000      3.086216996901E-02      8.572120919556E-03
   22.400000      3.403453864243E-02      9.675252305984E-03
   22.500000      3.757597324779E-02      1.091585711488E-02
   22.600000      4.124430790245E-02      1.221444685557E-02
   22.700000      4.476699905586E-02      1.347854167558E-02
   22.800000      4.788447649248E-02      1.461544564994E-02
   22.900000      5.038474185549E-02      1.554422666420E-02
   23.000000      5.212181233670E-02      1.620471596348E-02
   23.100000      5.302015480021E-02      1.656264833981E-02
   23.200000      5.307204922362E-02      1.661126954974E-02
   23.300000      5.233271325304E-02      1.637038456709E-02
   23.400000      5.091477235247E-02      1.588377400291E-02
   23.500000      4.898272796268E-02      1.521536889251E-02
   23.600000      4.674611650450E-02      1.444395955008E-02
   23.700000      4.444767749801E-02      1.365594766195E-02
   23.800000      4.234199653674E-02      1.293597154786E-02
   23.900000      4.066169317352E-02      1.235607503323E-02
   24.000000      3.957481092131E-02      1.196509433579E-02
   24.100000      3.914597656166E-02      1.178062227616E-02
   24.200000      3.931842713331E-02      1.178589461625E-02
   24.300000      3.992772868139E-02      1.193312091790E-02
   24.400000      4.074220609184E-02      1.215334393219E-02
   24.500000      4.151573343588E-02      1.237125141971E-02
   24.600000      4.204067744636E-02      1.252193644281E-02
   24.700000      4.219188930833E-02      1.256580469577E-02
   24.800000      4.195387217203E-02      1.249792695015E-02
   24.900000      4.142537118135E-02      1.234920597682E-02
   25.000000      4.079862121919E-02      1.217860130490E-02
   25.100000      4.031406216283E-02      1.205790984717E-02
   25.200000      4.019711797648E-02      1.205263984387E-02
   25.300000      4.059200623461E-02      1.220373971411E-02
   25.400000      4.151400939106E-02      1.251494764372E-02
   25.500000      4.283955844581E-02      1.294924356527E-02
   25.600000      4.433703594454E-02      1.343560655514E-02
   25.700000      4.572353910458E-02      1.388458385830E-02
   25.800000      4.672988107730E-02      1.420877986120E-02
   25.900000      4.715891636634E-02      1.434296313163E-02
   26.000000      4.692521085945E-02      1.425854009072E-02
   26.100000      4.606894147891E-02      1.396873025391E-02
   26.200000      4.474235871911E-02      1.352347639618E-02
   26.300000      4.317185604147E-02      1.299608555135E-02
   26.400000      4.160412331025E-02      1.246583265352E-02
   26.500000      4.025252652498E-02      1.200152265104E-02
   26.600000      3.926155031196E-02      1.165010756747E-02
   26.700000      3.869454735625E-02      1.143232518141E-02
   26.800000      3.853968344281E-02      1.134482896719E-02
   26.900000      3.872745297235E-02      1.136635329998E-02
   27.000000      3.915267982240E-02      1.146475873905E-02
   27.100000      3.969370880977E-02      1.160246715729E-02
   27.200000      4.022362070118E-02      1.173940808754E-02
   27.300000      4.061449069766E-02      1.183435504239E-02
   27.400000      4.074125311858E-02      1.184658314053E-02
   27.500000      4.049240407127E-02      1.173960444672E-02
   27.600000      3.978927885493E-02      1.148739786250E-02
   27.700000      3.860799962388E-02      1.108169491412E-02
   27.800000      3.699478282606E-02      1.053746321778E-02
   27.900000      3.506710724165E-02      9.893553895476E-03
   28.000000      3.299774261503E-02      9.206812692616E-03
   28.100000      3.098287559361E-02      8.540360822651E-03
   28.200000      2.919936000869E-02      7.949254972061E-03
   28.300000      2.776296803423E-02      7.468231263672E-03
   28.400000      2.670502897565E-02      7.105970385447E-03
   28.500000      2.597877044394E-02      6.848232654936E-03
   28.600000      2.549459871102E-02      6.669009045772E-03
   28.700000      2.517107240400E-02      6.545738123994E-03
   28.800000      2.498011835039E-02      6.472903365318E-03
   28.900000      2.496993558549E-02      6.468712378635E-03
   29.000000      2.525874983021E-02      6.571996837680E-03
   29.100000      2.599915159991E-02      6.830058502372E-03
   29.200000      2.732078506932E-02      7.281557240518E-03
   29.300000      2.927017318682E-02      7.940419996655E-03
   29.400000      3.177309708770E-02      8.786465123115E-03
   29.500000      3.463852235390E-02      9.766126159393E-03
   29.600000      3.760472145786E-02      1.080318903550E-02
   29.700000      4.040728971226E-02      1.181607082320E-02
   29.800000      4.284250622083E-02      1.273604112748E-02
   29.900000      4.480770271647E-02      1.352062357414E-02
   30.000000      4.631063824484E-02      1.415821644163E-02
   30.100000      4.744722389480E-02      1.466304976529E-02
   30.200000      4.835236251179E-02      1.506283420558E-02
   30.300000      4.913832428572E-02      1.538372862854E-02
   30.400000      4.984675567111E-02      1.563783582336E-02
   30.500000      5.043460401328E-02      1.581724882733E-02
   30.600000      5.079349359622E-02      1.589625611598E-02
   30.700000      5.078931247547E-02      1.584058435586E-02
   30.800000      5.030704124655E-02      1.562043003109E-02
   30.900000      4.928809187384E-02      1.522310851660E-02
   31.000000      4.775271453321E-02      1.466156037133E-02
   31.100000      4.580655240299E-02      1.397639499670E-02
   31.200000      4.363190639689E-02      1.323106446396E-02
   31.300000      4.146341718128E-02      1.250155844608E-02
   31.400000      3.954996076501E-02      1.186325016404E-02
   31.500000      3.810779527897E-02      1.137798331505E-02
   31.600000      3.727486483226E-02      1.108417816639E-02
   31.700000      3.708278620870E-02      1.099183459513E-02
   31.800000      3.746067155110E-02      1.108310285023E-02
   31.900000      3.826558658070E-02      1.131787737243E-02
   32.000000      3.932107612902E-02      1.164289228693E-02
   32.100000      4.045188845416E-02      1.200221945547E-02
   32.200000      4.151076822218E-02      1.234696046658E-02
   32.300000      4.239553203825E-02      1.264227194120E-02
   32.400000      4.305622961713E-02      1.287058533305E-02
   32.500000      4.349293126762E-02      1.303082090699E-02
   32.600000      4.374509764178E-02      1.313433022628E-02
   32.700000      4.387472318315E-02      1.319899014089E-02
   32.800000      4.394673567571E-02      1.324312467187E-02
   32.900000      4.401111257743E-02      1.328069061705E-02
   33.000000      4.409175956854E-02      1.331853830082E-02
   33.100000      4.418584127978E-02      1.335580049588E-02
   33.200000      4.427175263872E-02      1.338486643307E-02
   33.300000      4.431814307592E-02      1.339318227188E-02
   33.400000      4.428753161541E-02      1.336532008698E-02
   33.500000      4.413521039724E-02      1.328519659805E-02
   33.600000      4.381090698952E-02      1.313868565431E-02
   33.700000      4.326997445093E-02      1.291686793300E-02
   33.800000      4.249165753830E-02      1.261971251130E-02
   33.900000      4.149623248176E-02      1.225928385143E-02
   34.000000      4.035425400638E-02      1.186101525028E-02
   34.100000      3.918318051815E-02      1.146159395579E-02
   34.200000      3.812786441368E-02      1.110276317682E-02
   34.300000      3.732488796003E-02      1.082172619008E-02
   34.400000      3.685886685036E-02      1.064038217515E-02
   34.500000      3.672725287093E-02      1.055670519172E-02
   34.600000      3.682906847051E-02      1.054163102734E-02
   34.700000      3.698435443443E-02      1.054358484576E-02
   34.800000      3.698069270300E-02      1.050049008134E-02
   34.900000      3.663199698627E-02      1.035645278446E-02
   35.000000      3.583093610040E-02      1.007829063559E-02
   35.100000      3.458124124019E-02      9.666541914440E-03
   35.200000      3.300188732591E-02      9.156934176393E-03
   35.300000      3.130035496464E-02      8.611213467005E-03
   35.400000      2.971836130924E-02      8.099803234175E-03
   35.500000      2.846158118362E-02      7.681729196535E-03
   35.600000      2.763574840704E-02      7.388487527796E-03
   35.700000      2.721799672570E-02      7.217473849293E-03
   35.800000      2.708024592306E-02      7.137464021783E-03
   35.900000      2.705428468240E-02      7.104466792216E-03
   36.000000      2.700873037540E-02      7.082529652314E-03
   36.100000      2.690895365738E-02      7.062155449013E-03
   36.200000      2.684236200868E-02      7.069619716315E-03
   36.300000      2.700283237638E-02      7.163466105188E-03
   36.400000      2.763863960731E-02      7.418740274746E-03
   36.500000      2.897622800613E-02      7.903607406609E-03
   36.600000      3.113798080797E-02      8.655519625015E-03
   36.700000      3.408138939402E-02      9.664285596092E-03
   36.800000      3.758821629006E-02      1.086728019182E-02
   36.900000      4.130819252180E-02      1.215838337679E-02
   37.000000      4.483669278352E-02      1.340825443125E-02
   37.100000      4.780026473010E-02      1.449045764779E-02
   37.200000      4.992767395376E-02      1.530662351970E-02
   37.300000      5.109320161438E-02      1.580450343748E-02
   37.400000      5.132848901782E-02      1.598505607836E-02
   37.500000      5.080517354528E-02      1.589774403330E-02
   37.600000      4.979384261780E-02      1.562607493104E-02
   37.700000      4.860627773717E-02      1.526738241730E-02
   37.800000      4.752920647248E-02      1.491161152990E-02
   37.900000      4.676193864990E-02      1.462354212405E-02
   38.000000      4.637479266639E-02      1.443177269570E-02
   38.100000      4.630284404688E-02      1.432625690608E-02
   38.200000      4.637681405618E-02      1.426452090255E-02
   38.300000      4.637723780122E-02      1.418508017526E-02
   38.400000      4.609379598515E-02      1.402517429096E-02
   38.500000      4.537768547140E-02      1.373894293426E-02
   38.600000      4.417991560899E-02      1.331183450641E-02
   38.700000      4.257037964501E-02      1.276760438803E-02
   38.800000      4.073377749300E-02      1.216578664733E-02
   38.900000      3.894028407333E-02      1.158977869794E-02
   39.000000      3.749133913403E-02      1.112813480742E-02
   39.100000      3.664626236563E-02      1.085363372905E-02
   39.200000      3.655048866483E-02      1.080553973873E-02
   39.300000      3.719329537551E-02      1.097986086594E-02
   39.400000      3.840744982116E-02      1.133038619158E-02
   39.500000      3.991602618504E-02      1.178036301193E-02
   39.600000      4.141264695791E-02      1.224169006311E-02
   39.700000      4.264076234609E-02      1.263636882494E-02
   39.800000      4.344790139882E-02      1.291435083181E-02
   39.900000      4.380766126607E-02      1.306303932812E-02
   40.000000      4.381001232903E-02      1.310618286900E-02
   40.100000      4.362509455400E-02      1.309294702521E-02
   40.200000      4.345000912373E-02      1.308063839117E-02
   40.300000      4.345122092602E-02      1.311612289494E-02
   40.400000      4.371599973516E-02      1.322106021433E-02
   40.500000      4.422407759959E-02      1.338476131602E-02
   40.600000      4.484764447862E-02      1.356623887265E-02
   40.700000      4.538355791728E-02      1.370453117460E-02
   40.800000      4.561000731541E-02      1.373430510090E-02
   40.900000      4.534669539989E-02      1.360257829104E-02
   41.000000      4.449974736481E-02      1.328236922045E-02
   41.100000      4.308322805574E-02      1.278010794816E-02
   41.200000      4.121635922726E-02      1.213537516136E-02
   41.300000      3.909950611467E-02      1.141347404887E-02
   41.400000      3.697560918067E-02      1.069295509751E-02
   41.500000      3.508684554143E-02      1.005112346792E-02
   41.600000      3.363551457229E-02      9.550620083841E-03
   41.700000      3.275288763218E-02      9.229499399261E-03
   41.800000      3.247557090367E-02      9.096139077517E-03
   41.900000      3.273295954514E-02      9.129186708361E-03
   42.000000      3.335793075089E-02      9.281887011568E-03
   42.100000      3.412348309057E-02      9.489687237062E-03
   42.200000      3.478826033250E-02      9.679944284515E-03
   42.300000      3.513622595292E-02      9.782667149071E-03
   42.400000      3.500651068201E-02      9.741300254957E-03
   42.500000      3.431378694554E-02      9.522451388346E-03
   42.600000      3.306052070158E-02      9.123223635211E-03
   42.700000      3.134207009078E-02      8.574619958986E-03
   42.800000      2.934366933777E-02      7.939623488086E-03
   42.900000      2.732614903039E-02      7.305225208006E-03
   43.000000      2.559692742434E-02      6.768891195754E-03
   43.100000      2.446337725791E-02      6.421495033673E-03
   43.200000      2.416813154375E-02      6.330123364727E-03
   43.300000      2.481996246289E-02      6.524837920424E-03
   43.400000      2.635797938853E-02      6.993011248920E-03
   43.500000      2.857413319696E-02      7.683156689594E-03
   43.600000      3.117673883301E-02      8.517630246935E-03
   43.700000      3.386604060778E-02      9.410982316187E-03
   43.800000      3.639957381017E-02      1.028899414819E-02
   43.900000      3.863391929175E-02      1.110320352792E-02
   44.000000      4.053742111717E-02      1.183711572024E-02
   44.100000      4.217437443200E-02      1.250282745004E-02
   44.200000      4.366645064977E-02      1.312960369042E-02
   44.300000      4.514195917815E-02      1.374814845830E-02
   44.400000      4.668584123235E-02      1.437529184883E-02
   44.500000      4.830209646577E-02      1.500340935047E-02
   44.600000      4.989880168856E-02      1.559735864205E-02
   44.700000      5.130385835345E-02      1.609960898364E-02
   44.800000      5.230713974321E-02      1.644216966797E-02
   44.900000      5.271126912655E-02      1.656239856584E-02
   45.000000      5.237769276170E-02      1.641905099262E-02
   45.100000      5.126192459954E-02      1.600501615495E-02
   45.200000      4.943433070913E-02      1.535390662850E-02
   45.300000      4.708393218442E-02      1.453878771725E-02
   45.400000      4.450251276201E-02      1.366268651737E-02
   45.500000      4.204612907470E-02      1.284201084880E-02
   45.600000      4.007349189482E-02      1.218553820641E-02
   45.700000      3.886799233054E-02      1.177298202740E-02
   45.800000      3.856256550346E-02      1.163791126990E-02
   45.900000      3.909618641083E-02      1.175953006799E-02
   46.000000      4.022551384832E-02      1.206623841687E-02
   46.100000      4.159076040883E-02      1.245114094847E-02
   46.200000      4.280835390546E-02      1.279641010380E-02
   46.300000      4.355944360497E-02      1.300065760441E-02
   46.400000      4.365491882019E-02      1.300223552164E-02
   46.500000      4.306751574587E-02      1.279227019489E-02
   46.600000      4.192823853383E-02      1.241411150417E-02
   46.700000      4.048994674191E-02      1.194988722603E-02
   46.800000      3.906634694227E-02      1.149863341542E-02
   46.900000      3.795958668429E-02      1.115269217422E-02
   47.000000      3.739369354377E-02      1.097895695459E-02
   47.100000      3.747274000965E-02      1.100923228015E-02
   47.200000      3.817751459556E-02      1.124044371859E-02
   47.300000      3.939652053311E-02      1.164210542549E-02
   47.400000      4.096901618823E-02      1.216658539563E-02
   47.500000      4.271957446090E-02      1.275789309479E-02
   47.600000      4.447540216430E-02      1.335666330798E-02
   47.700000      4.606800245595E-02      1.390171322681E-02
   47.800000      4.732863739485E-02      1.433071385460E-02
   47.900000      4.808991609271E-02      1.458312086932E-02
   48.000000      4.820213146541E-02      1.460725796693E-02
   48.100000      4.756343067769E-02      1.437091967691E-02
   48.200000      4.615372877167E-02      1.387228148280E-02
   48.300000      4.405914712194E-02      1.314657605116E-02
   48.400000      4.147604173109E-02      1.226467867845E-02
   48.500000      3.868878038083E-02      1.132228713337E-02
   48.600000      3.602129427324E-02      1.042176798991E-02
   48.700000      3.376877706028E-02      9.651568049859E-03
   48.800000      3.212790938025E-02      9.069183794597E-03
   48.900000      3.115739948888E-02      8.692594183384E-03
   49.000000      3.078454471600E-02      8.502220140226E-03
   49.100000      3.084393609017E-02      8.451978773445E-03
   49.200000      3.113185195128E-02      8.485173493243E-03
   49.300000      3.146183526855E-02      8.549824270792E-03
   49.400000      3.170415854073E-02      8.608921717923E-03
   49.500000      3.179921932997E-02      8.643502663872E-03
   49.600000      3.174763096575E-02      8.649327769482E-03
   49.700000      3.158700176877E-02      8.630115340369E-03
   49.800000      3.136661114233E-02      8.590965806873E-03
   49.900000      3.112803302020E-02      8.534716248003E-03
   50.000000      3.089413582794E-02      8.462089875562E-03
   50.100000      3.066800594385E-02      8.374601078335E-03
   50.200000      3.044514581197E-02      8.278089474964E-03
   50.300000      3.023204757549E-02      8.184860097083E-03
   50.400000      3.005754533276E-02      8.113476916408E-03
   50.500000      2.997234782743E-02      8.086630578286E-03
   50.600000      3.004133793801E-02      8.128428498904E-03
   50.700000      3.033588332605E-02      8.262469982385E-03
   50.800000      3.093040240928E-02      8.511206499183E-03
   50.900000      3.190099476628E-02      8.895858222245E-03
   51.000000      3.331916218073E-02      9.435291758983E-03
   51.100000      3.523464267465E-02      1.014234350889E-02
   51.200000      3.764978335635E-02      1.101722668130E-02
   51.300000      4.049645219481E-02      1.203945857970E-02
   51.400000      4.362347499409E-02      1.316136133132E-02
   51.500000      4.680159448573E-02      1.430676031311E-02
   51.600000      4.974802882498E-02      1.537753426708E-02
   51.700000      5.216839051140E-02      1.626829646148E-02
   51.800000      5.380961371587E-02      1.688648145095E-02
   51.900000      5.451143170400E-02      1.717262075837E-02
   52.000000      5.424289228041E-02      1.711468386243E-02
   52.100000      5.311383056963E-02      1.675158691658E-02
   52.200000      5.135640408253E-02      1.616408432094E-02
   52.300000      4.927769110237E-02      1.545524931443E-02
   52.400000      4.719001468870E-02      1.472620177060E-02
   52.500000      4.533359983617E-02      1.405437146970E-02
   52.600000      4.382292411082E-02      1.348075177449E-02
   52.700000      4.264472717803E-02      1.300955583320E-02
   52.800000      4.170058046204E-02      1.261948838422E-02
   52.900000      4.087176175601E-02      1.228195293146E-02
   53.000000      4.008287914495E-02      1.197927418953E-02
   53.100000      3.934184579882E-02      1.171619494471E-02
   53.200000      3.874358971228E-02      1.152042971123E-02
   53.300000      3.843735912827E-02      1.143204188188E-02
   53.400000      3.856721635102E-02      1.148547803253E-02
   53.500000      3.920319608821E-02      1.169084762040E-02
   53.600000      4.028620891338E-02      1.202153927795E-02
   53.700000      4.161317855039E-02      1.241333697171E-02
   53.800000      4.288029544972E-02      1.277646850067E-02
   53.900000      4.376895774985E-02      1.301770981600E-02
   54.000000      4.403526894345E-02      1.306620225517E-02
   54.100000      4.357590447583E-02      1.289516231331E-02
   54.200000      4.246023289799E-02      1.253266052681E-02
   54.300000      4.092521245920E-02      1.205778474636E-02
   54.400000      3.933306884729E-02      1.158276844175E-02
   54.500000      3.809466860050E-02      1.122572677981E-02
   54.600000      3.756454022034E-02      1.108129995264E-02
   54.700000      3.792616215780E-02      1.119703305239E-02
   54.800000      3.912171549409E-02      1.156164962972E-02
   54.900000      4.088535186932E-02      1.210804197787E-02
   55.000000      4.284193624859E-02      1.272977638658E-02
   55.100000      4.460520076945E-02      1.330632475088E-02
   55.200000      4.585711178260E-02      1.373007065419E-02
   55.300000      4.640135492918E-02      1.392797737014E-02
   55.400000      4.618512567830E-02      1.387265526339E-02
   55.500000      4.528788034335E-02      1.358085080725E-02
   55.600000      4.388084896951E-02      1.310109776009E-02
   55.700000      4.216649510623E-02      1.249529795439E-02
   55.800000      4.031431215226E-02      1.182043942707E-02
   55.900000      3.841771101897E-02      1.111612867902E-02
   56.000000      3.649167057675E-02      1.040134332703E-02
   56.100000      3.450620123170E-02      9.680553998360E-03
   56.200000      3.243623003879E-02      8.956152221134E-03
   56.300000      3.031013227032E-02      8.241963811936E-03
   56.400000      2.824133608075E-02      7.572221412747E-03
   56.500000      2.642975899751E-02      7.001879623497E-03
   56.600000      2.512513587562E-02      6.597130247706E-03
   56.700000      2.455642060340E-02      6.418456410573E-03
   56.800000      2.485180523630E-02      6.501389881547E-03
   56.900000      2.598419437112E-02      6.841331756114E-03
   57.000000      2.776456434341E-02      7.387914613374E-03
   57.100000      2.988232062566E-02      8.051656549001E-03
   57.200000      3.197594421112E-02      8.721924742500E-03
   57.300000      3.371300051370E-02      9.291673783171E-03
   57.400000      3.486007768391E-02      9.682205147285E-03
   57.500000      3.532825646762E-02      9.861048011901E-03
   57.600000      3.518608893578E-02      9.848051440000E-03
   57.700000      3.463818764546E-02      9.708258919588E-03
   57.800000      3.397333171994E-02      9.533978266823E-03
   57.900000      3.349207610005E-02      9.421444000696E-03
   58.000000      3.343420773088E-02      9.448699092649E-03
   58.100000      3.393330347511E-02      9.660501261420E-03
   58.200000      3.500782088935E-02      1.006354884385E-02
   58.300000      3.657961710401E-02      1.063199552331E-02
   58.400000      3.850752960430E-02      1.132016552361E-02
   58.500000      4.062668913156E-02      1.207753492143E-02
   58.600000      4.278889399403E-02      1.286091790777E-02
   58.700000      4.489327125806E-02      1.364031277541E-02
   58.800000      4.689204188418E-02      1.439741199735E-02
   58.900000      4.877063024880E-02      1.511845293659E-02
   59.000000      5.051283763434E-02      1.578499129740E-02
   59.100000      5.206476936813E-02      1.636674561226E-02
   59.200000      5.331524971605E-02      1.681979252701E-02
   59.300000      5.410804035618E-02      1.709145796269E-02
   59.400000      5.428075560891E-02      1.713092379737E-02
   59.500000      5.371094939456E-02      1.690260729043E-02
   59.600000      5.235434802947E-02      1.639837469540E-02
   59.700000      5.026684886410E-02      1.564489979354E-02
   59.800000      4.760660906457E-02      1.470384705675E-02
   59.900000      4.461722124653E-02      1.366456875896E-02
   60.000000      4.159696992863E-02      1.263099745008E-02
   60.100000      3.886060632389E-02      1.170578903153E-02
   60.200000      3.669778054108E-02      1.097518343278E-02
   60.300000      3.532789837637E-02      1.049749860521E-02
   60.400000      3.485369924875E-02      1.029695883444E-02
   60.500000      3.523636023631E-02      1.036314673476E-02
   60.600000      3.631444019475E-02      1.065521915965E-02
   60.700000      3.785292327145E-02      1.110942947425E-02
   60.800000      3.959375908867E-02      1.164847391956E-02
   60.900000      4.129102671585E-02      1.219150371658E-02
   61.000000      4.273310283119E-02      1.266398729786E-02
   61.100000      4.375965014297E-02      1.300672254767E-02
   61.200000      4.427652527019E-02      1.318315348382E-02
   61.300000      4.426625703916E-02      1.318391810227E-02
   61.400000      4.378952795938E-02      1.302752320310E-02
   61.500000      4.297428300909E-02      1.275643577273E-02
   61.600000      4.199251106893E-02      1.242875156329E-02
   61.700000      4.102862063936E-02      1.210676780603E-02
   61.800000      4.024565556667E-02      1.184485863560E-02
   61.900000      3.975606637738E-02      1.167955904277E-02
   62.000000      3.960388778252E-02      1.162436320736E-02
   62.100000      3.976347955981E-02      1.167042067502E-02
   62.200000      4.015380989757E-02      1.179245854177E-02
   62.300000      4.066410731855E-02      1.195754753177E-02
   62.400000      4.118579328859E-02      1.213345767730E-02
   62.500000      4.163787985282E-02      1.229371874174E-02
   62.600000      4.197360143431E-02      1.241802846583E-02
   62.700000      4.216709693572E-02      1.248876431167E-02
   62.800000      4.218846927701E-02      1.248618515817E-02
   62.900000      4.198178593488E-02      1.238564007665E-02
   63.000000      4.146128034427E-02      1.215932560670E-02
   63.100000      4.053212652003E-02      1.178308523143E-02
   63.200000      3.912781818425E-02      1.124625892721E-02
   63.300000      3.724731908278E-02      1.056076658118E-02
   63.400000      3.497672020190E-02      9.765321264496E-03
   63.500000      3.248715305501E-02      8.922153944464E-03
   63.600000      3.000804152824E-02      8.106361668235E-03
   63.700000      2.778153268371E-02      7.390884183846E-03
   63.800000      2.601059037227E-02      6.831977354770E-03
   63.900000      2.481900221964E-02      6.460067631218E-03
   64.000000      2.423942984522E-02      6.278937901375E-03
   64.100000      2.423089767234E-02      6.273003204675E-03
   64.200000      2.471427482159E-02      6.419242516282E-03
   64.300000      2.561106042396E-02      6.698498086318E-03
   64.400000      2.687067955245E-02      7.101183020660E-03
   64.500000      2.847332058209E-02      7.624898685999E-03
   64.600000      3.040475816726E-02      8.265079118342E-03
   64.700000      3.261482240335E-02      9.003044732507E-03
   64.800000      3.498172107728E-02      9.797371948079E-03
   64.900000      3.730540992905E-02      1.058358283268E-02
   65.000000      3.934100794470E-02      1.128412467907E-02
   65.100000      4.086043754629E-02      1.182658826957E-02
   65.200000      4.171789917749E-02      1.216464189659E-02
   65.300000      4.189858385603E-02      1.229457505526E-02
   65.400000      4.153740671508E-02      1.226129299531E-02
   65.500000      4.090170579100E-02      1.215079217980E-02
   65.600000      4.033931289518E-02      1.207047066430E-02
   65.700000      4.020039158564E-02      1.212257655782E-02
   65.800000      4.074699486216E-02      1.237831523325E-02
   65.900000      4.207127764655E-02      1.285990488105E-02
   66.000000      4.405666494082E-02      1.353534824826E-02
   66.100000      4.641502903084E-02      1.432681039095E-02
   66.200000      4.878256990290E-02      1.512958834821E-02
   66.300000      5.081685822251E-02      1.583595581833E-02
   66.400000      5.226336148067E-02      1.635737507936E-02
   66.500000      5.298863922209E-02      1.663971029964E-02
   66.600000      5.298358783567E-02      1.666857703951E-02
   66.700000      5.234140556738E-02      1.646493051677E-02
   66.800000      5.121688363617E-02      1.607354148463E-02
   66.900000      4.977679029798E-02      1.554850034061E-02
   67.000000      4.815618428992E-02      1.494008049190E-02
   67.100000      4.643638133125E-02      1.428631994699E-02
   67.200000      4.464970233268E-02      1.361095954517E-02
   67.300000      4.280295785294E-02      1.292742758674E-02
   67.400000      4.090846392719E-02      1.224685980554E-02
   67.500000      3.901331217450E-02      1.158704505746E-02
   67.600000      3.721863830827E-02      1.097891280744E-02
   67.700000      3.568184078880E-02      1.046781361927E-02
   67.800000      3.459670659509E-02      1.010829653456E-02
   67.900000      3.415118700865E-02      9.953042329056E-03
   68.000000      3.447302876739E-02      1.003855297644E-02
   68.100000      3.558234466963E-02      1.037153859718E-02
   68.200000      3.736709834275E-02      1.092022207339E-02
   68.300000      3.958828437683E-02      1.161382824165E-02
   68.400000      4.191637690450E-02      1.235152778225E-02
   68.500000      4.399309515729E-02      1.301957165489E-02
   68.600000      4.550084020936E-02      1.351298079607E-02
   68.700000      4.622169024554E-02      1.375666279654E-02
   68.800000      4.607532666159E-02      1.372072524345E-02
   68.900000      4.513105648863E-02      1.342615362451E-02
   69.000000      4.359290774709E-02      1.293953254820E-02
   69.100000      4.175995887995E-02      1.235832657399E-02
   69.200000      3.996803219347E-02      1.179050381942E-02
   69.300000      3.852526549144E-02      1.133332748666E-02
   69.400000      3.765773958328E-02      1.105579004809E-02
   69.500000      3.747287864611E-02      1.098775157555E-02
   69.600000      3.793962291006E-02      1.111698416263E-02
   69.700000      3.889211811082E-02      1.139362593989E-02
   69.800000      4.006750519478E-02      1.174038625755E-02
   69.900000      4.116671468190E-02      1.206629909895E-02
   70.000000      4.191177955181E-02      1.228175882679E-02
   70.100000      4.208672714603E-02      1.231277405312E-02
   70.200000      4.156247759633E-02      1.211266146268E-02
   70.300000      4.030914362334E-02      1.166969465045E-02
   70.400000      3.839804659052E-02      1.100956290784E-02
   70.500000      3.599435737290E-02      1.019199919632E-02
   70.600000      3.334007462465E-02      9.301712879946E-03
   70.700000      3.072546209680E-02      8.434795883568E-03
   70.800000      2.844656154663E-02      7.682851031951E-03
   70.900000      2.675024714102E-02      7.117854700546E-03
   71.000000      2.578049956070E-02      6.780857718014E-03
   71.100000      2.555122522764E-02      6.676901515287E-03
   71.200000      2.595727529841E-02      6.777143366194E-03
   71.300000      2.681354067788E-02      7.027549574252E-03
   71.400000      2.790417595556E-02      7.362087717667E-03
   71.500000      2.902754546191E-02      7.717466307346E-03
   71.600000      3.003216259053E-02      8.046278854553E-03
   71.700000      3.084197521229E-02      8.325890238224E-03
   71.800000      3.146713661592E-02      8.561417782287E-03
   71.900000      3.199751343061E-02      8.782472176376E-03
   72.000000      3.257986522092E-02      9.034629517385E-03
   72.100000      3.338210248638E-02      9.367606375310E-03
   72.200000      3.454919809554E-02      9.822616607307E-03
   72.300000      3.615964611132E-02      1.042138259039E-02
   72.400000      3.819809874122E-02      1.115886564062E-02
   72.500000      4.055397757223E-02      1.200111034607E-02
   72.600000      4.304065127545E-02      1.288876038929E-02
   72.700000      4.542780248415E-02      1.374585847925E-02
   72.800000      4.748103571497E-02      1.449257452997E-02
   72.900000      4.900155215418E-02      1.505966180822E-02
   73.000000      4.986017940123E-02      1.540190773187E-02
   73.100000      5.002190032036E-02      1.550778905814E-02
   73.200000      4.955745198305E-02      1.540304730170E-02
   73.300000      4.863883704341E-02      1.514694875287E-02
   73.400000      4.751710561017E-02      1.482144149067E-02
   73.500000      4.648174916110E-02      1.451500141098E-02
   73.600000      4.580032848760E-02      1.430430910578E-02
   73.700000      4.564346223432E-02      1.423764976341E-02
   73.800000      4.602923305329E-02      1.432382109548E-02
   73.900000      4.682403817698E-02      1.452932152175E-02
   74.000000      4.778541042993E-02      1.478485981966E-02
   74.100000      4.861982801656E-02      1.500014822877E-02
   74.200000      4.904322279611E-02      1.508397309779E-02
   74.300000      4.883660830314E-02      1.496513816453E-02
   74.400000      4.789059559205E-02      1.460942322743E-02
   74.500000      4.623152200772E-02      1.402841187478E-02
   74.600000      4.402251667954E-02      1.327787821213E-02
   74.700000      4.153626622942E-02      1.244602054478E-02
   74.800000      3.910066485969E-02      1.163452044476E-02
   74.900000      3.702557575323E-02      1.093737705883E-02
   75.000000      3.553343721187E-02      1.042304541184E-02
   75.100000      3.472437924750E-02      1.012433857306E-02
   75.200000      3.458118592604E-02      1.003813512397E-02
   75.300000      3.499779473187E-02      1.013393002726E-02
   75.400000      3.582117432438E-02      1.036764131642E-02
   75.500000      3.689735216841E-02      1.069567241047E-02
   75.600000      3.810902189169E-02      1.108448014354E-02
   75.700000      3.939155588084E-02      1.151274655995E-02
   75.800000      4.072064595546E-02      1.196612379055E-02
   75.900000      4.207592904265E-02      1.242746690428E-02
   76.000000      4.339563126098E-02      1.286742762052E-02
   76.100000      4.454845739078E-02      1.324043721613E-02
   76.200000      4.534829734605E-02      1.348924595045E-02
   76.300000      4.560703272255E-02      1.355787470372E-02
   76.400000      4.519668303705E-02      1.340927892271E-02
   76.500000      4.409884000521E-02      1.304162027344E-02
   76.600000      4.242947843402E-02      1.249679385031E-02
   76.700000      4.043278072367E-02      1.185696290122E-02
   76.800000      3.844259918149E-02      1.122861900107E-02
   76.900000      3.681524083923E-02      1.071782228127E-02
   77.000000      3.584185618896E-02      1.040337307729E-02
   77.100000      3.565492583304E-02      1.031567458278E-02
   77.200000      3.616667636915E-02      1.042761198630E-02
   77.300000      3.708948288912E-02      1.066034279552E-02
   77.400000      3.803000719466E-02      1.090256266817E-02
   77.500000      3.860085845693E-02      1.103796422602E-02
   77.600000      3.851073072513E-02      1.097344190208E-02
   77.700000      3.761998202600E-02      1.066072103624E-02
   77.800000      3.595972850770E-02      1.010633175684E-02
   77.900000      3.371706185025E-02      9.368357290207E-03
   78.000000      3.119201506090E-02      8.541975920961E-03
   78.100000      2.873406774960E-02      7.738402368392E-03
   78.200000      2.667134293173E-02      7.062798105082E-03
   78.300000      2.525534882720E-02      6.596055770488E-03
   78.400000      2.463319266572E-02      6.383582960284E-03
   78.500000      2.483640726776E-02      6.432072330035E-03
   78.600000      2.578051185644E-02      6.713433509573E-03
   78.700000      2.728270932550E-02      7.173963256881E-03
   78.800000      2.910351580818E-02      7.746461962166E-03
   78.900000      3.100197271938E-02      8.363114484689E-03
   79.000000      3.278462167494E-02      8.967218851308E-03
   79.100000      3.433649893601E-02      9.522078850346E-03
   79.200000      3.563274202674E-02      1.001561732645E-02
   79.300000      3.673234709817E-02      1.045971874864E-02
   79.400000      3.775456256986E-02      1.088414852870E-02
   79.500000      3.883652519691E-02      1.132609247446E-02
   79.600000      4.008054354661E-02      1.181762304671E-02
   79.700000      4.152467907043E-02      1.237427950100E-02
   79.800000      4.314178819220E-02      1.298802194238E-02
   79.900000      4.484362845366E-02      1.362687316749E-02
   80.000000      4.649258791498E-02      1.424172718669E-02
   80.100000      4.792950055807E-02      1.477857936919E-02
   80.200000      4.901480545585E-02      1.519257299667E-02
   80.300000      4.966894956760E-02      1.545949791822E-02
   80.400000      4.989561360586E-02      1.558110780318E-02
   80.500000      4.977923608538E-02      1.558265846739E-02
   80.600000      4.945837309375E-02      1.550368497170E-02
   80.700000      4.908198689017E-02      1.538525894103E-02
   80.800000      4.875699205176E-02      1.525799301786E-02
   80.900000      4.850920469643E-02      1.513456098266E-02
   81.000000      4.829102015917E-02      1.500873360818E-02
   81.100000      4.801846846841E-02      1.486059641198E-02
   81.200000      4.760416644136E-02      1.466559025444E-02
   81.300000      4.698140880974E-02      1.440401120893E-02
   81.400000      4.612059663477E-02      1.406790322584E-02
   81.500000      4.503644773941E-02      1.366362732239E-02
   81.600000      4.378450046840E-02      1.321014543505E-02
   81.700000      4.244854488195E-02      1.273447339518E-02
   81.800000      4.112413923362E-02      1.226633407789E-02
   81.900000      3.990369141367E-02      1.183370977323E-02
   82.000000      3.886510995262E-02      1.146008485087E-02
   82.100000      3.806413259704E-02      1.116321018655E-02
   82.200000      3.753288058666E-02      1.095466216213E-02
   82.300000      3.728300073268E-02      1.083949791266E-02
   82.400000      3.730543758456E-02      1.081579069681E-02
   82.500000      3.756718265332E-02      1.087440401210E-02
   82.600000      3.801234261987E-02      1.099964240303E-02
   82.700000      3.857106472902E-02      1.117120095062E-02
   82.800000      3.917320759572E-02      1.136723107638E-02
   82.900000      3.976074993218E-02      1.156770506248E-02
   83.000000      4.029438313361E-02      1.175699171576E-02
   83.100000      4.075302199079E-02      1.192484196067E-02
   83.200000      4.112827811372E-02      1.206569102304E-02
   83.300000      4.141745470939E-02      1.217693072990E-02
   83.400000      4.161834345287E-02      1.225718386222E-02
   83.500000      4.172924356357E-02      1.230541902934E-02
   83.600000      4.175419447045E-02      1.232108920092E-02
   83.700000      4.170525016389E-02      1.230472722196E-02
   83.800000      4.159676805801E-02      1.225802673604E-02
   83.900000      4.143523597421E-02      1.218265974462E-02
   84.000000      4.121086409682E-02      1.207789012817E-02
   84.100000      4.089378292642E-02      1.193804810010E-02
   84.200000      4.043540208657E-02      1.175156194780E-02
   84.300000      3.977692658321E-02      1.150303094942E-02
   84.400000      3.886668386804E-02      1.117867485074E-02
   84.500000      3.768334876901E-02      1.077380932940E-02
   84.600000      3.625760011293E-02      1.029953427910E-02
   84.700000      3.468368122237E-02      9.785374491726E-03
   84.800000      3.311331542033E-02      9.275613653189E-03
   84.900000      3.172569957341E-02      8.819321125291E-03
   85.000000      3.067474318644E-02      8.456769809415E-03
   85.100000      3.003042671416E-02      8.206936037254E-03
   85.200000      2.974652720092E-02      8.061071842419E-03
   85.300000      2.968053090536E-02      7.985590624479E-03
   85.400000      2.965429394564E-02      7.934214856475E-03
   85.500000      2.952209635759E-02      7.865721572028E-03
   85.600000      2.922291062454E-02      7.761146463906E-03
   85.700000      2.880537397648E-02      7.634050728891E-03
   85.800000      2.842045397050E-02      7.529644145845E-03
   85.900000      2.828256042306E-02      7.512447916850E-03
   86.000000      2.860579922910E-02      7.646335159071E-03
   86.100000      2.953215830248E-02      7.973637443526E-03
   86.200000      3.107836234700E-02      8.500458655456E-03
   86.300000      3.312436284747E-02      9.193195195289E-03
   86.400000      3.544834533366E-02      9.987307755707E-03
   86.500000      3.779278150316E-02      1.080510218917E-02
   86.600000      3.993498737572E-02      1.157626211594E-02
   86.700000      4.173829405083E-02      1.225423640542E-02
   86.800000      4.317109723164E-02      1.282347817763E-02
   86.900000      4.429271342253E-02      1.329612382931E-02
   87.000000      4.521351736882E-02      1.370053467042E-02
   87.100000      4.604385133313E-02      1.406673839051E-02
   87.200000      4.685198130638E-02      1.441431641339E-02
   87.300000      4.764853857426E-02      1.474668011189E-02
   87.400000      4.839803720605E-02      1.505276882039E-02
   87.500000      4.904414140728E-02      1.531422212551E-02
   87.600000      4.953596932437E-02      1.551418274179E-02
   87.700000      4.984748697264E-02      1.564371052300E-02
   87.800000      4.998449734381E-02      1.570325187774E-02
   87.900000      4.997615100235E-02      1.569900659717E-02
   88.000000      4.985277251024E-02      1.563635252595E-02
   88.100000      4.961855529806E-02      1.551380495071E-02
   88.200000      4.923464258476E-02      1.532080295580E-02
   88.300000      4.862723106625E-02      1.504101846791E-02
   88.400000      4.772035910404E-02      1.466050705846E-02
   88.500000      4.647751785582E-02      1.417779915767E-02
   88.600000      4.493428850043E-02      1.361185485151E-02
   88.700000      4.321007074527E-02      1.300417670655E-02
   88.800000      4.149315790021E-02      1.241321544509E-02
   88.900000      3.999998562100E-02      1.190188623396E-02
   89.000000      3.891750794030E-02      1.152159695456E-02
   89.100000      3.834569033870E-02      1.129775213105E-02
   89.200000      3.826148852781E-02      1.122164746025E-02
   89.300000      3.852222249292E-02      1.125194633539E-02
   89.400000      3.891058653568E-02      1.132602186819E-02
   89.500000      3.920282771014E-02      1.137825934000E-02
   89.600000      3.923509902976E-02      1.135998571350E-02
   89.700000      3.894998171650E-02      1.125486733884E-02
   89.800000      3.841335181801E-02      1.108474798451E-02
   89.900000      3.779831727567E-02      1.090370878840E-02
   90.000000      3.733893753061E-02      1.078177205517E-02
   90.100000      3.726198604019E-02      1.078298178716E-02
   90.200000      3.771083193533E-02      1.094447910178E-02
   90.300000      3.868528130844E-02      1.126299402515E-02
   90.400000      4.002900744092E-02      1.169292409315E-02
   90.500000      4.147599306566E-02      1.215658860310E-02
   90.600000      4.272969545166E-02      1.256351695646E-02
   90.700000      4.353970190666E-02      1.283297742565E-02
   90.800000      4.375612072638E-02      1.291321562507E-02
   90.900000      4.335455983474E-02      1.279220460737E-02
   91.000000      4.243096185340E-02      1.249755120240E-02
   91.100000      4.117034169917E-02      1.208652051123E-02
   91.200000      3.979786767968E-02      1.162982645431E-02
   91.300000      3.852423668726E-02      1.119411439420E-02
   91.400000      3.749883088657E-02      1.082772079191E-02
   91.500000      3.678308832569E-02      1.055268865413E-02
   91.600000      3.634949711488E-02      1.036386342433E-02
   91.700000      3.610075796277E-02      1.023396986139E-02
   91.800000      3.589995839586E-02      1.012242857657E-02
   91.900000      3.560350570271E-02      9.985465488572E-03
   92.000000      3.509043954083E-02      9.785557970855E-03
   92.100000      3.428474228516E-02      9.498991230899E-03
   92.200000      3.316949515831E-02      9.120862527076E-03
   92.300000      3.179267298558E-02      8.667125183528E-03
   92.400000      3.026443323244E-02      8.173354664346E-03
   92.500000      2.874540627183E-02      7.690123171521E-03
   92.600000      2.742534588042E-02      7.275371413241E-03
   92.700000      2.649285657171E-02      6.984911653173E-03
   92.800000      2.610067175935E-02      6.862904421777E-03
   92.900000      2.633450971171E-02      6.934458367973E-03
   93.000000      2.719503125042E-02      7.202147898732E-03
   93.100000      2.860213571381E-02      7.647219013009E-03
   93.200000      3.042085698703E-02      8.234860063439E-03
   93.300000      3.249516048401E-02      8.921676849456E-03
   93.400000      3.467630009086E-02      9.662965688902E-03
   93.500000      3.683930257311E-02      1.041779707422E-02
   93.600000      3.888659169802E-02      1.115113839608E-02
   93.700000      4.074219967954E-02      1.183369129646E-02
   93.800000      4.234369403097E-02      1.244110409477E-02
   93.900000      4.363957662345E-02      1.295427521972E-02
   94.000000      4.459632323936E-02      1.336158348482E-02
   94.100000      4.521288501227E-02      1.366250991060E-02
   94.200000      4.553489251847E-02      1.387091892409E-02
   94.300000      4.565955529862E-02      1.401582016648E-02
   94.400000      4.572587580998E-02      1.413798334711E-02
   94.500000      4.589059754889E-02      1.428216036436E-02
   94.600000      4.629336855433E-02      1.448637002934E-02
   94.700000      4.701727272623E-02      1.477105571642E-02
   94.800000      4.805686608199E-02      1.513136829267E-02
   94.900000      4.930735195714E-02      1.553512436834E-02
   95.000000      5.058163871152E-02      1.592736716552E-02
   95.100000      5.165097038984E-02      1.624051716100E-02
   95.200000      5.229503363153E-02      1.640756284366E-02
   95.300000      5.234560468834E-02      1.637512377046E-02
   95.400000      5.171429951683E-02      1.611361613213E-02
   95.500000      5.040242065694E-02      1.562285090961E-02
   95.600000      4.849561196596E-02      1.493266945764E-02
   95.700000      4.614903670456E-02      1.409919705318E-02
   95.800000      4.357022848324E-02      1.319774636237E-02
   95.900000      4.100288703105E-02      1.231340582880E-02
   96.000000      3.870686629242E-02      1.153019052029E-02
   96.100000      3.692546794726E-02      1.091963542092E-02
   96.200000      3.583732267709E-02      1.053003448056E-02
   96.300000      3.550813334631E-02      1.037805603442E-02
   96.400000      3.587050421660E-02      1.044482523950E-02
   96.500000      3.674195956368E-02      1.067830869705E-02
   96.600000      3.786868940585E-02      1.100270299611E-02
   96.700000      3.898105946997E-02      1.133365845537E-02
   96.800000      3.984873769535E-02      1.159614617491E-02
   96.900000      4.032415142399E-02      1.174043201206E-02
   97.000000      4.036590058689E-02      1.175166427968E-02
   97.100000      4.003863319048E-02      1.165022887398E-02
   97.200000      3.948968128868E-02      1.148282549922E-02
   97.300000      3.890646601740E-02      1.130718820353E-02
   97.400000      3.846430785910E-02      1.117538984906E-02
   97.500000      3.827996986612E-02      1.112094221037E-02
   97.600000      3.838728703371E-02      1.115330659802E-02
   97.700000      3.874248123351E-02      1.126056912188E-02
   97.800000      3.925344376553E-02      1.141801806814E-02
   97.900000      3.981914186364E-02      1.159837169432E-02
   98.000000      4.036147624001E-02      1.177922656425E-02
   98.100000      4.083647694501E-02      1.194497588718E-02
   98.200000      4.122278204876E-02      1.208324929987E-02
   98.300000      4.149580272510E-02      1.217862693793E-02
   98.400000      4.160298645194E-02      1.220778918967E-02
   98.500000      4.145656293809E-02      1.213973568616E-02
   98.600000      4.095165396279E-02      1.194243320381E-02
   98.700000      4.000358527948E-02      1.159418480609E-02
   98.800000      3.858938075917E-02      1.109547110006E-02
   98.900000      3.677768539222E-02      1.047613349266E-02
   99.000000      3.473502707722E-02      9.794020551984E-03
   99.100000      3.270223395396E-02      9.124203749583E-03
   99.200000      3.094091123877E-02      8.541465407719E-03
   99.300000      2.965629150028E-02      8.101557652685E-03
   99.400000      2.892619898782E-02      7.827576962894E-03
   99.500000      2.868647167706E-02      7.706268711829E-03
   99.600000      2.877500533045E-02      7.695666013441E-03
   99.700000      2.899997266709E-02      7.741438618679E-03
   99.800000      2.920575254557E-02      7.796228197523E-03
   99.900000      2.931966567324E-02      7.835282431401E-03
  100.000000      2.936878069258E-02      7.863231350761E-03
