# M=12, N=6, V0=0.0, V=-0.5, PBC
#  time (tJ)                 S₁(n=3)                 S₂(n=3)
    0.000000      0.000000000000E+00      0.000000000000E+00
    0.100000      7.210658145669E-03      1.648546898742E-03
    0.200000      2.326315789795E-02      6.280339696208E-03
    0.300000      4.348822021299E-02      1.303416848375E-02
    0.400000      6.422483517702E-02      2.071751214602E-02
    0.500000      8.259356119695E-02      2.809271436567E-02
    0.600000      9.667228977392E-02      3.415066364503E-02
    0.700000      1.055880553404E-01      3.830004692863E-02
    0.800000      1.094692653906E-01      4.043189406472E-02
    0.900000      1.092688685693E-01      4.085866950455E-02
    1.000000      1.064764958383E-01      4.016148701100E-02
    1.100000      1.027289556550E-01      3.899920933409E-02
    1.200000      9.949925853126E-02      3.793575655531E-02
    1.300000      9.782230580049E-02      3.732832385508E-02
    1.400000      9.781536088785E-02      3.729487787385E-02
    1.500000      9.888366245402E-02      3.775258379580E-02
    1.600000      1.003421775867E-01      3.849876494362E-02
    1.700000      1.016726246623E-01      3.929914778923E-02
    1.800000      1.026828380928E-01      3.995538338009E-02
    1.900000      1.034798621301E-01      4.033968982177E-02
    2.000000      1.040052350125E-01      4.040007732354E-02
    2.100000      1.040777137379E-01      4.014786352549E-02
    2.200000      1.035972755599E-01      3.963842047497E-02
    2.300000      1.025853257641E-01      3.895014742353E-02
    2.400000      1.011858090081E-01      3.816142158102E-02
    2.500000      9.965454392317E-02      3.732454240358E-02
    2.600000      9.825747155547E-02      3.643919337438E-02
    2.700000      9.689047819269E-02      3.543257075172E-02
    2.800000      9.502043065302E-02      3.415583876542E-02
    2.900000      9.198122320899E-02      3.240535601040E-02
    3.000000      8.711987887504E-02      2.997200221231E-02
    3.100000      7.992655518477E-02      2.671350900526E-02
    3.200000      7.019303398516E-02      2.263457841068E-02
    3.300000      5.820517735376E-02      1.795100665501E-02
    3.400000      4.489495153217E-02      1.311138562501E-02
    3.500000      3.193056508977E-02      8.756732695530E-03
    3.600000      2.176783535466E-02      5.614835702894E-03
    3.700000      1.759973040175E-02      4.347814954847E-03
    3.800000      2.117678140959E-02      5.390356196099E-03
    3.900000      3.166039024066E-02      8.824030336980E-03
    4.000000      4.710472618003E-02      1.432602320986E-02
    4.100000      6.506876615364E-02      2.121077177446E-02
    4.200000      8.300857503422E-02      2.855755533533E-02
    4.300000      9.870975906349E-02      3.539404747567E-02
    4.400000      1.105813221769E-01      4.089112482551E-02
    4.500000      1.178000262323E-01      4.452102100280E-02
    4.600000      1.203480532458E-01      4.614008797735E-02
    4.700000      1.189290763194E-01      4.597744089301E-02
    4.800000      1.147670520693E-01      4.453693720562E-02
    4.900000      1.093439445023E-01      4.244463625945E-02
    5.000000      1.040620537389E-01      4.028859935509E-02
    5.100000      9.982924050332E-02      3.849685465818E-02
    5.200000      9.699934693074E-02      3.728279447897E-02
    5.300000      9.556362378441E-02      3.666193912912E-02
    5.400000      9.533125578791E-02      3.651998792142E-02
    5.500000      9.610552631800E-02      3.669799656246E-02
    5.600000      9.754516750913E-02      3.706016713887E-02
    5.700000      9.928656963378E-02      3.752158846714E-02
    5.800000      1.011297226213E-01      3.803197989233E-02
    5.900000      1.029121698822E-01      3.853015767477E-02
    6.000000      1.043672789992E-01      3.889620823962E-02
    6.100000      1.050121313196E-01      3.892994735372E-02
    6.200000      1.042392605111E-01      3.837397826895E-02
    6.300000      1.014688415110E-01      3.698035006724E-02
    6.400000      9.632462329447E-02      3.459867263290E-02
    6.500000      8.879275907606E-02      3.125034358935E-02
    6.600000      7.929786585714E-02      2.715589856087E-02
    6.700000      6.865498126362E-02      2.270075538681E-02
    6.800000      5.791746753369E-02      1.835050508943E-02
    6.900000      4.823179927715E-02      1.454765253594E-02
    7.000000      4.056301325157E-02      1.162735336066E-02
    7.100000      3.550942881689E-02      9.778575930040E-03
    7.200000      3.347206762135E-02      9.056058661532E-03
    7.300000      3.472696015144E-02      9.427879178636E-03
    7.400000      3.906055934030E-02      1.083162746577E-02
    7.500000      4.575106449119E-02      1.321213460898E-02
    7.600000      5.425727298498E-02      1.652388134340E-02
    7.700000      6.422737512162E-02      2.069734447081E-02
    7.800000      7.532662162169E-02      2.558513310802E-02
    7.900000      8.703540859551E-02      3.091497192155E-02
    8.000000      9.859084567211E-02      3.627757429559E-02
    8.100000      1.089781163552E-01      4.116645959817E-02
    8.200000      1.170966855482E-01      4.506682280041E-02
    8.300000      1.221005844475E-01      4.756930033504E-02
    8.400000      1.236079450742E-01      4.847134149882E-02
    8.500000      1.217636169327E-01      4.783051867291E-02
    8.600000      1.171926219677E-01      4.595047917816E-02
    8.700000      1.108662766436E-01      4.330434295909E-02
    8.800000      1.039208913214E-01      4.042170913448E-02
    8.900000      9.744168803267E-02      3.777545062681E-02
    9.000000      9.229881894217E-02      3.570036775467E-02
    9.100000      8.926290311299E-02      3.436091784047E-02
    9.200000      8.889018098543E-02      3.376642679953E-02
    9.300000      9.053316282899E-02      3.381637992054E-02
    9.400000      9.325535163186E-02      3.435078716003E-02
    9.500000      9.630664214174E-02      3.518367848651E-02
    9.600000      9.912692862133E-02      3.611029707078E-02
    9.700000      1.012614174027E-01      3.689525223544E-02
    9.800000      1.022601838702E-01      3.726185805790E-02
    9.900000      1.015822462714E-01      3.690515046527E-02
   10.000000      9.862029980431E-02      3.554064905231E-02
   10.100000      9.287385439355E-02      3.298238450772E-02
   10.200000      8.417371135898E-02      2.922595979785E-02
   10.300000      7.285030759032E-02      2.450408314476E-02
   10.400000      5.983123317828E-02      1.928731864902E-02
   10.500000      4.662485812569E-02      1.421984810869E-02
   10.600000      3.510892054095E-02      1.000190910825E-02
   10.700000      2.722867498586E-02      7.248606857207E-03
   10.800000      2.459615089970E-02      6.362598768438E-03
   10.900000      2.805737802911E-02      7.454124285764E-03
   11.000000      3.691361207693E-02      1.032864955036E-02
   11.100000      4.912171115660E-02      1.454434675995E-02
   11.200000      6.251395734795E-02      1.952295514752E-02
   11.300000      7.535748846916E-02      2.468257875340E-02
   11.400000      8.653325538522E-02      2.955440294541E-02
   11.500000      9.554855948923E-02      3.385073936778E-02
   11.600000      1.024453565537E-01      3.746880003855E-02
   11.700000      1.076323160038E-01      4.043740632290E-02
   11.800000      1.116545799823E-01      4.283346752325E-02
   11.900000      1.148878351988E-01      4.470362819944E-02
   12.000000      1.172922444929E-01      4.602104468421E-02
   12.100000      1.185323647220E-01      4.669096167006E-02
   12.200000      1.181966611207E-01      4.659887377981E-02
   12.300000      1.159723590005E-01      4.567924563236E-02
   12.400000      1.118439866343E-01      4.397602459182E-02
   12.500000      1.061937309985E-01      4.166981660604E-02
   12.600000      9.980405891297E-02      3.905886654868E-02
   12.700000      9.379267585568E-02      3.649797188821E-02
   12.800000      8.947245760112E-02      3.431553321277E-02
   12.900000      8.735210895891E-02      3.273774460060E-02
   13.000000      8.702383793932E-02      3.184584477316E-02
   13.100000      8.795676031077E-02      3.157775908642E-02
   13.200000      8.960375467949E-02      3.176603126286E-02
   13.300000      9.140819358350E-02      3.218978620638E-02
   13.400000      9.286547775352E-02      3.261704257602E-02
   13.500000      9.355868675943E-02      3.282483118558E-02
   13.600000      9.311878177970E-02      3.260078021002E-02
   13.700000      9.116508843386E-02      3.174167906425E-02
   13.800000      8.731681910481E-02      3.006650782710E-02
   13.900000      8.123610826602E-02      2.745379638548E-02
   14.000000      7.272753879700E-02      2.389999119199E-02
   14.100000      6.195059768186E-02      1.958181895427E-02
   14.200000      4.963668544328E-02      1.489632930552E-02
   14.300000      3.721783397676E-02      1.045164341241E-02
   14.400000      2.680081051566E-02      6.991844899646E-03
   14.500000      2.093218599142E-02      5.259557376609E-03
   14.600000      2.207367817887E-02      5.823572345984E-03
   14.700000      3.123542693438E-02      8.917448813059E-03
   14.800000      4.668627197354E-02      1.434000121828E-02
   14.900000      6.551539910160E-02      2.145608784794E-02
   15.000000      8.480591144076E-02      2.930845531967E-02
   15.100000      1.020623937046E-01      3.681694369901E-02
   15.200000      1.154274419339E-01      4.301216107870E-02
   15.300000      1.238527981649E-01      4.723815408536E-02
   15.400000      1.271582705566E-01      4.926804538616E-02
   15.500000      1.259684418923E-01      4.930467053728E-02
   15.600000      1.215383492205E-01      4.787442342413E-02
   15.700000      1.154798269485E-01      4.565396858422E-02
   15.800000      1.094080687683E-01      4.328578050123E-02
   15.900000      1.045624964495E-01      4.123517893572E-02
   16.000000      1.013621758362E-01      3.972174289344E-02
   16.100000      9.943641618292E-02      3.873060780142E-02
   16.200000      9.822529361289E-02      3.808443631171E-02
   16.300000      9.727700485301E-02      3.754228298442E-02
   16.400000      9.644513545342E-02      3.689015808142E-02
   16.500000      9.563975204145E-02      3.599844792454E-02
   16.600000      9.442125776291E-02      3.483827958065E-02
   16.700000      9.258451425928E-02      3.346490875265E-02
   16.800000      9.012859142221E-02      3.198455386321E-02
   16.900000      8.720089442364E-02      3.051959611056E-02
   17.000000      8.409874752183E-02      2.917938680161E-02
   17.100000      8.124414995112E-02      2.803681806512E-02
   17.200000      7.907166826729E-02      2.710906543311E-02
   17.300000      7.766235369944E-02      2.634406760359E-02
   17.400000      7.654137921418E-02      2.561819022511E-02
   17.500000      7.507936401988E-02      2.475135781746E-02
   17.600000      7.266150485983E-02      2.354302316423E-02
   17.700000      6.879064788976E-02      2.182717898246E-02
   17.800000      6.320364335396E-02      1.953855744432E-02
   17.900000      5.600639769929E-02      1.677571674896E-02
   18.000000      4.784464981792E-02      1.384108644615E-02
   18.100000      4.001479982573E-02      1.123648712339E-02
   18.200000      3.441431993507E-02      9.599115895004E-03
   18.300000      3.329079342467E-02      9.578643653989E-03
   18.400000      3.823972158247E-02      1.167683013930E-02
   18.500000      4.951435905256E-02      1.608899502946E-02
   18.600000      6.594876279480E-02      2.259413629007E-02
   18.700000      8.520564071309E-02      3.053359087833E-02
   18.800000      1.046167338973E-01      3.889771613198E-02
   18.900000      1.215603200551E-01      4.651097563998E-02
   19.000000      1.339012615878E-01      5.227597088420E-02
   19.100000      1.402678437414E-01      5.541579685041E-02
   19.200000      1.402067442047E-01      5.564951187402E-02
   19.300000      1.342418934884E-01      5.325053305777E-02
   19.400000      1.238150714146E-01      4.896908458362E-02
   19.500000      1.110989988160E-01      4.383859405705E-02
   19.600000      9.869742576379E-02      3.891999639017E-02
   19.700000      8.913770972624E-02      3.505548361332E-02
   19.800000      8.390280875446E-02      3.269795228310E-02
   19.900000      8.299011619130E-02      3.185666484854E-02
   20.000000      8.536321589713E-02      3.216328263506E-02
   20.100000      8.939284503926E-02      3.302774885537E-02
   20.200000      9.311459483597E-02      3.383074307389E-02
   20.300000      9.509958434867E-02      3.409434428224E-02
   20.400000      9.472394774637E-02      3.358530136341E-02
   20.500000      9.208354251736E-02      3.233057036326E-02
   20.600000      8.781354904104E-02      3.055356171954E-02
   20.700000      8.279440361571E-02      2.856257500657E-02
   20.800000      7.785959333460E-02      2.663372056259E-02
   20.900000      7.357626311992E-02      2.492716798883E-02
   21.000000      7.014345847905E-02      2.346010651196E-02
   21.100000      6.735866083773E-02      2.213795524655E-02
   21.200000      6.476492056590E-02      2.082462225604E-02
   21.300000      6.191903616661E-02      1.942049801348E-02
   21.400000      5.858630161129E-02      1.791813535702E-02
   21.500000      5.487927285049E-02      1.641924835089E-02
   21.600000      5.127139957493E-02      1.511543977072E-02
   21.700000      4.848726907920E-02      1.424888939428E-02
   21.800000      4.735400461561E-02      1.407150865551E-02
   21.900000      4.879518710256E-02      1.481274071937E-02
   22.000000      5.334972146463E-02      1.665444346068E-02
   22.100000      6.083376240567E-02      1.970426277146E-02
   22.200000      7.087563455267E-02      2.396073320307E-02
   22.300000      8.291421868371E-02      2.927262088943E-02
   22.400000      9.616291741877E-02      3.530631929756E-02
   22.500000      1.095601986212E-01      4.154188327428E-02
   22.600000      1.217867304298E-01      4.731581480080E-02
   22.700000      1.314374721077E-01      5.191621767614E-02
   22.800000      1.372556739256E-01      5.471720678634E-02
   22.900000      1.384116419631E-01      5.532149399409E-02
   23.000000      1.347105527012E-01      5.367030126106E-02
   23.100000      1.266820220620E-01      5.008313273359E-02
   23.200000      1.155460643965E-01      4.520709013008E-02
   23.300000      1.030593465275E-01      3.988197934862E-02
   23.400000      9.123672316721E-02      3.495477162269E-02
   23.500000      8.198725778310E-02      3.109469963294E-02
   23.600000      7.670740741067E-02      2.866084485548E-02
   23.700000      7.595121278861E-02      2.765688674518E-02
   23.800000      7.851458882465E-02      2.777958476568E-02
   23.900000      8.235982589064E-02      2.853919530860E-02
   24.000000      8.585137767127E-02      2.941075453337E-02
   24.100000      8.788902976201E-02      2.996993624997E-02
   24.200000      8.797916205146E-02      2.997621698318E-02
   24.300000      8.618996503434E-02      2.938581482101E-02
   24.400000      8.299010609182E-02      2.830108596618E-02
   24.500000      7.900112644776E-02      2.688403457950E-02
   24.600000      7.472858346759E-02      2.527215264307E-02
   24.700000      7.037798140187E-02      2.353097617561E-02
   24.800000      6.592817582816E-02      2.166064446471E-02
   24.900000      6.134349033534E-02      1.964979648961E-02
   25.000000      5.663824914447E-02      1.754910620275E-02
   25.100000      5.187497618865E-02      1.552783424181E-02
   25.200000      4.752661917200E-02      1.388394307749E-02
   25.300000      4.451553336956E-02      1.299790080423E-02
   25.400000      4.407044522650E-02      1.324293501280E-02
   25.500000      4.749777221953E-02      1.488063131213E-02
   25.600000      5.535197242118E-02      1.797542735183E-02
   25.700000      6.661736068602E-02      2.235517353861E-02
   25.800000      7.971966335705E-02      2.763091891620E-02
   25.900000      9.303193662756E-02      3.327144993150E-02
   26.000000      1.051544056465E-01      3.871123140953E-02
   26.100000      1.151065870795E-01      4.345950173599E-02
   26.200000      1.223979069780E-01      4.717820654157E-02
   26.300000      1.269832247987E-01      4.970852562548E-02
   26.400000      1.290999325367E-01      5.104553126658E-02
   26.500000      1.291339691636E-01      5.127944370440E-02
   26.600000      1.274235123808E-01      5.053197923515E-02
   26.700000      1.240821253928E-01      4.891403416287E-02
   26.800000      1.191371054210E-01      4.651859108730E-02
   26.900000      1.126511642545E-01      4.344608786597E-02
   27.000000      1.048145165759E-01      3.984523628826E-02
   27.100000      9.605830206245E-02      3.594561752729E-02
   27.200000      8.711702032135E-02      3.206143070652E-02
   27.300000      7.902824269854E-02      2.855701551953E-02
   27.400000      7.298304524954E-02      2.577986850654E-02
   27.500000      6.961811928216E-02      2.398039149943E-02
   27.600000      6.894723937800E-02      2.324476544857E-02
   27.700000      7.052680826373E-02      2.346523726156E-02
   27.800000      7.353845443671E-02      2.436064800434E-02
   27.900000      7.692960945464E-02      2.554261882174E-02
   28.000000      7.973651261961E-02      2.660607007217E-02
   28.100000      8.122636376737E-02      2.721425381492E-02
   28.200000      8.096355069911E-02      2.715282149657E-02
   28.300000      7.881367961554E-02      2.634299721677E-02
   28.400000      7.490833923192E-02      2.482290038289E-02
   28.500000      6.958693002082E-02      2.271844168692E-02
   28.600000      6.332844479239E-02      2.022445661087E-02
   28.700000      5.669104465874E-02      1.760382629476E-02
   28.800000      5.032291495191E-02      1.519532411535E-02
   28.900000      4.509935739165E-02      1.340992552017E-02
   29.000000      4.215525994498E-02      1.269636514587E-02
   29.100000      4.285018213985E-02      1.346889653746E-02
   29.200000      4.866596064157E-02      1.600744251766E-02
   29.300000      5.956934811128E-02      2.035559614802E-02
   29.400000      7.419653307503E-02      2.625016167975E-02
   29.500000      9.072901518153E-02      3.311409947950E-02
   29.600000      1.069993290447E-01      4.013120907342E-02
   29.700000      1.209252374032E-01      4.639666265829E-02
   29.800000      1.309017945822E-01      5.110910119078E-02
   29.900000      1.360250704331E-01      5.374940514840E-02
   30.000000      1.361957475728E-01      5.418998020064E-02
   30.100000      1.320995787881E-01      5.269947756307E-02
   30.200000      1.250579002152E-01      4.984299024252E-02
   30.300000      1.167160379685E-01      4.631215219639E-02
   30.400000      1.086218339881E-01      4.274004283270E-02
   30.500000      1.018413219192E-01      3.955644417482E-02
   30.600000      9.666115084901E-02      3.692203154666E-02
   30.700000      9.267309893879E-02      3.475293929714E-02
   30.800000      8.916325006744E-02      3.281866430451E-02
   30.900000      8.550695707827E-02      3.087442636164E-02
   31.000000      8.146403470163E-02      2.878017146685E-02
   31.100000      7.707880611400E-02      2.656564155663E-02
   31.200000      7.262643698229E-02      2.442238372402E-02
   31.300000      6.865424788446E-02      2.263125119727E-02
   31.400000      6.581848441101E-02      2.145671263082E-02
   31.500000      6.462241799937E-02      2.104830708275E-02
   31.600000      6.520948513142E-02      2.138267040439E-02
   31.700000      6.734161245488E-02      2.226156709812E-02
   31.800000      7.036401807637E-02      2.336099782982E-02
   31.900000      7.333384698000E-02      2.431176054420E-02
   32.000000      7.521122273684E-02      2.478672144438E-02
   32.100000      7.524808011606E-02      2.457345955085E-02
   32.200000      7.318006169129E-02      2.361893949203E-02
   32.300000      6.924719703917E-02      2.204159575990E-02
   32.400000      6.413061485670E-02      2.011345391947E-02
   32.500000      5.879353946354E-02      1.821961426227E-02
   32.600000      5.430073929930E-02      1.680397577619E-02
   32.700000      5.177361596967E-02      1.630864575122E-02
   32.800000      5.240023952864E-02      1.711157888883E-02
   32.900000      5.718724228693E-02      1.946504167566E-02
   33.000000      6.619014075979E-02      2.343844372845E-02
   33.100000      7.874434327552E-02      2.887309906353E-02
   33.200000      9.365278261017E-02      3.536149509833E-02
   33.300000      1.092144798584E-01      4.226584277768E-02
   33.400000      1.236430636311E-01      4.878636204113E-02
   33.500000      1.352460317042E-01      5.407801612819E-02
   33.600000      1.425981287027E-01      5.739864689597E-02
   33.700000      1.447411608051E-01      5.825794338603E-02
   33.800000      1.413446631399E-01      5.653097337544E-02
   33.900000      1.328038463346E-01      5.250439976168E-02
   34.000000      1.202503102989E-01      4.683700605317E-02
   34.100000      1.054595190876E-01      4.043591513885E-02
   34.200000      9.066513741640E-02      3.427189282592E-02
   34.300000      7.828825107368E-02      2.917604850615E-02
   34.400000      7.026664427668E-02      2.566975234563E-02
   34.500000      6.705785186258E-02      2.387432276332E-02
   34.600000      6.786531141963E-02      2.352584387986E-02
   34.700000      7.110639615878E-02      2.408883935323E-02
   34.800000      7.478730740542E-02      2.493166747195E-02
   34.900000      7.732605779507E-02      2.550842787971E-02
   35.000000      7.784186674983E-02      2.549357312518E-02
   35.100000      7.618539317742E-02      2.483458693849E-02
   35.200000      7.284907598460E-02      2.371667949723E-02
   35.300000      6.877826420696E-02      2.246099838158E-02
   35.400000      6.509463617903E-02      2.139586808979E-02
   35.500000      6.282480874187E-02      2.074473208805E-02
   35.600000      6.262340736409E-02      2.056504752325E-02
   35.700000      6.403041295972E-02      2.075324381008E-02
   35.800000      6.590179912134E-02      2.110797806150E-02
   35.900000      6.734251621865E-02      2.142431279697E-02
   36.000000      6.787152512836E-02      2.158199389345E-02
   36.100000      6.751068574757E-02      2.159593271353E-02
   36.200000      6.674840497286E-02      2.161463038568E-02
   36.300000      6.637112960669E-02      2.187442589650E-02
   36.400000      6.722356179795E-02      2.263323701379E-02
   36.500000      6.999381216538E-02      2.410969166583E-02
   36.600000      7.489441479491E-02      2.644301795988E-02
   36.700000      8.180626810418E-02      2.967377002125E-02
   36.800000      9.044286534818E-02      3.373514828855E-02
   36.900000      1.003844999434E-01      3.844458492827E-02
   37.000000      1.110401259271E-01      4.349364782327E-02
   37.100000      1.215266950578E-01      4.844481773930E-02
   37.200000      1.307303641774E-01      5.274997775800E-02
   37.300000      1.374766495920E-01      5.580416815411E-02
   37.400000      1.406375767633E-01      5.703908405401E-02
   37.500000      1.392760290208E-01      5.604594177680E-02
   37.600000      1.328943054037E-01      5.270076396258E-02
   37.700000      1.216569035688E-01      4.725307140794E-02
   37.800000      1.065161526159E-01      4.033866733527E-02
   37.900000      8.922341143879E-02      3.289345705585E-02
   38.000000      7.219952183461E-02      2.597592192365E-02
   38.100000      5.825141282668E-02      2.053998348387E-02
   38.200000      5.004964866221E-02      1.722198811395E-02
   38.300000      4.905350260432E-02      1.620439512655E-02
   38.400000      5.381961345424E-02      1.719495884608E-02
   38.500000      6.164870628313E-02      1.952455816553E-02
   38.600000      6.993799322930E-02      2.233292779529E-02
   38.700000      7.657132071942E-02      2.478910204517E-02
   38.800000      8.018480467699E-02      2.628668627855E-02
   38.900000      8.030713292424E-02      2.656358953647E-02
   39.000000      7.734481588449E-02      2.571915869873E-02
   39.100000      7.242127589724E-02      2.413277612354E-02
   39.200000      6.709873571946E-02      2.231740580996E-02
   39.300000      6.296598514929E-02      2.075906413209E-02
   39.400000      6.102631283666E-02      1.979256762549E-02
   39.500000      6.127854198586E-02      1.954635401509E-02
   39.600000      6.306479515064E-02      1.996249397852E-02
   39.700000      6.562271569714E-02      2.087261014261E-02
   39.800000      6.832113344403E-02      2.209484536296E-02
   39.900000      7.088454452453E-02      2.351524718045E-02
   40.000000      7.350578182819E-02      2.512766287993E-02
   40.100000      7.679317938536E-02      2.702391073638E-02
   40.200000      8.134128818087E-02      2.934331018933E-02
   40.300000      8.733816579521E-02      3.220187624798E-02
   40.400000      9.469471503569E-02      3.562464853646E-02
   40.500000      1.030216580235E-01      3.950112723364E-02
   40.600000      1.116982946523E-01      4.357605922843E-02
   40.700000      1.199773436912E-01      4.747774681740E-02
   40.800000      1.270380372320E-01      5.077557476365E-02
   40.900000      1.320240225853E-01      5.305068020108E-02
   41.000000      1.342368401633E-01      5.396202250460E-02
   41.100000      1.332351726267E-01      5.329545423514E-02
   41.200000      1.288627640152E-01      5.099245396295E-02
   41.300000      1.212412953410E-01      4.716214922663E-02
   41.400000      1.107411660728E-01      4.208094545468E-02
   41.500000      9.802253523379E-02      3.617916910162E-02
   41.600000      8.407424696047E-02      3.000880351164E-02
   41.700000      7.021661068696E-02      2.418633986048E-02
   41.800000      5.807289993062E-02      1.931168143911E-02
   41.900000      4.947886056029E-02      1.587431433653E-02
   42.000000      4.579772363480E-02      1.416571716690E-02
   42.100000      4.696300121887E-02      1.421864994302E-02
   42.200000      5.193672759683E-02      1.579001970225E-02
   42.300000      5.926314582811E-02      1.839673122525E-02
   42.400000      6.720384616872E-02      2.140421587359E-02
   42.500000      7.411380052021E-02      2.415474412030E-02
   42.600000      7.877661826042E-02      2.610854122983E-02
   42.700000      8.059866400960E-02      2.696069869510E-02
   42.800000      7.966813244588E-02      2.669837316833E-02
   42.900000      7.666635058768E-02      2.557921521557E-02
   43.000000      7.267492076838E-02      2.403847861679E-02
   43.100000      6.891206030784E-02      2.255732915330E-02
   43.200000      6.640357023904E-02      2.153709659084E-02
   43.300000      6.564092127637E-02      2.121881462300E-02
   43.400000      6.655702450948E-02      2.166795214287E-02
   43.500000      6.876559135058E-02      2.281940041748E-02
   43.600000      7.194984768715E-02      2.455661748065E-02
   43.700000      7.611054063785E-02      2.678808492390E-02
   43.800000      8.147764035108E-02      2.948725784833E-02
   43.900000      8.810111156507E-02      3.267813568499E-02
   44.000000      9.596627815827E-02      3.637200901846E-02
   44.100000      1.048967654601E-01      4.048309999235E-02
   44.200000      1.143438039677E-01      4.476272888678E-02
   44.300000      1.232921781579E-01      4.878768717088E-02
   44.400000      1.304935453037E-01      5.201907750967E-02
   44.500000      1.347844346530E-01      5.391997588200E-02
   44.600000      1.353513350734E-01      5.409519906572E-02
   44.700000      1.318936826394E-01      5.240514533323E-02
   44.800000      1.246832797686E-01      4.901341050030E-02
   44.900000      1.145349228462E-01      4.435153790410E-02
   45.000000      1.026532195494E-01      3.901374842656E-02
   45.100000      9.043627820406E-02      3.361770378200E-02
   45.200000      7.922330550261E-02      2.867582909517E-02
   45.300000      6.994431315828E-02      2.451398079673E-02
   45.400000      6.294900146060E-02      2.125514110251E-02
   45.500000      5.821255521832E-02      1.886310494858E-02
   45.600000      5.537627979301E-02      1.722218723655E-02
   45.700000      5.371642643838E-02      1.621930077743E-02
   45.800000      5.285767754225E-02      1.579720048906E-02
   45.900000      5.284246180946E-02      1.596144178205E-02
   46.000000      5.400176158211E-02      1.674352095152E-02
   46.100000      5.674415241042E-02      1.814070207091E-02
   46.200000      6.121325866752E-02      2.006174882376E-02
   46.300000      6.697110146811E-02      2.230396573834E-02
   46.400000      7.309078645200E-02      2.457313115829E-02
   46.500000      7.859058077688E-02      2.654081249602E-02
   46.600000      8.263037768665E-02      2.792049076501E-02
   46.700000      8.464504134137E-02      2.853912813639E-02
   46.800000      8.446689778864E-02      2.838417735205E-02
   46.900000      8.237249752427E-02      2.761455463930E-02
   47.000000      7.905006797632E-02      2.653431584483E-02
   47.100000      7.547775426564E-02      2.553703089386E-02
   47.200000      7.269865714440E-02      2.503508576281E-02
   47.300000      7.178777293969E-02      2.538964995766E-02
   47.400000      7.393424832249E-02      2.685333395231E-02
   47.500000      7.964381500443E-02      2.953055573355E-02
   47.600000      8.830429631411E-02      3.335444454816E-02
   47.700000      9.900815018840E-02      3.807757973345E-02
   47.800000      1.106405129884E-01      4.327758902966E-02
   47.900000      1.219168351032E-01      4.838407505612E-02
   48.000000      1.314736087611E-01      5.273513708877E-02
   48.100000      1.380275217208E-01      5.566652747018E-02
   48.200000      1.405233796647E-01      5.662519366468E-02
   48.300000      1.382586826293E-01      5.528631567657E-02
   48.400000      1.310445683564E-01      5.164475470643E-02
   48.500000      1.193296299757E-01      4.605228454997E-02
   48.600000      1.042395708582E-01      3.918215600085E-02
   48.700000      8.749821132977E-02      3.192008018200E-02
   48.800000      7.123487288992E-02      2.520057856327E-02
   48.900000      5.769003764443E-02      1.982396392271E-02
   49.000000      4.881085950335E-02      1.629734759169E-02
   49.100000      4.571025157878E-02      1.474057863916E-02
   49.200000      4.787084214115E-02      1.488447230548E-02
   49.300000      5.300898261902E-02      1.616572353786E-02
   49.400000      5.871247808380E-02      1.789531035224E-02
   49.500000      6.321867434140E-02      1.945329663007E-02
   49.600000      6.557388105478E-02      2.045226780549E-02
   49.700000      6.571081514201E-02      2.082012978232E-02
   49.800000      6.438698603615E-02      2.077903923148E-02
   49.900000      6.294383328978E-02      2.073156479472E-02
   50.000000      6.281343975630E-02      2.109517328987E-02
   50.100000      6.509506811920E-02      2.214146792592E-02
   50.200000      6.997703282382E-02      2.389304287915E-02
   50.300000      7.644568863499E-02      2.611063359244E-02
   50.400000      8.283607860386E-02      2.837326754468E-02
   50.500000      8.768366322036E-02      3.022345024476E-02
   50.600000      9.005984274877E-02      3.132759677985E-02
   50.700000      8.976148908604E-02      3.159673221456E-02
   50.800000      8.736955806452E-02      3.122677322449E-02
   50.900000      8.417576746585E-02      3.064670427557E-02
   51.000000      8.200740930917E-02      3.039509466698E-02
   51.100000      8.255009736179E-02      3.096750924123E-02
   51.200000      8.627113532731E-02      3.268159410665E-02
   51.300000      9.295270036369E-02      3.559419159595E-02
   51.400000      1.019340124221E-01      3.948407479456E-02
   51.500000      1.121360025825E-01      4.389439506057E-02
   51.600000      1.220865972552E-01      4.821659323685E-02
   51.700000      1.302450066401E-01      5.179340634843E-02
   51.800000      1.353781310598E-01      5.402091070777E-02
   51.900000      1.366569207931E-01      5.443566125881E-02
   52.000000      1.336608115878E-01      5.278005541220E-02
   52.100000      1.263197125322E-01      4.904406686393E-02
   52.200000      1.148943741625E-01      4.348239043138E-02
   52.300000      1.000528252907E-01      3.660333192414E-02
   52.400000      8.294114549098E-02      2.912295291618E-02
   52.500000      6.521139003488E-02      2.187954061010E-02
   52.600000      4.898638018734E-02      1.571177096318E-02
   52.700000      3.682364483149E-02      1.131709493829E-02
   52.800000      3.121380587533E-02      9.119375029750E-03
   52.900000      3.264999276561E-02      9.180270242436E-03
   53.000000      3.950136798287E-02      1.118323887861E-02
   53.100000      4.939833093229E-02      1.450230919866E-02
   53.200000      5.993355523413E-02      1.834429122157E-02
   53.300000      6.913166543659E-02      2.193042942790E-02
   53.400000      7.571015536776E-02      2.466985539973E-02
   53.500000      7.918320554242E-02      2.627804968869E-02
   53.600000      7.982650603280E-02      2.680912285286E-02
   53.700000      7.855321681341E-02      2.659618433120E-02
   53.800000      7.666119630800E-02      2.612135370821E-02
   53.900000      7.550155430507E-02      2.585750544246E-02
   54.000000      7.606057080433E-02      2.613100890053E-02
   54.100000      7.840767264318E-02      2.704602877990E-02
   54.200000      8.189166986837E-02      2.848912476378E-02
   54.300000      8.562556399022E-02      3.020532184753E-02
   54.400000      8.887269784726E-02      3.191322687367E-02
   54.500000      9.130388644072E-02      3.341567846152E-02
   54.600000      9.314347167086E-02      3.466758298942E-02
   54.700000      9.501179391008E-02      3.578100687577E-02
   54.800000      9.736622919338E-02      3.697089278250E-02
   54.900000      1.005424349917E-01      3.846363533475E-02
   55.000000      1.047852547147E-01      4.039959976125E-02
   55.100000      1.100602396286E-01      4.275925773403E-02
   55.200000      1.159014276550E-01      4.533402292730E-02
   55.300000      1.214992319040E-01      4.775032382920E-02
   55.400000      1.258453430435E-01      4.954121513406E-02
   55.500000      1.279346475414E-01      5.024651479215E-02
   55.600000      1.270143807694E-01      4.951413698443E-02
   55.700000      1.226969568967E-01      4.717594432840E-02
   55.800000      1.149812382727E-01      4.328158487301E-02
   55.900000      1.042132130097E-01      3.808886898173E-02
   56.000000      9.104350589951E-02      3.202199727874E-02
   56.100000      7.635626167622E-02      2.561395177302E-02
   56.200000      6.126818322673E-02      1.944616575460E-02
   56.300000      4.717495127982E-02      1.409117175840E-02
   56.400000      3.578279500965E-02      1.005750931351E-02
   56.500000      2.902629743291E-02      7.734247063700E-03
   56.600000      2.801300304051E-02      7.335742520441E-03
   56.700000      3.250003750715E-02      8.853961038329E-03
   56.800000      4.140396202961E-02      1.203224863427E-02
   56.900000      5.312909306440E-02      1.637672344796E-02
   57.000000      6.579416825136E-02      2.121652194053E-02
   57.100000      7.749073941505E-02      2.581208517195E-02
   57.200000      8.663507131810E-02      2.949479229668E-02
   57.300000      9.222590084805E-02      3.180690629238E-02
   57.400000      9.397330670509E-02      3.260379519518E-02
   57.500000      9.232788356718E-02      3.208519641176E-02
   57.600000      8.838510079744E-02      3.073992215393E-02
   57.700000      8.365524709242E-02      2.921466138653E-02
   57.800000      7.974000666356E-02      2.814326334894E-02
   57.900000      7.798591118234E-02      2.798739766997E-02
   58.000000      7.901422671117E-02      2.893590440921E-02
   58.100000      8.264745078336E-02      3.088941615075E-02
   58.200000      8.832775189639E-02      3.352745160031E-02
   58.300000      9.518891033147E-02      3.642876181041E-02
   58.400000      1.020113803415E-01      3.920140419981E-02
   58.500000      1.077561163149E-01      4.158022287307E-02
   58.600000      1.120615469248E-01      4.346395794807E-02
   58.700000      1.150926894224E-01      4.488646812080E-02
   58.800000      1.172981868317E-01      4.593941950269E-02
   58.900000      1.190627776413E-01      4.668011629781E-02
   59.000000      1.203777236532E-01      4.706243732442E-02
   59.100000      1.208610661446E-01      4.691926864528E-02
   59.200000      1.199070941168E-01      4.600447446829E-02
   59.300000      1.167841645952E-01      4.407890216129E-02
   59.400000      1.109792343344E-01      4.100770916476E-02
   59.500000      1.023625009721E-01      3.683271623788E-02
   59.600000      9.125224675562E-02      3.179467715641E-02
   59.700000      7.840346234734E-02      2.630051967384E-02
   59.800000      6.492820789227E-02      2.085026839177E-02
   59.900000      5.215223014297E-02      1.594945959506E-02
   60.000000      4.142921153894E-02      1.203246635034E-02
   60.100000      3.400947913110E-02      9.412747264158E-03
   60.200000      3.075093579067E-02      8.263128161322E-03
   60.300000      3.162396044473E-02      8.618471863724E-03
   60.400000      3.621846627612E-02      1.038832755612E-02
   60.500000      4.405893436398E-02      1.336946657408E-02
   60.600000      5.428479864094E-02      1.725568025249E-02
   60.700000      6.557085764328E-02      2.165056615523E-02
   60.800000      7.667667226598E-02      2.609352549767E-02
   60.900000      8.652559604341E-02      3.010701352397E-02
   61.000000      9.420026022589E-02      3.326471100861E-02
   61.100000      9.904587236336E-02      3.526916195621E-02
   61.200000      1.007945283328E-01      3.601845448753E-02
   61.300000      9.963722582015E-02      3.563928825275E-02
   61.400000      9.622740053439E-02      3.447063128168E-02
   61.500000      9.160775243694E-02      3.299658088320E-02
   61.600000      8.706228825066E-02      3.174345533990E-02
   61.700000      8.392434499754E-02      3.116756939960E-02
   61.800000      8.333579718204E-02      3.156218209911E-02
   61.900000      8.602526306008E-02      3.300517059585E-02
   62.000000      9.188096704861E-02      3.535695902146E-02
   62.100000      9.944182526022E-02      3.830525952123E-02
   62.200000      1.072632600249E-01      4.144193487629E-02
   62.300000      1.142314004007E-01      4.434966266220E-02
   62.400000      1.196186640655E-01      4.667425562806E-02
   62.500000      1.230545706776E-01      4.816427960832E-02
   62.600000      1.244001267945E-01      4.867238790926E-02
   62.700000      1.236224583377E-01      4.812827749541E-02
   62.800000      1.207172501004E-01      4.650465225469E-02
   62.900000      1.156354301021E-01      4.379923550248E-02
   63.000000      1.082779007870E-01      4.004624374133E-02
   63.100000      9.861708883406E-02      3.535403829299E-02
   63.200000      8.684535810882E-02      2.994992991049E-02
   63.300000      7.351114773278E-02      2.420593912642E-02
   63.400000      5.959577748574E-02      1.862397211166E-02
   63.500000      4.649291314480E-02      1.377302657060E-02
   63.600000      3.592504222449E-02      1.018870998776E-02
   63.700000      2.981563167650E-02      8.260183618573E-03
   63.800000      2.973186279276E-02      8.137153250183E-03
   63.900000      3.490858370333E-02      9.687416433258E-03
   64.000000      4.341537244117E-02      1.252330543748E-02
   64.100000      5.329800392610E-02      1.609512066572E-02
   64.200000      6.291378635289E-02      1.982690161595E-02
   64.300000      7.112258250593E-02      2.325328520991E-02
   64.400000      7.744403619890E-02      2.611384445281E-02
   64.500000      8.201502077471E-02      2.837576702998E-02
   64.600000      8.540768419671E-02      3.018179901146E-02
   64.700000      8.838574295108E-02      3.174737497811E-02
   64.800000      9.158375133964E-02      3.324796356806E-02
   64.900000      9.512748725042E-02      3.473874534723E-02
   65.000000      9.855825765188E-02      3.613443639826E-02
   65.100000      1.011506164478E-01      3.725365049130E-02
   65.200000      1.022873550039E-01      3.790841739972E-02
   65.300000      1.016990075514E-01      3.800330658168E-02
   65.400000      9.961486197838E-02      3.760510823311E-02
   65.500000      9.680756655169E-02      3.695435712809E-02
   65.600000      9.451154758633E-02      3.641091220921E-02
   65.700000      9.389469743798E-02      3.635005024074E-02
   65.800000      9.539663354793E-02      3.704385633092E-02
   65.900000      9.911368723460E-02      3.856762972933E-02
   66.000000      1.046496700480E-01      4.076066739649E-02
   66.100000      1.111539556534E-01      4.325025504229E-02
   66.200000      1.174130886507E-01      4.552663014857E-02
   66.300000      1.220476915773E-01      4.704386761012E-02
   66.400000      1.238648990478E-01      4.732035827263E-02
   66.500000      1.220541565688E-01      4.601997469103E-02
   66.600000      1.162477073580E-01      4.300536447443E-02
   66.700000      1.065134759096E-01      3.836305548655E-02
   66.800000      9.330124535602E-02      3.240370614905E-02
   66.900000      7.742346558811E-02      2.563997384623E-02
   67.000000      6.011085113496E-02      1.874130496939E-02
   67.100000      4.305067362363E-02      1.246294862118E-02
   67.200000      2.837508494468E-02      7.548799635775E-03
   67.300000      1.857071842208E-02      4.615237984345E-03
   67.400000      1.641617702357E-02      4.033862055743E-03
   67.500000      2.285943085559E-02      5.840379431854E-03
   67.600000      3.521746440335E-02      9.699536909372E-03
   67.700000      5.053831272084E-02      1.494777931470E-02
   67.800000      6.615960551661E-02      2.071604899526E-02
   67.900000      7.987451642502E-02      2.610992307699E-02
   68.000000      9.013017375028E-02      3.040264626001E-02
   68.100000      9.618329776252E-02      3.318817234997E-02
   68.200000      9.814369229278E-02      3.445070165681E-02
   68.300000      9.689129819977E-02      3.453152956139E-02
   68.400000      9.387387707213E-02      3.400450917317E-02
   68.500000      9.082497279603E-02      3.349761337358E-02
   68.600000      8.947548960368E-02      3.351216671030E-02
   68.700000      9.079433990539E-02      3.429036245097E-02
   68.800000      9.429409469566E-02      3.576703722200E-02
   68.900000      9.873767775551E-02      3.761729230937E-02
   69.000000      1.027976271484E-01      3.938317396469E-02
   69.100000      1.054664869206E-01      4.063790931173E-02
   69.200000      1.063322960054E-01      4.113359703491E-02
   69.300000      1.056358308596E-01      4.088352880502E-02
   69.400000      1.038851362074E-01      4.015268278803E-02
   69.500000      1.018970953083E-01      3.936133875747E-02
   69.600000      1.006913619240E-01      3.893535762169E-02
   69.700000      1.011241464228E-01      3.915226188532E-02
   69.800000      1.035192926150E-01      4.003077536121E-02
   69.900000      1.074499030812E-01      4.129600238128E-02
   70.000000      1.115174731850E-01      4.243016857661E-02
   70.100000      1.139066438905E-01      4.279650549377E-02
   70.200000      1.130518442090E-01      4.180535270132E-02
   70.300000      1.079376118029E-01      3.907955338498E-02
   70.400000      9.827530040925E-02      3.457425080551E-02
   70.500000      8.455916540002E-02      2.861727408629E-02
   70.600000      6.801364633907E-02      2.185902670196E-02
   70.700000      5.042908623932E-02      1.514757704978E-02
   70.800000      3.396404988639E-02      9.364952761624E-03
   70.900000      2.100794555231E-02      5.266899597174E-03
   71.000000      1.417866764203E-02      3.360204463425E-03
   71.100000      1.593639655036E-02      3.835467151462E-03
   71.200000      2.521903839824E-02      6.557413656282E-03
   71.300000      3.907273239783E-02      1.110472510775E-02
   71.400000      5.503752329587E-02      1.684693922639E-02
   71.500000      7.106616247876E-02      2.304444056890E-02
   71.600000      8.552907519958E-02      2.895693158576E-02
   71.700000      9.721660935648E-02      3.394622565262E-02
   71.800000      1.053395666915E-01      3.756125265627E-02
   71.900000      1.095713819067E-01      3.959592756054E-02
   72.000000      1.100906443512E-01      4.011240021286E-02
   72.100000      1.075730691477E-01      3.942316961835E-02
   72.200000      1.031361126548E-01      3.802818616285E-02
   72.300000      9.822715325412E-02      3.651064414292E-02
   72.400000      9.434293741038E-02      3.540803134172E-02
   72.500000      9.242144351501E-02      3.508837331115E-02
   72.600000      9.283035023681E-02      3.566738570483E-02
   72.700000      9.537529016559E-02      3.699435094956E-02
   72.800000      9.929989430905E-02      3.871380232668E-02
   72.900000      1.036452408912E-01      4.038451305454E-02
   73.000000      1.072778834852E-01      4.161739015081E-02
   73.100000      1.093649840810E-01      4.218727108076E-02
   73.200000      1.096771439624E-01      4.208234304956E-02
   73.300000      1.085267184688E-01      4.147585600684E-02
   73.400000      1.066030411135E-01      4.063134115689E-02
   73.500000      1.047147550196E-01      3.977607956770E-02
   73.600000      1.034253713599E-01      3.898973559897E-02
   73.700000      1.025839490410E-01      3.815084915426E-02
   73.800000      1.012414150982E-01      3.696403654119E-02
   73.900000      9.821889054902E-02      3.506193522532E-02
   74.000000      9.255931081420E-02      3.214836103508E-02
   74.100000      8.380353834674E-02      2.813306376699E-02
   74.200000      7.215442732018E-02      2.321034312239E-02
   74.300000      5.852190991142E-02      1.785334519833E-02
   74.400000      4.444044014393E-02      1.272548221028E-02
   74.500000      3.192677095394E-02      8.538089428466E-03
   74.600000      2.330342100307E-02      5.898368574655E-03
   74.700000      2.093966687464E-02      5.189597227345E-03
   74.800000      2.542345971426E-02      6.510205462642E-03
   74.900000      3.507623744580E-02      9.677921775251E-03
   75.000000      4.793668231636E-02      1.428741128236E-02
   75.100000      6.216329434002E-02      1.979875732927E-02
   75.200000      7.626673170262E-02      2.563089630031E-02
   75.300000      8.913699631837E-02      3.123849620528E-02
   75.400000      1.000013171950E-01      3.616135137971E-02
   75.500000      1.083591548684E-01      4.004846671482E-02
   75.600000      1.139080991506E-01      4.266883487899E-02
   75.700000      1.164876592180E-01      4.392219795882E-02
   75.800000      1.161267562152E-01      4.385476744302E-02
   75.900000      1.131317815703E-01      4.267191014310E-02
   76.000000      1.081329080150E-01      4.073098994812E-02
   76.100000      1.020568102931E-01      3.849991597013E-02
   76.200000      9.604721808990E-02      3.648037218646E-02
   76.300000      9.133942237923E-02      3.511140889225E-02
   76.400000      8.894932813535E-02      3.467920120978E-02
   76.500000      8.973607545951E-02      3.525760430419E-02
   76.600000      9.384178726464E-02      3.669440614611E-02
   76.700000      9.992786524061E-02      3.864598827024E-02
   76.800000      1.062472865086E-01      4.065240456515E-02
   76.900000      1.113105821735E-01      4.223622751272E-02
   77.000000      1.140551205985E-01      4.300199189193E-02
   77.100000      1.139303177926E-01      4.271096843305E-02
   77.200000      1.109008576223E-01      4.131162938401E-02
   77.300000      1.053617947022E-01      3.892000938453E-02
   77.400000      9.799434174467E-02      3.576152231477E-02
   77.500000      8.957350979961E-02      3.209879489948E-02
   77.600000      8.075004113103E-02      2.817263364104E-02
   77.700000      7.184073873312E-02      2.417475767068E-02
   77.800000      6.294123348879E-02      2.025604945042E-02
   77.900000      5.411673038890E-02      1.655948318046E-02
   78.000000      4.562107359951E-02      1.325798082488E-02
   78.100000      3.807159725423E-02      1.057657117220E-02
   78.200000      3.254270639540E-02      8.784641998412E-03
   78.300000      3.047951853637E-02      8.155033164111E-03
   78.400000      3.287735667905E-02      8.898909437135E-03
   78.500000      3.948274824333E-02      1.109563503912E-02
   78.600000      4.933079239695E-02      1.464207601609E-02
   78.700000      6.110195041065E-02      1.924283071650E-02
   78.800000      7.346762000853E-02      2.445070219147E-02
   78.900000      8.529020630637E-02      2.974853275470E-02
   79.000000      9.570161717957E-02      3.464709903666E-02
   79.100000      1.040951574817E-01      3.876757496085E-02
   79.200000      1.101856811305E-01      4.188470312130E-02
   79.300000      1.140154904223E-01      4.392430319650E-02
   79.400000      1.158514231807E-01      4.492705110218E-02
   79.500000      1.159994061946E-01      4.500106964763E-02
   79.600000      1.146407953933E-01      4.428524157322E-02
   79.700000      1.118393078124E-01      4.293543052438E-02
   79.800000      1.077092662600E-01      4.113237458157E-02
   79.900000      1.025866884686E-01      3.909852299580E-02
   80.000000      9.714049070655E-02      3.710558938982E-02
   80.100000      9.242576137302E-02      3.545704592510E-02
   80.200000      8.975228619492E-02      3.443969678655E-02
   80.300000      8.961937210374E-02      3.425265523603E-02
   80.400000      9.192227466891E-02      3.493513764028E-02
   80.500000      9.615435748116E-02      3.632068510029E-02
   80.600000      1.013032857822E-01      3.804094563456E-02
   80.700000      1.060251162046E-01      3.958731017469E-02
   80.800000      1.089847783024E-01      4.041855372841E-02
   80.900000      1.090977910808E-01      4.008534704909E-02
   81.000000      1.057255179307E-01      3.833556570478E-02
   81.100000      9.879037198290E-02      3.517066683570E-02
   81.200000      8.878163745037E-02      3.084004310084E-02
   81.300000      7.665456661278E-02      2.578026763717E-02
   81.400000      6.362359457510E-02      2.052212969501E-02
   81.500000      5.094297391309E-02      1.559517284404E-02
   81.600000      3.976900900671E-02      1.145539451412E-02
   81.700000      3.117241863081E-02      8.448964474246E-03
   81.800000      2.612201683293E-02      6.808674987061E-03
   81.900000      2.548596112700E-02      6.667160982699E-03
   82.000000      2.981177706420E-02      8.067101185657E-03
   82.100000      3.854028942176E-02      1.095515556938E-02
   82.200000      5.042063587300E-02      1.516018331624E-02
   82.300000      6.412255634975E-02      2.037064290047E-02
   82.400000      7.831484512024E-02      2.613349369680E-02
   82.500000      9.169295347286E-02      3.189259525768E-02
   82.600000      1.030685780208E-01      3.706929919328E-02
   82.700000      1.115106406080E-01      4.116833559401E-02
   82.800000      1.164925176350E-01      4.387780475065E-02
   82.900000      1.179917216057E-01      4.513044813325E-02
   83.000000      1.164865299475E-01      4.510532740868E-02
   83.100000      1.128964422674E-01      4.416880249954E-02
   83.200000      1.084534322381E-01      4.277260605649E-02
   83.300000      1.044243165474E-01      4.133839154642E-02
   83.400000      1.016322558339E-01      4.016047610111E-02
   83.500000      1.001699369257E-01      3.935271529012E-02
   83.600000      9.969972496251E-02      3.885309366722E-02
   83.700000      9.975492366013E-02      3.848254749938E-02
   83.800000      9.992419763582E-02      3.803675549809E-02
   83.900000      9.972730522671E-02      3.737762951100E-02
   84.000000      9.876914724335E-02      3.649095938197E-02
   84.100000      9.707158694412E-02      3.548935426778E-02
   84.200000      9.504150142381E-02      3.456031883310E-02
   84.300000      9.327517402456E-02      3.387944041703E-02
   84.400000      9.229681298723E-02      3.352066092182E-02
   84.500000      9.227936793515E-02      3.339619130349E-02
   84.600000      9.274822725074E-02      3.324908621909E-02
   84.700000      9.256196257998E-02      3.270560497336E-02
   84.800000      9.048100339515E-02      3.137643616555E-02
   84.900000      8.559607302270E-02      2.897985171134E-02
   85.000000      7.751495786349E-02      2.545051922997E-02
   85.100000      6.650542346760E-02      2.099930176615E-02
   85.200000      5.355203357352E-02      1.610312748504E-02
   85.300000      4.031947339884E-02      1.142576877550E-02
   85.400000      2.901600387211E-02      7.691513229874E-03
   85.500000      2.211698399588E-02      5.545644978989E-03
   85.600000      2.149116371029E-02      5.434834728610E-03
   85.700000      2.774921628812E-02      7.530008958061E-03
   85.800000      3.973386236952E-02      1.170062515116E-02
   85.900000      5.548173074819E-02      1.753796557509E-02
   86.000000      7.282582016163E-02      2.441803985636E-02
   86.100000      8.984489161258E-02      3.159139279594E-02
   86.200000      1.049439447070E-01      3.828637393602E-02
   86.300000      1.169139736511E-01      4.381317741402E-02
   86.400000      1.249425671633E-01      4.765707730875E-02
   86.500000      1.285964060095E-01      4.954984319050E-02
   86.600000      1.278786557648E-01      4.950846167630E-02
   86.700000      1.232992293854E-01      4.783152975240E-02
   86.800000      1.158800297344E-01      4.504796389938E-02
   86.900000      1.070945165639E-01      4.182076521621E-02
   87.000000      9.875979598663E-02      3.881925655587E-02
   87.100000      9.262237810636E-02      3.658362142629E-02
   87.200000      8.972619620662E-02      3.541226724782E-02
   87.300000      9.025125568764E-02      3.530224241624E-02
   87.400000      9.350025703511E-02      3.596345020929E-02
   87.500000      9.794509581719E-02      3.690898380910E-02
   87.600000      1.016312795137E-01      3.760068115533E-02
   87.700000      1.031869383695E-01      3.760877471654E-02
   87.800000      1.019921066604E-01      3.673602032500E-02
   87.900000      9.820284843576E-02      3.506524060360E-02
   88.000000      9.264938961969E-02      3.291340411608E-02
   88.100000      8.658910929904E-02      3.070702802551E-02
   88.200000      8.138769651959E-02      2.882130152667E-02
   88.300000      7.816456290992E-02      2.743880257775E-02
   88.400000      7.680162092556E-02      2.647821349456E-02
   88.500000      7.603732616615E-02      2.562071881804E-02
   88.600000      7.435453435456E-02      2.442888683935E-02
   88.700000      7.049104096269E-02      2.252021650245E-02
   88.800000      6.381779311970E-02      1.973645954548E-02
   88.900000      5.458811804248E-02      1.624901343160E-02
   89.000000      4.403907365727E-02      1.256191371532E-02
   89.100000      3.432506222436E-02      9.409456232501E-03
   89.200000      2.818840866974E-02      7.580487070484E-03
   89.300000      2.808502428167E-02      7.722000635121E-03
   89.400000      3.474041648512E-02      1.017550893115E-02
   89.500000      4.737217840547E-02      1.488510871643E-02
   89.600000      6.412142795323E-02      2.139496436981E-02
   89.700000      8.245339970390E-02      2.893269171921E-02
   89.800000      9.998968720588E-02      3.655689524529E-02
   89.900000      1.148333707751E-01      4.333384936594E-02
   90.000000      1.256896560661E-01      4.850299116774E-02
   90.100000      1.319009494304E-01      5.159605259907E-02
   90.200000      1.334004084562E-01      5.248930518562E-02
   90.300000      1.306339385881E-01      5.138710444680E-02
   90.400000      1.244556498071E-01      4.875071176427E-02
   90.500000      1.160211124973E-01      4.519469131788E-02
   90.600000      1.066738933697E-01      4.137375301806E-02
   90.700000      9.784424138829E-02      3.787855537669E-02
   90.800000      9.091097881275E-02      3.515315202546E-02
   90.900000      8.673562033600E-02      3.344177964212E-02
   91.000000      8.570190273910E-02      3.276919111869E-02
   91.100000      8.756451718880E-02      3.295600230338E-02
   91.200000      9.110309167198E-02      3.366718923550E-02
   91.300000      9.487199064580E-02      3.448706088481E-02
   91.400000      9.764012518303E-02      3.500820810030E-02
   91.500000      9.849825260335E-02      3.491692135779E-02
   91.600000      9.699536335794E-02      3.405575492328E-02
   91.700000      9.319163723470E-02      3.244718795795E-02
   91.800000      8.761250551481E-02      3.027116741221E-02
   91.900000      8.111902907518E-02      2.780203980824E-02
   92.000000      7.470021934256E-02      2.532318220034E-02
   92.100000      6.914474475273E-02      2.304583188167E-02
   92.200000      6.464586340865E-02      2.105862619604E-02
   92.300000      6.096082975921E-02      1.932537746406E-02
   92.400000      5.757950018005E-02      1.773297945798E-02
   92.500000      5.398973535414E-02      1.617393498284E-02
   92.600000      5.001893751656E-02      1.463473946202E-02
   92.700000      4.605536190036E-02      1.325723942202E-02
   92.800000      4.310491953985E-02      1.234709861367E-02
   92.900000      4.257553725680E-02      1.231962862273E-02
   93.000000      4.564112913231E-02      1.359324251101E-02
   93.100000      5.272195309936E-02      1.645839243150E-02
   93.200000      6.363025012612E-02      2.095991273068E-02
   93.300000      7.742800628484E-02      2.683030230578E-02
   93.400000      9.250907017394E-02      3.350004704490E-02
   93.500000      1.070421122042E-01      4.019035420030E-02
   93.600000      1.192741365584E-01      4.606841751533E-02
   93.700000      1.278910569205E-01      5.042364523057E-02
   93.800000      1.322173979511E-01      5.281431617052E-02
   93.900000      1.322596585248E-01      5.314309340585E-02
   94.000000      1.286136900983E-01      5.164389361256E-02
   94.100000      1.222653743877E-01      4.879184641738E-02
   94.200000      1.144016517430E-01      4.517089428484E-02
   94.300000      1.061510825776E-01      4.134225914431E-02
   94.400000      9.839020887221E-02      3.775003982635E-02
   94.500000      9.173534991291E-02      3.468179298147E-02
   94.600000      8.662953409977E-02      3.227994710986E-02
   94.700000      8.344310989444E-02      3.058290443143E-02
   94.800000      8.211401556198E-02      2.956866890539E-02
   94.900000      8.217834776025E-02      2.917977573564E-02
   95.000000      8.331161157773E-02      2.932227150256E-02
   95.100000      8.522778935524E-02      2.984699714443E-02
   95.200000      8.748523659846E-02      3.053209124310E-02
   95.300000      8.941118217443E-02      3.108713901163E-02
   95.400000      9.016496257170E-02      3.119072099182E-02
   95.500000      8.897563078554E-02      3.055742499725E-02
   95.600000      8.534487169878E-02      2.901465475102E-02
   95.700000      7.920614631850E-02      2.656181982687E-02
   95.800000      7.101463433224E-02      2.338926270159E-02
   95.900000      6.173360451031E-02      1.984935789410E-02
   96.000000      5.265243318255E-02      1.638966926592E-02
   96.100000      4.500217036884E-02      1.346940322782E-02
   96.200000      3.967416254227E-02      1.148196306450E-02
   96.300000      3.731907923074E-02      1.070034390321E-02
   96.400000      3.850532570602E-02      1.125299589121E-02
   96.500000      4.361740444309E-02      1.312889593989E-02
   96.600000      5.214388004363E-02      1.620323770751E-02
   96.700000      6.289545993990E-02      2.027052277437E-02
   96.800000      7.486718539940E-02      2.507180897292E-02
   96.900000      8.720339809268E-02      3.030865338956E-02
   97.000000      9.911630959203E-02      3.564617108473E-02
   97.100000      1.098617735185E-01      4.071664616423E-02
   97.200000      1.187441280311E-01      4.513760266674E-02
   97.300000      1.251690615809E-01      4.855167517764E-02
   97.400000      1.287480958268E-01      5.068297366600E-02
   97.500000      1.293265368109E-01      5.139293545619E-02
   97.600000      1.270356465626E-01      5.071462782794E-02
   97.700000      1.223135706552E-01      4.885040356850E-02
   97.800000      1.158643875011E-01      4.613062336727E-02
   97.900000      1.085585488369E-01      4.294476224687E-02
   98.000000      1.012892852319E-01      3.966504814543E-02
   98.100000      9.478631740241E-02      3.658407584540E-02
   98.200000      8.946285992125E-02      3.388198038218E-02
   98.300000      8.545305440762E-02      3.162835450203E-02
   98.400000      8.273945332211E-02      2.981279922170E-02
   98.500000      8.089148899102E-02      2.838940059949E-02
   98.600000      7.944848001250E-02      2.731706989908E-02
   98.700000      7.825499010110E-02      2.658032015617E-02
   98.800000      7.737924020643E-02      2.618267828536E-02
   98.900000      7.702219528679E-02      2.611547357496E-02
   99.000000      7.733946082086E-02      2.631543072220E-02
   99.100000      7.823954028502E-02      2.663170402973E-02
   99.200000      7.921397860847E-02      2.682287143261E-02
   99.300000      7.933092718478E-02      2.659519016979E-02
   99.400000      7.767433918226E-02      2.567768900316E-02
   99.500000      7.367140171717E-02      2.391392786051E-02
   99.600000      6.729997785212E-02      2.134132972968E-02
   99.700000      5.918409517481E-02      1.823020986793E-02
   99.800000      5.051013298420E-02      1.506480991777E-02
   99.900000      4.285408203822E-02      1.246410771609E-02
  100.000000      3.800995689191E-02      1.105704187484E-02
