# M=12, N=6, max=1, V0=0.0, V=-0.25, PBC
#  time (tJ)                 S₁(n=1)                 S₂(n=1)
    0.000000     -4.440892098501E-16      1.554312234475E-15
    0.100000      1.141891835611E-03      2.290519788581E-04
    0.200000      3.767956935004E-03      8.735406859088E-04
    0.300000      7.159674982899E-03      1.815798951988E-03
    0.400000      1.070735470883E-02      2.891235479020E-03
    0.500000      1.390009939391E-02      3.926297728161E-03
    0.600000      1.637304040142E-02      4.776007017531E-03
    0.700000      1.793837517209E-02      5.351446639072E-03
    0.800000      1.858830533144E-02      5.631065509461E-03
    0.900000      1.846992097595E-02      5.654667567271E-03
    1.000000      1.783815810926E-02      5.503820656377E-03
    1.100000      1.699667491089E-02      5.275652518484E-03
    1.200000      1.623516775911E-02      5.057792236337E-03
    1.300000      1.575583894585E-02      4.910633802532E-03
    1.400000      1.561653212191E-02      4.859979071665E-03
    1.500000      1.576748301604E-02      4.899676102234E-03
    1.600000      1.610643458772E-02      5.001228901636E-03
    1.700000      1.651421757043E-02      5.126173394326E-03
    1.800000      1.688318519942E-02      5.237339784054E-03
    1.900000      1.713476235734E-02      5.306491762925E-03
    2.000000      1.722399425579E-02      5.317542668887E-03
    2.100000      1.713487875578E-02      5.265953268431E-03
    2.200000      1.687229333920E-02      5.155657761964E-03
    2.300000      1.645462382648E-02      4.994944709991E-03
    2.400000      1.590826979528E-02      4.792405701282E-03
    2.500000      1.526231684055E-02      4.553696677228E-03
    2.600000      1.453680284908E-02      4.279651194784E-03
    2.700000      1.372015228729E-02      3.966234842856E-03
    2.800000      1.276523075600E-02      3.606746010615E-03
    2.900000      1.161981838748E-02      3.196326678602E-03
    3.000000      1.025946421657E-02      2.738161895350E-03
    3.100000      8.713932927891E-03      2.249869814923E-03
    3.200000      7.089690749189E-03      1.767876603129E-03
    3.300000      5.584651191596E-03      1.347452097536E-03
    3.400000      4.484404179514E-03      1.056825373704E-03
    3.500000      4.113172375199E-03      9.653629651500E-04
    3.600000      4.691881795151E-03      1.127776327867E-03
    3.700000      6.200370613237E-03      1.568078004926E-03
    3.800000      8.463037499401E-03      2.267850759477E-03
    3.900000      1.122915836332E-02      3.162886069739E-03
    4.000000      1.417711838646E-02      4.150367568577E-03
    4.100000      1.694326503138E-02      5.105975768362E-03
    4.200000      1.919382442946E-02      5.907386001792E-03
    4.300000      2.068563492945E-02      6.458544421319E-03
    4.400000      2.130096022590E-02      6.708564320109E-03
    4.500000      2.106015528537E-02      6.660358203599E-03
    4.600000      2.011238844287E-02      6.366898093358E-03
    4.700000      1.870590468796E-02      5.916444598463E-03
    4.800000      1.714237768150E-02      5.411104594284E-03
    4.900000      1.572144316353E-02      4.944681608320E-03
    5.000000      1.467959755715E-02      4.585470999138E-03
    5.100000      1.413177856207E-02      4.367609484011E-03
    5.200000      1.405335016859E-02      4.291617029306E-03
    5.300000      1.432726172169E-02      4.331964471611E-03
    5.400000      1.480526232047E-02      4.447824442716E-03
    5.500000      1.534341155956E-02      4.593091383102E-03
    5.600000      1.581534046920E-02      4.723130046546E-03
    5.700000      1.611274086142E-02      4.797832664255E-03
    5.800000      1.614079660973E-02      4.782481804908E-03
    5.900000      1.581637284717E-02      4.648803793063E-03
    6.000000      1.507490410882E-02      4.378096289406E-03
    6.100000      1.388706011413E-02      3.966691606447E-03
    6.200000      1.228074479979E-02      3.432068782057E-03
    6.300000      1.036059548391E-02      2.816624607314E-03
    6.400000      8.316908160972E-03      2.186161605505E-03
    6.500000      6.417393747509E-03      1.621655411147E-03
    6.600000      4.974743741222E-03      1.205273595644E-03
    6.700000      4.277474047182E-03      1.003959320419E-03
    6.800000      4.482957487923E-03      1.055184546312E-03
    6.900000      5.560979473991E-03      1.359137437997E-03
    7.000000      7.331593714044E-03      1.879695489413E-03
    7.100000      9.521601579101E-03      2.553731089604E-03
    7.200000      1.184293507676E-02      3.305641106129E-03
    7.300000      1.405716249922E-02      4.062480609325E-03
    7.400000      1.600317188718E-02      4.765266015574E-03
    7.500000      1.759922123664E-02      5.373783979058E-03
    7.600000      1.882807960635E-02      5.864867777282E-03
    7.700000      1.971016601746E-02      6.226526805067E-03
    7.800000      2.026640106389E-02      6.451588726410E-03
    7.900000      2.048465862545E-02      6.534184746851E-03
    8.000000      2.032774887814E-02      6.470696219973E-03
    8.100000      1.977203281403E-02      6.264468638094E-03
    8.200000      1.883801765339E-02      5.931687464249E-03
    8.300000      1.760650050308E-02      5.505090578590E-03
    8.400000      1.622056846009E-02      5.032927223050E-03
    8.500000      1.487030959849E-02      4.572416107919E-03
    8.600000      1.375339133892E-02      4.179124283618E-03
    8.700000      1.301142068421E-02      3.895309988719E-03
    8.800000      1.268577990584E-02      3.740738463481E-03
    8.900000      1.272786197283E-02      3.708671163765E-03
    9.000000      1.302593398917E-02      3.768028300257E-03
    9.100000      1.342937210798E-02      3.870823912252E-03
    9.200000      1.377642808330E-02      3.962573573252E-03
    9.300000      1.392209309776E-02      3.992912993212E-03
    9.400000      1.375886734308E-02      3.924166383952E-03
    9.500000      1.322817639084E-02      3.736713613489E-03
    9.600000      1.232452165535E-02      3.431175776220E-03
    9.700000      1.109611502714E-02      3.028173710665E-03
    9.800000      9.645233570131E-03      2.566482498046E-03
    9.900000      8.129067410836E-03      2.099928419054E-03
   10.000000      6.757218033960E-03      1.692750057985E-03
   10.100000      5.774852081537E-03      1.412840389929E-03
   10.200000      5.418887026046E-03      1.322605598383E-03
   10.300000      5.858729452482E-03      1.468100884075E-03
   10.400000      7.144826319609E-03      1.868282906357E-03
   10.500000      9.171674633031E-03      2.507107060823E-03
   10.600000      1.170108402917E-02      3.331282735599E-03
   10.700000      1.442881816962E-02      4.255530602227E-03
   10.800000      1.704009821898E-02      5.175316331598E-03
   10.900000      1.925368725055E-02      5.984811332980E-03
   11.000000      2.085898438969E-02      6.596017647891E-03
   11.100000      2.174198684890E-02      6.954290771266E-03
   11.200000      2.189521838578E-02      7.046256162583E-03
   11.300000      2.140899756209E-02      6.898192220412E-03
   11.400000      2.044445280674E-02      6.565713373682E-03
   11.500000      1.919302739299E-02      6.118123203005E-03
   11.600000      1.783401686297E-02      5.622247016280E-03
   11.700000      1.650474079895E-02      5.130380336732E-03
   11.800000      1.528939427224E-02      4.675256510117E-03
   11.900000      1.422391780935E-02      4.272272851922E-03
   12.000000      1.331380951965E-02      3.926609342058E-03
   12.100000      1.255942463131E-02      3.641300273265E-03
   12.200000      1.197607233083E-02      3.422354550649E-03
   12.300000      1.159629403291E-02      3.278617199173E-03
   12.400000      1.145230409412E-02      3.216568818580E-03
   12.500000      1.154673874479E-02      3.232662889503E-03
   12.600000      1.182576396232E-02      3.307129642149E-03
   12.700000      1.217219750635E-02      3.402871465595E-03
   12.800000      1.242838617109E-02      3.471223256009E-03
   12.900000      1.243877821324E-02      3.463659420154E-03
   13.000000      1.209452163093E-02      3.346055772320E-03
   13.100000      1.136795929757E-02      3.110844233460E-03
   13.200000      1.032982485677E-02      2.782842496735E-03
   13.300000      9.144814644816E-03      2.416533274882E-03
   13.400000      8.043844816676E-03      2.085342213190E-03
   13.500000      7.275761215455E-03      1.865975713418E-03
   13.600000      7.051851519257E-03      1.822230974629E-03
   13.700000      7.507033795635E-03      1.992474676182E-03
   13.800000      8.681020055168E-03      2.383422545456E-03
   13.900000      1.048545774117E-02      2.970653313520E-03
   14.000000      1.270652492799E-02      3.704342329785E-03
   14.100000      1.508927722192E-02      4.517686822965E-03
   14.200000      1.739723128874E-02      5.335638541849E-03
   14.300000      1.943016719268E-02      6.082569766790E-03
   14.400000      2.102800223646E-02      6.688740848895E-03
   14.500000      2.207086163422E-02      7.096239100964E-03
   14.600000      2.247986543059E-02      7.265021257391E-03
   14.700000      2.222202959800E-02      7.178872826438E-03
   14.800000      2.132003562672E-02      6.849984574493E-03
   14.900000      1.986256610573E-02      6.320123447292E-03
   15.000000      1.800743545697E-02      5.656588076740E-03
   15.100000      1.597161957608E-02      4.942408750490E-03
   15.200000      1.400710089313E-02      4.262177789765E-03
   15.300000      1.236252451774E-02      3.686704044480E-03
   15.400000      1.121782772555E-02      3.260560625446E-03
   15.500000      1.060187829235E-02      2.996056802984E-03
   15.600000      1.040719677803E-02      2.875300763913E-03
   15.700000      1.047945818573E-02      2.859472702178E-03
   15.800000      1.067173519180E-02      2.902138377691E-03
   15.900000      1.087147746740E-02      2.962257260122E-03
   16.000000      1.101493939030E-02      3.012907807514E-03
   16.100000      1.108788007982E-02      3.043513600576E-03
   16.200000      1.111112288847E-02      3.055842082689E-03
   16.300000      1.111459539786E-02      3.056335037835E-03
   16.400000      1.111076484351E-02      3.048567124138E-03
   16.500000      1.108241217270E-02      3.029357201347E-03
   16.600000      1.099178664796E-02      2.990387861700E-03
   16.700000      1.080493819761E-02      2.924770737671E-03
   16.800000      1.051949717088E-02      2.835771256876E-03
   16.900000      1.018518162644E-02      2.743744483493E-03
   17.000000      9.910014975476E-03      2.687691378884E-03
   17.100000      9.850568435049E-03      2.719606585092E-03
   17.200000      1.018807485193E-02      2.892327808154E-03
   17.300000      1.108536642646E-02      3.244016354919E-03
   17.400000      1.260540097701E-02      3.783849073199E-03
   17.500000      1.463950342436E-02      4.483468396361E-03
   17.600000      1.694337446904E-02      5.277209720659E-03
   17.700000      1.921575363985E-02      6.071604501581E-03
   17.800000      2.115833770390E-02      6.761981201719E-03
   17.900000      2.252112189045E-02      7.252030872940E-03
   18.000000      2.313453460175E-02      7.471567751721E-03
   18.100000      2.292634726439E-02      7.388510243866E-03
   18.200000      2.192328802953E-02      7.012948177481E-03
   18.300000      2.023986324753E-02      6.393345259043E-03
   18.400000      1.805884786663E-02      5.606721286149E-03
   18.500000      1.560873651001E-02      4.745582753052E-03
   18.600000      1.314281345598E-02      3.904332973511E-03
   18.700000      1.092251527643E-02      3.167173519851E-03
   18.800000      9.202050064723E-03      2.598585847321E-03
   18.900000      8.176708941028E-03      2.236796425565E-03
   19.000000      7.871557661473E-03      2.090389278847E-03
   19.100000      8.166376018159E-03      2.138341106817E-03
   19.200000      8.883558185949E-03      2.333893687154E-03
   19.300000      9.814519312877E-03      2.612484164684E-03
   19.400000      1.074430282001E-02      2.903237028564E-03
   19.500000      1.148615077416E-02      3.142404438061E-03
   19.600000      1.191488441342E-02      3.286050720498E-03
   19.700000      1.198936840126E-02      3.318777267696E-03
   19.800000      1.175847567457E-02      3.255814243677E-03
   19.900000      1.134814827953E-02      3.137429934475E-03
   20.000000      1.092971272583E-02      3.016909962207E-03
   20.100000      1.067255499336E-02      2.945542213922E-03
   20.200000      1.069241860114E-02      2.959232697280E-03
   20.300000      1.102031935022E-02      3.070987947536E-03
   20.400000      1.160921474026E-02      3.271526341050E-03
   20.500000      1.236832378374E-02      3.537361619704E-03
   20.600000      1.320675671545E-02      3.842907604115E-03
   20.700000      1.407048340704E-02      4.171577972619E-03
   20.800000      1.495898768730E-02      4.521175907461E-03
   20.900000      1.591415537960E-02      4.901052703460E-03
   21.000000      1.698553863272E-02      5.321799816240E-03
   21.100000      1.818855960304E-02      5.781398805458E-03
   21.200000      1.947219742688E-02      6.253554153439E-03
   21.300000      2.070010924377E-02      6.683612783630E-03
   21.400000      2.165558704974E-02      6.995056123917E-03
   21.500000      2.209240469510E-02      7.105863460719E-03
   21.600000      2.180599946318E-02      6.950416135105E-03
   21.700000      2.068860517548E-02      6.500361837442E-03
   21.800000      1.876138747618E-02      5.777803026588E-03
   21.900000      1.618287245734E-02      4.856334207957E-03
   22.000000      1.323374156527E-02      3.849074867940E-03
   22.100000      1.028158678920E-02      2.886697268934E-03
   22.200000      7.733410631857E-03      2.091272570807E-03
   22.300000      5.979394405032E-03      1.552702919578E-03
   22.400000      5.268560476071E-03      1.313396236022E-03
   22.500000      5.555779173708E-03      1.364191817800E-03
   22.600000      6.605524138896E-03      1.651331331421E-03
   22.700000      8.107309307012E-03      2.091534913686E-03
   22.800000      9.738867377354E-03      2.590730326554E-03
   22.900000      1.122663985252E-02      3.061926362948E-03
   23.000000      1.238096239565E-02      3.438843618729E-03
   23.100000      1.310539217755E-02      3.683618948437E-03
   23.200000      1.339063398130E-02      3.788537479820E-03
   23.300000      1.330041469955E-02      3.772862231037E-03
   23.400000      1.295314146323E-02      3.676285304731E-03
   23.500000      1.250099128395E-02      3.550466644917E-03
   23.600000      1.210694243436E-02      3.449857999978E-03
   23.700000      1.192053007367E-02      3.422803877909E-03
   23.800000      1.205485237900E-02      3.503877947650E-03
   23.900000      1.256836676642E-02      3.708467999223E-03
   24.000000      1.345280678456E-02      4.030560179412E-03
   24.100000      1.462955292281E-02      4.444303141261E-03
   24.200000      1.596440926824E-02      4.909206769738E-03
   24.300000      1.730170969510E-02      5.377903178494E-03
   24.400000      1.849949524099E-02      5.804590534477E-03
   24.500000      1.945215251245E-02      6.151954347074E-03
   24.600000      2.009894020388E-02      6.394752973261E-03
   24.700000      2.042032681525E-02      6.519342312587E-03
   24.800000      2.042430983636E-02      6.519880089044E-03
   24.900000      2.012446577244E-02      6.393264148590E-03
   25.000000      1.951429577721E-02      6.135474410656E-03
   25.100000      1.855656103635E-02      5.741564309210E-03
   25.200000      1.720368453683E-02      5.210122494391E-03
   25.300000      1.543408164295E-02      4.551051583446E-03
   25.400000      1.328606177894E-02      3.793723962706E-03
   25.500000      1.088233478789E-02      2.991729216109E-03
   25.600000      8.440296878533E-03      2.220990247555E-03
   25.700000      6.262864862326E-03      1.569953574864E-03
   25.800000      4.698126416677E-03      1.123268843217E-03
   25.900000      4.044517926236E-03      9.429192720329E-04
   26.000000      4.431327228658E-03      1.052186408575E-03
   26.100000      5.755874175948E-03      1.427518484412E-03
   26.200000      7.716960011095E-03      2.001313677799E-03
   26.300000      9.931538379531E-03      2.675452717271E-03
   26.400000      1.203824944330E-02      3.342170786748E-03
   26.500000      1.375759296593E-02      3.906652515458E-03
   26.600000      1.492315771870E-02      4.305325005000E-03
   26.700000      1.549050782317E-02      4.515341027226E-03
   26.800000      1.552539160213E-02      4.553629640525E-03
   26.900000      1.517492373586E-02      4.467100721296E-03
   27.000000      1.462851540622E-02      4.317986956490E-03
   27.100000      1.407734950331E-02      4.169101536801E-03
   27.200000      1.368163299726E-02      4.072842878736E-03
   27.300000      1.355304600491E-02      4.065635677664E-03
   27.400000      1.375367844656E-02      4.167138116048E-03
   27.500000      1.430329035602E-02      4.381949191926E-03
   27.600000      1.518262803175E-02      4.701295518288E-03
   27.700000      1.632900140614E-02      5.103223823588E-03
   27.800000      1.763246034249E-02      5.551569023446E-03
   27.900000      1.893971798880E-02      5.995517396133E-03
   28.000000      2.006666951235E-02      6.372150015887E-03
   28.100000      2.082007825956E-02      6.613587230712E-03
   28.200000      2.102745183121E-02      6.658520902282E-03
   28.300000      2.056999766356E-02      6.465787235088E-03
   28.400000      1.941098491860E-02      6.026150705852E-03
   28.500000      1.761207507184E-02      5.368351379781E-03
   28.600000      1.533209309462E-02      4.556868723726E-03
   28.700000      1.280484506212E-02      3.681303555487E-03
   28.800000      1.029771832831E-02      2.839882327798E-03
   28.900000      8.067775183121E-03      2.121398517007E-03
   29.000000      6.336003077665E-03      1.590293896538E-03
   29.100000      5.273300443690E-03      1.278453700769E-03
   29.200000      4.965042990500E-03      1.185092058511E-03
   29.300000      5.352644656252E-03      1.283636026713E-03
   29.400000      6.258147988049E-03      1.532621791225E-03
   29.500000      7.474653979331E-03      1.886881218755E-03
   29.600000      8.829702205966E-03      2.305856916985E-03
   29.700000      1.020892848493E-02      2.757407278517E-03
   29.800000      1.155136163061E-02      3.217305343821E-03
   29.900000      1.283048782630E-02      3.666103311066E-03
   30.000000      1.402578961154E-02      4.085649808955E-03
   30.100000      1.509230132008E-02      4.457206844930E-03
   30.200000      1.596177432211E-02      4.762088667686E-03
   30.300000      1.657265880772E-02      4.984529373734E-03
   30.400000      1.689222978410E-02      5.115572015763E-03
   30.500000      1.692627675612E-02      5.156453459496E-03
   30.600000      1.672087009397E-02      5.120244350867E-03
   30.700000      1.635734950134E-02      5.031158779395E-03
   30.800000      1.594130914087E-02      4.921640639274E-03
   30.900000      1.558707807709E-02      4.827796197921E-03
   31.000000      1.540039916433E-02      4.783884385241E-03
   31.100000      1.546282167325E-02      4.816494845841E-03
   31.200000      1.581866604618E-02      4.938940631734E-03
   31.300000      1.646060846345E-02      5.146445539798E-03
   31.400000      1.731327622473E-02      5.412958928030E-03
   31.500000      1.822934329071E-02      5.690748409461E-03
   31.600000      1.900794784811E-02      5.914032640070E-03
   31.700000      1.942465155786E-02      6.007535146719E-03
   31.800000      1.926610139293E-02      5.899817899427E-03
   31.900000      1.836836897699E-02      5.539713890362E-03
   32.000000      1.665525288013E-02      4.912553937794E-03
   32.100000      1.417029039512E-02      4.051810720388E-03
   32.200000      1.109579792935E-02      3.041869991547E-03
   32.300000      7.753774822754E-03      2.009188145024E-03
   32.400000      4.587531627614E-03      1.101910840897E-03
   32.500000      2.131358531976E-03      4.613972283940E-04
   32.600000      9.832348335412E-04      1.919770138870E-04
   32.700000      1.627082841134E-03      3.366281709412E-04
   32.800000      3.766019735881E-03      8.654459928419E-04
   32.900000      6.733891748175E-03      1.680783258375E-03
   33.000000      9.941877422108E-03      2.638515881937E-03
   33.100000      1.289370987891E-02      3.580324172464E-03
   33.200000      1.522313964438E-02      4.368626428942E-03
   33.300000      1.672886624054E-02      4.914961952357E-03
   33.400000      1.738648372249E-02      5.194537046468E-03
   33.500000      1.733235262743E-02      5.243748693210E-03
   33.600000      1.682235531033E-02      5.142480943168E-03
   33.700000      1.617545005264E-02      4.987237396095E-03
   33.800000      1.570265998619E-02      4.863399813790E-03
   33.900000      1.556400107216E-02      4.824469529316E-03
   34.000000      1.574538665036E-02      4.883340919151E-03
   34.100000      1.615281411201E-02      5.016533566446E-03
   34.200000      1.664622200063E-02      5.178299726360E-03
   34.300000      1.707905569310E-02      5.318906728591E-03
   34.400000      1.734091711196E-02      5.400872261371E-03
   34.500000      1.738486981788E-02      5.408436611267E-03
   34.600000      1.722999296203E-02      5.348351374827E-03
   34.700000      1.694249009797E-02      5.243067650903E-03
   34.800000      1.660582067142E-02      5.119612394016E-03
   34.900000      1.629093890330E-02      4.998264094082E-03
   35.000000      1.603251952243E-02      4.884560924487E-03
   35.100000      1.580741160949E-02      4.766658386600E-03
   35.200000      1.552484042442E-02      4.618279932483E-03
   35.300000      1.505759163391E-02      4.406069368476E-03
   35.400000      1.428667757850E-02      4.099362161587E-03
   35.500000      1.313180499154E-02      3.680218513900E-03
   35.600000      1.157349148365E-02      3.151768730956E-03
   35.700000      9.670659503596E-03      2.543258492202E-03
   35.800000      7.573394535452E-03      1.910536393032E-03
   35.900000      5.530118511894E-03      1.331169889969E-03
   36.000000      3.887260966802E-03      8.940745687993E-04
   36.100000      3.057451081341E-03      6.845930535786E-04
   36.200000      3.361192814321E-03      7.672524213849E-04
   36.300000      4.810717206186E-03      1.169610477798E-03
   36.400000      7.187619845526E-03      1.871185018028E-03
   36.500000      1.017253997304E-02      2.801027665465E-03
   36.600000      1.337377415353E-02      3.845914170712E-03
   36.700000      1.638072898171E-02      4.868635431136E-03
   36.800000      1.882959593077E-02      5.733121789828E-03
   36.900000      2.045455776733E-02      6.330948026879E-03
   37.000000      2.112314763910E-02      6.602901242573E-03
   37.100000      2.085297334462E-02      6.550151898248E-03
   37.200000      1.980678212558E-02      6.232032791334E-03
   37.300000      1.826560173804E-02      5.750862597389E-03
   37.400000      1.658306376391E-02      5.227663471564E-03
   37.500000      1.512605974691E-02      4.774987836456E-03
   37.600000      1.420139460120E-02      4.473660096761E-03
   37.700000      1.395788416580E-02      4.358885149139E-03
   37.800000      1.431996929863E-02      4.418332914678E-03
   37.900000      1.506082344797E-02      4.601397892541E-03
   38.000000      1.591841563537E-02      4.835917934564E-03
   38.100000      1.665986322100E-02      5.047064167360E-03
   38.200000      1.711322896434E-02      5.173253801562E-03
   38.300000      1.718010568589E-02      5.175593066523E-03
   38.400000      1.683138914600E-02      5.039861370984E-03
   38.500000      1.609079160361E-02      4.772500232991E-03
   38.600000      1.501386664634E-02      4.393649375435E-03
   38.700000      1.367077751827E-02      3.930519509605E-03
   38.800000      1.213812110399E-02      3.413370872769E-03
   38.900000      1.050025455653E-02      2.874621216933E-03
   39.000000      8.856873630589E-03      2.349919352275E-03
   39.100000      7.332620260692E-03      1.879082515878E-03
   39.200000      6.082368633164E-03      1.504935317649E-03
   39.300000      5.278491752176E-03      1.269165224422E-03
   39.400000      5.064375051535E-03      1.205810412552E-03
   39.500000      5.504652805918E-03      1.334260240870E-03
   39.600000      6.582001107861E-03      1.654136631194E-03
   39.700000      8.194196088384E-03      2.143926166948E-03
   39.800000      1.015982083525E-02      2.763950156349E-03
   39.900000      1.227183423013E-02      3.462730075887E-03
   40.000000      1.434559775953E-02      4.184679905055E-03
   40.100000      1.624002072661E-02      4.876818898821E-03
   40.200000      1.786190473615E-02      5.492941954896E-03
   40.300000      1.915708577410E-02      5.995055891112E-03
   40.400000      2.008635470726E-02      6.353234877336E-03
   40.500000      2.059927427098E-02      6.545710481392E-03
   40.600000      2.064153391687E-02      6.560645734069E-03
   40.700000      2.018682008607E-02      6.399793879603E-03
   40.800000      1.926295828575E-02      6.082700044544E-03
   40.900000      1.796739235513E-02      5.649037280320E-03
   41.000000      1.647135985029E-02      5.156668541938E-03
   41.100000      1.500893950251E-02      4.674222441684E-03
   41.200000      1.383529775548E-02      4.268955255679E-03
   41.300000      1.312763783880E-02      3.992665116910E-03
   41.400000      1.292008863855E-02      3.869601480803E-03
   41.500000      1.314507270729E-02      3.890145398033E-03
   41.600000      1.366069994211E-02      4.012509485861E-03
   41.700000      1.426597288640E-02      4.172330406946E-03
   41.800000      1.474273563374E-02      4.297639238079E-03
   41.900000      1.490491521503E-02      4.325141043716E-03
   42.000000      1.463256425148E-02      4.213543032233E-03
   42.100000      1.388741317403E-02      3.950855365771E-03
   42.200000      1.271201840798E-02      3.554653841109E-03
   42.300000      1.121667604623E-02      3.066438248583E-03
   42.400000      9.560318411353E-03      2.542665654874E-03
   42.500000      7.932054396275E-03      2.045341236338E-03
   42.600000      6.537368291606E-03      1.634266647181E-03
   42.700000      5.584410796891E-03      1.361673174737E-03
   42.800000      5.251823940940E-03      1.268691245212E-03
   42.900000      5.635796245053E-03      1.382492557202E-03
   43.000000      6.729904637005E-03      1.713191853585E-03
   43.100000      8.446566644797E-03      2.250501568471E-03
   43.200000      1.063442749752E-02      2.961189418927E-03
   43.300000      1.309171867258E-02      3.789029999148E-03
   43.400000      1.558634728729E-02      4.658782851215E-03
   43.500000      1.788163232958E-02      5.484734563136E-03
   43.600000      1.976466618611E-02      6.182845160809E-03
   43.700000      2.107338031077E-02      6.684115298833E-03
   43.800000      2.171738994045E-02      6.946024075848E-03
   43.900000      2.168827613885E-02      6.959126131914E-03
   44.000000      2.105686827570E-02      6.747108714680E-03
   44.100000      1.995767624557E-02      6.360394566131E-03
   44.200000      1.856372909949E-02      5.865125928066E-03
   44.300000      1.705834106106E-02      5.330492843203E-03
   44.400000      1.561114869972E-02      4.817524588120E-03
   44.500000      1.436127796100E-02      4.371649436729E-03
   44.600000      1.340380113983E-02      4.019889203509E-03
   44.700000      1.277632077276E-02      3.772040632124E-03
   44.800000      1.245736568649E-02      3.624150671347E-03
   44.900000      1.238685191532E-02      3.562352856407E-03
   45.000000      1.248931221068E-02      3.565703266639E-03
   45.100000      1.268320663278E-02      3.607721528674E-03
   45.200000      1.288073247829E-02      3.657401264727E-03
   45.300000      1.298753847571E-02      3.681017499973E-03
   45.400000      1.290917394171E-02      3.645853207553E-03
   45.500000      1.256667907363E-02      3.526053308791E-03
   45.600000      1.191804721887E-02      3.309571040433E-03
   45.700000      1.097866847224E-02      3.004150133122E-03
   45.800000      9.833693770209E-03      2.639983773442E-03
   45.900000      8.636564047447E-03      2.267334651319E-03
   46.000000      7.589430816576E-03      1.948833943929E-03
   46.100000      6.904874527818E-03      1.747906138205E-03
   46.200000      6.758625464745E-03      1.716143158077E-03
   46.300000      7.252586801028E-03      1.882930608957E-03
   46.400000      8.393289030815E-03      2.249994223399E-03
   46.500000      1.007725919501E-02      2.791996107006E-03
   46.600000      1.211183412301E-02      3.462433464551E-03
   46.700000      1.427716038168E-02      4.202577429383E-03
   46.800000      1.637540697337E-02      4.950591339776E-03
   46.900000      1.825147769135E-02      5.648470762107E-03
   47.000000      1.979629799184E-02      6.245789711599E-03
   47.100000      2.093962888791E-02      6.700816043341E-03
   47.200000      2.163533844762E-02      6.980678130859E-03
   47.300000      2.184384890558E-02      7.062430074622E-03
   47.400000      2.152878887086E-02      6.936001575431E-03
   47.500000      2.067868050131E-02      6.608530769399E-03
   47.600000      1.933454202403E-02      6.108176199436E-03
   47.700000      1.760602117597E-02      5.484900993232E-03
   47.800000      1.567228797656E-02      4.806300852153E-03
   47.900000      1.376623322821E-02      4.148164513622E-03
   48.000000      1.213616761238E-02      3.581483215813E-03
   48.100000      1.097360797293E-02      3.159217835192E-03
   48.200000      1.034407238342E-02      2.906593214828E-03
   48.300000      1.019831810111E-02      2.817778044428E-03
   48.400000      1.041943322247E-02      2.859842501262E-03
   48.500000      1.085516667653E-02      2.982603094760E-03
   48.600000      1.134688317872E-02      3.131218135540E-03
   48.700000      1.175819268854E-02      3.257815421442E-03
   48.800000      1.199513249846E-02      3.329179564735E-03
   48.900000      1.201240762754E-02      3.329249216529E-03
   49.000000      1.180709334506E-02      3.257157727387E-03
   49.100000      1.140633104688E-02      3.123000335819E-03
   49.200000      1.085679901841E-02      2.943876067696E-03
   49.300000      1.022097119137E-02      2.741952819341E-03
   49.400000      9.579707632226E-03      2.544760534146E-03
   49.500000      9.035543288889E-03      2.386363525563E-03
   49.600000      8.710163057386E-03      2.307218238629E-03
   49.700000      8.734355115720E-03      2.350780518369E-03
   49.800000      9.232735069740E-03      2.556199389198E-03
   49.900000      1.029953047761E-02      2.948211237667E-03
   50.000000      1.195329011055E-02      3.526914852107E-03
   50.100000      1.408805526449E-02      4.260825033121E-03
   50.200000      1.648012284353E-02      5.086138650258E-03
   50.300000      1.884376604519E-02      5.913593625121E-03
   50.400000      2.088765936166E-02      6.642143491063E-03
   50.500000      2.236039001546E-02      7.176619057194E-03
   50.600000      2.308557488312E-02      7.445287920709E-03
   50.700000      2.298434349610E-02      7.413160212111E-03
   50.800000      2.208298048505E-02      7.088015493985E-03
   50.900000      2.050534306212E-02      6.518037638085E-03
   51.000000      1.845142000413E-02      5.782017115855E-03
   51.100000      1.616521231467E-02      4.974705679945E-03
   51.200000      1.389950267616E-02      4.190695854347E-03
   51.300000      1.189004597775E-02      3.510064560438E-03
   51.400000      1.034445256210E-02      2.988163996113E-03
   51.500000      9.417744949359E-03      2.650725933268E-03
   51.600000      9.113158254389E-03      2.494250219305E-03
   51.700000      9.276559148538E-03      2.490754832135E-03
   51.800000      9.720836822396E-03      2.595488187540E-03
   51.900000      1.027298055072E-02      2.756098987376E-03
   52.000000      1.078810858386E-02      2.921879917214E-03
   52.100000      1.116152979639E-02      3.051893176486E-03
   52.200000      1.133753278752E-02      3.120961203152E-03
   52.300000      1.131241313241E-02      3.122685208683E-03
   52.400000      1.113027700926E-02      3.068941755812E-03
   52.500000      1.087088261232E-02      2.985813312519E-03
   52.600000      1.063057385934E-02      2.906646508259E-03
   52.700000      1.050028688079E-02      2.863752114623E-03
   52.800000      1.054582876231E-02      2.880865584236E-03
   52.900000      1.079481200135E-02      2.968542048117E-03
   53.000000      1.123428025565E-02      3.123963871420E-03
   53.100000      1.182170280257E-02      3.335269747046E-03
   53.200000      1.250729161665E-02      3.588866495110E-03
   53.300000      1.325932070970E-02      3.876861908343E-03
   53.400000      1.408091647025E-02      4.201347224682E-03
   53.500000      1.500922010955E-02      4.573080720272E-03
   53.600000      1.609494713213E-02      5.004056240447E-03
   53.700000      1.736930420359E-02      5.495899537668E-03
   53.800000      1.880786604127E-02      6.028142419101E-03
   53.900000      2.029325910597E-02      6.551306816878E-03
   54.000000      2.160267300726E-02      6.988862789780E-03
   54.100000      2.245964000698E-02      7.249583331641E-03
   54.200000      2.260742084804E-02      7.248332982076E-03
   54.300000      2.186960069432E-02      6.930067653896E-03
   54.400000      2.019591932235E-02      6.289993766589E-03
   54.500000      1.768852664663E-02      5.383215142352E-03
   54.600000      1.460345635918E-02      4.319822913259E-03
   54.700000      1.132603691339E-02      3.245503624214E-03
   54.800000      8.324601876921E-03      2.312054104582E-03
   54.900000      6.095917896864E-03      1.645297159985E-03
   55.000000      5.091253007823E-03      1.318773553309E-03
   55.100000      5.360149441992E-03      1.339965727656E-03
   55.200000      6.573862780106E-03      1.652236741803E-03
   55.300000      8.319210245588E-03      2.151310314879E-03
   55.400000      1.016880888573E-02      2.711336282229E-03
   55.500000      1.175908043063E-02      3.213469433977E-03
   55.600000      1.284608184640E-02      3.569915242362E-03
   55.700000      1.332736672836E-02      3.738327195120E-03
   55.800000      1.323638943078E-02      3.724484431642E-03
   55.900000      1.271711947721E-02      3.574315600556E-03
   56.000000      1.198542073187E-02      3.358681926654E-03
   56.100000      1.128277631528E-02      3.155400508109E-03
   56.200000      1.082700388647E-02      3.032760715379E-03
   56.300000      1.076803967945E-02      3.037617999038E-03
   56.400000      1.116492392424E-02      3.189565531662E-03
   56.500000      1.198947547098E-02      3.481169051152E-03
   56.600000      1.314426091100E-02      3.883110994199E-03
   56.700000      1.448901158558E-02      4.352427310348E-03
   56.800000      1.587348022491E-02      4.841788225383E-03
   56.900000      1.716704787936E-02      5.307875188592E-03
   57.000000      1.827627831787E-02      5.717266146040E-03
   57.100000      1.914942664762E-02      6.048828698250E-03
   57.200000      1.977078630172E-02      6.292410484770E-03
   57.300000      2.014821277805E-02      6.444528636338E-03
   57.400000      2.029677003758E-02      6.502621585734E-03
   57.500000      2.021979914370E-02      6.459985941097E-03
   57.600000      1.988877230541E-02      6.303529188424E-03
   57.700000      1.923652448014E-02      6.015790557509E-03
   57.800000      1.818085172486E-02      5.581392490374E-03
   57.900000      1.666363427367E-02      4.996498891383E-03
   58.000000      1.468623560639E-02      4.278465209929E-03
   58.100000      1.233580891070E-02      3.472188554926E-03
   58.200000      9.799391947372E-03      2.650061816562E-03
   58.300000      7.362755917240E-03      1.903942612945E-03
   58.400000      5.389867999065E-03      1.329822055911E-03
   58.500000      4.255297017202E-03      1.008266088051E-03
   58.600000      4.189161430606E-03      9.854341210684E-04
   58.700000      5.172992061951E-03      1.259925790938E-03
   58.800000      6.966959876700E-03      1.779601840691E-03
   58.900000      9.193541155791E-03      2.450084413690E-03
   59.000000      1.144453973432E-02      3.153520445816E-03
   59.100000      1.336451558930E-02      3.773298274491E-03
   59.200000      1.470306196912E-02      4.218627576852E-03
   59.300000      1.534377515290E-02      4.442805653202E-03
   59.400000      1.531144409687E-02      4.450673804142E-03
   59.500000      1.475712884449E-02      4.293740930101E-03
   59.600000      1.392311240687E-02      4.054823160523E-03
   59.700000      1.309273378286E-02      3.826782921303E-03
   59.800000      1.253261237917E-02      3.691215888471E-03
   59.900000      1.243693743796E-02      3.702391281546E-03
   60.000000      1.288567008136E-02      3.879676632269E-03
   60.100000      1.383021694054E-02      4.208856604420E-03
   60.200000      1.512167812896E-02      4.650179486003E-03
   60.300000      1.657086799606E-02      5.149468478072E-03
   60.400000      1.799765598043E-02      5.648600862278E-03
   60.500000      1.925216723862E-02      6.092907365831E-03
   60.600000      2.021677245677E-02      6.434935503503E-03
   60.700000      2.079996416810E-02      6.635720538456E-03
   60.800000      2.093063039026E-02      6.665527448676E-03
   60.900000      2.055833956105E-02      6.505700908932E-03
   61.000000      1.966112536792E-02      6.152043517400E-03
   61.100000      1.825777105992E-02      5.618683714916E-03
   61.200000      1.641857261280E-02      4.940431082711E-03
   61.300000      1.426832860919E-02      4.171635565438E-03
   61.400000      1.197809458578E-02      3.380593485888E-03
   61.500000      9.747218916496E-03      2.640143365917E-03
   61.600000      7.781508126826E-03      2.016582988161E-03
   61.700000      6.272480747243E-03      1.559782451970E-03
   61.800000      5.373487227121E-03      1.297051422838E-03
   61.900000      5.159743191205E-03      1.232068458355E-03
   62.000000      5.591885787781E-03      1.348500174043E-03
   62.100000      6.533751140690E-03      1.616494550202E-03
   62.200000      7.812195264214E-03      1.999578394064E-03
   62.300000      9.270068643525E-03      2.459838222965E-03
   62.400000      1.078716514918E-02      2.960411726336E-03
   62.500000      1.227558325158E-02      3.465733682700E-03
   62.600000      1.366077225573E-02      3.941041162141E-03
   62.700000      1.486014958605E-02      4.352897327838E-03
   62.800000      1.578351050045E-02      4.671855308013E-03
   62.900000      1.635798016072E-02      4.877161236041E-03
   63.000000      1.655315782913E-02      4.962144991389E-03
   63.100000      1.639596535923E-02      4.938223469260E-03
   63.200000      1.597459143182E-02      4.835560211393E-03
   63.300000      1.543074578676E-02      4.699343215353E-03
   63.400000      1.493945105118E-02      4.581997560749E-03
   63.500000      1.467554737030E-02      4.532930454282E-03
   63.600000      1.476891107112E-02      4.588167313684E-03
   63.700000      1.526593983293E-02      4.762260800866E-03
   63.800000      1.612060464905E-02      5.044205616038E-03
   63.900000      1.720890197063E-02      5.398057747621E-03
   64.000000      1.835323037055E-02      5.767909690342E-03
   64.100000      1.935260655371E-02      6.086118646702E-03
   64.200000      2.001133171925E-02      6.283357506694E-03
   64.300000      2.016211649514E-02      6.299098196059E-03
   64.400000      1.968452668890E-02      6.091349582069E-03
   64.500000      1.852013677491E-02      5.644646504815E-03
   64.600000      1.668482621090E-02      4.975315594578E-03
   64.700000      1.427747084562E-02      4.132989275547E-03
   64.800000      1.148319919084E-02      3.197403814924E-03
   64.900000      8.568798149937E-03      2.269928222732E-03
   65.000000      5.867988527501E-03      1.460138290045E-03
   65.100000      3.755703392924E-03      8.689688533265E-04
   65.200000      2.613270458195E-03      5.712254361043E-04
   65.300000      2.737579167890E-03      6.010705907913E-04
   65.400000      4.081967370660E-03      9.441108671946E-04
   65.500000      6.253755192728E-03      1.538682085719E-03
   65.600000      8.799033482348E-03      2.286960280280E-03
   65.700000      1.131277268540E-02      3.074053111264E-03
   65.800000      1.347504515124E-02      3.790947322222E-03
   65.900000      1.507921590924E-02      4.355849258682E-03
   66.000000      1.604817986544E-02      4.728591600229E-03
   66.100000      1.643254681366E-02      4.914487185527E-03
   66.200000      1.638948149607E-02      4.956869230033E-03
   66.300000      1.614271707396E-02      4.920734725361E-03
   66.400000      1.591247177310E-02      4.872422048118E-03
   66.500000      1.583029424744E-02      4.861293588263E-03
   66.600000      1.593147483062E-02      4.908596624524E-03
   66.700000      1.618454098313E-02      5.006267620277E-03
   66.800000      1.651052392642E-02      5.125193948399E-03
   66.900000      1.680867206346E-02      5.229421398145E-03
   67.000000      1.699181304656E-02      5.291005799128E-03
   67.100000      1.702047699196E-02      5.300247991807E-03
   67.200000      1.691808113731E-02      5.267885012127E-03
   67.300000      1.675968435600E-02      5.218772977085E-03
   67.400000      1.664126006015E-02      5.179636941417E-03
   67.500000      1.664038390231E-02      5.165521281121E-03
   67.600000      1.676633000915E-02      5.169967152533E-03
   67.700000      1.691490717949E-02      5.162598934163E-03
   67.800000      1.690564917341E-02      5.095260024809E-03
   67.900000      1.655250559133E-02      4.915025547612E-03
   68.000000      1.571035031548E-02      4.580286681199E-03
   68.100000      1.430834500581E-02      4.075283615826E-03
   68.200000      1.237174070177E-02      3.419087732844E-03
   68.300000      1.002998635517E-02      2.666733350871E-03
   68.400000      7.511925620564E-03      1.902317190771E-03
   68.500000      5.132208089046E-03      1.225748471874E-03
   68.600000      3.276509897796E-03      7.359987239266E-04
   68.700000      2.380729424668E-03      5.140535177799E-04
   68.800000      2.761402907392E-03      6.084740982251E-04
   68.900000      4.339042507011E-03      1.025824110191E-03
   69.000000      6.796141143217E-03      1.727446566728E-03
   69.100000      9.759101402694E-03      2.633284603917E-03
   69.200000      1.284567765866E-02      3.632588130377E-03
   69.300000      1.569562867030E-02      4.600364716083E-03
   69.400000      1.800374370303E-02      5.417335015239E-03
   69.500000      1.955131702339E-02      5.990126938058E-03
   69.600000      2.023115637322E-02      6.267824397070E-03
   69.700000      2.006148535588E-02      6.251140929095E-03
   69.800000      1.918489811020E-02      5.991634032074E-03
   69.900000      1.785010656237E-02      5.580429437813E-03
   70.000000      1.637639163207E-02      5.128447838376E-03
   70.100000      1.510211144330E-02      4.742418917866E-03
   70.200000      1.431828170776E-02      4.502286328357E-03
   70.300000      1.419054221433E-02      4.445442316853E-03
   70.400000      1.468291823607E-02      4.561520343189E-03
   70.500000      1.557072987892E-02      4.798666158455E-03
   70.600000      1.656197152399E-02      5.079130975928E-03
   70.700000      1.738841711250E-02      5.319618869590E-03
   70.800000      1.785071033016E-02      5.450797887588E-03
   70.900000      1.784101577107E-02      5.431022907550E-03
   71.000000      1.734632396737E-02      5.251358794058E-03
   71.100000      1.643368497641E-02      4.931744172019E-03
   71.200000      1.522208990719E-02      4.510713820856E-03
   71.300000      1.384764760081E-02      4.032712557870E-03
   71.400000      1.242735555666E-02      3.537244275940E-03
   71.500000      1.103097726056E-02      3.052943364737E-03
   71.600000      9.684644301485E-03      2.597613001316E-03
   71.700000      8.404909158392E-03      2.183085206806E-03
   71.800000      7.232752605715E-03      1.822154098114E-03
   71.900000      6.253156292939E-03      1.534300127606E-03
   72.000000      5.592041515404E-03      1.347556906113E-03
   72.100000      5.386304276021E-03      1.295385906512E-03
   72.200000      5.749519812197E-03      1.409264549741E-03
   72.300000      6.740042889958E-03      1.709230880049E-03
   72.400000      8.315566301830E-03      2.195364353091E-03
   72.500000      1.033486561527E-02      2.842911230125E-03
   72.600000      1.260478809490E-02      3.602635823933E-03
   72.700000      1.491566706214E-02      4.406436975604E-03
   72.800000      1.706364337163E-02      5.176865110454E-03
   72.900000      1.886714025364E-02      5.838351988986E-03
   73.000000      2.017949273974E-02      6.327891906384E-03
   73.100000      2.090009406902E-02      6.603448667747E-03
   73.200000      2.098452439606E-02      6.649159028617E-03
   73.300000      2.045203406826E-02      6.477091105912E-03
   73.400000      1.938924242705E-02      6.125681459093E-03
   73.500000      1.794938954659E-02      5.655041414248E-03
   73.600000      1.634637983016E-02      5.139309369013E-03
   73.700000      1.484285500077E-02      4.656397787691E-03
   73.800000      1.371900537129E-02      4.275988739690E-03
   73.900000      1.316097806797E-02      4.047390537725E-03
   74.000000      1.317183810527E-02      3.989578483666E-03
   74.100000      1.364966274399E-02      4.085998871891E-03
   74.200000      1.442054268642E-02      4.286191281623E-03
   74.300000      1.524878689369E-02      4.514910649472E-03
   74.400000      1.588019343170E-02      4.687487569638E-03
   74.500000      1.609471543639E-02      4.728236025462E-03
   74.600000      1.574835464660E-02      4.587500288770E-03
   74.700000      1.479879371317E-02      4.252966344312E-03
   74.800000      1.331220106782E-02      3.752280530772E-03
   74.900000      1.145107534389E-02      3.146439843462E-03
   75.000000      9.446447628270E-03      2.516057193723E-03
   75.100000      7.560780456516E-03      1.944552842653E-03
   75.200000      6.049188094581E-03      1.502907428478E-03
   75.300000      5.124508734587E-03      1.239665101662E-03
   75.400000      4.919957386289E-03      1.177799702976E-03
   75.500000      5.440853826309E-03      1.317657164762E-03
   75.600000      6.572119197209E-03      1.643347809902E-03
   75.700000      8.160207156971E-03      2.129309437369E-03
   75.800000      1.006479171949E-02      2.744442638279E-03
   75.900000      1.216182621987E-02      3.452867892594E-03
   76.000000      1.432948932253E-02      4.212248292203E-03
   76.100000      1.643605047621E-02      4.971970328847E-03
   76.200000      1.833752184197E-02      5.673726660609E-03
   76.300000      1.988662834654E-02      6.256107183358E-03
   76.400000      2.095090683048E-02      6.663078680537E-03
   76.500000      2.143520951236E-02      6.854437617801E-03
   76.600000      2.130234382537E-02      6.815185681338E-03
   76.700000      2.058578794141E-02      6.560747575996E-03
   76.800000      1.939064646231E-02      6.136025977790E-03
   76.900000      1.788241931054E-02      5.608062096188E-03
   77.000000      1.626645668354E-02      5.053913483601E-03
   77.100000      1.476289881763E-02      4.546665510183E-03
   77.200000      1.357937773166E-02      4.142876129982E-03
   77.300000      1.286620773886E-02      3.874164685812E-03
   77.400000      1.264044150923E-02      3.744365644528E-03
   77.500000      1.278300927250E-02      3.732151112904E-03
   77.600000      1.312550403563E-02      3.797775393333E-03
   77.700000      1.350309672200E-02      3.891946516632E-03
   77.800000      1.377391610421E-02      3.964858465044E-03
   77.900000      1.382867197001E-02      3.973946551881E-03
   78.000000      1.359558333606E-02      3.889636910003E-03
   78.100000      1.304282514499E-02      3.698939072878E-03
   78.200000      1.218086848521E-02      3.407005684479E-03
   78.300000      1.106536188124E-02      3.036771160751E-03
   78.400000      9.798539312457E-03      2.626646661121E-03
   78.500000      8.525779369056E-03      2.226204676356E-03
   78.600000      7.423746811286E-03      1.889978732004E-03
   78.700000      6.676805445161E-03      1.669934082733E-03
   78.800000      6.442046044294E-03      1.607683382809E-03
   78.900000      6.812470391007E-03      1.727886572033E-03
   79.000000      7.791278384511E-03      2.034263092531E-03
   79.100000      9.287594856530E-03      2.509159104322E-03
   79.200000      1.114332676426E-02      3.116744097301E-03
   79.300000      1.317648175385E-02      3.808929278484E-03
   79.400000      1.521529257368E-02      4.532360635240E-03
   79.500000      1.711712968176E-02      5.234646986509E-03
   79.600000      1.877531389002E-02      5.868455277571E-03
   79.700000      2.011582380901E-02      6.393099401312E-03
   79.800000      2.108495217791E-02      6.774388681555E-03
   79.900000      2.163233886421E-02      6.984306583274E-03
   80.000000      2.170341114262E-02      7.002165932581E-03
   80.100000      2.125205826295E-02      6.818113390175E-03
   80.200000      2.026500608872E-02      6.438478474665E-03
   80.300000      1.878560173740E-02      5.891035149371E-03
   80.400000      1.693037156858E-02      5.227423787747E-03
   80.500000      1.489319366132E-02      4.520247919029E-03
   80.600000      1.293162061260E-02      3.853783110904E-03
   80.700000      1.132667378073E-02      3.309399912906E-03
   80.800000      1.030678544166E-02      2.948939340812E-03
   80.900000      9.968790636692E-03      2.800551299381E-03
   81.000000      1.025711334177E-02      2.851341155978E-03
   81.100000      1.098768794344E-02      3.049499688029E-03
   81.200000      1.189812748154E-02      3.315906044909E-03
   81.300000      1.271346404746E-02      3.562377157179E-03
   81.400000      1.320485121171E-02      3.711753049939E-03
   81.500000      1.323029985285E-02      3.714539872439E-03
   81.600000      1.275395541934E-02      3.558027805940E-03
   81.700000      1.184425952179E-02      3.266211312729E-03
   81.800000      1.065480024951E-02      2.891593129013E-03
   81.900000      9.393695824158E-03      2.502092718869E-03
   82.000000      8.287090064946E-03      2.167126920080E-03
   82.100000      7.540290090462E-03      1.946335740912E-03
   82.200000      7.301224635186E-03      1.882793366013E-03
   82.300000      7.639256635942E-03      2.000628500897E-03
   82.400000      8.551033198142E-03      2.305555414388E-03
   82.500000      9.980852916633E-03      2.786374314358E-03
   82.600000      1.183157262955E-02      3.416068697915E-03
   82.700000      1.396423397718E-02      4.152312493829E-03
   82.800000      1.620255169043E-02      4.938370079067E-03
   82.900000      1.834742403472E-02      5.705933983374E-03
   83.000000      2.019702481642E-02      6.381092966281E-03
   83.100000      2.157020049904E-02      6.893471824257E-03
   83.200000      2.233086405153E-02      7.187121911757E-03
   83.300000      2.240899122764E-02      7.230616316769E-03
   83.400000      2.181323267302E-02      7.023535943383E-03
   83.500000      2.063098639411E-02      6.597285224198E-03
   83.600000      1.901313169292E-02      6.009692894964E-03
   83.700000      1.714526660110E-02      5.334585244131E-03
   83.800000      1.521880243087E-02      4.648863011519E-03
   83.900000      1.341569636747E-02      4.020144159455E-03
   84.000000      1.190268930152E-02      3.497641811189E-03
   84.100000      1.081629434448E-02      3.107834021086E-03
   84.200000      1.020040593144E-02      2.855064415909E-03
   84.300000      9.968538765823E-03      2.725956457189E-03
   84.400000      9.990349955362E-03      2.695791293844E-03
   84.500000      1.015495801564E-02      2.734940678886E-03
   84.600000      1.038249324651E-02      2.813971259743E-03
   84.700000      1.062218701500E-02      2.906865361588E-03
   84.800000      1.084527068523E-02      2.992586317199E-03
   84.900000      1.103226161161E-02      3.055671957522E-03
   85.000000      1.115890790492E-02      3.086559390656E-03
   85.100000      1.119752633060E-02      3.082018190871E-03
   85.200000      1.113420159576E-02      3.045625744378E-03
   85.300000      1.098199009849E-02      2.987904990940E-03
   85.400000      1.078358495715E-02      2.925709535174E-03
   85.500000      1.060605479831E-02      2.880671827433E-03
   85.600000      1.053003229701E-02      2.876874734028E-03
   85.700000      1.063578916521E-02      2.938162012868E-03
   85.800000      1.098965298342E-02      3.085524320650E-03
   85.900000      1.163474239451E-02      3.334775463365E-03
   86.000000      1.258803006109E-02      3.694404325030E-03
   86.100000      1.384119921962E-02      4.163269612725E-03
   86.200000      1.535961579946E-02      4.727892675721E-03
   86.300000      1.707466030198E-02      5.359563979978E-03
   86.400000      1.887040729612E-02      6.012182599402E-03
   86.500000      2.057742854582E-02      6.622382334914E-03
   86.600000      2.198605479633E-02      7.113665236157E-03
   86.700000      2.287446636697E-02      7.405652317605E-03
   86.800000      2.304406338911E-02      7.428130575414E-03
   86.900000      2.235816055183E-02      7.137658783140E-03
   87.000000      2.077849028218E-02      6.532751810506E-03
   87.100000      1.839221571119E-02      5.662861348024E-03
   87.200000      1.542245818709E-02      4.627069129336E-03
   87.300000      1.221755018221E-02      3.560682243574E-03
   87.400000      9.218060806629E-03      2.611251459999E-03
   87.500000      6.904727152308E-03      1.908931306408E-03
   87.600000      5.730200427688E-03      1.538414149690E-03
   87.700000      5.882184099548E-03      1.519993059222E-03
   87.800000      7.049533622223E-03      1.805327744186E-03
   87.900000      8.779738387785E-03      2.289652164293E-03
   88.000000      1.060593495680E-02      2.837582961345E-03
   88.100000      1.212182333024E-02      3.315794335635E-03
   88.200000      1.304950304970E-02      3.623878775614E-03
   88.300000      1.327648740642E-02      3.715355481074E-03
   88.400000      1.285951373058E-02      3.603803403300E-03
   88.500000      1.199884044614E-02      3.353487704951E-03
   88.600000      1.098971326075E-02      3.058201816893E-03
   88.700000      1.015828438852E-02      2.815023972887E-03
   88.800000      9.770056421046E-03      2.700469991817E-03
   88.900000      9.931324363945E-03      2.755054334526E-03
   89.000000      1.060921399995E-02      2.979209795057E-03
   89.100000      1.168510283982E-02      3.339960986621E-03
   89.200000      1.298989795233E-02      3.784829106007E-03
   89.300000      1.434742294601E-02      4.257956626754E-03
   89.400000      1.561725691382E-02      4.713619719222E-03
   89.500000      1.671913863055E-02      5.123831597707E-03
   89.600000      1.763324597140E-02      5.478955180192E-03
   89.700000      1.838279606964E-02      5.782377483591E-03
   89.800000      1.900864551491E-02      6.041766603068E-03
   89.900000      1.954417977303E-02      6.259976214988E-03
   90.000000      1.999434404676E-02      6.428350590166E-03
   90.100000      2.031616410535E-02      6.524293401827E-03
   90.200000      2.040895729651E-02      6.513824441335E-03
   90.300000      2.013887276710E-02      6.358715171356E-03
   90.400000      1.938144586480E-02      6.026810449664E-03
   90.500000      1.805669508045E-02      5.503381592835E-03
   90.600000      1.615641617142E-02      4.800887867159E-03
   90.700000      1.376440442268E-02      3.964467610074E-03
   90.800000      1.106706084976E-02      3.070976661979E-03
   90.900000      8.352058406965E-03      2.220515075457E-03
   91.000000      5.994057373392E-03      1.521038072258E-03
   91.100000      4.413032680277E-03      1.068516378176E-03
   91.200000      3.932642154228E-03      9.266989314787E-04
   91.300000      4.618896865927E-03      1.111304411677E-03
   91.400000      6.284181186930E-03      1.583042679922E-03
   91.500000      8.549508651358E-03      2.252168725192E-03
   91.600000      1.096282757890E-02      2.994609945764E-03
   91.700000      1.310445507636E-02      3.676730314712E-03
   91.800000      1.465084373766E-02      4.183324268759E-03
   91.900000      1.541520882777E-02      4.442226121188E-03
   92.000000      1.536893826611E-02      4.439426869109E-03
   92.100000      1.464085288741E-02      4.220786107552E-03
   92.200000      1.349273744082E-02      3.879787068154E-03
   92.300000      1.227281087385E-02      3.534403285811E-03
   92.400000      1.135216063192E-02      3.298992217448E-03
   92.500000      1.104936009219E-02      3.258354500393E-03
   92.600000      1.154180360819E-02      3.450315270336E-03
   92.700000      1.278234865188E-02      3.860629318895E-03
   92.800000      1.452122738918E-02      4.430475329745E-03
   92.900000      1.643680581464E-02      5.073378799907E-03
   93.000000      1.823464169253E-02      5.696123021414E-03
   93.100000      1.969283842068E-02      6.217711770338E-03
   93.200000      2.067856965431E-02      6.581779888934E-03
   93.300000      2.114362419592E-02      6.760456446122E-03
   93.400000      2.110420718594E-02      6.750618764438E-03
   93.500000      2.061292919351E-02      6.565719556183E-03
   93.600000      1.973220912012E-02      6.227206975948E-03
   93.700000      1.851702216460E-02      5.758826171486E-03
   93.800000      1.701175850402E-02      5.185225871990E-03
   93.900000      1.526118797948E-02      4.534130683730E-03
   94.000000      1.332880858177E-02      3.839762242978E-03
   94.100000      1.131202270573E-02      3.144775353951E-03
   94.200000      9.347083504586E-03      2.498780453281E-03
   94.300000      7.602693238755E-03      1.953117288469E-03
   94.400000      6.263254791330E-03      1.553209962543E-03
   94.500000      5.497128958404E-03      1.330878123684E-03
   94.600000      5.400783294540E-03      1.299011588223E-03
   94.700000      5.949174479013E-03      1.450088191699E-03
   94.800000      7.010771713494E-03      1.758580126805E-03
   94.900000      8.407840953703E-03      2.185997015703E-03
   95.000000      9.967761837602E-03      2.686702295264E-03
   95.100000      1.154665271794E-02      3.212921360213E-03
   95.200000      1.303058530786E-02      3.718315596772E-03
   95.300000      1.432200278217E-02      4.160587870107E-03
   95.400000      1.532696910961E-02      4.504216998064E-03
   95.500000      1.596394989565E-02      4.724232387529E-03
   95.600000      1.618792222579E-02      4.810997905046E-03
   95.700000      1.601188451850E-02      4.774743082853E-03
   95.800000      1.551929759967E-02      4.647714937128E-03
   95.900000      1.486482583209E-02      4.481855339114E-03
   96.000000      1.426052728352E-02      4.340983458509E-03
   96.100000      1.394219596725E-02      4.288258133692E-03
   96.200000      1.410132434732E-02      4.371544697485E-03
   96.300000      1.479958107906E-02      4.610476673656E-03
   96.400000      1.595413398363E-02      4.988976335446E-03
   96.500000      1.737904681316E-02      5.455707391773E-03
   96.600000      1.882628621738E-02      5.932775934901E-03
   96.700000      2.003357686605E-02      6.330690774833E-03
   96.800000      2.077136909521E-02      6.565909846197E-03
   96.900000      2.087704568423E-02      6.576768244886E-03
   97.000000      2.027363128727E-02      6.334313123154E-03
   97.100000      1.897375685900E-02      5.846222454974E-03
   97.200000      1.707149413772E-02      5.153926537751E-03
   97.300000      1.472615052105E-02      4.324618301270E-03
   97.400000      1.214249859613E-02      3.440590859077E-03
   97.500000      9.551114170097E-03      2.588207529926E-03
   97.600000      7.191484567067E-03      1.848066727225E-03
   97.700000      5.300130844436E-03      1.287028596299E-03
   97.800000      4.101993608414E-03      9.521402730415E-04
   97.900000      3.783120324002E-03      8.663400039925E-04
   98.000000      4.393808617689E-03      1.026074964070E-03
   98.100000      5.768503571384E-03      1.401359453016E-03
   98.200000      7.627493072693E-03      1.938982181139E-03
   98.300000      9.684962618020E-03      2.569287403080E-03
   98.400000      1.168725087770E-02      3.216169839987E-03
   98.500000      1.343312220842E-02      3.808867303839E-03
   98.600000      1.479018763869E-02      4.293227975862E-03
   98.700000      1.570464399352E-02      4.639809263924E-03
   98.800000      1.620012432188E-02      4.846687497366E-03
   98.900000      1.636238134640E-02      4.936162614773E-03
   99.000000      1.630938866253E-02      4.946252420593E-03
   99.100000      1.615722172303E-02      4.919420567756E-03
   99.200000      1.599919038375E-02      4.891817830942E-03
   99.300000      1.589933211497E-02      4.886099461714E-03
   99.400000      1.589148849372E-02      4.909626615062E-03
   99.500000      1.598031399212E-02      4.957957888678E-03
   99.600000      1.614494386439E-02      5.021646569330E-03
   99.700000      1.635265421787E-02      5.093183594832E-03
   99.800000      1.658209596532E-02      5.170946408436E-03
   99.900000      1.683670519268E-02      5.258280838657E-03
  100.000000      1.713637997449E-02      5.357924402498E-03
