# M=8, N=4, V0=0.0, V=0.765, PBC
#  time (tJ)                 S₁(n=2)                 S₂(n=2)
    0.000000      0.000000000000E+00     -4.440892098501E-16
    0.100000      1.156770399178E-02      2.959340867473E-03
    0.200000      3.645806402686E-02      1.125277155593E-02
    0.300000      6.686106490538E-02      2.327447124097E-02
    0.400000      9.697753117639E-02      3.679127940809E-02
    0.500000      1.223851560070E-01      4.945704147605E-02
    0.600000      1.401561463422E-01      5.930315669030E-02
    0.700000      1.489239405084E-01      6.509354046230E-02
    0.800000      1.488333764723E-01      6.648284717592E-02
    0.900000      1.413794346675E-01      6.396015262814E-02
    1.000000      1.291606648589E-01      5.860003832191E-02
    1.100000      1.156516753679E-01      5.169258358484E-02
    1.200000      1.039267446657E-01      4.437230781242E-02
    1.300000      9.379427032263E-02      3.737698469093E-02
    1.400000      8.385746221286E-02      3.101466313862E-02
    1.500000      7.314025993139E-02      2.532012768263E-02
    1.600000      6.159945305419E-02      2.029748609421E-02
    1.700000      5.038687741140E-02      1.612406115832E-02
    1.800000      4.248842026412E-02      1.323418137916E-02
    1.900000      4.089960678758E-02      1.226642013171E-02
    2.000000      4.455442975602E-02      1.390085828637E-02
    2.100000      5.339680386069E-02      1.862756162056E-02
    2.200000      6.795540107768E-02      2.649646416618E-02
    2.300000      8.858301303443E-02      3.691840840761E-02
    2.400000      1.124529223727E-01      4.860388671147E-02
    2.500000      1.346937410831E-01      5.970852090825E-02
    2.600000      1.514668575121E-01      6.818729580398E-02
    2.700000      1.599558684485E-01      7.227003575345E-02
    2.800000      1.585148526356E-01      7.091336968432E-02
    2.900000      1.467961876690E-01      6.409250750113E-02
    3.000000      1.258940129046E-01      5.285279528041E-02
    3.100000      9.836596297499E-02      3.910961216022E-02
    3.200000      6.812220549716E-02      2.524726551079E-02
    3.300000      4.026409229236E-02      1.361638325434E-02
    3.400000      2.094080796293E-02      6.052644121024E-03
    3.500000      1.408897047143E-02      3.529823691615E-03
    3.600000      2.178387002542E-02      6.023810411727E-03
    3.700000      4.120286757903E-02      1.261200418138E-02
    3.800000      6.509975835407E-02      2.177197235724E-02
    3.900000      8.823855121505E-02      3.178812043761E-02
    4.000000      1.073228340479E-01      4.114720415165E-02
    4.100000      1.206549435686E-01      4.881569400090E-02
    4.200000      1.280316668040E-01      5.433622485875E-02
    4.300000      1.305245678108E-01      5.773844190781E-02
    4.400000      1.301500965362E-01      5.931680456681E-02
    4.500000      1.294442371798E-01      5.937002990186E-02
    4.600000      1.291902692188E-01      5.800719202772E-02
    4.700000      1.273778581647E-01      5.509664650935E-02
    4.800000      1.218754602801E-01      5.037667385368E-02
    4.900000      1.112104754141E-01      4.368348017087E-02
    5.000000      9.496734613482E-02      3.520553548902E-02
    5.100000      7.408794844943E-02      2.565846366170E-02
    5.200000      5.104641179921E-02      1.629604970238E-02
    5.300000      3.010954319693E-02      8.724208359189E-03
    5.400000      1.755841339908E-02      4.552274212980E-03
    5.500000      1.832588019665E-02      4.977707306103E-03
    5.600000      3.220172013615E-02      1.042938684048E-02
    5.700000      5.658410412554E-02      2.037731027895E-02
    5.800000      8.588383838312E-02      3.336541928040E-02
    5.900000      1.146010409671E-01      4.726509121433E-02
    6.000000      1.384216370319E-01      5.969519684692E-02
    6.100000      1.542555139387E-01      6.851454827213E-02
    6.200000      1.603717003574E-01      7.227078363051E-02
    6.300000      1.564216358670E-01      7.049636268447E-02
    6.400000      1.433551959234E-01      6.377721417262E-02
    6.500000      1.233544257514E-01      5.357348239237E-02
    6.600000      9.974822627845E-02      4.183881459420E-02
    6.700000      7.694717264343E-02      3.055126207189E-02
    6.800000      5.898674179381E-02      2.129987559400E-02
    6.900000      4.676506585234E-02      1.503849155680E-02
    7.000000      4.029449539445E-02      1.204107233347E-02
    7.100000      3.967779140723E-02      1.202252559923E-02
    7.200000      4.564329114691E-02      1.435755063607E-02
    7.300000      5.687818109811E-02      1.832954506469E-02
    7.400000      6.938975162554E-02      2.334692302407E-02
    7.500000      8.126771681345E-02      2.906642434639E-02
    7.600000      9.205379467087E-02      3.537702175642E-02
    7.700000      1.023101211369E-01      4.224175864894E-02
    7.800000      1.131823667086E-01      4.946170632251E-02
    7.900000      1.256003330589E-01      5.647888994883E-02
    8.000000      1.380872919928E-01      6.233221268514E-02
    8.100000      1.471419367794E-01      6.581492370531E-02
    8.200000      1.498045939511E-01      6.579080424158E-02
    8.300000      1.441397092762E-01      6.156037826365E-02
    8.400000      1.295058749418E-01      5.315575158860E-02
    8.500000      1.067421576468E-01      4.147379435391E-02
    8.600000      7.822708773898E-02      2.820396572185E-02
    8.700000      4.782243635327E-02      1.555087873913E-02
    8.800000      2.075802838108E-02      5.795600189171E-03
    8.900000      3.727232442077E-03      7.891926374644E-04
    9.000000      6.409707342551E-03      1.511725807236E-03
    9.100000      2.678080728487E-02      7.829376883288E-03
    9.200000      5.528564622619E-02      1.852683554358E-02
    9.300000      8.562528552938E-02      3.160267375862E-02
    9.400000      1.129248297824E-01      4.473415419095E-02
    9.500000      1.337078866343E-01      5.577940526999E-02
    9.600000      1.459937044198E-01      6.319420107754E-02
    9.700000      1.493134698958E-01      6.627778570173E-02
    9.800000      1.446178623918E-01      6.520559622721E-02
    9.900000      1.340688269524E-01      6.085147224605E-02
   10.000000      1.207556651470E-01      5.445347252065E-02
   10.100000      1.082433130279E-01      4.722967753007E-02
   10.200000      9.786892071871E-02      4.007651462310E-02
   10.300000      8.819755899189E-02      3.345335057444E-02
   10.400000      7.795449883790E-02      2.747420112054E-02
   10.500000      6.662392953600E-02      2.213246260948E-02
   10.600000      5.477026891559E-02      1.753377390335E-02
   10.700000      4.454290269695E-02      1.403076588665E-02
   10.800000      4.018627793897E-02      1.221653905323E-02
   10.900000      4.189217148510E-02      1.279250416226E-02
   11.000000      4.910663076861E-02      1.635312375367E-02
   11.100000      6.206070713989E-02      2.313606866161E-02
   11.200000      8.083762059111E-02      3.279713946770E-02
   11.300000      1.040833270441E-01      4.428930733971E-02
   11.400000      1.275134502547E-01      5.592719204307E-02
   11.500000      1.467665913650E-01      6.567166544298E-02
   11.600000      1.585979304176E-01      7.158041958608E-02
   11.700000      1.608941372287E-01      7.229059708704E-02
   11.800000      1.528026127614E-01      6.738211791110E-02
   11.900000      1.348776191368E-01      5.751872230672E-02
   12.000000      1.091388220135E-01      4.433683024840E-02
   12.100000      7.901443281841E-02      3.011487923732E-02
   12.200000      4.915903393985E-02      1.730121554365E-02
   12.300000      2.541440188542E-02      8.008199725460E-03
   12.400000      1.379718687195E-02      3.589102825387E-03
   12.500000      1.663603815253E-02      4.398263182285E-03
   12.600000      3.311420510288E-02      9.793517559994E-03
   12.700000      5.646093408626E-02      1.837631990005E-02
   12.800000      8.041934363228E-02      2.839349675586E-02
   12.900000      1.010897141419E-01      3.817442315811E-02
   13.000000      1.162593623098E-01      4.647491371369E-02
   13.100000      1.252746577401E-01      5.264343833009E-02
   13.200000      1.288372780458E-01      5.658983430390E-02
   13.300000      1.287044952756E-01      5.859524016715E-02
   13.400000      1.273704934667E-01      5.904361231406E-02
   13.500000      1.270787310372E-01      5.817599439103E-02
   13.600000      1.265775747407E-01      5.596196898024E-02
   13.700000      1.233722084459E-01      5.214267209519E-02
   13.800000      1.155202494287E-01      4.643269182690E-02
   13.900000      1.020411025424E-01      3.879872725300E-02
   14.000000      8.324261129986E-02      2.969511665049E-02
   14.100000      6.090791879601E-02      2.015028934322E-02
   14.200000      3.842851145150E-02      1.165399804064E-02
   14.300000      2.136410216885E-02      5.864570392742E-03
   14.400000      1.627447293492E-02      4.213520864030E-03
   14.500000      2.435703081126E-02      7.516529215258E-03
   14.600000      4.477872792714E-02      1.569814367886E-02
   14.700000      7.306162523331E-02      2.770775107885E-02
   14.800000      1.030876266688E-01      4.166013515909E-02
   14.900000      1.299532681869E-01      5.518414135901E-02
   15.000000      1.498735854884E-01      6.590968749087E-02
   15.100000      1.603999223358E-01      7.197730089062E-02
   15.200000      1.605311647616E-01      7.243844224747E-02
   15.300000      1.506702920517E-01      6.744148521784E-02
   15.400000      1.325481919064E-01      5.815507575933E-02
   15.500000      1.091488989739E-01      4.645015008715E-02
   15.600000      8.459479235506E-02      3.443319224400E-02
   15.700000      6.374760752489E-02      2.397277805400E-02
   15.800000      4.874386673548E-02      1.635582473460E-02
   15.900000      4.019072745298E-02      1.214703926011E-02
   16.000000      3.782490835827E-02      1.124548045447E-02
   16.100000      4.196728927793E-02      1.307934383207E-02
   16.200000      5.278042481228E-02      1.686439036047E-02
   16.300000      6.590749118971E-02      2.185568269377E-02
   16.400000      7.860018595653E-02      2.752915690408E-02
   16.500000      8.979371161577E-02      3.363973974668E-02
   16.600000      9.960918673399E-02      4.013144420671E-02
   16.700000      1.090905552876E-01      4.693044970454E-02
   16.800000      1.198069456206E-01      5.371459405670E-02
   16.900000      1.318218181886E-01      5.977971472629E-02
   17.000000      1.420946238636E-01      6.408742038029E-02
   17.100000      1.474376343325E-01      6.549692914810E-02
   17.200000      1.454954306923E-01      6.310402143433E-02
   17.300000      1.350256638308E-01      5.657331718136E-02
   17.400000      1.161292543917E-01      4.636114361458E-02
   17.500000      9.038097794449E-02      3.376133832075E-02
   17.600000      6.084937254674E-02      2.074305514916E-02
   17.700000      3.202826677026E-02      9.589825420458E-03
   17.800000      9.839010786962E-03      2.405212218385E-03
   17.900000      2.924712747276E-03      6.113214725683E-04
   18.000000      1.693717433069E-02      4.592877512166E-03
   18.100000      4.258122471519E-02      1.360149913632E-02
   18.200000      7.276796787114E-02      2.594500439918E-02
   18.300000      1.020605607606E-01      3.939184975895E-02
   18.400000      1.263035666840E-01      5.166573855380E-02
   18.500000      1.427852914677E-01      6.090369155846E-02
   18.600000      1.503102421086E-01      6.598326309619E-02
   18.700000      1.491554963249E-01      6.666244860866E-02
   18.800000      1.409166162664E-01      6.350940198433E-02
   18.900000      1.282537319418E-01      5.764129946823E-02
   19.000000      1.146019663794E-01      5.035041961003E-02
   19.100000      1.025377529019E-01      4.274671687803E-02
   19.200000      9.164867216251E-02      3.554641633343E-02
   19.300000      8.082531711586E-02      2.906778783603E-02
   19.400000      6.941519063650E-02      2.339396100624E-02
   19.500000      5.766935948760E-02      1.859283057554E-02
   19.600000      4.714487364058E-02      1.488416051423E-02
   19.700000      4.139454977809E-02      1.269605102433E-02
   19.800000      4.201737377022E-02      1.260692345714E-02
   19.900000      4.782486302686E-02      1.519393454356E-02
   20.000000      5.874143664058E-02      2.081537915949E-02
   20.100000      7.492852378458E-02      2.937180770684E-02
   20.200000      9.597272683524E-02      4.012373350671E-02
   20.300000      1.191573598413E-01      5.166302939829E-02
   20.400000      1.398566593913E-01      6.210325987041E-02
   20.500000      1.544246894152E-01      6.946884975937E-02
   20.600000      1.603046697350E-01      7.217081568756E-02
   20.700000      1.561529378709E-01      6.941777740313E-02
   20.800000      1.419916367936E-01      6.144264730595E-02
   20.900000      1.192722018257E-01      4.949246629236E-02
   21.000000      9.084031491436E-02      3.559043052801E-02
   21.100000      6.079227485826E-02      2.212506183480E-02
   21.200000      3.430560494846E-02      1.135719917947E-02
   21.300000      1.770422094729E-02      4.957859453695E-03
   21.400000      1.464580122772E-02      3.688817269789E-03
   21.500000      2.584478520660E-02      7.306416763093E-03
   21.600000      4.673159202838E-02      1.470946903710E-02
   21.700000      7.065040925642E-02      2.427903584676E-02
   21.800000      9.294755609812E-02      3.430027072280E-02
   21.900000      1.107060305944E-01      4.334099989228E-02
   22.000000      1.225712149348E-01      5.049070094080E-02
   22.100000      1.286216074545E-01      5.541558272295E-02
   22.200000      1.301379525420E-01      5.823948613863E-02
   22.300000      1.292337218594E-01      5.930808135409E-02
   22.400000      1.283161539812E-01      5.892875272588E-02
   22.500000      1.279385998670E-01      5.718764842458E-02
   22.600000      1.257965122610E-01      5.391875534591E-02
   22.700000      1.196775400793E-01      4.884184918099E-02
   22.800000      1.081906677252E-01      4.181627152867E-02
   22.900000      9.109208348804E-02      3.310436468536E-02
   23.000000      6.955747971268E-02      2.352725403970E-02
   23.100000      4.635025996814E-02      1.443265717792E-02
   23.200000      2.614759195410E-02      7.462695725272E-03
   23.300000      1.623739269672E-02      4.180856163405E-03
   23.400000      2.003236318672E-02      5.664459202701E-03
   23.500000      3.653723626090E-02      1.217738575326E-02
   23.600000      6.258554975364E-02      2.301220930968E-02
   23.700000      9.256974470638E-02      3.654944389354E-02
   23.800000      1.210181571307E-01      5.053614429704E-02
   23.900000      1.437067335916E-01      6.253533154857E-02
   24.000000      1.577118179774E-01      7.044523240211E-02
   24.100000      1.615371026998E-01      7.295544509277E-02
   24.200000      1.550874531258E-01      6.981841342571E-02
   24.300000      1.395880461642E-01      6.186542219320E-02
   24.400000      1.175459186025E-01      5.076584274867E-02
   24.500000      9.258725264671E-02      3.860097378504E-02
   24.600000      6.942363671646E-02      2.738088075612E-02
   24.700000      5.234042026135E-02      1.864397706923E-02
   24.800000      4.196458545674E-02      1.323364786588E-02
   24.900000      3.789096387031E-02      1.127433683497E-02
   25.000000      3.998845406846E-02      1.231330317074E-02
   25.100000      4.889585830937E-02      1.556776758413E-02
   25.200000      6.152896961896E-02      2.020671471527E-02
   25.300000      7.420530013895E-02      2.558966914940E-02
   25.400000      8.544027029952E-02      3.138773057274E-02
   25.500000      9.508482499567E-02      3.754151303063E-02
   25.600000      1.040263980103E-01      4.407088085634E-02
   25.700000      1.138496975033E-01      5.082071494458E-02
   25.800000      1.257644991702E-01      5.726574571378E-02
   25.900000      1.376266274651E-01      6.247807729975E-02
   26.000000      1.458200915030E-01      6.529198576294E-02
   26.100000      1.474872255181E-01      6.461943578168E-02
   26.200000      1.408019797528E-01      5.981406522941E-02
   26.300000      1.252429722592E-01      5.096762510080E-02
   26.400000      1.017748317774E-01      3.904477223008E-02
   26.500000      7.290970571129E-02      2.580279324823E-02
   26.600000      4.266042548052E-02      1.349161989537E-02
   26.700000      1.643354434836E-02      4.386662137322E-03
   26.800000      1.396739367580E-03      2.664899897973E-04
   26.900000      8.105687272245E-03      1.982484175912E-03
   27.000000      3.075768140947E-02      9.249248787448E-03
   27.100000      6.058272046425E-02      2.071391364783E-02
   27.200000      9.149160697932E-02      3.427407832462E-02
   27.300000      1.186801706969E-01      4.754808085109E-02
   27.400000      1.387461724214E-01      5.837600444111E-02
   27.500000      1.498260172701E-01      6.523854587852E-02
   27.600000      1.516134519964E-01      6.750680009596E-02
   27.700000      1.452464435200E-01      6.547055786566E-02
   27.800000      1.330697507995E-01      6.014031561901E-02
   27.900000      1.183745891771E-01      5.288243247617E-02
   28.000000      1.047815929186E-01      4.501013801322E-02
   28.100000      9.322084328142E-02      3.747641053869E-02
   28.200000      8.277832327159E-02      3.076958091716E-02
   28.300000      7.238493046150E-02      2.501554713294E-02
   28.400000      6.166127001995E-02      2.019880025396E-02
   28.500000      5.138802351112E-02      1.638083062536E-02
   28.600000      4.402276006867E-02      1.382614406823E-02
   28.700000      4.274096991696E-02      1.300529833523E-02
   28.800000      4.643542703407E-02      1.448721521253E-02
   28.900000      5.470803746820E-02      1.874812857726E-02
   29.000000      6.778871626618E-02      2.593414540338E-02
   29.100000      8.614298997724E-02      3.563968990370E-02
   29.200000      1.085286748128E-01      4.679320372473E-02
   29.300000      1.304508725789E-01      5.773635507397E-02
   29.400000      1.479261562801E-01      6.652053440830E-02
   29.500000      1.579376235281E-01      7.134969916150E-02
   29.600000      1.585341934677E-01      7.103141507105E-02
   29.700000      1.490156774806E-01      6.529888524502E-02
   29.800000      1.300647504268E-01      5.492127162934E-02
   29.900000      1.037998250393E-01      4.158288497739E-02
   30.000000      7.372995903230E-02      2.755915539490E-02
   30.100000      4.460781390795E-02      1.525439922333E-02
   30.200000      2.250021717377E-02      6.700708649097E-03
   30.300000      1.261534201109E-02      3.139158937290E-03
   30.400000      1.801036689826E-02      4.795477262170E-03
   30.500000      3.636240916932E-02      1.091233446203E-02
   30.600000      6.057995905840E-02      2.002009697088E-02
   30.700000      8.487960563121E-02      3.034976779497E-02
   30.800000      1.055357913387E-01      4.025414748330E-02
   30.900000      1.204749957196E-01      4.852118742107E-02
   31.000000      1.291409249312E-01      5.451686005429E-02
   31.100000      1.323016371672E-01      5.815028555274E-02
   31.200000      1.317514469748E-01      5.969599210087E-02
   31.300000      1.299600753196E-01      5.954128112169E-02
   31.400000      1.286888907368E-01      5.795148126142E-02
   31.500000      1.265985237469E-01      5.494770573160E-02
   31.600000      1.215151231970E-01      5.035414099370E-02
   31.700000      1.117990873035E-01      4.399929841539E-02
   31.800000      9.679402564470E-02      3.598108494359E-02
   31.900000      7.714971163782E-02      2.687170969845E-02
   32.000000      5.498067998383E-02      1.776408443316E-02
   32.100000      3.413799796920E-02      1.012693994015E-02
   32.200000      2.057317350335E-02      5.504581455484E-03
   32.300000      1.927779828512E-02      5.143322728355E-03
   32.400000      3.056228938222E-02      9.642918166948E-03
   32.500000      5.247048778985E-02      1.872309655338E-02
   32.600000      8.083773672298E-02      3.117280703065E-02
   32.700000      1.098262207335E-01      4.501725413190E-02
   32.800000      1.348053420425E-01      5.788943444371E-02
   32.900000      1.523503314193E-01      6.752914671632E-02
   33.000000      1.603961490576E-01      7.227895783546E-02
   33.100000      1.582604963183E-01      7.143937228359E-02
   33.200000      1.465634752445E-01      6.539081091100E-02
   33.300000      1.272171926617E-01      5.545906651961E-02
   33.400000      1.033269170622E-01      4.356807563338E-02
   33.500000      7.905414432534E-02      3.178076667126E-02
   33.600000      5.927026667893E-02      2.185949131426E-02
   33.700000      4.589779941216E-02      1.496102070816E-02
   33.800000      3.882941546155E-02      1.152364123622E-02
   33.900000      3.796393172525E-02      1.133953708222E-02
   34.000000      4.382827706629E-02      1.376171123580E-02
   34.100000      5.549805027172E-02      1.797394790832E-02
   34.200000      6.885837874951E-02      2.324590084935E-02
   34.300000      8.152213740463E-02      2.909986532293E-02
   34.400000      9.260085566441E-02      3.533661477425E-02
   34.500000      1.024208911700E-01      4.191150467224E-02
   34.600000      1.121493573694E-01      4.871312612479E-02
   34.700000      1.230276977255E-01      5.534825185477E-02
   34.800000      1.347761268209E-01      6.104443363201E-02
   34.900000      1.442213703228E-01      6.473435539333E-02
   35.000000      1.482017956483E-01      6.530877701841E-02
   35.100000      1.444841693559E-01      6.195822123463E-02
   35.200000      1.320224619446E-01      5.449445862688E-02
   35.300000      1.111904446412E-01      4.355185614518E-02
   35.400000      8.390538350528E-02      3.059896363556E-02
   35.500000      5.363257648158E-02      1.772999406838E-02
   35.600000      2.529072744683E-02      7.257654464676E-03
   35.700000      5.323859421454E-03      1.194816924145E-03
   35.800000      3.475920405264E-03      7.681078398289E-04
   35.900000      2.151904449508E-02      6.112236895710E-03
   36.000000      4.936521484663E-02      1.623641085457E-02
   36.100000      8.028961696316E-02      2.926274966114E-02
   36.200000      1.090401928016E-01      4.285705715457E-02
   36.300000      1.317444787932E-01      5.473278959798E-02
   36.400000      1.460378312279E-01      6.310932014994E-02
   36.500000      1.510921562095E-01      6.702858186363E-02
   36.600000      1.475281933720E-01      6.646544069184E-02
   36.700000      1.372188538108E-01      6.220732722827E-02
   36.800000      1.230205106341E-01      5.553692765261E-02
   36.900000      1.086089304438E-01      4.782140040149E-02
   37.000000      9.668139610772E-02      4.015572426103E-02
   37.100000      8.637560268544E-02      3.318503061180E-02
   37.200000      7.635652340097E-02      2.714195972511E-02
   37.300000      6.597128805349E-02      2.203405482243E-02
   37.400000      5.551999703700E-02      1.786606052347E-02
   37.500000      4.660154265988E-02      1.480127916027E-02
   37.600000      4.289310406897E-02      1.321923470652E-02
   37.700000      4.456540755471E-02      1.366572159438E-02
   37.800000      5.066011837652E-02      1.670306977196E-02
   37.900000      6.148603853781E-02      2.267919741583E-02
   38.000000      7.774233662943E-02      3.146827396718E-02
   38.100000      9.908660784083E-02      4.228032811890E-02
   38.200000      1.221139657357E-01      5.364860959744E-02
   38.300000      1.422087351436E-01      6.365144673082E-02
   38.400000      1.558245711425E-01      7.032736876085E-02
   38.500000      1.604437398394E-01      7.215661972889E-02
   38.600000      1.547970950483E-01      6.845959972462E-02
   38.700000      1.390313395756E-01      5.960349370734E-02
   38.800000      1.147764652467E-01      4.697220407207E-02
   38.900000      8.510926574969E-02      3.270895734390E-02
   39.000000      5.439910668886E-02      1.928370263184E-02
   39.100000      2.817276276902E-02      8.976981472014E-03
   39.200000      1.291906242716E-02      3.402372402940E-03
   39.300000      1.267428687582E-02      3.192014220678E-03
   39.400000      2.759067944361E-02      7.930023255055E-03
   39.500000      5.118914684913E-02      1.634303978994E-02
   39.600000      7.656024553028E-02      2.667522157804E-02
   39.700000      9.927584407195E-02      3.712494691201E-02
   39.800000      1.165887770012E-01      4.622173795890E-02
   39.900000      1.273331428036E-01      5.306027786106E-02
   40.000000      1.318014970142E-01      5.735482470758E-02
   40.100000      1.314993232156E-01      5.931911101480E-02
   40.200000      1.288193309289E-01      5.941960259188E-02
   40.300000      1.265218833531E-01      5.809222148690E-02
   40.400000      1.247603778561E-01      5.553368381191E-02
   40.500000      1.213722062555E-01      5.165632281662E-02
   40.600000      1.143400409544E-01      4.622876907038E-02
   40.700000      1.024076205735E-01      3.914085973885E-02
   40.800000      8.545939257847E-02      3.067155715536E-02
   40.900000      6.476057444999E-02      2.163502818594E-02
   41.000000      4.322134127975E-02      1.333182484014E-02
   41.100000      2.584315056773E-02      7.309285551330E-03
   41.200000      1.896553672956E-02      5.001138331338E-03
   41.300000      2.451245265329E-02      7.348094283486E-03
   41.400000      4.173793556565E-02      1.449834680208E-02
   41.500000      6.803608103589E-02      2.566499382861E-02
   41.600000      9.745413356143E-02      3.918955204193E-02
   41.700000      1.248813781323E-01      5.282304168540E-02
   41.800000      1.463119205511E-01      6.417943235589E-02
   41.900000      1.589902375905E-01      7.125323779874E-02
   42.000000      1.615200331814E-01      7.286016779854E-02
   42.100000      1.538414149977E-01      6.888086312386E-02
   42.200000      1.372557596246E-01      6.024850090376E-02
   42.300000      1.143835091557E-01      4.869232100843E-02
   42.400000      8.901272332049E-02      3.631445862431E-02
   42.500000      6.603564905319E-02      2.512193305490E-02
   42.600000      4.883576001348E-02      1.663861552041E-02
   42.700000      3.848832195627E-02      1.168195710898E-02
   42.800000      3.524651327318E-02      1.033235623225E-02
   42.900000      3.926750889399E-02      1.207493504090E-02
   43.000000      5.059682718421E-02      1.605883964328E-02
   43.100000      6.487049034803E-02      2.139367205199E-02
   43.200000      7.873499246511E-02      2.739103981460E-02
   43.300000      9.074416910237E-02      3.367350825236E-02
   43.400000      1.007990876608E-01      4.011857337033E-02
   43.500000      1.098010098637E-01      4.667037716409E-02
   43.600000      1.192548379608E-01      5.310975326853E-02
   43.700000      1.300828457008E-01      5.889377083086E-02
   43.800000      1.401103219441E-01      6.314734355434E-02
   43.900000      1.460544597160E-01      6.482758883615E-02
   44.000000      1.453329883093E-01      6.301630093305E-02
   44.100000      1.364242802148E-01      5.725084890859E-02
   44.200000      1.191324759569E-01      4.778892827932E-02
   44.300000      9.473423793702E-02      3.571626604568E-02
   44.400000      6.600387626921E-02      2.284168167011E-02
   44.500000      3.711678096556E-02      1.137652327289E-02
   44.600000      1.359943382621E-02      3.461614014127E-03
   44.700000      3.232681981131E-03      6.660090106398E-04
   44.800000      1.368197207902E-02      3.604459134752E-03
   44.900000      3.767243445613E-02      1.178490434751E-02
   45.000000      6.745792583411E-02      2.372122625116E-02
   45.100000      9.736813040874E-02      3.726916546296E-02
   45.200000      1.229830304018E-01      5.009269549376E-02
   45.300000      1.412405781738E-01      6.014844256541E-02
   45.400000      1.505628477472E-01      6.607930681243E-02
   45.500000      1.508648514926E-01      6.742970750832E-02
   45.600000      1.434288561097E-01      6.463323931697E-02
   45.700000      1.306531835389E-01      5.877977465882E-02
   45.800000      1.158374019151E-01      5.123752712974E-02
   45.900000      1.023944721055E-01      4.326229908898E-02
   46.000000      9.092849497722E-02      3.573288249744E-02
   46.100000      8.028986603481E-02      2.909026799343E-02
   46.200000      6.958942267718E-02      2.345985602098E-02
   46.300000      5.872743926028E-02      1.886089480977E-02
   46.400000      4.880849904856E-02      1.539532653853E-02
   46.500000      4.285682306976E-02      1.334809676891E-02
   46.600000      4.325653944316E-02      1.317958166618E-02
   46.700000      4.858652222140E-02      1.541676588334E-02
   46.800000      5.851692124321E-02      2.045953270078E-02
   46.900000      7.323459938206E-02      2.833896790368E-02
   47.000000      9.251138462370E-02      3.850359402084E-02
   47.100000      1.148340377156E-01      4.973736268297E-02
   47.200000      1.359098132832E-01      6.028968563495E-02
   47.300000      1.518089189038E-01      6.821655507817E-02
   47.400000      1.596380852422E-01      7.183681064655E-02
   47.500000      1.576709282108E-01      7.015912782349E-02
   47.600000      1.455273720357E-01      6.315647998429E-02
   47.700000      1.242630700334E-01      5.182541313829E-02
   47.800000      9.637601210008E-02      3.802316293892E-02
   47.900000      6.570753354672E-02      2.411305889462E-02
   48.000000      3.724829015635E-02      1.248298140074E-02
   48.100000      1.726745675985E-02      5.040770123393E-03
   48.200000      1.144798200897E-02      2.816313721323E-03
   48.300000      2.110849427307E-02      5.784870262295E-03
   48.400000      4.206616442941E-02      1.296114222902E-02
   48.500000      6.697052926047E-02      2.272214295897E-02
   48.600000      9.069988553337E-02      3.324323663963E-02
   48.700000      1.099670289127E-01      4.291146369972E-02
   48.800000      1.230925962136E-01      5.061338081536E-02
   48.900000      1.298722929671E-01      5.584908939952E-02
   49.000000      1.313651475458E-01      5.867004020163E-02
   49.100000      1.295852441793E-01      5.947360739941E-02
   49.200000      1.271152408310E-01      5.872443387994E-02
   49.300000      1.256649249699E-01      5.670614071745E-02
   49.400000      1.234712145242E-01      5.340969282283E-02
   49.500000      1.181837867185E-01      4.861442498462E-02
   49.600000      1.081891854557E-01      4.212779783477E-02
   49.700000      9.293581938702E-02      3.406960476225E-02
   49.800000      7.317988291273E-02      2.506538082227E-02
   49.900000      5.120852606545E-02      1.626058722084E-02
   50.000000      3.112505741985E-02      9.144582225519E-03
   50.100000      1.973026425995E-02      5.236494557569E-03
   50.200000      2.060673234248E-02      5.715317853680E-03
   50.300000      3.367460370656E-02      1.108159020476E-02
   50.400000      5.716447921223E-02      2.093272014236E-02
   50.500000      8.632668080602E-02      3.392331897150E-02
   50.600000      1.153520280019E-01      4.795497342510E-02
   50.700000      1.396894373815E-01      6.058258359608E-02
   50.800000      1.560088231611E-01      6.954590407391E-02
   50.900000      1.623571818058E-01      7.327731039284E-02
   51.000000      1.581654763891E-01      7.124044456549E-02
   51.100000      1.442644049972E-01      6.401435433796E-02
   51.200000      1.228568807823E-01      5.311473170182E-02
   51.300000      9.736064746714E-02      4.061101003144E-02
   51.400000      7.227215970080E-02      2.864798121526E-02
   51.500000      5.260484013891E-02      1.900088564617E-02
   51.600000      4.027671491376E-02      1.277198626692E-02
   51.700000      3.514846331736E-02      1.028505612598E-02
   51.800000      3.693424940582E-02      1.117649138481E-02
   51.900000      4.616876109081E-02      1.463406467912E-02
   52.000000      6.010101513087E-02      1.970212085688E-02
   52.100000      7.438384777314E-02      2.555974033393E-02
   52.200000      8.694654439888E-02      3.169010474264E-02
   52.300000      9.717741131231E-02      3.789398563932E-02
   52.400000      1.056475383452E-01      4.415212314362E-02
   52.500000      1.138392275488E-01      5.039823425135E-02
   52.600000      1.236158868169E-01      5.630440751767E-02
   52.700000      1.343019496901E-01      6.118098574938E-02
   52.800000      1.425036329267E-01      6.404986913840E-02
   52.900000      1.452298878873E-01      6.388330225671E-02
   53.000000      1.403911613731E-01      5.993837247754E-02
   53.100000      1.270787692708E-01      5.208199492282E-02
   53.200000      1.057904592287E-01      4.099867271761E-02
   53.300000      7.854586477086E-02      2.819842227118E-02
   53.400000      4.887922394818E-02      1.578930980868E-02
   53.500000      2.181986698894E-02      6.046882818948E-03
   53.600000      4.162176991660E-03      8.882247925401E-04
   53.700000      5.881805044904E-03      1.404945940963E-03
   53.800000      2.576508994664E-02      7.594234225683E-03
   53.900000      5.450277421672E-02      1.835709531693E-02
   54.000000      8.566946556304E-02      3.174908895720E-02
   54.100000      1.141500935141E-01      4.540756018646E-02
   54.200000      1.361815917685E-01      5.704984047928E-02
   54.300000      1.495090956278E-01      6.493105751351E-02
   54.400000      1.534213145840E-01      6.816073061900E-02
   54.500000      1.486526685267E-01      6.680425562098E-02
   54.600000      1.371627980695E-01      6.174330845576E-02
   54.700000      1.219466252291E-01      5.433905885107E-02
   54.800000      1.067636417106E-01      4.601516068760E-02
   54.900000      9.361841181036E-02      3.791126941554E-02
   55.000000      8.209991143594E-02      3.071912800169E-02
   55.100000      7.134547100257E-02      2.471956065381E-02
   55.200000      6.095376207159E-02      1.995082858003E-02
   55.300000      5.151470222278E-02      1.640726431854E-02
   55.400000      4.498523081049E-02      1.419143667810E-02
   55.500000      4.434780992745E-02      1.358301769891E-02
   55.600000      4.830650384336E-02      1.500908854057E-02
   55.700000      5.612660545754E-02      1.890844982811E-02
   55.800000      6.801605714712E-02      2.550568506340E-02
   55.900000      8.444822044701E-02      3.455991870524E-02
   56.000000      1.051824731184E-01      4.519822617439E-02
   56.100000      1.266905171719E-01      5.593845691757E-02
   56.200000      1.447437038570E-01      6.493620104200E-02
   56.300000      1.560615536838E-01      7.039295554430E-02
   56.400000      1.584108845520E-01      7.099745563375E-02
   56.500000      1.507987876554E-01      6.627138180474E-02
   56.600000      1.335971154269E-01      5.673517364430E-02
   56.700000      1.085943594468E-01      4.385932050356E-02
   56.800000      7.896367560941E-02      2.980421178067E-02
   56.900000      4.913228608585E-02      1.698965552366E-02
   57.000000      2.473367364572E-02      7.583249199417E-03
   57.100000      1.208282597637E-02      3.037743185738E-03
   57.200000      1.488540885819E-02      3.809086164982E-03
   57.300000      3.180565613720E-02      9.333472531951E-03
   57.400000      5.590840956603E-02      1.825307657966E-02
   57.500000      8.112938798066E-02      2.880028343685E-02
   57.600000      1.033043163814E-01      3.921667890614E-02
   57.700000      1.199085462296E-01      4.809994765413E-02
   57.800000      1.299539964275E-01      5.461194069936E-02
   57.900000      1.338651342397E-01      5.851789909415E-02
   58.000000      1.332181881742E-01      6.005964061272E-02
   58.100000      1.303637785894E-01      5.970758106518E-02
   58.200000      1.277241674816E-01      5.788349516421E-02
   58.300000      1.251655236540E-01      5.476932858533E-02
   58.400000      1.205176398590E-01      5.028932318681E-02
   58.500000      1.119586225642E-01      4.427483797974E-02
   58.600000      9.850451857580E-02      3.673130053318E-02
   58.700000      8.034190919213E-02      2.807631465603E-02
   58.800000      5.912215632512E-02      1.923470623172E-02
   58.900000      3.824068704910E-02      1.154339375203E-02
   59.000000      2.347911975978E-02      6.493074573061E-03
   59.100000      2.017084900556E-02      5.380628711273E-03
   59.200000      2.919639013598E-02      8.959759424561E-03
   59.300000      4.873432618831E-02      1.717257564752E-02
   59.400000      7.583306814410E-02      2.903587477110E-02
   59.500000      1.048886183919E-01      4.273869529976E-02
   59.600000      1.309253959985E-01      5.596423429124E-02
   59.700000      1.502110166765E-01      6.637588792330E-02
   59.800000      1.603240843456E-01      7.213674448657E-02
   59.900000      1.601835707815E-01      7.231199841115E-02
   60.000000      1.500550656846E-01      6.704743491468E-02
   60.100000      1.315551189364E-01      5.749139113616E-02
   60.200000      1.075431277558E-01      4.549616865274E-02
   60.300000      8.193599401535E-02      3.318550751313E-02
   60.400000      5.971098184959E-02      2.250188914169E-02
   60.500000      4.447307864433E-02      1.484280884221E-02
   60.600000      3.643130707296E-02      1.086239080923E-02
   60.700000      3.548661936576E-02      1.046925086799E-02
   60.800000      4.176269946714E-02      1.300365310104E-02
   60.900000      5.430827713148E-02      1.753053028644E-02
   61.000000      6.865758957304E-02      2.315045481290E-02
   61.100000      8.201290030469E-02      2.922576453307E-02
   61.200000      9.327238393295E-02      3.545182011966E-02
   61.300000      1.026224585743E-01      4.176270326945E-02
   61.400000      1.112079398366E-01      4.812341243260E-02
   61.500000      1.205626194438E-01      5.430304542444E-02
   61.600000      1.313242993888E-01      5.973025746345E-02
   61.700000      1.409390887956E-01      6.350278246923E-02
   61.800000      1.460347884748E-01      6.456903568325E-02
   61.900000      1.441050033998E-01      6.203856948777E-02
   62.000000      1.337662125958E-01      5.552751771599E-02
   62.100000      1.150106427936E-01      4.542293711706E-02
   62.200000      8.934951035566E-02      3.296537885107E-02
   62.300000      5.980973925737E-02      2.009705421495E-02
   62.400000      3.089379173403E-02      9.091097158935E-03
   62.500000      8.614765206702E-03      2.049722222842E-03
   62.600000      2.059859275302E-03      4.096956118995E-04
   62.700000      1.673560804468E-02      4.595160372354E-03
   62.800000      4.319956116531E-02      1.390840433475E-02
   62.900000      7.427146173210E-02      2.667746846682E-02
   63.000000      1.043540267852E-01      4.061722684334E-02
   63.100000      1.291258691510E-01      5.331822503482E-02
   63.200000      1.457339234796E-01      6.275152626278E-02
   63.300000      1.528906356267E-01      6.766976294252E-02
   63.400000      1.508252014870E-01      6.780374815557E-02
   63.500000      1.410851420422E-01      6.380429088211E-02
   63.600000      1.263264804787E-01      5.695258711787E-02
   63.700000      1.101530185381E-01      4.874033043453E-02
   63.800000      9.621437997980E-02      4.046900987710E-02
   63.900000      8.485230862395E-02      3.300306629601E-02
   64.000000      7.479993229018E-02      2.673397045775E-02
   64.100000      6.511810051798E-02      2.171708808785E-02
   64.200000      5.574827588489E-02      1.788520692349E-02
   64.300000      4.784795394795E-02      1.524261057794E-02
   64.400000      4.463040903916E-02      1.397959552585E-02
   64.500000      4.665428339829E-02      1.448251289987E-02
   64.600000      5.251729152396E-02      1.723279174999E-02
   64.700000      6.220537269437E-02      2.260506640728E-02
   64.800000      7.630286339733E-02      3.061014567416E-02
   64.900000      9.535031270176E-02      4.067515738578E-02
   65.000000      1.172866243323E-01      5.157223182229E-02
   65.100000      1.375351098538E-01      6.156654166686E-02
   65.200000      1.523558977645E-01      6.876591629093E-02
   65.300000      1.589602885628E-01      7.156896348297E-02
   65.400000      1.557172727659E-01      6.907570596305E-02
   65.500000      1.423363604969E-01      6.135077990487E-02
   65.600000      1.199749908220E-01      4.948021587335E-02
   65.700000      9.126144387555E-02      3.540559899642E-02
   65.800000      6.020791279541E-02      2.155463980861E-02
   65.900000      3.204554178076E-02      1.033389099942E-02
   66.000000      1.334164848722E-02      3.604155812742E-03
   66.100000      9.561154906813E-03      2.286844957483E-03
   66.200000      2.243325383244E-02      6.217803805409E-03
   66.300000      4.577552632383E-02      1.427988713893E-02
   66.400000      7.207940482203E-02      2.474966802558E-02
   66.500000      9.644387583450E-02      3.573521943340E-02
   66.600000      1.156911078254E-01      4.558083435182E-02
   66.700000      1.282488984565E-01      5.315239010319E-02
   66.800000      1.340414554046E-01      5.795928694375E-02
   66.900000      1.342727349563E-01      6.010021152380E-02
   67.000000      1.311175566439E-01      6.005362369425E-02
   67.100000      1.273546921766E-01      5.838264626761E-02
   67.200000      1.242887115951E-01      5.546976790042E-02
   67.300000      1.203288307106E-01      5.139891151275E-02
   67.400000      1.135159352464E-01      4.603925505645E-02
   67.500000      1.024690133264E-01      3.928377537391E-02
   67.600000      8.682734345076E-02      3.131781961271E-02
   67.700000      6.753721238910E-02      2.278675269715E-02
   67.800000      4.711973578103E-02      1.479072013288E-02
   67.900000      3.004761671361E-02      8.710060544318E-03
   68.000000      2.207301511250E-02      5.913848814175E-03
   68.100000      2.547175974587E-02      7.420516498829E-03
   68.200000      3.978628380565E-02      1.358352754945E-02
   68.300000      6.363853208204E-02      2.388172270238E-02
   68.400000      9.213157638212E-02      3.689450947798E-02
   68.500000      1.198254985440E-01      5.051186891065E-02
   68.600000      1.424848796570E-01      6.235669348533E-02
   68.700000      1.570523674145E-01      7.031018268040E-02
   68.800000      1.617465254670E-01      7.298494962634E-02
   68.900000      1.561139143546E-01      7.001499450785E-02
   69.000000      1.410929236936E-01      6.210062524448E-02
   69.100000      1.189754071193E-01      5.081460064872E-02
   69.200000      9.326983925171E-02      3.822731507500E-02
   69.300000      6.862657646690E-02      2.644751634553E-02
   69.400000      4.962419077009E-02      1.719398018410E-02
   69.500000      3.774981495719E-02      1.150118584508E-02
   69.600000      3.340151271618E-02      9.620850626153E-03
   69.700000      3.670476365607E-02      1.112469402797E-02
   69.800000      4.784018226438E-02      1.515699226728E-02
   69.900000      6.297979997922E-02      2.074491514681E-02
   70.000000      7.810021309501E-02      2.706536799367E-02
   70.100000      9.122649276233E-02      3.359132011072E-02
   70.200000      1.018513695104E-01      4.008592844756E-02
   70.300000      1.106279732460E-01      4.646390189048E-02
   70.400000      1.189694814516E-01      5.258464352666E-02
   70.500000      1.283293290806E-01      5.806813137379E-02
   70.600000      1.377893197435E-01      6.222048662652E-02
   70.700000      1.441651061993E-01      6.411970933056E-02
   70.800000      1.446717464508E-01      6.285402877711E-02
   70.900000      1.374835212549E-01      5.784558260639E-02
   71.000000      1.220208065197E-01      4.915298481776E-02
   71.100000      9.915073106412E-02      3.764239485020E-02
   71.200000      7.124501506932E-02      2.494797521231E-02
   71.300000      4.217958750681E-02      1.320071694598E-02
   71.400000      1.731856309128E-02      4.578762109746E-03
   71.500000      3.860738214502E-03      8.001030714775E-04
   71.600000      1.057373306584E-02      2.705499621383E-03
   71.700000      3.278455069730E-02      1.004836719043E-02
   71.800000      6.214990400454E-02      2.153980990447E-02
   71.900000      9.263024870063E-02      3.512768633178E-02
   72.000000      1.195024294276E-01      4.843829657197E-02
   72.100000      1.394186282657E-01      5.927752732377E-02
   72.200000      1.505107657535E-01      6.607412959432E-02
   72.300000      1.523808074176E-01      6.815785490444E-02
   72.400000      1.459586194432E-01      6.580366673073E-02
   72.500000      1.333377358111E-01      6.003596475124E-02
   72.600000      1.176156337647E-01      5.226203796246E-02
   72.700000      1.025451213759E-01      4.386571418155E-02
   72.800000      8.998836258283E-02      3.590255145536E-02
   72.900000      7.900682044669E-02      2.898120732982E-02
   73.000000      6.867972778694E-02      2.332513375063E-02
   73.100000      5.876142446113E-02      1.894165834421E-02
   73.200000      4.997281105097E-02      1.581186697182E-02
   73.300000      4.460286411822E-02      1.403811589826E-02
   73.400000      4.519846862458E-02      1.391090175533E-02
   73.500000      5.005369409750E-02      1.586836674935E-02
   73.600000      5.874508689303E-02      2.033692133558E-02
   73.700000      7.167423558345E-02      2.748188184873E-02
   73.800000      8.906314651168E-02      3.695411664236E-02
   73.900000      1.101356139948E-01      4.775195294163E-02
   74.000000      1.313600186713E-01      5.829070127159E-02
   74.100000      1.484605563152E-01      6.669026214351E-02
   74.200000      1.582095613286E-01      7.120076075895E-02
   74.300000      1.585041321702E-01      7.063739341619E-02
   74.400000      1.485667110632E-01      6.470448653119E-02
   74.500000      1.290671303765E-01      5.413139197337E-02
   74.600000      1.021493616582E-01      4.058688530627E-02
   74.700000      7.135665253952E-02      2.637620351577E-02
   74.800000      4.145159135745E-02      1.397007499597E-02
   74.900000      1.833824159132E-02      5.471289960696E-03
   75.000000      8.988461809034E-03      2.163657090415E-03
   75.100000      1.617084726551E-02      4.274443595051E-03
   75.200000      3.662184349261E-02      1.100950070874E-02
   75.300000      6.237803865420E-02      2.082610201239E-02
   75.400000      8.779269160720E-02      3.184100800411E-02
   75.500000      1.090652264063E-01      4.225543803251E-02
   75.600000      1.240068617053E-01      5.070136883972E-02
   75.700000      1.319829098822E-01      5.644439898097E-02
   75.800000      1.337592652831E-01      5.940468821851E-02
   75.900000      1.312122021483E-01      5.999340592235E-02
   76.000000      1.269709301119E-01      5.881944931078E-02
   76.100000      1.237022857703E-01      5.638014984944E-02
   76.200000      1.208382418930E-01      5.286862841742E-02
   76.300000      1.160289873990E-01      4.818334633599E-02
   76.400000      1.074380083616E-01      4.212873339573E-02
   76.500000      9.409563568396E-02      3.470250814511E-02
   76.600000      7.625017692704E-02      2.632922045403E-02
   76.700000      5.569041466236E-02      1.793564028528E-02
   76.800000      3.601116206134E-02      1.083930077852E-02
   76.900000      2.342086043671E-02      6.487902021969E-03
   77.000000      2.205630081898E-02      6.119008792056E-03
   77.100000      3.208381848695E-02      1.041581364106E-02
   77.200000      5.273346988417E-02      1.923762230559E-02
   77.300000      8.050962755476E-02      3.150793737395E-02
   77.400000      1.095366315411E-01      4.532806111950E-02
   77.500000      1.350426027911E-01      5.832754305537E-02
   77.600000      1.533958728593E-01      6.817480773934E-02
   77.700000      1.622319279766E-01      7.310132757012E-02
   77.800000      1.605240798024E-01      7.228780195031E-02
   77.900000      1.486614862130E-01      6.601758793909E-02
   78.000000      1.284377198546E-01      5.557698797537E-02
   78.100000      1.029409756764E-01      4.294167541826E-02
   78.200000      7.638006422393E-02      3.033105305250E-02
   78.300000      5.402560836259E-02      1.973906549735E-02
   78.400000      3.896324373328E-02      1.255359747269E-02
   78.500000      3.216305601258E-02      9.352799483105E-03
   78.600000      3.347988344404E-02      9.919268165960E-03
   78.700000      4.302178684678E-02      1.345074196678E-02
   78.800000      5.818587883791E-02      1.888583846444E-02
   78.900000      7.397085283185E-02      2.523028256953E-02
   79.000000      8.783800982829E-02      3.177976398160E-02
   79.100000      9.886741790648E-02      3.818294579433E-02
   79.200000      1.074006492691E-01      4.434799009811E-02
   79.300000      1.147381776444E-01      5.024613718927E-02
   79.400000      1.227703275306E-01      5.569542579294E-02
   79.500000      1.321222302590E-01      6.021359063011E-02
   79.600000      1.400206312406E-01      6.301107987224E-02
   79.700000      1.433711079039E-01      6.315292922822E-02
   79.800000      1.398752860696E-01      5.985707902605E-02
   79.900000      1.283523748641E-01      5.283562013562E-02
   80.000000      1.089805179998E-01      4.255365973001E-02
   80.100000      8.338962303899E-02      3.029701469661E-02
   80.200000      5.467052348030E-02      1.799917851650E-02
   80.300000      2.741596566477E-02      7.857509362657E-03
   80.400000      7.936500852402E-03      1.840581515467E-03
   80.500000      5.286486649650E-03      1.224917314779E-03
   80.600000      2.175196209307E-02      6.285180165018E-03
   80.700000      4.879530162829E-02      1.621095354058E-02
   80.800000      7.970738348397E-02      2.926460936401E-02
   80.900000      1.091261461277E-01      4.314466490086E-02
   81.000000      1.329263791389E-01      5.547537588579E-02
   81.100000      1.484263357789E-01      6.430731244024E-02
   81.200000      1.544754456393E-01      6.850180627840E-02
   81.300000      1.513786638491E-01      6.789923086482E-02
   81.400000      1.407439742712E-01      6.323218580474E-02
   81.500000      1.253279215394E-01      5.582189148643E-02
   81.600000      1.088268309322E-01      4.716713940355E-02
   81.700000      9.433519883042E-02      3.856932979079E-02
   81.800000      8.198777481025E-02      3.090970860843E-02
   81.900000      7.102059355348E-02      2.461794627732E-02
   82.000000      6.088204665807E-02      1.979160254997E-02
   82.100000      5.185640172622E-02      1.638502750583E-02
   82.200000      4.554335311195E-02      1.438901810027E-02
   82.300000      4.500177540788E-02      1.394583224402E-02
   82.400000      4.930369449867E-02      1.536527309907E-02
   82.500000      5.717152523656E-02      1.902516689250E-02
   82.600000      6.846363231140E-02      2.516887840495E-02
   82.700000      8.352531305723E-02      3.365955141112E-02
   82.800000      1.024844726070E-01      4.379312120707E-02
   82.900000      1.232786288537E-01      5.427279817860E-02
   83.000000      1.416554271285E-01      6.339192135559E-02
   83.100000      1.540970745766E-01      6.938679520999E-02
   83.200000      1.581027591477E-01      7.085513486386E-02
   83.300000      1.523678382063E-01      6.712073340598E-02
   83.400000      1.369284281957E-01      5.845356167578E-02
   83.500000      1.132295930045E-01      4.609456574239E-02
   83.600000      8.411570363042E-02      3.206615440546E-02
   83.700000      5.372597984941E-02      1.878450415975E-02
   83.800000      2.734730362991E-02      8.545836091506E-03
   83.900000      1.165801150457E-02      3.019433927570E-03
   84.000000      1.184637611647E-02      2.899405311027E-03
   84.100000      2.747758319918E-02      7.817428522069E-03
   84.200000      5.144851664192E-02      1.652258494704E-02
   84.300000      7.735205395148E-02      2.724570202037E-02
   84.400000      1.007130013356E-01      3.812620132604E-02
   84.500000      1.186958392056E-01      4.759219533479E-02
   84.600000      1.300041953962E-01      5.462065007907E-02
   84.700000      1.347651828215E-01      5.883550933992E-02
   84.800000      1.343069374941E-01      6.042748898847E-02
   84.900000      1.308165920782E-01      5.991986471639E-02
   85.000000      1.269002177850E-01      5.786386859990E-02
   85.100000      1.236393324888E-01      5.459208829721E-02
   85.200000      1.191632566655E-01      5.014348554273E-02
   85.300000      1.115028656043E-01      4.439035789313E-02
   85.400000      9.943386683686E-02      3.729207871779E-02
   85.500000      8.280826349500E-02      2.914103048123E-02
   85.600000      6.288260829995E-02      2.068558439621E-02
   85.700000      4.256174797915E-02      1.308517834659E-02
   85.800000      2.702164367713E-02      7.717486487379E-03
   85.900000      2.194673886861E-02      5.887279010904E-03
   86.000000      2.827725243844E-02      8.493695081634E-03
   86.100000      4.519850891495E-02      1.572393144454E-02
   86.200000      7.044545125311E-02      2.686109643298E-02
   86.300000      9.929145677579E-02      4.029675956235E-02
   86.400000      1.263295606032E-01      5.379423494281E-02
   86.500000      1.474580913461E-01      6.495794840874E-02
   86.600000      1.598135143892E-01      7.177430425424E-02
   86.700000      1.618666364776E-01      7.306007489835E-02
   86.800000      1.535138581635E-01      6.870020602913E-02
   86.900000      1.360678943830E-01      5.963513062166E-02
   87.000000      1.121591129396E-01      4.762111840359E-02
   87.100000      8.554762348581E-02      3.482804202885E-02
   87.200000      6.103521140590E-02      2.336923200413E-02
   87.300000      4.360153380111E-02      1.487608225020E-02
   87.400000      3.425448182841E-02      1.022218770618E-02
   87.500000      3.264352130946E-02      9.461177923198E-03
   87.600000      3.876633608162E-02      1.197711438116E-02
   87.700000      5.209204446623E-02      1.677896306069E-02
   87.800000      6.780267570954E-02      2.283048810071E-02
   87.900000      8.249529824991E-02      2.931073796666E-02
   88.000000      9.459898117022E-02      3.573858211876E-02
   88.100000      1.039369007918E-01      4.194355030057E-02
   88.200000      1.114845283169E-01      4.790950416876E-02
   88.300000      1.190014736729E-01      5.355473767022E-02
   88.400000      1.280307399582E-01      5.853730341057E-02
   88.500000      1.371126123324E-01      6.217559924341E-02
   88.600000      1.428536646926E-01      6.354159469537E-02
   88.700000      1.425272929649E-01      6.172125952296E-02
   88.800000      1.344015701749E-01      5.616551762021E-02
   88.900000      1.180191440207E-01      4.700762097359E-02
   89.000000      9.436969932771E-02      3.522242929592E-02
   89.100000      6.597227667711E-02      2.254942415944E-02
   89.200000      3.693115211153E-02      1.117681446472E-02
   89.300000      1.293079866119E-02      3.264687699518E-03
   89.400000      2.238265664428E-03      4.408600157553E-04
   89.500000      1.272276548061E-02      3.408811958256E-03
   89.600000      3.725823060835E-02      1.176564231956E-02
   89.700000      6.795131869145E-02      2.406812545426E-02
   89.800000      9.889807999454E-02      3.813039968337E-02
   89.900000      1.254363620943E-01      5.148930172061E-02
   90.000000      1.443290130125E-01      6.193053302200E-02
   90.100000      1.538741759822E-01      6.794429849342E-02
   90.200000      1.538506579957E-01      6.899194035205E-02
   90.300000      1.453701081045E-01      6.551697159075E-02
   90.400000      1.307650424407E-01      5.870918846721E-02
   90.500000      1.134085045999E-01      5.010869058852E-02
   90.600000      9.730392466294E-02      4.118907361314E-02
   90.700000      8.403577374068E-02      3.305460977785E-02
   90.800000      7.297656584422E-02      2.632300273954E-02
   90.900000      6.326711231330E-02      2.118319038897E-02
   91.000000      5.474243052599E-02      1.756363290520E-02
   91.100000      4.816730537758E-02      1.533490417951E-02
   91.200000      4.594756241870E-02      1.448199427000E-02
   91.300000      4.879797428238E-02      1.519393710385E-02
   91.400000      5.478171418747E-02      1.783058542318E-02
   91.500000      6.369661993635E-02      2.275594034888E-02
   91.600000      7.608593195199E-02      3.008194070182E-02
   91.700000      9.279469386874E-02      3.942272631965E-02
   91.800000      1.132123831878E-01      4.977640702381E-02
   91.900000      1.332121750084E-01      5.960922748993E-02
   92.000000      1.488399256614E-01      6.713726001674E-02
   92.100000      1.570656210717E-01      7.072790309642E-02
   92.200000      1.559374672418E-01      6.930941179506E-02
   92.300000      1.447972795885E-01      6.268278814431E-02
   92.400000      1.244124617461E-01      5.165734388291E-02
   92.500000      9.701667570333E-02      3.796342116189E-02
   92.600000      6.623904022501E-02      2.393665918179E-02
   92.700000      3.694788214829E-02      1.202860807649E-02
   92.800000      1.535339238730E-02      4.266274485064E-03
   92.900000      7.850342928597E-03      1.817324210685E-03
   93.000000      1.797041594118E-02      4.785524781906E-03
   93.100000      4.025618521876E-02      1.227552367075E-02
   93.200000      6.701283130492E-02      2.267654957974E-02
   93.300000      9.284284143534E-02      3.406448492689E-02
   93.400000      1.140724090502E-01      4.461808923842E-02
   93.500000      1.286220047659E-01      5.296408185258E-02
   93.600000      1.359678380001E-01      5.838372015418E-02
   93.700000      1.369795383478E-01      6.083290429609E-02
   93.800000      1.336091698019E-01      6.076939275185E-02
   93.900000      1.285542785837E-01      5.884903989919E-02
   94.000000      1.241279647126E-01      5.561624383686E-02
   94.100000      1.195453754325E-01      5.132444221796E-02
   94.200000      1.129434040016E-01      4.596050166571E-02
   94.300000      1.027903860151E-01      3.944324242567E-02
   94.400000      8.838172458219E-02      3.188341585958E-02
   94.500000      7.027981940414E-02      2.377652258825E-02
   94.600000      5.061990278876E-02      1.604761135533E-02
   94.700000      3.350165865314E-02      9.935412709019E-03
   94.800000      2.459030385414E-02      6.750458435403E-03
   94.900000      2.643532209186E-02      7.560720249963E-03
   95.000000      3.871913128486E-02      1.286893791183E-02
   95.100000      6.021518382412E-02      2.236331995018E-02
   95.200000      8.757603583135E-02      3.483470612374E-02
   95.300000      1.152741590216E-01      4.832808516938E-02
   95.400000      1.388559476594E-01      6.052192752344E-02
   95.500000      1.550034501384E-01      6.923613175352E-02
   95.600000      1.616214948617E-01      7.291642231644E-02
   95.700000      1.579386852660E-01      7.096183211768E-02
   95.800000      1.445461271228E-01      6.382764712150E-02
   95.900000      1.233759673537E-01      5.290023552267E-02
   96.000000      9.760636539309E-02      4.018227712206E-02
   96.100000      7.151874446888E-02      2.785804835274E-02
   96.200000      5.030743330699E-02      1.783661732693E-02
   96.300000      3.670092324235E-02      1.138525099513E-02
   96.400000      3.130724720461E-02      8.948837157318E-03
   96.500000      3.424983907699E-02      1.019726379071E-02
   96.600000      4.542290859728E-02      1.426606062071E-02
   96.700000      6.121110821877E-02      2.009018107803E-02
   96.800000      7.721511786913E-02      2.671005858271E-02
   96.900000      9.113103265312E-02      3.345927061103E-02
   97.000000      1.021887337759E-01      3.999923532471E-02
   97.100000      1.108419372158E-01      4.621756980133E-02
   97.200000      1.184182416539E-01      5.204102210702E-02
   97.300000      1.265170877935E-01      5.723544090518E-02
   97.400000      1.353329888944E-01      6.127591732040E-02
   97.500000      1.420645004252E-01      6.335997944249E-02
   97.600000      1.437190635372E-01      6.259312780848E-02
   97.700000      1.381985210488E-01      5.830428179386E-02
   97.800000      1.245947600288E-01      5.038093860317E-02
   97.900000      1.034028645031E-01      3.949010693334E-02
   98.000000      7.658838756116E-02      2.708630198947E-02
   98.100000      4.765047923092E-02      1.518221852518E-02
   98.200000      2.163524181301E-02      5.937316394230E-03
   98.300000      5.377916975489E-03      1.175758431105E-03
   98.400000      7.908417532566E-03      1.960682388969E-03
   98.500000      2.769117077679E-02      8.328377433212E-03
   98.600000      5.633691327644E-02      1.924344786031E-02
   98.700000      8.737599966306E-02      3.279165450456E-02
   98.800000      1.156994082628E-01      4.657946987164E-02
   98.900000      1.375394484157E-01      5.825349981829E-02
   99.000000      1.506232637369E-01      6.600567962824E-02
   99.100000      1.541742666569E-01      6.892419342476E-02
   99.200000      1.487880993088E-01      6.709788830837E-02
   99.300000      1.363385403556E-01      6.146160513381E-02
   99.400000      1.197768417249E-01      5.344955476587E-02
   99.500000      1.029229985486E-01      4.457977231217E-02
   99.600000      8.895378413454E-02      3.610442370454E-02
   99.700000      7.755144883922E-02      2.882025343974E-02
   99.800000      6.757399140134E-02      2.306186867332E-02
   99.900000      5.848056967276E-02      1.883616726385E-02
  100.000000      5.061599338581E-02      1.602366029513E-02
