# M=10, N=5, V0=0.0, V=-1.9, PBC
#  time (tJ)                 S₁(n=1)                 S₂(n=1)
    0.000000      2.220446049250E-16     -2.220446049250E-16
    0.100000      3.929423334503E-02      1.330155256377E-02
    0.200000      1.142035194900E-01      4.973715285302E-02
    0.300000      1.950603004628E-01      1.001924949235E-01
    0.400000      2.659325092351E-01      1.533019357103E-01
    0.500000      3.197773459928E-01      1.994541099816E-01
    0.600000      3.558406899019E-01      2.334701787047E-01
    0.700000      3.770673100138E-01      2.549674389792E-01
    0.800000      3.880769025895E-01      2.669670550711E-01
    0.900000      3.937256684076E-01      2.738637470973E-01
    1.000000      3.979457098591E-01      2.795384330822E-01
    1.100000      4.028876642692E-01      2.861108511302E-01
    1.200000      4.087342514047E-01      2.936493591050E-01
    1.300000      4.143052367692E-01      3.007805551862E-01
    1.400000      4.180531944022E-01      3.057460397428E-01
    1.500000      4.189159599527E-01      3.073644998010E-01
    1.600000      4.167889543061E-01      3.055877658996E-01
    1.700000      4.126723994743E-01      3.016241868384E-01
    1.800000      4.085744428898E-01      2.977167566068E-01
    1.900000      4.071026984119E-01      2.966305477124E-01
    2.000000      4.106338946192E-01      3.009006545737E-01
    2.100000      4.202558579191E-01      3.119966554992E-01
    2.200000      4.351298605982E-01      3.296772992246E-01
    2.300000      4.528193203494E-01      3.518329638295E-01
    2.400000      4.703723192141E-01      3.750068201349E-01
    2.500000      4.854238868998E-01      3.955115145762E-01
    2.600000      4.967176073601E-01      4.106552469911E-01
    2.700000      5.039329483496E-01      4.193680925302E-01
    2.800000      5.072030356518E-01      4.218994578001E-01
    2.900000      5.067960411942E-01      4.190983655433E-01
    3.000000      5.031928759268E-01      4.121323501811E-01
    3.100000      4.974163518148E-01      4.027460073871E-01
    3.200000      4.910373891874E-01      3.932252134307E-01
    3.300000      4.854716283795E-01      3.854972483577E-01
    3.400000      4.810363085072E-01      3.799882324644E-01
    3.500000      4.766842091146E-01      3.753480079058E-01
    3.600000      4.707064069868E-01      3.693529602131E-01
    3.700000      4.618250561228E-01      3.602975541455E-01
    3.800000      4.500132775047E-01      3.480365980566E-01
    3.900000      4.368227347910E-01      3.343155565106E-01
    4.000000      4.251947203069E-01      3.223413674399E-01
    4.100000      4.186341690293E-01      3.156299934003E-01
    4.200000      4.196456234902E-01      3.164429819557E-01
    4.300000      4.279746687664E-01      3.245243682215E-01
    4.400000      4.402211336969E-01      3.368632119067E-01
    4.500000      4.514520919100E-01      3.486373521107E-01
    4.600000      4.571944087636E-01      3.547503348081E-01
    4.700000      4.543511829626E-01      3.511505016847E-01
    4.800000      4.412229606517E-01      3.356233706988E-01
    4.900000      4.174141377326E-01      3.082498125528E-01
    5.000000      3.839670161416E-01      2.715524772621E-01
    5.100000      3.435246372501E-01      2.300073263554E-01
    5.200000      3.002113013645E-01      1.888582832227E-01
    5.300000      2.591301450663E-01      1.527498242998E-01
    5.400000      2.254434718831E-01      1.248057953233E-01
    5.500000      2.028912483325E-01      1.063785602234E-01
    5.600000      1.923728807533E-01      9.727336101854E-02
    5.700000      1.922129678701E-01      9.613709034084E-02
    5.800000      1.995573966879E-01      1.008679644372E-01
    5.900000      2.112633078088E-01      1.091371516390E-01
    6.000000      2.247578582052E-01      1.191197334510E-01
    6.100000      2.390923792600E-01      1.302189751665E-01
    6.200000      2.552097975485E-01      1.432745532020E-01
    6.300000      2.748964923574E-01      1.598914469222E-01
    6.400000      2.989769594430E-01      1.810802619463E-01
    6.500000      3.259716935013E-01      2.059376921535E-01
    6.600000      3.521767407834E-01      2.312071355704E-01
    6.700000      3.729982964920E-01      2.520958547169E-01
    6.800000      3.845045991291E-01      2.639552684266E-01
    6.900000      3.844214976841E-01      2.640013113089E-01
    7.000000      3.726636906083E-01      2.525077219124E-01
    7.100000      3.518290709632E-01      2.332493732396E-01
    7.200000      3.275531780260E-01      2.128563444838E-01
    7.300000      3.079692127214E-01      1.988470031962E-01
    7.400000      3.014755495320E-01      1.969693114540E-01
    7.500000      3.126029031193E-01      2.091606033458E-01
    7.600000      3.385899865373E-01      2.331266732709E-01
    7.700000      3.715525389774E-01      2.636432875853E-01
    7.800000      4.038359279571E-01      2.948185776218E-01
    7.900000      4.308533462244E-01      3.221248336141E-01
    8.000000      4.511257562923E-01      3.433851575569E-01
    8.100000      4.653477084747E-01      3.587623183510E-01
    8.200000      4.754248445817E-01      3.701257395335E-01
    8.300000      4.835072855977E-01      3.799167348370E-01
    8.400000      4.910109281268E-01      3.897784475768E-01
    8.500000      4.980806180365E-01      3.997143969779E-01
    8.600000      5.038630367199E-01      4.083394281946E-01
    8.700000      5.072555274619E-01      4.138691529220E-01
    8.800000      5.074572323226E-01      4.149651040754E-01
    8.900000      5.040594919085E-01      4.109853726627E-01
    9.000000      4.969561043881E-01      4.019329197540E-01
    9.100000      4.864437418461E-01      3.885566092086E-01
    9.200000      4.735566691977E-01      3.726159773005E-01
    9.300000      4.603236949556E-01      3.569159974377E-01
    9.400000      4.495329959757E-01      3.447759941290E-01
    9.500000      4.438200875632E-01      3.389771946756E-01
    9.600000      4.444225592842E-01      3.406163129774E-01
    9.700000      4.504524989960E-01      3.485076184282E-01
    9.800000      4.593543971408E-01      3.596458360660E-01
    9.900000      4.682298432344E-01      3.705733703332E-01
   10.000000      4.749530556833E-01      3.786709891363E-01
   10.100000      4.783492304973E-01      3.824369431866E-01
   10.200000      4.777204229886E-01      3.809659946836E-01
   10.300000      4.725709712984E-01      3.737090524828E-01
   10.400000      4.629552545737E-01      3.610123082856E-01
   10.500000      4.499770095167E-01      3.446541332351E-01
   10.600000      4.355991897857E-01      3.273069544643E-01
   10.700000      4.214954301399E-01      3.109800164362E-01
   10.800000      4.076928137830E-01      2.956528519372E-01
   10.900000      3.921638635494E-01      2.791911107883E-01
   11.000000      3.717642205848E-01      2.586045245323E-01
   11.100000      3.439168104252E-01      2.318985609276E-01
   11.200000      3.083815908327E-01      1.996588891636E-01
   11.300000      2.688215935873E-01      1.657039160574E-01
   11.400000      2.334258188366E-01      1.363297262397E-01
   11.500000      2.125079924761E-01      1.181638819350E-01
   11.600000      2.125038082398E-01      1.154891419975E-01
   11.700000      2.320760338977E-01      1.283644581909E-01
   11.800000      2.636093223473E-01      1.524843266116E-01
   11.900000      2.973380596734E-01      1.808026641768E-01
   12.000000      3.252440156537E-01      2.060464780610E-01
   12.100000      3.427455173576E-01      2.228581117014E-01
   12.200000      3.484107129567E-01      2.287636592830E-01
   12.300000      3.430585960300E-01      2.240688601422E-01
   12.400000      3.291086835565E-01      2.112337711136E-01
   12.500000      3.102227258578E-01      1.940689320383E-01
   12.600000      2.908588242420E-01      1.768259314524E-01
   12.700000      2.754311378550E-01      1.632697497244E-01
   12.800000      2.671967314635E-01      1.559164185031E-01
   12.900000      2.673455608668E-01      1.556068257228E-01
   13.000000      2.747691335070E-01      1.615172971760E-01
   13.100000      2.867549840615E-01      1.716400092445E-01
   13.200000      3.003313961881E-01      1.836495450628E-01
   13.300000      3.135704178576E-01      1.958887991897E-01
   13.400000      3.262843499970E-01      2.080833236802E-01
   13.500000      3.398919885945E-01      2.214560992796E-01
   13.600000      3.564801841663E-01      2.381371281117E-01
   13.700000      3.774326859795E-01      2.600365950582E-01
   13.800000      4.024062155515E-01      2.876047622804E-01
   13.900000      4.292786049499E-01      3.190594141904E-01
   14.000000      4.549400316581E-01      3.505833351883E-01
   14.100000      4.763139944428E-01      3.775449107805E-01
   14.200000      4.911206792458E-01      3.960973792995E-01
   14.300000      4.981832576128E-01      4.042062558874E-01
   14.400000      4.973826929821E-01      4.018178033914E-01
   14.500000      4.897043287934E-01      3.907802669357E-01
   14.600000      4.775850355842E-01      3.748697730801E-01
   14.700000      4.649644049445E-01      3.592659937272E-01
   14.800000      4.561854085914E-01      3.489195061517E-01
   14.900000      4.539408195167E-01      3.465472143819E-01
   15.000000      4.579050580080E-01      3.516585022972E-01
   15.100000      4.653890640103E-01      3.612538155650E-01
   15.200000      4.732522982367E-01      3.715897713976E-01
   15.300000      4.793372160169E-01      3.797986325990E-01
   15.400000      4.827598515727E-01      3.845558538984E-01
   15.500000      4.835366557775E-01      3.858653118812E-01
   15.600000      4.821592192422E-01      3.844859134991E-01
   15.700000      4.792882107787E-01      3.813646129194E-01
   15.800000      4.754755595408E-01      3.772162997897E-01
   15.900000      4.709553450757E-01      3.723727464244E-01
   16.000000      4.656495527534E-01      3.669081068451E-01
   16.100000      4.592940336473E-01      3.607496619298E-01
   16.200000      4.514015475055E-01      3.534675475845E-01
   16.300000      4.410856307205E-01      3.439368780851E-01
   16.400000      4.271669342659E-01      3.305000379402E-01
   16.500000      4.088240003588E-01      3.119463456690E-01
   16.600000      3.864967762043E-01      2.887716214602E-01
   16.700000      3.625030189524E-01      2.637177540020E-01
   16.800000      3.410214227886E-01      2.410747189024E-01
   16.900000      3.270579568745E-01      2.251255289800E-01
   17.000000      3.240639531179E-01      2.185500951983E-01
   17.100000      3.315887439584E-01      2.214294327935E-01
   17.200000      3.454723507060E-01      2.311444905792E-01
   17.300000      3.601337936049E-01      2.431895881268E-01
   17.400000      3.706934686644E-01      2.526413568949E-01
   17.500000      3.741162208028E-01      2.557529930074E-01
   17.600000      3.696251657233E-01      2.511136497623E-01
   17.700000      3.587481654626E-01      2.400536915933E-01
   17.800000      3.450175071094E-01      2.261548346884E-01
   17.900000      3.329123785640E-01      2.138110662808E-01
   18.000000      3.258624116245E-01      2.061976153898E-01
   18.100000      3.242160368308E-01      2.035988995155E-01
   18.200000      3.247022734188E-01      2.030701274982E-01
   18.300000      3.218556516579E-01      1.996795993387E-01
   18.400000      3.103020751552E-01      1.887314671790E-01
   18.500000      2.867441601645E-01      1.680274692301E-01
   18.600000      2.515479036671E-01      1.393678234719E-01
   18.700000      2.102159431106E-01      1.086713523935E-01
   18.800000      1.740841008596E-01      8.437813774863E-02
   18.900000      1.577261852720E-01      7.457886522136E-02
   19.000000      1.708391231687E-01      8.410070616829E-02
   19.100000      2.106869904549E-01      1.127669562217E-01
   19.200000      2.648904238747E-01      1.554504946358E-01
   19.300000      3.202356498034E-01      2.039219367050E-01
   19.400000      3.678498599935E-01      2.497901001546E-01
   19.500000      4.038653593884E-01      2.870986528988E-01
   19.600000      4.280117441652E-01      3.132977574480E-01
   19.700000      4.419054908389E-01      3.286579459257E-01
   19.800000      4.479307361195E-01      3.351981938636E-01
   19.900000      4.487283546079E-01      3.358066015211E-01
   20.000000      4.468840606072E-01      3.335174471833E-01
   20.100000      4.445758335153E-01      3.308632782093E-01
   20.200000      4.432387774034E-01      3.294281971352E-01
   20.300000      4.433863090587E-01      3.297039134909E-01
   20.400000      4.446650255208E-01      3.312311215241E-01
   20.500000      4.461563381048E-01      3.329762162771E-01
   20.600000      4.468750160747E-01      3.338899652440E-01
   20.700000      4.463350097898E-01      3.335318198608E-01
   20.800000      4.449859245915E-01      3.325429080974E-01
   20.900000      4.442809814750E-01      3.326927346406E-01
   21.000000      4.461441083536E-01      3.362771547941E-01
   21.100000      4.518331296025E-01      3.448875459930E-01
   21.200000      4.607743207525E-01      3.580529414756E-01
   21.300000      4.703797241405E-01      3.727423612969E-01
   21.400000      4.773114624256E-01      3.845480072983E-01
   21.500000      4.793734495572E-01      3.900851083243E-01
   21.600000      4.765754639399E-01      3.886941058318E-01
   21.700000      4.705806233644E-01      3.819714840623E-01
   21.800000      4.630080577826E-01      3.719676171524E-01
   21.900000      4.543599439990E-01      3.601255758265E-01
   22.000000      4.449385300236E-01      3.476965740698E-01
   22.100000      4.360916745695E-01      3.364528837111E-01
   22.200000      4.298976696069E-01      3.283589006362E-01
   22.300000      4.274911597364E-01      3.243348204353E-01
   22.400000      4.278376055392E-01      3.233837764313E-01
   22.500000      4.282836771937E-01      3.229732450828E-01
   22.600000      4.261763741590E-01      3.203981291429E-01
   22.700000      4.201845558651E-01      3.141819812219E-01
   22.800000      4.108413067459E-01      3.047845012935E-01
   22.900000      4.004213190992E-01      2.944220560865E-01
   23.000000      3.921804892274E-01      2.861355589489E-01
   23.100000      3.889540896296E-01      2.824414489593E-01
   23.200000      3.916238294313E-01      2.841216592407E-01
   23.300000      3.984631127670E-01      2.897086717761E-01
   23.400000      4.058424175831E-01      2.958738375854E-01
   23.500000      4.096561430539E-01      2.985030855154E-01
   23.600000      4.065272336845E-01      2.939890154208E-01
   23.700000      3.943650292707E-01      2.802073545112E-01
   23.800000      3.723846183588E-01      2.568618797227E-01
   23.900000      3.409800985105E-01      2.253488308454E-01
   24.000000      3.018533557969E-01      1.885404818309E-01
   24.100000      2.584607184547E-01      1.506066697738E-01
   24.200000      2.163375203355E-01      1.166056248008E-01
   24.300000      1.828505310213E-01      9.160324973131E-02
   24.400000      1.658363255421E-01      7.944310515657E-02
   24.500000      1.700055415390E-01      8.158977180148E-02
   24.600000      1.930398592001E-01      9.653256904651E-02
   24.700000      2.266285279290E-01      1.201145925668E-01
   24.800000      2.615997701808E-01      1.468494367545E-01
   24.900000      2.917065455538E-01      1.718076139690E-01
   25.000000      3.146617853997E-01      1.922533086004E-01
   25.100000      3.315500584973E-01      2.082719151811E-01
   25.200000      3.454628937635E-01      2.221481497540E-01
   25.300000      3.597345389317E-01      2.368255626239E-01
   25.400000      3.762139511530E-01      2.541221732262E-01
   25.500000      3.942807769481E-01      2.734823315611E-01
   25.600000      4.111189205350E-01      2.918769134157E-01
   25.700000      4.230039656771E-01      3.049396920647E-01
   25.800000      4.267590153867E-01      3.087582457131E-01
   25.900000      4.207788980094E-01      3.015265720514E-01
   26.000000      4.057517066472E-01      2.846495270859E-01
   26.100000      3.852930248729E-01      2.630264362835E-01
   26.200000      3.659146085094E-01      2.439677937198E-01
   26.300000      3.552705688234E-01      2.346772476150E-01
   26.400000      3.586738825140E-01      2.394448882165E-01
   26.500000      3.760636692749E-01      2.581031652677E-01
   26.600000      4.023139602486E-01      2.864718673084E-01
   26.700000      4.306414741304E-01      3.183731657010E-01
   26.800000      4.557874180080E-01      3.480396179484E-01
   26.900000      4.750605964332E-01      3.717038892149E-01
   27.000000      4.878274172727E-01      3.878938772456E-01
   27.100000      4.946040320764E-01      3.968400921110E-01
   27.200000      4.963691794828E-01      3.996749075877E-01
   27.300000      4.941829656898E-01      3.978022938953E-01
   27.400000      4.890036588698E-01      3.925091829068E-01
   27.500000      4.816333548089E-01      3.848185874744E-01
   27.600000      4.727621184807E-01      3.755551961309E-01
   27.700000      4.630224186060E-01      3.654660742974E-01
   27.800000      4.529323790416E-01      3.551819176471E-01
   27.900000      4.427307755633E-01      3.450018872623E-01
   28.000000      4.323001988070E-01      3.347737845972E-01
   28.100000      4.214184568173E-01      3.241781430446E-01
   28.200000      4.103835898064E-01      3.134150298529E-01
   28.300000      4.006924606606E-01      3.038516293019E-01
   28.400000      3.950650045002E-01      2.979755497371E-01
   28.500000      3.961631157999E-01      2.983364714773E-01
   28.600000      4.045416037553E-01      3.059556532520E-01
   28.700000      4.177655122013E-01      3.192886053162E-01
   28.800000      4.316678453012E-01      3.345970490947E-01
   28.900000      4.424277381830E-01      3.475087174866E-01
   29.000000      4.477576283025E-01      3.544804767152E-01
   29.100000      4.467618402372E-01      3.531654081825E-01
   29.200000      4.392031756329E-01      3.422889538028E-01
   29.300000      4.252388611915E-01      3.222607941032E-01
   29.400000      4.062118193618E-01      2.960918518902E-01
   29.500000      3.851721282079E-01      2.688101794397E-01
   29.600000      3.656778469296E-01      2.450340674566E-01
   29.700000      3.496343196355E-01      2.265971081820E-01
   29.800000      3.360636164752E-01      2.120337663603E-01
   29.900000      3.218500580805E-01      1.979999728258E-01
   30.000000      3.037952918880E-01      1.815005494866E-01
   30.100000      2.806633991771E-01      1.617167539378E-01
   30.200000      2.544796261648E-01      1.407081615652E-01
   30.300000      2.307767150558E-01      1.228047014617E-01
   30.400000      2.172283782027E-01      1.130053399724E-01
   30.500000      2.201912409105E-01      1.150914163888E-01
   30.600000      2.407591562053E-01      1.302188683704E-01
   30.700000      2.740530135659E-01      1.564448189812E-01
   30.800000      3.122607385831E-01      1.892390370732E-01
   30.900000      3.480300098884E-01      2.227257965797E-01
   31.000000      3.761598625580E-01      2.511908963235E-01
   31.100000      3.937907673091E-01      2.703109183366E-01
   31.200000      3.998917923106E-01      2.777649147084E-01
   31.300000      3.947245192570E-01      2.733075340493E-01
   31.400000      3.796781649507E-01      2.586271809546E-01
   31.500000      3.575080638461E-01      2.371552036423E-01
   31.600000      3.326463304063E-01      2.136961204514E-01
   31.700000      3.109747569837E-01      1.936639802292E-01
   31.800000      2.984541614654E-01      1.818727001415E-01
   31.900000      2.987448892791E-01      1.811307000380E-01
   32.000000      3.112852753267E-01      1.912195019688E-01
   32.100000      3.315540927109E-01      2.089307709838E-01
   32.200000      3.535488053625E-01      2.294233702525E-01
   32.300000      3.726481685535E-01      2.483699817511E-01
   32.400000      3.871658156485E-01      2.637933484564E-01
   32.500000      3.982975313532E-01      2.766491591771E-01
   32.600000      4.088730442593E-01      2.898981635807E-01
   32.700000      4.214070929975E-01      3.065030084674E-01
   32.800000      4.363350366250E-01      3.273237591529E-01
   32.900000      4.516457128914E-01      3.501455766155E-01
   33.000000      4.642461059632E-01      3.705919242003E-01
   33.100000      4.718755871378E-01      3.843430321253E-01
   33.200000      4.739868135196E-01      3.889693300027E-01
   33.300000      4.707910794438E-01      3.842773240000E-01
   33.400000      4.622057458063E-01      3.717903721866E-01
   33.500000      4.490150874483E-01      3.544579041838E-01
   33.600000      4.338610317461E-01      3.364776157794E-01
   33.700000      4.209654856185E-01      3.224051205804E-01
   33.800000      4.144211751259E-01      3.155727255726E-01
   33.900000      4.158238051952E-01      3.168290025924E-01
   34.000000      4.234150594524E-01      3.244561594989E-01
   34.100000      4.336437781234E-01      3.352182328330E-01
   34.200000      4.433036655563E-01      3.458031919569E-01
   34.300000      4.505557183413E-01      3.538890476023E-01
   34.400000      4.548902063382E-01      3.585250675621E-01
   34.500000      4.567110058009E-01      3.599902193102E-01
   34.600000      4.569622781761E-01      3.594171729301E-01
   34.700000      4.568219723087E-01      3.583081920122E-01
   34.800000      4.572837396369E-01      3.579154514463E-01
   34.900000      4.585737722599E-01      3.585313521546E-01
   35.000000      4.596881589737E-01      3.589792594891E-01
   35.100000      4.584505607152E-01      3.566863332061E-01
   35.200000      4.521161168852E-01      3.484271299639E-01
   35.300000      4.381441472806E-01      3.314197877549E-01
   35.400000      4.148792509887E-01      3.044039367815E-01
   35.500000      3.822796045278E-01      2.685413331013E-01
   35.600000      3.428741758906E-01      2.279222125634E-01
   35.700000      3.025890144503E-01      1.891658097745E-01
   35.800000      2.703185721921E-01      1.597780797595E-01
   35.900000      2.550594333634E-01      1.457177053958E-01
   36.000000      2.611185536677E-01      1.492244901024E-01
   36.100000      2.849154024839E-01      1.678643023039E-01
   36.200000      3.170193845782E-01      1.952353896275E-01
   36.300000      3.473920842307E-01      2.231542152253E-01
   36.400000      3.691258352805E-01      2.444383228935E-01
   36.500000      3.793765869178E-01      2.550374367582E-01
   36.600000      3.787531809188E-01      2.547448183847E-01
   36.700000      3.703730331441E-01      2.465867630482E-01
   36.800000      3.588249881112E-01      2.353345138161E-01
   36.900000      3.486986737511E-01      2.255455819460E-01
   37.000000      3.427334886267E-01      2.197156024613E-01
   37.100000      3.405186046439E-01      2.173128576049E-01
   37.200000      3.387496241850E-01      2.151901403558E-01
   37.300000      3.329237551381E-01      2.092036762430E-01
   37.400000      3.194203315784E-01      1.963212521561E-01
   37.500000      2.972180651985E-01      1.763810823831E-01
   37.600000      2.691220931380E-01      1.527863300017E-01
   37.700000      2.421636887764E-01      1.316810796873E-01
   37.800000      2.260404422958E-01      1.198277615543E-01
   37.900000      2.286876334776E-01      1.221989032288E-01
   38.000000      2.514725148160E-01      1.403786131307E-01
   38.100000      2.889291930996E-01      1.722447142787E-01
   38.200000      3.326505404351E-01      2.127911601824E-01
   38.300000      3.750158161648E-01      2.556660192754E-01
   38.400000      4.108917589421E-01      2.948799944440E-01
   38.500000      4.377598619107E-01      3.261114579684E-01
   38.600000      4.551003745314E-01      3.472323530642E-01
   38.700000      4.636421928820E-01      3.581164602498E-01
   38.800000      4.648430049714E-01      3.601572457401E-01
   38.900000      4.606910889609E-01      3.558569532185E-01
   39.000000      4.536141231684E-01      3.484215302017E-01
   39.100000      4.461489636399E-01      3.410642758741E-01
   39.200000      4.402794169275E-01      3.360451616451E-01
   39.300000      4.367847266324E-01      3.339459288780E-01
   39.400000      4.350765498967E-01      3.336876645575E-01
   39.500000      4.336877431944E-01      3.333306482431E-01
   39.600000      4.311454831390E-01      3.312160944689E-01
   39.700000      4.268065323104E-01      3.268791774055E-01
   39.800000      4.213765496422E-01      3.213833919572E-01
   39.900000      4.169211944258E-01      3.169923932147E-01
   40.000000      4.160586967031E-01      3.162204338643E-01
   40.100000      4.203057478637E-01      3.205132816468E-01
   40.200000      4.287105749588E-01      3.292492864771E-01
   40.300000      4.383247323416E-01      3.399243229691E-01
   40.400000      4.462158609095E-01      3.496411085990E-01
   40.500000      4.510709452140E-01      3.566719242827E-01
   40.600000      4.530780580581E-01      3.605203440219E-01
   40.700000      4.525032017314E-01      3.605806944154E-01
   40.800000      4.485663674404E-01      3.553672942571E-01
   40.900000      4.401499505472E-01      3.436994381727E-01
   41.000000      4.277137448146E-01      3.266448691327E-01
   41.100000      4.139722818009E-01      3.078145486156E-01
   41.200000      4.024863815087E-01      2.914827070789E-01
   41.300000      3.954882979044E-01      2.803399848591E-01
   41.400000      3.928785903042E-01      2.746142164656E-01
   41.500000      3.929369471936E-01      2.726934089934E-01
   41.600000      3.936474359426E-01      2.723680081725E-01
   41.700000      3.936055327785E-01      2.718718114934E-01
   41.800000      3.923457691585E-01      2.704053377884E-01
   41.900000      3.902938584339E-01      2.681778476341E-01
   42.000000      3.884673919774E-01      2.660919512091E-01
   42.100000      3.879705375237E-01      2.652052125791E-01
   42.200000      3.894041730352E-01      2.661450377303E-01
   42.300000      3.924268659321E-01      2.686678359871E-01
   42.400000      3.956618461000E-01      2.714939451079E-01
   42.500000      3.969443976636E-01      2.724613084823E-01
   42.600000      3.937496744622E-01      2.689686038483E-01
   42.700000      3.836505348425E-01      2.586210124400E-01
   42.800000      3.647701489987E-01      2.399620775782E-01
   42.900000      3.363322218882E-01      2.131832398680E-01
   43.000000      2.994606986811E-01      1.806620236542E-01
   43.100000      2.581798658499E-01      1.470275155276E-01
   43.200000      2.200350670192E-01      1.183949662689E-01
   43.300000      1.949981409177E-01      1.007285593372E-01
   43.400000      1.911680973925E-01      9.784392610768E-02
   43.500000      2.091176939066E-01      1.099084166847E-01
   43.600000      2.413126951727E-01      1.332109843053E-01
   43.700000      2.773381830128E-01      1.614847712257E-01
   43.800000      3.089892692601E-01      1.883020233802E-01
   43.900000      3.323227451686E-01      2.094201111473E-01
   44.000000      3.474413926163E-01      2.239926707778E-01
   44.100000      3.572533318185E-01      2.342443793799E-01
   44.200000      3.657525167836E-01      2.439076844029E-01
   44.300000      3.760968312819E-01      2.561400323004E-01
   44.400000      3.891893752513E-01      2.718676698116E-01
   44.500000      4.035692632543E-01      2.893559378860E-01
   44.600000      4.164692747439E-01      3.051202850778E-01
   44.700000      4.250423379503E-01      3.154909563974E-01
   44.800000      4.271422939445E-01      3.179580912416E-01
   44.900000      4.217956622956E-01      3.119632176912E-01
   45.000000      4.096057536261E-01      2.992465094395E-01
   45.100000      3.930438952393E-01      2.836547538626E-01
   45.200000      3.763210895411E-01      2.701221289260E-01
   45.300000      3.645674456518E-01      2.630268726888E-01
   45.400000      3.622369703850E-01      2.647514516492E-01
   45.500000      3.709767595946E-01      2.751936224749E-01
   45.600000      3.885618490305E-01      2.922840162232E-01
   45.700000      4.105051761075E-01      3.129691909680E-01
   45.800000      4.325021671138E-01      3.340770377452E-01
   45.900000      4.515510294527E-01      3.528470942552E-01
   46.000000      4.659469388235E-01      3.672145540944E-01
   46.100000      4.749611389464E-01      3.759843962829E-01
   46.200000      4.786340297193E-01      3.789677291565E-01
   46.300000      4.777482319152E-01      3.770543297078E-01
   46.400000      4.737968058778E-01      3.720544871031E-01
   46.500000      4.686681467748E-01      3.661408136014E-01
   46.600000      4.639638576536E-01      3.610075900217E-01
   46.700000      4.602790966979E-01      3.571810384425E-01
   46.800000      4.569679207324E-01      3.538710688340E-01
   46.900000      4.525606476093E-01      3.493910591322E-01
   47.000000      4.455381818077E-01      3.419249603882E-01
   47.100000      4.351976760073E-01      3.305188158951E-01
   47.200000      4.225190511421E-01      3.161639524649E-01
   47.300000      4.106173715158E-01      3.023041017318E-01
   47.400000      4.039383837824E-01      2.938422951169E-01
   47.500000      4.059464087101E-01      2.947245731801E-01
   47.600000      4.167041166681E-01      3.055545291370E-01
   47.700000      4.324564207350E-01      3.228564573479E-01
   47.800000      4.475921251140E-01      3.404649258307E-01
   47.900000      4.571550022704E-01      3.520533395913E-01
   48.000000      4.581138312083E-01      3.531582033879E-01
   48.100000      4.493166686374E-01      3.419391862895E-01
   48.200000      4.311843609838E-01      3.192913438883E-01
   48.300000      4.058103929464E-01      2.888413649446E-01
   48.400000      3.770659734892E-01      2.562467772948E-01
   48.500000      3.498286380411E-01      2.272904339287E-01
   48.600000      3.280876800396E-01      2.055925822768E-01
   48.700000      3.129973916600E-01      1.913899392873E-01
   48.800000      3.025164609510E-01      1.820620262864E-01
   48.900000      2.929876533373E-01      1.739156876574E-01
   49.000000      2.813534738630E-01      1.641447006337E-01
   49.100000      2.667130611697E-01      1.520734564502E-01
   49.200000      2.508711861081E-01      1.393474690202E-01
   49.300000      2.379120978929E-01      1.291913683042E-01
   49.400000      2.327859019427E-01      1.251632263675E-01
   49.500000      2.392222215601E-01      1.299586503146E-01
   49.600000      2.579894762572E-01      1.446271035729E-01
   49.700000      2.865468032726E-01      1.682354388872E-01
   49.800000      3.200566422809E-01      1.978825433601E-01
   49.900000      3.528915465082E-01      2.290662709098E-01
   50.000000      3.799278328338E-01      2.564794822906E-01
   50.100000      3.973475317401E-01      2.751647797330E-01
   50.200000      4.029469042607E-01      2.817032699236E-01
   50.300000      3.961976453992E-01      2.751038912962E-01
   50.400000      3.784682751424E-01      2.573139551590E-01
   50.500000      3.535611770806E-01      2.332643677767E-01
   50.600000      3.279866061096E-01      2.100262266991E-01
   50.700000      3.098177953521E-01      1.948310538290E-01
   50.800000      3.056018319299E-01      1.926044485240E-01
   50.900000      3.168924226148E-01      2.042303789976E-01
   51.000000      3.394032354892E-01      2.264041626062E-01
   51.100000      3.658005218505E-01      2.531550265068E-01
   51.200000      3.896214688496E-01      2.783940930506E-01
   51.300000      4.075519487715E-01      2.982925219817E-01
   51.400000      4.196055693735E-01      3.122838070032E-01
   51.500000      4.279554768128E-01      3.223127179094E-01
   51.600000      4.351915718613E-01      3.310242750533E-01
   51.700000      4.427355011726E-01      3.400182435978E-01
   51.800000      4.502083663073E-01      3.490533610860E-01
   51.900000      4.560842711941E-01      3.565312470946E-01
   52.000000      4.589738120651E-01      3.607962978839E-01
   52.100000      4.584255228608E-01      3.611404678600E-01
   52.200000      4.547448820225E-01      3.577568328836E-01
   52.300000      4.483663510361E-01      3.511267191414E-01
   52.400000      4.397292512022E-01      3.419091347570E-01
   52.500000      4.299279473038E-01      3.315147020940E-01
   52.600000      4.213273386631E-01      3.224378153028E-01
   52.700000      4.170515725333E-01      3.175842648366E-01
   52.800000      4.192243891471E-01      3.189468220770E-01
   52.900000      4.274540627979E-01      3.266329769089E-01
   53.000000      4.392066687984E-01      3.388883549694E-01
   53.100000      4.515084925677E-01      3.529546005730E-01
   53.200000      4.622389113261E-01      3.660937227009E-01
   53.300000      4.703773316161E-01      3.762269380057E-01
   53.400000      4.756164934447E-01      3.821101108217E-01
   53.500000      4.779192202712E-01      3.832815485848E-01
   53.600000      4.773753809575E-01      3.799940437044E-01
   53.700000      4.743215592227E-01      3.731557244047E-01
   53.800000      4.694127377876E-01      3.641302273578E-01
   53.900000      4.633856852636E-01      3.542277527595E-01
   54.000000      4.564951578426E-01      3.439544691396E-01
   54.100000      4.479341813946E-01      3.324236549254E-01
   54.200000      4.357047719207E-01      3.174148095639E-01
   54.300000      4.171592071657E-01      2.962615877038E-01
   54.400000      3.900608662357E-01      2.673054293202E-01
   54.500000      3.539367962352E-01      2.313625426759E-01
   54.600000      3.115548552922E-01      1.925319227741E-01
   54.700000      2.700135011804E-01      1.577015417829E-01
   54.800000      2.400441832060E-01      1.345387787376E-01
   54.900000      2.316887352899E-01      1.286004623390E-01
   55.000000      2.474489241558E-01      1.408659949741E-01
   55.100000      2.798062073500E-01      1.669655588346E-01
   55.200000      3.165546766773E-01      1.986597730410E-01
   55.300000      3.473631509911E-01      2.269439965744E-01
   55.400000      3.664768732135E-01      2.451379958411E-01
   55.500000      3.724068528845E-01      2.505322264800E-01
   55.600000      3.668077813840E-01      2.444062900411E-01
   55.700000      3.535125480832E-01      2.309211104076E-01
   55.800000      3.374260886247E-01      2.152577866343E-01
   55.900000      3.229037695491E-01      2.015502749581E-01
   56.000000      3.121413699311E-01      1.915274902245E-01
   56.100000      3.046407334065E-01      1.844740186201E-01
   56.200000      2.981396551978E-01      1.783213128922E-01
   56.300000      2.903177217390E-01      1.711542688050E-01
   56.400000      2.802959266141E-01      1.624128066822E-01
   56.500000      2.693537107176E-01      1.533666790629E-01
   56.600000      2.606676748030E-01      1.468013761308E-01
   56.700000      2.581298946019E-01      1.461243490090E-01
   56.800000      2.647935529210E-01      1.542214451248E-01
   56.900000      2.817787863771E-01      1.724150435183E-01
   57.000000      3.078581483315E-01      1.998546327307E-01
   57.100000      3.396400005509E-01      2.335701388500E-01
   57.200000      3.726485165849E-01      2.692114353196E-01
   57.300000      4.028566841823E-01      3.022520009197E-01
   57.400000      4.275975856857E-01      3.292184292240E-01
   57.500000      4.456561240439E-01      3.483925288685E-01
   57.600000      4.569208562748E-01      3.596445164653E-01
   57.700000      4.618521262024E-01      3.636953043908E-01
   57.800000      4.611943392329E-01      3.616250295461E-01
   57.900000      4.562264116238E-01      3.550896072779E-01
   58.000000      4.491443461951E-01      3.466964613608E-01
   58.100000      4.427768432316E-01      3.395779460262E-01
   58.200000      4.394267529234E-01      3.360860620093E-01
   58.300000      4.397324718737E-01      3.366962858990E-01
   58.400000      4.426647797199E-01      3.401554460864E-01
   58.500000      4.465952579614E-01      3.446513935572E-01
   58.600000      4.503295366997E-01      3.488632720571E-01
   58.700000      4.534676647587E-01      3.522988964831E-01
   58.800000      4.564125716660E-01      3.553503298791E-01
   58.900000      4.602845980044E-01      3.593440038038E-01
   59.000000      4.664045440933E-01      3.660691622194E-01
   59.100000      4.752617969506E-01      3.765444416500E-01
   59.200000      4.857628131269E-01      3.898678011688E-01
   59.300000      4.955617278610E-01      4.032172454960E-01
   59.400000      5.021767966601E-01      4.130305061912E-01
   59.500000      5.038503631167E-01      4.163029138589E-01
   59.600000      4.995872195942E-01      4.110735496677E-01
   59.700000      4.887750847290E-01      3.963517508909E-01
   59.800000      4.711613760932E-01      3.723726505619E-01
   59.900000      4.474609993414E-01      3.412832362504E-01
   60.000000      4.200784927999E-01      3.073386222575E-01
   60.100000      3.931171842243E-01      2.759167618555E-01
   60.200000      3.712732259145E-01      2.517790661383E-01
   60.300000      3.580180603174E-01      2.375922634644E-01
   60.400000      3.541290458068E-01      2.333686643165E-01
   60.500000      3.575469726483E-01      2.368409634965E-01
   60.600000      3.645616951348E-01      2.444182857541E-01
   60.700000      3.714232316434E-01      2.523254194149E-01
   60.800000      3.755396869428E-01      2.576199541095E-01
   60.900000      3.759844956662E-01      2.588500101992E-01
   61.000000      3.733717776987E-01      2.561874762408E-01
   61.100000      3.692697941492E-01      2.510506490033E-01
   61.200000      3.654025953456E-01      2.453902031164E-01
   61.300000      3.628561813912E-01      2.407842510722E-01
   61.400000      3.613808837273E-01      2.374837104192E-01
   61.500000      3.589689794136E-01      2.337863875964E-01
   61.600000      3.520432179214E-01      2.262677566698E-01
   61.700000      3.363861989375E-01      2.110661969795E-01
   61.800000      3.085675501388E-01      1.858270844465E-01
   61.900000      2.676273182240E-01      1.515163425343E-01
   62.000000      2.169595400940E-01      1.131929211112E-01
   62.100000      1.660137388439E-01      7.902102914480E-02
   62.200000      1.302261316053E-01      5.762913589738E-02
   62.300000      1.250618938482E-01      5.500963950836E-02
   62.400000      1.534131796154E-01      7.243040898828E-02
   62.500000      2.033511028195E-01      1.061487093332E-01
   62.600000      2.594130676643E-01      1.488754733554E-01
   62.700000      3.102301297286E-01      1.923477530823E-01
   62.800000      3.500632399757E-01      2.299766302777E-01
   62.900000      3.778157565134E-01      2.585098487493E-01
   63.000000      3.954258370941E-01      2.781858045253E-01
   63.100000      4.063146516132E-01      2.916140035851E-01
   63.200000      4.139999201237E-01      3.020641896702E-01
   63.300000      4.209548148133E-01      3.119164136843E-01
   63.400000      4.280242294149E-01      3.218594437986E-01
   63.500000      4.346298652524E-01      3.310276043367E-01
   63.600000      4.394927754676E-01      3.377701031411E-01
   63.700000      4.413177039687E-01      3.405139383546E-01
   63.800000      4.391888360242E-01      3.383798122335E-01
   63.900000      4.328459599745E-01      3.315491706335E-01
   64.000000      4.230475350237E-01      3.214689194130E-01
   64.100000      4.119638238548E-01      3.108176345784E-01
   64.200000      4.032023855122E-01      3.030493260150E-01
   64.300000      4.008098352314E-01      3.014719659423E-01
   64.400000      4.071414500866E-01      3.081316765600E-01
   64.500000      4.212909937838E-01      3.230070091613E-01
   64.600000      4.398820503898E-01      3.439433916801E-01
   64.700000      4.591859851728E-01      3.673933592568E-01
   64.800000      4.766132593651E-01      3.895916709491E-01
   64.900000      4.909075554594E-01      4.075296733739E-01
   65.000000      5.013761805288E-01      4.192668495382E-01
   65.100000      5.073139189490E-01      4.237550444691E-01
   65.200000      5.081934457160E-01      4.208144800525E-01
   65.300000      5.041773178502E-01      4.115019780339E-01
   65.400000      4.964745845680E-01      3.982752715091E-01
   65.500000      4.870964489210E-01      3.842633476264E-01
   65.600000      4.779364012727E-01      3.718466788924E-01
   65.700000      4.697187433215E-01      3.615321356419E-01
   65.800000      4.616128145760E-01      3.519138813835E-01
   65.900000      4.518700577845E-01      3.407169894549E-01
   66.000000      4.390958346449E-01      3.263261527887E-01
   66.100000      4.234774038357E-01      3.090884107396E-01
   66.200000      4.074491386669E-01      2.917961449477E-01
   66.300000      3.953027387506E-01      2.789375918268E-01
   66.400000      3.913570000875E-01      2.747719748614E-01
   66.500000      3.973219929573E-01      2.810613978573E-01
   66.600000      4.108497631657E-01      2.957651719491E-01
   66.700000      4.266473814768E-01      3.135874259843E-01
   66.800000      4.390277096435E-01      3.280541924755E-01
   66.900000      4.437283127120E-01      3.336974469803E-01
   67.000000      4.382248117928E-01      3.271597817118E-01
   67.100000      4.213625555103E-01      3.074089422279E-01
   67.200000      3.933019186898E-01      2.758660297714E-01
   67.300000      3.559009625390E-01      2.364218789174E-01
   67.400000      3.129660427787E-01      1.946922644052E-01
   67.500000      2.698730115962E-01      1.564815545629E-01
   67.600000      2.325113261645E-01      1.262243765183E-01
   67.700000      2.057431625557E-01      1.061036697334E-01
   67.800000      1.917181212888E-01      9.596409024263E-02
   67.900000      1.889889633129E-01      9.379350082895E-02
   68.000000      1.934625111588E-01      9.656438624814E-02
   68.100000      2.006713072792E-01      1.013115690340E-01
   68.200000      2.078962628809E-01      1.062417051159E-01
   68.300000      2.152359869813E-01      1.114932983946E-01
   68.400000      2.253044680604E-01      1.191368087216E-01
   68.500000      2.415673317974E-01      1.322555593242E-01
   68.600000      2.660299890705E-01      1.533781138671E-01
   68.700000      2.977088066381E-01      1.828948242075E-01
   68.800000      3.328098475553E-01      2.181920171898E-01
   68.900000      3.661863526078E-01      2.540408551455E-01
   69.000000      3.929733720636E-01      2.842577916179E-01
   69.100000      4.097497636803E-01      3.038703988276E-01
   69.200000      4.150821620183E-01      3.106051693240E-01
   69.300000      4.094933470425E-01      3.051901307000E-01
   69.400000      3.954195156289E-01      2.910185438967E-01
   69.500000      3.774611424246E-01      2.736283701232E-01
   69.600000      3.621440279569E-01      2.595856047091E-01
   69.700000      3.560281874583E-01      2.544674830184E-01
   69.800000      3.624433424989E-01      2.607525385022E-01
   69.900000      3.795608046735E-01      2.769670804567E-01
   70.000000      4.020338923506E-01      2.987364266307E-01
   70.100000      4.244315234236E-01      3.210966170702E-01
   70.200000      4.434617178613E-01      3.405922831353E-01
   70.300000      4.582688806569E-01      3.560778378344E-01
   70.400000      4.696732246874E-01      3.682887762947E-01
   70.500000      4.791690455272E-01      3.788511468235E-01
   70.600000      4.879944226227E-01      3.892099328696E-01
   70.700000      4.964824116789E-01      3.997878542394E-01
   70.800000      5.039774722726E-01      4.097195144238E-01
   70.900000      5.093065779080E-01      4.172813617007E-01
   71.000000      5.113667337579E-01      4.206637422369E-01
   71.100000      5.094204982388E-01      4.185619911473E-01
   71.200000      5.031140103713E-01      4.104216022753E-01
   71.300000      4.925140688198E-01      3.965679439971E-01
   71.400000      4.783524295209E-01      3.783948696294E-01
   71.500000      4.623603436263E-01      3.584607775468E-01
   71.600000      4.473521644861E-01      3.402171478815E-01
   71.700000      4.366951867136E-01      3.272755613600E-01
   71.800000      4.330831933706E-01      3.223778538079E-01
   71.900000      4.371720345915E-01      3.264113872246E-01
   72.000000      4.470792246042E-01      3.378832303508E-01
   72.100000      4.591744120221E-01      3.531864058994E-01
   72.200000      4.695548546595E-01      3.676826524723E-01
   72.300000      4.753056987934E-01      3.771617027466E-01
   72.400000      4.750579716438E-01      3.789719614634E-01
   72.500000      4.688593359740E-01      3.723998481917E-01
   72.600000      4.576633005275E-01      3.584638331692E-01
   72.700000      4.428734106090E-01      3.394868993389E-01
   72.800000      4.262169047147E-01      3.184558013068E-01
   72.900000      4.094674454199E-01      2.979681381562E-01
   73.000000      3.934755914262E-01      2.790035987656E-01
   73.100000      3.771133015312E-01      2.602838238775E-01
   73.200000      3.572756483928E-01      2.388414700361E-01
   73.300000      3.302159915701E-01      2.117060283595E-01
   73.400000      2.935444187194E-01      1.779668535490E-01
   73.500000      2.482591681895E-01      1.402028061018E-01
   73.600000      2.003965744029E-01      1.043854928334E-01
   73.700000      1.613095611896E-01      7.801921669444E-02
   73.800000      1.442396617955E-01      6.731804761362E-02
   73.900000      1.559194714689E-01      7.479992183471E-02
   74.000000      1.909419891734E-01      9.832953747349E-02
   74.100000      2.365740857085E-01      1.318673690841E-01
   74.200000      2.806717176507E-01      1.675271591417E-01
   74.300000      3.154784792715E-01      1.980795581051E-01
   74.400000      3.377720208935E-01      2.188766098726E-01
   74.500000      3.476898821233E-01      2.285706843102E-01
   74.600000      3.475263781023E-01      2.287161092631E-01
   74.700000      3.408137586358E-01      2.227177518670E-01
   74.800000      3.315228472366E-01      2.145444561040E-01
   74.900000      3.232577316423E-01      2.075702259859E-01
   75.000000      3.185603070403E-01      2.038758607903E-01
   75.100000      3.185045284280E-01      2.041331572915E-01
   75.200000      3.227139821979E-01      2.079239172397E-01
   75.300000      3.298344130428E-01      2.142479031928E-01
   75.400000      3.382518742329E-01      2.220295933807E-01
   75.500000      3.467381335789E-01      2.305173980669E-01
   75.600000      3.548731481555E-01      2.395420170688E-01
   75.700000      3.632620887228E-01      2.496343025077E-01
   75.800000      3.734414743467E-01      2.619358842630E-01
   75.900000      3.871393459486E-01      2.777489642696E-01
   76.000000      4.049312312609E-01      2.977125011464E-01
   76.100000      4.253507322769E-01      3.210066418870E-01
   76.200000      4.454929151237E-01      3.452712162232E-01
   76.300000      4.626441515384E-01      3.675493317821E-01
   76.400000      4.755493108568E-01      3.855747210321E-01
   76.500000      4.843637778345E-01      3.981769738735E-01
   76.600000      4.894400763378E-01      4.045654447670E-01
   76.700000      4.903179887151E-01      4.038316701854E-01
   76.800000      4.864251894437E-01      3.958840151321E-01
   76.900000      4.787188061103E-01      3.829798962450E-01
   77.000000      4.702145125331E-01      3.697442710973E-01
   77.100000      4.646475064428E-01      3.610309213713E-01
   77.200000      4.642509169115E-01      3.593375822163E-01
   77.300000      4.685407172886E-01      3.638141558048E-01
   77.400000      4.750509833286E-01      3.713122949211E-01
   77.500000      4.810808559742E-01      3.783874491880E-01
   77.600000      4.849735372361E-01      3.828609022082E-01
   77.700000      4.864400499292E-01      3.843295571728E-01
   77.800000      4.862767140712E-01      3.838496943579E-01
   77.900000      4.857972247812E-01      3.831696998806E-01
   78.000000      4.860787853315E-01      3.837275828294E-01
   78.100000      4.872752984163E-01      3.857684719855E-01
   78.200000      4.884376981461E-01      3.881038458161E-01
   78.300000      4.879485677340E-01      3.886522670362E-01
   78.400000      4.841193715072E-01      3.852349832956E-01
   78.500000      4.754775760676E-01      3.760202701898E-01
   78.600000      4.607798229468E-01      3.596371842903E-01
   78.700000      4.391182434286E-01      3.354160739369E-01
   78.800000      4.103353771131E-01      3.039317366972E-01
   78.900000      3.756595009258E-01      2.675158563694E-01
   79.000000      3.383118133769E-01      2.302646636231E-01
   79.100000      3.037322289198E-01      1.973272582264E-01
   79.200000      2.787261332503E-01      1.736257289516E-01
   79.300000      2.686682318360E-01      1.623956682032E-01
   79.400000      2.740849869896E-01      1.640149895594E-01
   79.500000      2.902766440584E-01      1.755930683105E-01
   79.600000      3.099463919027E-01      1.916812365279E-01
   79.700000      3.261684213828E-01      2.060458311970E-01
   79.800000      3.343797646139E-01      2.137967241131E-01
   79.900000      3.331062546406E-01      2.129001046710E-01
   80.000000      3.238372148373E-01      2.045637514310E-01
   80.100000      3.104785130180E-01      1.925465027264E-01
   80.200000      2.982221788145E-01      1.816152766205E-01
   80.300000      2.915414567082E-01      1.755486626011E-01
   80.400000      2.919036915834E-01      1.754392307506E-01
   80.500000      2.967401757037E-01      1.791145940868E-01
   80.600000      3.006431462167E-01      1.820587544894E-01
   80.700000      2.979759625743E-01      1.795162374498E-01
   80.800000      2.853108403423E-01      1.688857749191E-01
   80.900000      2.630119748734E-01      1.513672693998E-01
   81.000000      2.360588294200E-01      1.321023234811E-01
   81.100000      2.138339891287E-01      1.185785073117E-01
   81.200000      2.078939677127E-01      1.178305575457E-01
   81.300000      2.261623651618E-01      1.336527917208E-01
   81.400000      2.656577701422E-01      1.650802836045E-01
   81.500000      3.150353706368E-01      2.067971054356E-01
   81.600000      3.632288268406E-01      2.512616826928E-01
   81.700000      4.033704119140E-01      2.914814211893E-01
   81.800000      4.328398573121E-01      3.230276500188E-01
   81.900000      4.519608094113E-01      3.445451015145E-01
   82.000000      4.626545093847E-01      3.571076423609E-01
   82.100000      4.675138480851E-01      3.631847401493E-01
   82.200000      4.691900683358E-01      3.656489172339E-01
   82.300000      4.698808701015E-01      3.669464763597E-01
   82.400000      4.709364354294E-01      3.685562792697E-01
   82.500000      4.727480755356E-01      3.708603343774E-01
   82.600000      4.749508010360E-01      3.733804379489E-01
   82.700000      4.767811026561E-01      3.751909153274E-01
   82.800000      4.774301682500E-01      3.753493578117E-01
   82.900000      4.763539370325E-01      3.732998143169E-01
   83.000000      4.735732142495E-01      3.692465329816E-01
   83.100000      4.699483295093E-01      3.644223581291E-01
   83.200000      4.672501212579E-01      3.610414475703E-01
   83.300000      4.676988468420E-01      3.616975901503E-01
   83.400000      4.728326507335E-01      3.682246541072E-01
   83.500000      4.822893896820E-01      3.805109949687E-01
   83.600000      4.936130217560E-01      3.960706080021E-01
   83.700000      5.034460527795E-01      4.108861392232E-01
   83.800000      5.091322263960E-01      4.211070449613E-01
   83.900000      5.095134824419E-01      4.243613383516E-01
   84.000000      5.046297616675E-01      4.198449580880E-01
   84.100000      4.949766048417E-01      4.077702198698E-01
   84.200000      4.811409744527E-01      3.892893479439E-01
   84.300000      4.640911372670E-01      3.668538979226E-01
   84.400000      4.455786795826E-01      3.439270389814E-01
   84.500000      4.278279453752E-01      3.236754061973E-01
   84.600000      4.125436997963E-01      3.075956363485E-01
   84.700000      4.000125496398E-01      2.950878537557E-01
   84.800000      3.889544903208E-01      2.840579515031E-01
   84.900000      3.773276234567E-01      2.721063578071E-01
   85.000000      3.637757143215E-01      2.579251940228E-01
   85.100000      3.489791141513E-01      2.424032167169E-01
   85.200000      3.360171704665E-01      2.286455188476E-01
   85.300000      3.291320180018E-01      2.205526699124E-01
   85.400000      3.312533397719E-01      2.207252262574E-01
   85.500000      3.419266949195E-01      2.289950806910E-01
   85.600000      3.573298758787E-01      2.423108416520E-01
   85.700000      3.721053868860E-01      2.557916358216E-01
   85.800000      3.812736500895E-01      2.642542134597E-01
   85.900000      3.811794792991E-01      2.635309270292E-01
   86.000000      3.696061354968E-01      2.512653953357E-01
   86.100000      3.456747609602E-01      2.272855465977E-01
   86.200000      3.100168484687E-01      1.937405470722E-01
   86.300000      2.653212327936E-01      1.549470370458E-01
   86.400000      2.169789597725E-01      1.167506046750E-01
   86.500000      1.732343746830E-01      8.540080228587E-02
   86.600000      1.440512805355E-01      6.619741896344E-02
   86.700000      1.378241196480E-01      6.223788771390E-02
   86.800000      1.561892903286E-01      7.356845520071E-02
   86.900000      1.920165605500E-01      9.704904106303E-02
   87.000000      2.341820322383E-01      1.271863652779E-01
   87.100000      2.734471631801E-01      1.578758997024E-01
   87.200000      3.048919837492E-01      1.844716260122E-01
   87.300000      3.278877857799E-01      2.052887085754E-01
   87.400000      3.450412024979E-01      2.218579387243E-01
   87.500000      3.605149377279E-01      2.377792887335E-01
   87.600000      3.778338480485E-01      2.565639262247E-01
   87.700000      3.979369068114E-01      2.794256595014E-01
   87.800000      4.188095842191E-01      3.043429445234E-01
   87.900000      4.370280474846E-01      3.271518122382E-01
   88.000000      4.497820796210E-01      3.438464616954E-01
   88.100000      4.557553317276E-01      3.521763505640E-01
   88.200000      4.548093020015E-01      3.517115866082E-01
   88.300000      4.476886694681E-01      3.435078684700E-01
   88.400000      4.364716251768E-01      3.304013721711E-01
   88.500000      4.250119280702E-01      3.171613454001E-01
   88.600000      4.181064384658E-01      3.092770523892E-01
   88.700000      4.193526232163E-01      3.107073653956E-01
   88.800000      4.292944136191E-01      3.221499111559E-01
   88.900000      4.453816223833E-01      3.409484262718E-01
   89.000000      4.635607186054E-01      3.625374011417E-01
   89.100000      4.801568027295E-01      3.824466256347E-01
   89.200000      4.929620252483E-01      3.977694688853E-01
   89.300000      5.013293336164E-01      4.075630833641E-01
   89.400000      5.056943042612E-01      4.123879217785E-01
   89.500000      5.069880600175E-01      4.135287653818E-01
   89.600000      5.061613547634E-01      4.123031250766E-01
   89.700000      5.038607826692E-01      4.096032035081E-01
   89.800000      5.002550126486E-01      4.056793841207E-01
   89.900000      4.950191544199E-01      4.001455585289E-01
   90.000000      4.874758028746E-01      3.921828054001E-01
   90.100000      4.768537352757E-01      3.808946030046E-01
   90.200000      4.625981965712E-01      3.657284372336E-01
   90.300000      4.446891624880E-01      3.468609442655E-01
   90.400000      4.239818437734E-01      3.254687500739E-01
   90.500000      4.025908401267E-01      3.038422266732E-01
   90.600000      3.841398952947E-01      2.852579205934E-01
   90.700000      3.732190190950E-01      2.734052957494E-01
   90.800000      3.733238447082E-01      2.712205497297E-01
   90.900000      3.843431180223E-01      2.794287109866E-01
   91.000000      4.022415619460E-01      2.956176144870E-01
   91.100000      4.211119098537E-01      3.146462827160E-01
   91.200000      4.355229375727E-01      3.303840981544E-01
   91.300000      4.418485753410E-01      3.377446643214E-01
   91.400000      4.384305822161E-01      3.338621530532E-01
   91.500000      4.252110244700E-01      3.183136256780E-01
   91.600000      4.035228120247E-01      2.930135378495E-01
   91.700000      3.760192625848E-01      2.618367013406E-01
   91.800000      3.462260849303E-01      2.294886740462E-01
   91.900000      3.174326490438E-01      1.997762106656E-01
   92.000000      2.912472515976E-01      1.742619386143E-01
   92.100000      2.668358113999E-01      1.521545764070E-01
   92.200000      2.417413297948E-01      1.314634043091E-01
   92.300000      2.139498346065E-01      1.107372365854E-01
   92.400000      1.841188009375E-01      9.046941070127E-02
   92.500000      1.570807239034E-01      7.346154745640E-02
   92.600000      1.413374195463E-01      6.396187887507E-02
   92.700000      1.446722848283E-01      6.599657465814E-02
   92.800000      1.688086334781E-01      8.167571862857E-02
   92.900000      2.090337753274E-01      1.101929524624E-01
   93.000000      2.572537585944E-01      1.478725474235E-01
   93.100000      3.053140586457E-01      1.891847868538E-01
   93.200000      3.470901459135E-01      2.282766722927E-01
   93.300000      3.790872117521E-01      2.603718722169E-01
   93.400000      4.000456979844E-01      2.825524002344E-01
   93.500000      4.102471231234E-01      2.938864935073E-01
   93.600000      4.110268682657E-01      2.952198055281E-01
   93.700000      4.046376119898E-01      2.889062085586E-01
   93.800000      3.942799552722E-01      2.784765893407E-01
   93.900000      3.839200604064E-01      2.680712734306E-01
   94.000000      3.775285793179E-01      2.615377046936E-01
   94.100000      3.777780828264E-01      2.613651629624E-01
   94.200000      3.849424771761E-01      2.679147326017E-01
   94.300000      3.969306329777E-01      2.794256373488E-01
   94.400000      4.105130440186E-01      2.929113472382E-01
   94.500000      4.228649968492E-01      3.055434217685E-01
   94.600000      4.325996010579E-01      3.158671590498E-01
   94.700000      4.400618900720E-01      3.243448267639E-01
   94.800000      4.469629956693E-01      3.330220538976E-01
   94.900000      4.553966084464E-01      3.443592009851E-01
   95.000000      4.664514971964E-01      3.596336246076E-01
   95.100000      4.792286848241E-01      3.778058151255E-01
   95.200000      4.912289519732E-01      3.957786931324E-01
   95.300000      4.999305171987E-01      4.100482296371E-01
   95.400000      5.040951350894E-01      4.183905922884E-01
   95.500000      5.037048690271E-01      4.200978142727E-01
   95.600000      4.989934280386E-01      4.150237214183E-01
   95.700000      4.899547836213E-01      4.032153833578E-01
   95.800000      4.770022958879E-01      3.858985091089E-01
   95.900000      4.619139370035E-01      3.663329916760E-01
   96.000000      4.476814599378E-01      3.488728698493E-01
   96.100000      4.370980054778E-01      3.367901046169E-01
   96.200000      4.313218489023E-01      3.308438329572E-01
   96.300000      4.296063475975E-01      3.295846005571E-01
   96.400000      4.302041035461E-01      3.307303486461E-01
   96.500000      4.315356699595E-01      3.324187189023E-01
   96.600000      4.328122679834E-01      3.337151129294E-01
   96.700000      4.339944518161E-01      3.344980068900E-01
   96.800000      4.354166078748E-01      3.350945439998E-01
   96.900000      4.373772927255E-01      3.358819499643E-01
   97.000000      4.398072857603E-01      3.369163636794E-01
   97.100000      4.420604507357E-01      3.376587539956E-01
   97.200000      4.428898547497E-01      3.368903786867E-01
   97.300000      4.405979242765E-01      3.328328677371E-01
   97.400000      4.332377471691E-01      3.233994981668E-01
   97.500000      4.187772261685E-01      3.065334995313E-01
   97.600000      3.953065699319E-01      2.807073020270E-01
   97.700000      3.615051216220E-01      2.456832885518E-01
   97.800000      3.175510485637E-01      2.033982568222E-01
   97.900000      2.664170277930E-01      1.584413788020E-01
   98.000000      2.150929604464E-01      1.175323373738E-01
   98.100000      1.746389763004E-01      8.792232126332E-02
   98.200000      1.571116118687E-01      7.526490655518E-02
   98.300000      1.686164109715E-01      8.171498797560E-02
   98.400000      2.038232637566E-01      1.049101316090E-01
   98.500000      2.494694563912E-01      1.383410984773E-01
   98.600000      2.925686788058E-01      1.732861294597E-01
   98.700000      3.248863168752E-01      2.017180019291E-01
   98.800000      3.433829691050E-01      2.188494276869E-01
   98.900000      3.491238849464E-01      2.242058200613E-01
   99.000000      3.460885262270E-01      2.211301768382E-01
   99.100000      3.400067256418E-01      2.151757490934E-01
   99.200000      3.366008665972E-01      2.118177535986E-01
   99.300000      3.392199091706E-01      2.141823441916E-01
   99.400000      3.472770993661E-01      2.218414575413E-01
   99.500000      3.569201832543E-01      2.313395632594E-01
   99.600000      3.633869630441E-01      2.381170432337E-01
   99.700000      3.632608976582E-01      2.387432725573E-01
   99.800000      3.556984767570E-01      2.324387179654E-01
   99.900000      3.428062441230E-01      2.214536630658E-01
  100.000000      3.293472381967E-01      2.103476493976E-01
