# M=8, N=4, V0=0.0, V=-1.4, PBC
#  time (tJ)                 S₁(n=1)                 S₂(n=1)
    0.000000      2.220446049250E-16     -4.440892098501E-16
    0.100000      2.404557801970E-02      7.409278349834E-03
    0.200000      7.207416773976E-02      2.790669811313E-02
    0.300000      1.266022249628E-01      5.686915269148E-02
    0.400000      1.769722687501E-01      8.827448209258E-02
    0.500000      2.171384168094E-01      1.165412156827E-01
    0.600000      2.448703698301E-01      1.379939694715E-01
    0.700000      2.607819562842E-01      1.514717157168E-01
    0.800000      2.673517862795E-01      1.580593645567E-01
    0.900000      2.680553147560E-01      1.602581797590E-01
    1.000000      2.665740003026E-01      1.609810166734E-01
    1.100000      2.660740589119E-01      1.626902654798E-01
    1.200000      2.686775431700E-01      1.668889636253E-01
    1.300000      2.752552600356E-01      1.740229548661E-01
    1.400000      2.855130814150E-01      1.836771568733E-01
    1.500000      2.982342502549E-01      1.948476889071E-01
    1.600000      3.115666819716E-01      2.061180340182E-01
    1.700000      3.232853484038E-01      2.157218293085E-01
    1.800000      3.310080039695E-01      2.216099909369E-01
    1.900000      3.324019558207E-01      2.216625259398E-01
    2.000000      3.254407040020E-01      2.141116154315E-01
    2.100000      3.087751953842E-01      1.981391337852E-01
    2.200000      2.822748461376E-01      1.744892707611E-01
    2.300000      2.476921798260E-01      1.457873943872E-01
    2.400000      2.091909175724E-01      1.162166268508E-01
    2.500000      1.732353421161E-01      9.046478915079E-02
    2.600000      1.470785092829E-01      7.230158341988E-02
    2.700000      1.353264865514E-01      6.339375983413E-02
    2.800000      1.370147638132E-01      6.284187726117E-02
    2.900000      1.466468350288E-01      6.759846520160E-02
    3.000000      1.573443969922E-01      7.360444235078E-02
    3.100000      1.635392342097E-01      7.723316627220E-02
    3.200000      1.624754134508E-01      7.651603424117E-02
    3.300000      1.546319733277E-01      7.170552840150E-02
    3.400000      1.433447156797E-01      6.499506493074E-02
    3.500000      1.335670185437E-01      5.955920371558E-02
    3.600000      1.298286382505E-01      5.836233484013E-02
    3.700000      1.345666909893E-01      6.325064512310E-02
    3.800000      1.481274306788E-01      7.463228706514E-02
    3.900000      1.696713890180E-01      9.170853766201E-02
    4.000000      1.973225783370E-01      1.129721671340E-01
    4.100000      2.280860812728E-01      1.366553632435E-01
    4.200000      2.588110205056E-01      1.609487513658E-01
    4.300000      2.868610047183E-01      1.840077099817E-01
    4.400000      3.100644766844E-01      2.039018313365E-01
    4.500000      3.266026517117E-01      2.186864383190E-01
    4.600000      3.350810282359E-01      2.266828518724E-01
    4.700000      3.347528073893E-01      2.269118779014E-01
    4.800000      3.258297499548E-01      2.195238404818E-01
    4.900000      3.098344152760E-01      2.060450777409E-01
    5.000000      2.898740547360E-01      1.892774645216E-01
    5.100000      2.704880969001E-01      1.727377725971E-01
    5.200000      2.564684082808E-01      1.596817363539E-01
    5.300000      2.505601096364E-01      1.520177144894E-01
    5.400000      2.518693385037E-01      1.495849282985E-01
    5.500000      2.565939009455E-01      1.501678125424E-01
    5.600000      2.598325634472E-01      1.502815736844E-01
    5.700000      2.571269847335E-01      1.464097606078E-01
    5.800000      2.454437363019E-01      1.362062743692E-01
    5.900000      2.236623716946E-01      1.192475600397E-01
    6.000000      1.927453027763E-01      9.713436848591E-02
    6.100000      1.557042297044E-01      7.297195723037E-02
    6.200000      1.173562507846E-01      5.045524332491E-02
    6.300000      8.385245718480E-02      3.291229010927E-02
    6.400000      6.198288674136E-02      2.264181232665E-02
    6.500000      5.759090058105E-02      2.070467722135E-02
    6.600000      7.170921582940E-02      2.709219143978E-02
    6.700000      9.961565641822E-02      4.102850085140E-02
    6.800000      1.353058441669E-01      6.116012690647E-02
    6.900000      1.735929145190E-01      8.554857319306E-02
    7.000000      2.100987458183E-01      1.116139850528E-01
    7.100000      2.412032734686E-01      1.363030641432E-01
    7.200000      2.642748240461E-01      1.566370251056E-01
    7.300000      2.779903421098E-01      1.704976589286E-01
    7.400000      2.825670910558E-01      1.772942090197E-01
    7.500000      2.798721923168E-01      1.782090255824E-01
    7.600000      2.733991448439E-01      1.759259527649E-01
    7.700000      2.678998559106E-01      1.738885334314E-01
    7.800000      2.681463011706E-01      1.752283897943E-01
    7.900000      2.765730764847E-01      1.816532369141E-01
    8.000000      2.916565812225E-01      1.927149592305E-01
    8.100000      3.090168771082E-01      2.058177036698E-01
    8.200000      3.235652630249E-01      2.170205559132E-01
    8.300000      3.309848773414E-01      2.222891509889E-01
    8.400000      3.283925519422E-01      2.186623642137E-01
    8.500000      3.144986816874E-01      2.049983216167E-01
    8.600000      2.896679804639E-01      1.822694655608E-01
    8.700000      2.560554715803E-01      1.534066994197E-01
    8.800000      2.176248906488E-01      1.226114157091E-01
    8.900000      1.797006781040E-01      9.425158096061E-02
    9.000000      1.478377152292E-01      7.177695273076E-02
    9.100000      1.262357493309E-01      5.708862189038E-02
    9.200000      1.166697748855E-01      5.047697349137E-02
    9.300000      1.184769426223E-01      5.094490973413E-02
    9.400000      1.289347935081E-01      5.665758264687E-02
    9.500000      1.439983815959E-01      6.535006056339E-02
    9.600000      1.594647021075E-01      7.465239226867E-02
    9.700000      1.718652524400E-01      8.238059944841E-02
    9.800000      1.788671948159E-01      8.686677839118E-02
    9.900000      1.795255291937E-01      8.735562550495E-02
   10.000000      1.746049042336E-01      8.439001471783E-02
   10.100000      1.668557880211E-01      7.999251148082E-02
   10.200000      1.608196125341E-01      7.740765305034E-02
   10.300000      1.617113193829E-01      8.028314950219E-02
   10.400000      1.735830360820E-01      9.143630724259E-02
   10.500000      1.975903087861E-01      1.116444628533E-01
   10.600000      2.307896212793E-01      1.390240146659E-01
   10.700000      2.667914813348E-01      1.693930790175E-01
   10.800000      2.988256491559E-01      1.975528295762E-01
   10.900000      3.221061452772E-01      2.188916325623E-01
   11.000000      3.343222652525E-01      2.305497046861E-01
   11.100000      3.352367631100E-01      2.318053534176E-01
   11.200000      3.262281424351E-01      2.239047511147E-01
   11.300000      3.100540593955E-01      2.096326163616E-01
   11.400000      2.906053503450E-01      1.926346478519E-01
   11.500000      2.722319614881E-01      1.764567986179E-01
   11.600000      2.584721938937E-01      1.635598742866E-01
   11.700000      2.506763470014E-01      1.547471322018E-01
   11.800000      2.476523594743E-01      1.492452172828E-01
   11.900000      2.466798661128E-01      1.453073100061E-01
   12.000000      2.448328838713E-01      1.409764344183E-01
   12.100000      2.397745119975E-01      1.346703919907E-01
   12.200000      2.299773395505E-01      1.254387846262E-01
   12.300000      2.146168480240E-01      1.129523083444E-01
   12.400000      1.934225385067E-01      9.740997245458E-02
   12.500000      1.667290909886E-01      7.953553156251E-02
   12.600000      1.358599175237E-01      6.069360378883E-02
   12.700000      1.038238706461E-01      4.299070567262E-02
   12.800000      7.612244443466E-02      2.916130949515E-02
   12.900000      6.081592555933E-02      2.211908700825E-02
   13.000000      6.518248017895E-02      2.422115112860E-02
   13.100000      8.985977726093E-02      3.645368024422E-02
   13.200000      1.287452447818E-01      5.783909892457E-02
   13.300000      1.732636552166E-01      8.536195094211E-02
   13.400000      2.155983601592E-01      1.145811935847E-01
   13.500000      2.501369803562E-01      1.408221719166E-01
   13.600000      2.739146103569E-01      1.605249648967E-01
   13.700000      2.864776037819E-01      1.722033212847E-01
   13.800000      2.894356623179E-01      1.766625663206E-01
   13.900000      2.858712710036E-01      1.764656903615E-01
   14.000000      2.796414450637E-01      1.749007466275E-01
   14.100000      2.745912411654E-01      1.748431721655E-01
   14.200000      2.737453847052E-01      1.779186634604E-01
   14.300000      2.784684384426E-01      1.842177843210E-01
   14.400000      2.878061841595E-01      1.925528822616E-01
   14.500000      2.989596573847E-01      2.010323739288E-01
   14.600000      3.088001716641E-01      2.076597998647E-01
   14.700000      3.148806270271E-01      2.107436795753E-01
   14.800000      3.155527380374E-01      2.090558100594E-01
   14.900000      3.097082854647E-01      2.018109621238E-01
   15.000000      2.965302203168E-01      1.886086878408E-01
   15.100000      2.754343762328E-01      1.694741508075E-01
   15.200000      2.462917039339E-01      1.450644741757E-01
   15.300000      2.099569416787E-01      1.169742156297E-01
   15.400000      1.690284490209E-01      8.792553423312E-02
   15.500000      1.285849897974E-01      6.157303956775E-02
   15.600000      9.615675637677E-02      4.178600844265E-02
   15.700000      7.930095881878E-02      3.156007265693E-02
   15.800000      8.176418996658E-02      3.197530904091E-02
   15.900000      1.012974692058E-01      4.167352665849E-02
   16.000000      1.297931845622E-01      5.714242741549E-02
   16.100000      1.579571827594E-01      7.376932862335E-02
   16.200000      1.792419560683E-01      8.730186495628E-02
   16.300000      1.907481656687E-01      9.517413062039E-02
   16.400000      1.929495198937E-01      9.722196877472E-02
   16.500000      1.891209875462E-01      9.556988120781E-02
   16.600000      1.844614392184E-01      9.377155506916E-02
   16.700000      1.846446170853E-01      9.552574238444E-02
   16.800000      1.938096622236E-01      1.034262938806E-01
   16.900000      2.127621906270E-01      1.181825646469E-01
   17.000000      2.387708575409E-01      1.385434275009E-01
   17.100000      2.672751270387E-01      1.618572779442E-01
   17.200000      2.939006863767E-01      1.849500851588E-01
   17.300000      3.155040099542E-01      2.049322851535E-01
   17.400000      3.302978451978E-01      2.196774494208E-01
   17.500000      3.375390024077E-01      2.279402743962E-01
   17.600000      3.371426985635E-01      2.292460285742E-01
   17.700000      3.294189624110E-01      2.237299997753E-01
   17.800000      3.150336277302E-01      2.120711964187E-01
   17.900000      2.952395675123E-01      1.955732122479E-01
   18.000000      2.723019248123E-01      1.762918814468E-01
   18.100000      2.497793437073E-01      1.569689302099E-01
   18.200000      2.319498206685E-01      1.405576848141E-01
   18.300000      2.219301074715E-01      1.293675929545E-01
   18.400000      2.199565684374E-01      1.241470984846E-01
   18.500000      2.233540729434E-01      1.235571768649E-01
   18.600000      2.274495355244E-01      1.243787199087E-01
   18.700000      2.268604482160E-01      1.224979208372E-01
   18.800000      2.169110706269E-01      1.143628776647E-01
   18.900000      1.948086216530E-01      9.838590739039E-02
   19.000000      1.605175910115E-01      7.577112538439E-02
   19.100000      1.174874611531E-01      5.041498050271E-02
   19.200000      7.329921036641E-02      2.782731406631E-02
   19.300000      4.030521070472E-02      1.343858145401E-02
   19.400000      3.363223055137E-02      1.096010842234E-02
   19.500000      5.659333833224E-02      2.139386195350E-02
   19.600000      9.859417924893E-02      4.294414137139E-02
   19.700000      1.473702056482E-01      7.174168960435E-02
   19.800000      1.942019018222E-01      1.030602720002E-01
   19.900000      2.340832506685E-01      1.325720043245E-01
   20.000000      2.648552723115E-01      1.572044642739E-01
   20.100000      2.862391007298E-01      1.753952361097E-01
   20.200000      2.989977433929E-01      1.868693587312E-01
   20.300000      3.043938471253E-01      1.922496781232E-01
   20.400000      3.039794902315E-01      1.927538261336E-01
   20.500000      2.996307025280E-01      1.900461966134E-01
   20.600000      2.936473399959E-01      1.861447191767E-01
   20.700000      2.886761380985E-01      1.832112374387E-01
   20.800000      2.872329674400E-01      1.831143643194E-01
   20.900000      2.908092198339E-01      1.868255526441E-01
   21.000000      2.989792566227E-01      1.938919802664E-01
   21.100000      3.092046413589E-01      2.022824887038E-01
   21.200000      3.175671005603E-01      2.087607816318E-01
   21.300000      3.198947101660E-01      2.096976059189E-01
   21.400000      3.126873475703E-01      2.020782341961E-01
   21.500000      2.937420612131E-01      1.844708874996E-01
   21.600000      2.627046478537E-01      1.577471914865E-01
   21.700000      2.216766953361E-01      1.252542525060E-01
   21.800000      1.756702064759E-01      9.213496106344E-02
   21.900000      1.324325850329E-01      6.385705862883E-02
   22.000000      1.008908372646E-01      4.453196955656E-02
   22.100000      8.709984870088E-02      3.577358765569E-02
   22.200000      9.050598188343E-02      3.653680237191E-02
   22.300000      1.053996897217E-01      4.388508204738E-02
   22.400000      1.246511020182E-01      5.426092395196E-02
   22.500000      1.428789900553E-01      6.469536351426E-02
   22.600000      1.575501421601E-01      7.351187461802E-02
   22.700000      1.684107486989E-01      8.038028206884E-02
   22.800000      1.763862550286E-01      8.589075469995E-02
   22.900000      1.826368847269E-01      9.098477702041E-02
   23.000000      1.881012999243E-01      9.654478779451E-02
   23.100000      1.935832083596E-01      1.032702215988E-01
   23.200000      2.001826088763E-01      1.117695782700E-01
   23.300000      2.096974090711E-01      1.226727200370E-01
   23.400000      2.243579470238E-01      1.365673078591E-01
   23.500000      2.451815556595E-01      1.536885989554E-01
   23.600000      2.704966155489E-01      1.734804766574E-01
   23.700000      2.968141036653E-01      1.942884758283E-01
   23.800000      3.202433705255E-01      2.134416379533E-01
   23.900000      3.373196760137E-01      2.278008976517E-01
   24.000000      3.454998987457E-01      2.345969640223E-01
   24.100000      3.434531543460E-01      2.322459387476E-01
   24.200000      3.312570932574E-01      2.208975928674E-01
   24.300000      3.106029469872E-01      2.025747362571E-01
   24.400000      2.849108454733E-01      1.807803338335E-01
   24.500000      2.590148371263E-01      1.595527540717E-01
   24.600000      2.380075926629E-01      1.422464306141E-01
   24.700000      2.251579704376E-01      1.305444066705E-01
   24.800000      2.201444818128E-01      1.241137858018E-01
   24.900000      2.195947582796E-01      1.209887696118E-01
   25.000000      2.191944109130E-01      1.184553200912E-01
   25.100000      2.153450184540E-01      1.140535051491E-01
   25.200000      2.059234664224E-01      1.063270822519E-01
   25.300000      1.904192072057E-01      9.509973012805E-02
   25.400000      1.697031189869E-01      8.127693113416E-02
   25.500000      1.456361422270E-01      6.637718797904E-02
   25.600000      1.207523060575E-01      5.209238752566E-02
   25.700000      9.824735955772E-02      4.009597919649E-02
   25.800000      8.222126503785E-02      3.209349830872E-02
   25.900000      7.735830685242E-02      2.989548902933E-02
   26.000000      8.712437549761E-02      3.524602260809E-02
   26.100000      1.118320909563E-01      4.929892335792E-02
   26.200000      1.482642916255E-01      7.190013520876E-02
   26.300000      1.906619259026E-01      1.010493801730E-01
   26.400000      2.324609635802E-01      1.329441507056E-01
   26.500000      2.679150655567E-01      1.627917701900E-01
   26.600000      2.931411394263E-01      1.861628331711E-01
   26.700000      3.065206614674E-01      2.002950975933E-01
   26.800000      3.086280741104E-01      2.047762292058E-01
   26.900000      3.019880262329E-01      2.014501888234E-01
   27.000000      2.908116809791E-01      1.937604548126E-01
   27.100000      2.804325037956E-01      1.857624921446E-01
   27.200000      2.757880196209E-01      1.809603097936E-01
   27.300000      2.790733487851E-01      1.812334694797E-01
   27.400000      2.887585812997E-01      1.862588277041E-01
   27.500000      3.009196456359E-01      1.937057164362E-01
   27.600000      3.110701411402E-01      2.001173918970E-01
   27.700000      3.154111414712E-01      2.020658986985E-01
   27.800000      3.114168728577E-01      1.971136718740E-01
   27.900000      2.979337732009E-01      1.843191967417E-01
   28.000000      2.750524842405E-01      1.642792293668E-01
   28.100000      2.439467691809E-01      1.388432005060E-01
   28.200000      2.067648322916E-01      1.106680244025E-01
   28.300000      1.666068213730E-01      8.276132949209E-02
   28.400000      1.275959800904E-01      5.810406250413E-02
   28.500000      9.493342060860E-02      3.935919790921E-02
   28.600000      7.453292641581E-02      2.860282100335E-02
   28.700000      7.154298942838E-02      2.700500413405E-02
   28.800000      8.704773348821E-02      3.446259500952E-02
   28.900000      1.156945596773E-01      4.931884764938E-02
   29.000000      1.490965388957E-01      6.841050700429E-02
   29.100000      1.797746361340E-01      8.764458364484E-02
   29.200000      2.025528917074E-01      1.030738170675E-01
   29.300000      2.149682531235E-01      1.121319084173E-01
   29.400000      2.173623348037E-01      1.145369004935E-01
   29.500000      2.127200935743E-01      1.124729638204E-01
   29.600000      2.060616335274E-01      1.099145703123E-01
   29.700000      2.031275292100E-01      1.112602261063E-01
   29.800000      2.085790474815E-01      1.197377209230E-01
   29.900000      2.244420423605E-01      1.361932029298E-01
   30.000000      2.490289365573E-01      1.587637903498E-01
   30.100000      2.771062157463E-01      1.835810668522E-01
   30.200000      3.026795021003E-01      2.061709319622E-01
   30.300000      3.215424549499E-01      2.228370090245E-01
   30.400000      3.316794399632E-01      2.313957247069E-01
   30.500000      3.326822814040E-01      2.312002743666E-01
   30.600000      3.251797328125E-01      2.228636576523E-01
   30.700000      3.105634290349E-01      2.079889466731E-01
   30.800000      2.908632439796E-01      1.888642589242E-01
   30.900000      2.685570189652E-01      1.680309825896E-01
   31.000000      2.462662051750E-01      1.478368810969E-01
   31.100000      2.264118004361E-01      1.301472558678E-01
   31.200000      2.108811161833E-01      1.162292961331E-01
   31.300000      2.007043613662E-01      1.066842730238E-01
   31.400000      1.957571696133E-01      1.013358865427E-01
   31.500000      1.945854939081E-01      9.912562640884E-02
   31.600000      1.945290808774E-01      9.816893130054E-02
   31.700000      1.922512257036E-01      9.610563448360E-02
   31.800000      1.845759231665E-01      9.075184277632E-02
   31.900000      1.694313390355E-01      8.090146138294E-02
   32.000000      1.467863949444E-01      6.700590484997E-02
   32.100000      1.195440741474E-01      5.142503557124E-02
   32.200000      9.414060531333E-02      3.802650488262E-02
   32.300000      7.974448643366E-02      3.113698322431E-02
   32.400000      8.430633340703E-02      3.415214540090E-02
   32.500000      1.094452162524E-01      4.832201794890E-02
   32.600000      1.492367867901E-01      7.220606046460E-02
   32.700000      1.943068147554E-01      1.020433282642E-01
   32.800000      2.364890650223E-01      1.329104770267E-01
   32.900000      2.705378323535E-01      1.601955239962E-01
   33.000000      2.941221884394E-01      1.807902545684E-01
   33.100000      3.071949076731E-01      1.936009706495E-01
   33.200000      3.112209823241E-01      1.993477319418E-01
   33.300000      3.084857609746E-01      1.999000787358E-01
   33.400000      3.015511253694E-01      1.974800553234E-01
   33.500000      2.928963439157E-01      1.940166064425E-01
   33.600000      2.847776188537E-01      1.908153805486E-01
   33.700000      2.792042451344E-01      1.885412335013E-01
   33.800000      2.776064318051E-01      1.873685931804E-01
   33.900000      2.799799761943E-01      1.871211191248E-01
   34.000000      2.847005231038E-01      1.872991737254E-01
   34.100000      2.893968187640E-01      1.870058451336E-01
   34.200000      2.915535200153E-01      1.848708187183E-01
   34.300000      2.886453540584E-01      1.791218148013E-01
   34.400000      2.782552883108E-01      1.679357123565E-01
   34.500000      2.584091425093E-01      1.500792694719E-01
   34.600000      2.281644427442E-01      1.256573796692E-01
   34.700000      1.883858454528E-01      9.662981482743E-02
   34.800000      1.425483303747E-01      6.674834709486E-02
   34.900000      9.730743513107E-02      4.077453984382E-02
   35.000000      6.241504679725E-02      2.319180143014E-02
   35.100000      4.868288302923E-02      1.689012333769E-02
   35.200000      6.123968522950E-02      2.230785552719E-02
   35.300000      9.278515301845E-02      3.732169700032E-02
   35.400000      1.309797977452E-01      5.792539135272E-02
   35.500000      1.666158776850E-01      7.948126267305E-02
   35.600000      1.946076300179E-01      9.810011647487E-02
   35.700000      2.133164096632E-01      1.116319090265E-01
   35.800000      2.236595076907E-01      1.199385320050E-01
   35.900000      2.281721482847E-01      1.244703682191E-01
   36.000000      2.300962263206E-01      1.274514676824E-01
   36.100000      2.325579587504E-01      1.310618385343E-01
   36.200000      2.379181678982E-01      1.368998812226E-01
   36.300000      2.473846282343E-01      1.457986328533E-01
   36.400000      2.609488772705E-01      1.578776339809E-01
   36.500000      2.776055773501E-01      1.726419296200E-01
   36.600000      2.956652426588E-01      1.890125650162E-01
   36.700000      3.129998636371E-01      2.053172583484E-01
   36.800000      3.272413996854E-01      2.193701569003E-01
   36.900000      3.360173931318E-01      2.287456501799E-01
   37.000000      3.372283825338E-01      2.312257557379E-01
   37.100000      3.293233193727E-01      2.252961420648E-01
   37.200000      3.116007631569E-01      2.105873543503E-01
   37.300000      2.846616528940E-01      1.882327836877E-01
   37.400000      2.510892820741E-01      1.610477996895E-01
   37.500000      2.161813466512E-01      1.332490122145E-01
   37.600000      1.877822661414E-01      1.094784376771E-01
   37.700000      1.718115128687E-01      9.334013662826E-02
   37.800000      1.681478627000E-01      8.610854502054E-02
   37.900000      1.733126290949E-01      8.626969375630E-02
   38.000000      1.818706608758E-01      9.013139436924E-02
   38.100000      1.878045026159E-01      9.322600070741E-02
   38.200000      1.863514640562E-01      9.191178422028E-02
   38.300000      1.752441178721E-01      8.457127461778E-02
   38.400000      1.551974500146E-01      7.204507678343E-02
   38.500000      1.299783341898E-01      5.724838138779E-02
   38.600000      1.060786703097E-01      4.417225208534E-02
   38.700000      9.126923214451E-02      3.664824378475E-02
   38.800000      9.125431684533E-02      3.730918025661E-02
   38.900000      1.069782041342E-01      4.705934838966E-02
   39.000000      1.354824408752E-01      6.512080411858E-02
   39.100000      1.718014777151E-01      8.948075710797E-02
   39.200000      2.106829590045E-01      1.174517891250E-01
   39.300000      2.478037730906E-01      1.461197533688E-01
   39.400000      2.800044807800E-01      1.726298080922E-01
   39.500000      3.050923199865E-01      1.944053564607E-01
   39.600000      3.216713808875E-01      2.094066020868E-01
   39.700000      3.291167791511E-01      2.164523363107E-01
   39.800000      3.276996923617E-01      2.155522856176E-01
   39.900000      3.188331050889E-01      2.081404894703E-01
   40.000000      3.052921889876E-01      1.970213327234E-01
   40.100000      2.910879935377E-01      1.858275097863E-01
   40.200000      2.806287908046E-01      1.779914187004E-01
   40.300000      2.771056768500E-01      1.755656279884E-01
   40.400000      2.807957521221E-01      1.784094689008E-01
   40.500000      2.886577017499E-01      1.841325391872E-01
   40.600000      2.957052068272E-01      1.888399846948E-01
   40.700000      2.969033865557E-01      1.883673625806E-01
   40.800000      2.884135030324E-01      1.795490699681E-01
   40.900000      2.681596025526E-01      1.611908156727E-01
   41.000000      2.361593800765E-01      1.345634537685E-01
   41.100000      1.948099750454E-01      1.032186538795E-01
   41.200000      1.489304958815E-01      7.202114809526E-02
   41.300000      1.052790041196E-01      4.571065975738E-02
   41.400000      7.144760398264E-02      2.764976427361E-02
   41.500000      5.409357096360E-02      1.926092379423E-02
   41.600000      5.644629856236E-02      2.019246880523E-02
   41.700000      7.559618782182E-02      2.890799830342E-02
   41.800000      1.044012725101E-01      4.332833685262E-02
   41.900000      1.366266609894E-01      6.128004495389E-02
   42.000000      1.681058986308E-01      8.068818976847E-02
   42.100000      1.960382028931E-01      9.960806578458E-02
   42.200000      2.184572776667E-01      1.162702521320E-01
   42.300000      2.341242288917E-01      1.292840769164E-01
   42.400000      2.427396708065E-01      1.380081563069E-01
   42.500000      2.452830698991E-01      1.429195467744E-01
   42.600000      2.442552269225E-01      1.457150153654E-01
   42.700000      2.435810238371E-01      1.489470832224E-01
   42.800000      2.478167476223E-01      1.552107169941E-01
   42.900000      2.601290399979E-01      1.661408540210E-01
   43.000000      2.799110983312E-01      1.816288632181E-01
   43.100000      3.030957768092E-01      1.996260584807E-01
   43.200000      3.245385869744E-01      2.166623486911E-01
   43.300000      3.397680594461E-01      2.288787869762E-01
   43.400000      3.457528917620E-01      2.331591737059E-01
   43.500000      3.411059902778E-01      2.279826023262E-01
   43.600000      3.260740442546E-01      2.138055552312E-01
   43.700000      3.024826174410E-01      1.929136249857E-01
   43.800000      2.735628419380E-01      1.687556785629E-01
   43.900000      2.434721407425E-01      1.449329995315E-01
   44.000000      2.164240265416E-01      1.242177316179E-01
   44.100000      1.955130355915E-01      1.079964396671E-01
   44.200000      1.816068402086E-01      9.630723072501E-02
   44.300000      1.733235680737E-01      8.832981281358E-02
   44.400000      1.684217470809E-01      8.299576877550E-02
   44.500000      1.651039569850E-01      7.939472644669E-02
   44.600000      1.623081659342E-01      7.683269804346E-02
   44.700000      1.593031130704E-01      7.464903082976E-02
   44.800000      1.552148980980E-01      7.206799757255E-02
   44.900000      1.490194350164E-01      6.832793313359E-02
   45.000000      1.401539635878E-01      6.311142351175E-02
   45.100000      1.294276498389E-01      5.705366351221E-02
   45.200000      1.196645141242E-01      5.199815053545E-02
   45.300000      1.154886381164E-01      5.075085913919E-02
   45.400000      1.219453936330E-01      5.629815392806E-02
   45.500000      1.422819703231E-01      7.069956635234E-02
   45.600000      1.755056521337E-01      9.405339523286E-02
   45.700000      2.158923913040E-01      1.240003224840E-01
   45.800000      2.559668281733E-01      1.561183510789E-01
   45.900000      2.894845308542E-01      1.852015364832E-01
   46.000000      3.126753605107E-01      2.068918585041E-01
   46.100000      3.243112689037E-01      2.188655456298E-01
   46.200000      3.252320172288E-01      2.211263622557E-01
   46.300000      3.178272962134E-01      2.155840659243E-01
   46.400000      3.056313594683E-01      2.053148752441E-01
   46.500000      2.927673141810E-01      1.937099229666E-01
   46.600000      2.828996039942E-01      1.836215328820E-01
   46.700000      2.779521532407E-01      1.767157751684E-01
   46.800000      2.776158941186E-01      1.732433449427E-01
   46.900000      2.800247173804E-01      1.722540225356E-01
   47.000000      2.827554305772E-01      1.720776572591E-01
   47.100000      2.834775124558E-01      1.708294373862E-01
   47.200000      2.801970612508E-01      1.667729423676E-01
   47.300000      2.712531854376E-01      1.585129404322E-01
   47.400000      2.552533484498E-01      1.451086326063E-01
   47.500000      2.311270422387E-01      1.262384221850E-01
   47.600000      1.984390215809E-01      1.024838534802E-01
   47.700000      1.580287070708E-01      7.565388939315E-02
   47.800000      1.129369727578E-01      4.891851656040E-02
   47.900000      6.948069204919E-02      2.648170749598E-02
   48.000000      3.827649033200E-02      1.268470376937E-02
   48.100000      3.342082807348E-02      1.073857230549E-02
   48.200000      5.946498788707E-02      2.154811024951E-02
   48.300000      1.035947696981E-01      4.313922951008E-02
   48.400000      1.521809955145E-01      7.101613540794E-02
   48.500000      1.956086365826E-01      9.942232363294E-02
   48.600000      2.281878181513E-01      1.230765556186E-01
   48.700000      2.477958330277E-01      1.387130622681E-01
   48.800000      2.553017794226E-01      1.458679143473E-01
   48.900000      2.539062714023E-01      1.467237966994E-01
   49.000000      2.483529099457E-01      1.451538815182E-01
   49.100000      2.438227716252E-01      1.452956300385E-01
   49.200000      2.445757934243E-01      1.501282280946E-01
   49.300000      2.527688918856E-01      1.605724754744E-01
   49.400000      2.677785843470E-01      1.754346170854E-01
   49.500000      2.864453326681E-01      1.921101368457E-01
   49.600000      3.046950920644E-01      2.075960209400E-01
   49.700000      3.191949463001E-01      2.192937071458E-01
   49.800000      3.278184382085E-01      2.253547996443E-01
   49.900000      3.293706539862E-01      2.246714916707E-01
   50.000000      3.232199153409E-01      2.167697652960E-01
   50.100000      3.091277385500E-01      2.018007059800E-01
   50.200000      2.873592396365E-01      1.806740965625E-01
   50.300000      2.590413299457E-01      1.552295699480E-01
   50.400000      2.266193658471E-01      1.282472126079E-01
   50.500000      1.941184679564E-01      1.031252767320E-01
   50.600000      1.667623915303E-01      8.320478191909E-02
   50.700000      1.495161562949E-01      7.090649967637E-02
   50.800000      1.448238460816E-01      6.696203787760E-02
   50.900000      1.510264382444E-01      7.003781102142E-02
   51.000000      1.628622830155E-01      7.697471577238E-02
   51.100000      1.737449649162E-01      8.368490626328E-02
   51.200000      1.781978646642E-01      8.647895639527E-02
   51.300000      1.733667896896E-01      8.336521140989E-02
   51.400000      1.596945300029E-01      7.482045678340E-02
   51.500000      1.410708730095E-01      6.370650901159E-02
   51.600000      1.242243158767E-01      5.432432416025E-02
   51.700000      1.166557222947E-01      5.095291480877E-02
   51.800000      1.234765612505E-01      5.644609146571E-02
   51.900000      1.453224899410E-01      7.140299220677E-02
   52.000000      1.782170591828E-01      9.414157557202E-02
   52.100000      2.155659645065E-01      1.213796061172E-01
   52.200000      2.512911138102E-01      1.492923503027E-01
   52.300000      2.814043532443E-01      1.745181689462E-01
   52.400000      3.039755976195E-01      1.947632140475E-01
   52.500000      3.185061310459E-01      2.088970911154E-01
   52.600000      3.252688577048E-01      2.166927437975E-01
   52.700000      3.248684879214E-01      2.184845714800E-01
   52.800000      3.181100343137E-01      2.149586143680E-01
   52.900000      3.061496957135E-01      2.071267025968E-01
   53.000000      2.908205598039E-01      1.963870992576E-01
   53.100000      2.749502669448E-01      1.845154409270E-01
   53.200000      2.622232422795E-01      1.734611821003E-01
   53.300000      2.556236389354E-01      1.649088473208E-01
   53.400000      2.552633541178E-01      1.596936325106E-01
   53.500000      2.586764604653E-01      1.573106996305E-01
   53.600000      2.621986009051E-01      1.558169211609E-01
   53.700000      2.617962036259E-01      1.522987212933E-01
   53.800000      2.537784622124E-01      1.438210618147E-01
   53.900000      2.355326823393E-01      1.285407877122E-01
   54.000000      2.062177727268E-01      1.065809208511E-01
   54.100000      1.674006597589E-01      8.032007410802E-02
   54.200000      1.235681892223E-01      5.391766407699E-02
   54.300000      8.231934203114E-02      3.217078973220E-02
   54.400000      5.393083890942E-02      1.910562438749E-02
   54.500000      4.861208803028E-02      1.684822926549E-02
   54.600000      6.755463701055E-02      2.518331745436E-02
   54.700000      1.012975456546E-01      4.189059025938E-02
   54.800000      1.399688303609E-01      6.362824719545E-02
   54.900000      1.769859818336E-01      8.694939061459E-02
   55.000000      2.087566044365E-01      1.090595275006E-01
   55.100000      2.338065060127E-01      1.281300374505E-01
   55.200000      2.519518402979E-01      1.432393054079E-01
   55.300000      2.637106348434E-01      1.541597380713E-01
   55.400000      2.700113261897E-01      1.611880221334E-01
   55.500000      2.721548129557E-01      1.650931642294E-01
   55.600000      2.719117804376E-01      1.671274772509E-01
   55.700000      2.715596828380E-01      1.689663518151E-01
   55.800000      2.736016643433E-01      1.724404911486E-01
   55.900000      2.799969756478E-01      1.790151836807E-01
   56.000000      2.911460630178E-01      1.891386459791E-01
   56.100000      3.053545931273E-01      2.017483751003E-01
   56.200000      3.192625859235E-01      2.142617360330E-01
   56.300000      3.289078163750E-01      2.231795916345E-01
   56.400000      3.307453512766E-01      2.250743319031E-01
   56.500000      3.222484770000E-01      2.175359165763E-01
   56.600000      3.022094175558E-01      1.998352710389E-01
   56.700000      2.711090853302E-01      1.733230223417E-01
   56.800000      2.317177721789E-01      1.414711364500E-01
   56.900000      1.896537106743E-01      1.092479217922E-01
   57.000000      1.531088388231E-01      8.178022805591E-02
   57.100000      1.292104048049E-01      6.282391716963E-02
   57.200000      1.195415109773E-01      5.375074134785E-02
   57.300000      1.221219382619E-01      5.342712906511E-02
   57.400000      1.327853434192E-01      5.890874345830E-02
   57.500000      1.461020723866E-01      6.658956211875E-02
   57.600000      1.573224935152E-01      7.334959839289E-02
   57.700000      1.637719853908E-01      7.731595839529E-02
   57.800000      1.649928398171E-01      7.806544711082E-02
   57.900000      1.621804460911E-01      7.636022114011E-02
   58.000000      1.574957680924E-01      7.368102020173E-02
   58.100000      1.535358920924E-01      7.181971636464E-02
   58.200000      1.530176400142E-01      7.263708563727E-02
   58.300000      1.585419848971E-01      7.790027086572E-02
   58.400000      1.721929999124E-01      8.902936572752E-02
   58.500000      1.947569151093E-01      1.066697908993E-01
   58.600000      2.247830428854E-01      1.302050419449E-01
   58.700000      2.585080747600E-01      1.574862316791E-01
   58.800000      2.910518754229E-01      1.850437022293E-01
   58.900000      3.178609845904E-01      2.088264881909E-01
   59.000000      3.356146543276E-01      2.252151185143E-01
   59.100000      3.425553371087E-01      2.319191788574E-01
   59.200000      3.385247882177E-01      2.285239052779E-01
   59.300000      3.250111625085E-01      2.166636731234E-01
   59.400000      3.052490908364E-01      1.997804285949E-01
   59.500000      2.840250474520E-01      1.823166221585E-01
   59.600000      2.666885250465E-01      1.683850007025E-01
   59.700000      2.572226353357E-01      1.603895789156E-01
   59.800000      2.561953622122E-01      1.582516282360E-01
   59.900000      2.604047794697E-01      1.595962744648E-01
   60.000000      2.647167911072E-01      1.607458426132E-01
   60.100000      2.642365949823E-01      1.580293466771E-01
   60.200000      2.555210598107E-01      1.489158641605E-01
   60.300000      2.369717016510E-01      1.326847097511E-01
   60.400000      2.088545570996E-01      1.105349810145E-01
   60.500000      1.731763861526E-01      8.516481460802E-02
   60.600000      1.334745063270E-01      5.999829931896E-02
   60.700000      9.459118484595E-02      3.836659480722E-02
   60.800000      6.262705740382E-02      2.292888955923E-02
   60.900000      4.511251660639E-02      1.544071474960E-02
   61.000000      4.844627548966E-02      1.677140640221E-02
   61.100000      7.100921340944E-02      2.696718393877E-02
   61.200000      1.063844191121E-01      4.520316684058E-02
   61.300000      1.481041322198E-01      6.963654159895E-02
   61.400000      1.902457113026E-01      9.735768303878E-02
   61.500000      2.277515689092E-01      1.246914315581E-01
   61.600000      2.568947911447E-01      1.479394029017E-01
   61.700000      2.756654034795E-01      1.643577193208E-01
   61.800000      2.839442779904E-01      1.729677809861E-01
   61.900000      2.834850136323E-01      1.748564489772E-01
   62.000000      2.777288384655E-01      1.728375879755E-01
   62.100000      2.713305546227E-01      1.705541493068E-01
   62.200000      2.691365044713E-01      1.712796965613E-01
   62.300000      2.744076677713E-01      1.768237307299E-01
   62.400000      2.869693051827E-01      1.869491072710E-01
   62.500000      3.033090181240E-01      1.995151328368E-01
   62.600000      3.186985688882E-01      2.112537757984E-01
   62.700000      3.290673059455E-01      2.188297402086E-01
   62.800000      3.317684497323E-01      2.197716513112E-01
   62.900000      3.256422411439E-01      2.130076164263E-01
   63.000000      3.108057968184E-01      1.989416705853E-01
   63.100000      2.883649029374E-01      1.791350588679E-01
   63.200000      2.600986346174E-01      1.557480230156E-01
   63.300000      2.281840922565E-01      1.309910631924E-01
   63.400000      1.950914232149E-01      1.068209282573E-01
   63.500000      1.636957660434E-01      8.493449964779E-02
   63.600000      1.373027622536E-01      6.689439201997E-02
   63.700000      1.189735285345E-01      5.413796941708E-02
   63.800000      1.105822219080E-01      4.772696394844E-02
   63.900000      1.126104239838E-01      4.790707374981E-02
   64.000000      1.236743630062E-01      5.372611142556E-02
   64.100000      1.399843091926E-01      6.299514025196E-02
   64.200000      1.563455740858E-01      7.275039150543E-02
   64.300000      1.681729660796E-01      8.014749397185E-02
   64.400000      1.729939936448E-01      8.349415452592E-02
   64.500000      1.711169557760E-01      8.300641061505E-02
   64.600000      1.656623681059E-01      8.092393834845E-02
   64.700000      1.619074694886E-01      8.083951376318E-02
   64.800000      1.657966107158E-01      8.641698487103E-02
   64.900000      1.816748328756E-01      9.996337019192E-02
   65.000000      2.094738098535E-01      1.214338879272E-01
   65.100000      2.439742930815E-01      1.483026533385E-01
   65.200000      2.782338451919E-01      1.763679042863E-01
   65.300000      3.067175627390E-01      2.011269393631E-01
   65.400000      3.262504953229E-01      2.190887829982E-01
   65.500000      3.358322963950E-01      2.284981396972E-01
   65.600000      3.360655763221E-01      2.293507996711E-01
   65.700000      3.285803709150E-01      2.229427850933E-01
   65.800000      3.155828152700E-01      2.112800953248E-01
   65.900000      2.995048543463E-01      1.965681319649E-01
   66.000000      2.827105348130E-01      1.808741009292E-01
   66.100000      2.672546483184E-01      1.659652209501E-01
   66.200000      2.547127223718E-01      1.532527571834E-01
   66.300000      2.460671474937E-01      1.437258947027E-01
   66.400000      2.415550280588E-01      1.377794563952E-01
   66.500000      2.404036425291E-01      1.349458414313E-01
   66.600000      2.405921568955E-01      1.336905011530E-01
   66.700000      2.389461430519E-01      1.315123260068E-01
   66.800000      2.317197254708E-01      1.255062810068E-01
   66.900000      2.155040781112E-01      1.133167572487E-01
   67.000000      1.882128768954E-01      9.418192208207E-02
   67.100000      1.500631591005E-01      6.966166621381E-02
   67.200000      1.045804026010E-01      4.367153610023E-02
   67.300000      5.963179366374E-02      2.164023814732E-02
   67.400000      2.874868676589E-02      8.979486537842E-03
   67.500000      2.961490735033E-02      9.404591408800E-03
   67.600000      6.280517553672E-02      2.371867071420E-02
   67.700000      1.126615959152E-01      4.948361295982E-02
   67.800000      1.656071248148E-01      8.171623178429E-02
   67.900000      2.125575050013E-01      1.144159536394E-01
   68.000000      2.485687616322E-01      1.423645903105E-01
   68.100000      2.721517651077E-01      1.624652719462E-01
   68.200000      2.843283673542E-01      1.741545533046E-01
   68.300000      2.876939899353E-01      1.789474458730E-01
   68.400000      2.856204815254E-01      1.795095458921E-01
   68.500000      2.815758584043E-01      1.786676156296E-01
   68.600000      2.785427285295E-01      1.786561784698E-01
   68.700000      2.785784682193E-01      1.807519301923E-01
   68.800000      2.825525913116E-01      1.852720707829E-01
   68.900000      2.901012432087E-01      1.917723128464E-01
   69.000000      2.998509039816E-01      1.992550469126E-01
   69.100000      3.097848931586E-01      2.062849022022E-01
   69.200000      3.175258434822E-01      2.110379147346E-01
   69.300000      3.205174277592E-01      2.114063443480E-01
   69.400000      3.162402558662E-01      2.052963232453E-01
   69.500000      3.025625715616E-01      1.911783456707E-01
   69.600000      2.782691874096E-01      1.688007947879E-01
   69.700000      2.437712777574E-01      1.397985057331E-01
   69.800000      2.018933122463E-01      1.078138029281E-01
   69.900000      1.584158319948E-01      7.784318741794E-02
   70.000000      1.217381598252E-01      5.488423054111E-02
   70.100000      1.005986941150E-01      4.237623132955E-02
   70.200000      9.938600780345E-02      4.108785157693E-02
   70.300000      1.146640410033E-01      4.891404062239E-02
   70.400000      1.375525038775E-01      6.166088216920E-02
   70.500000      1.591447052158E-01      7.450886486505E-02
   70.600000      1.736865603295E-01      8.359250715526E-02
   70.700000      1.791667594776E-01      8.712548520173E-02
   70.800000      1.768665680137E-01      8.573029100996E-02
   70.900000      1.705128555921E-01      8.195181820844E-02
   71.000000      1.649808905557E-01      7.920334956528E-02
   71.100000      1.646009828261E-01      8.055952908471E-02
   71.200000      1.718056274092E-01      8.783626171541E-02
   71.300000      1.868839270461E-01      1.012487848636E-01
   71.400000      2.085088828382E-01      1.196636988170E-01
   71.500000      2.342534757338E-01      1.411930738109E-01
   71.600000      2.611790401769E-01      1.637692663545E-01
   71.700000      2.865578921146E-01      1.854519548646E-01
   71.800000      3.081917022176E-01      2.044610388077E-01
   71.900000      3.243325515301E-01      2.191154480403E-01
   72.000000      3.335697231041E-01      2.278737061845E-01
   72.100000      3.348585572367E-01      2.295531195464E-01
   72.200000      3.277077184134E-01      2.236740848614E-01
   72.300000      3.125133105346E-01      2.108105246587E-01
   72.400000      2.910053531845E-01      1.927903713033E-01
   72.500000      2.666369612540E-01      1.725525676916E-01
   72.600000      2.444280807958E-01      1.535297765757E-01
   72.700000      2.292705863178E-01      1.386635742743E-01
   72.800000      2.228907443428E-01      1.294242789612E-01
   72.900000      2.231170148040E-01      1.252769969389E-01
   73.000000      2.257055694230E-01      1.238620118460E-01
   73.100000      2.259790402691E-01      1.218583596169E-01
   73.200000      2.200085591016E-01      1.162146005613E-01
   73.300000      2.055091461052E-01      1.052766132877E-01
   73.400000      1.823902423391E-01      8.938575511846E-02
   73.500000      1.529498193132E-01      7.073948514467E-02
   73.600000      1.217013331898E-01      5.261369645518E-02
   73.700000      9.476363437409E-02      3.831692080969E-02
   73.800000      7.857046306247E-02      3.032849521949E-02
   73.900000      7.748608105296E-02      2.990454585524E-02
   74.000000      9.160190305323E-02      3.714564456758E-02
   74.100000      1.174717759604E-01      5.130758734612E-02
   74.200000      1.505117980143E-01      7.110013082962E-02
   74.300000      1.864498115981E-01      9.482822309964E-02
   74.400000      2.216289056566E-01      1.203969160198E-01
   74.500000      2.529313224983E-01      1.453321749492E-01
   74.600000      2.777973437358E-01      1.669953660000E-01
   74.700000      2.944291947660E-01      1.830616599417E-01
   74.800000      3.020869608131E-01      1.921414768397E-01
   74.900000      3.013616740132E-01      1.942842767351E-01
   75.000000      2.943544391465E-01      1.911262976405E-01
   75.100000      2.846644823314E-01      1.855770302860E-01
   75.200000      2.769159753599E-01      1.810594797657E-01
   75.300000      2.753761906950E-01      1.804389589234E-01
   75.400000      2.817594929073E-01      1.849596570962E-01
   75.500000      2.940446101745E-01      1.936417843313E-01
   75.600000      3.076518543456E-01      2.034714830426E-01
   75.700000      3.174455850905E-01      2.103404269535E-01
   75.800000      3.191209187564E-01      2.103232587775E-01
   75.900000      3.098381018166E-01      2.008090244673E-01
   76.000000      2.884521857780E-01      1.812236326198E-01
   76.100000      2.556982601138E-01      1.532748273879E-01
   76.200000      2.144144624667E-01      1.206468572673E-01
   76.300000      1.695689469099E-01      8.810910659616E-02
   76.400000      1.277187429914E-01      6.027171945760E-02
   76.500000      9.552456174252E-02      4.047487912147E-02
   76.600000      7.773144665453E-02      3.022870771077E-02
   76.700000      7.639323312556E-02      2.928769217985E-02
   76.800000      9.026274598340E-02      3.613044047313E-02
   76.900000      1.141072249898E-01      4.851239577348E-02
   77.000000      1.414898877725E-01      6.387406683910E-02
   77.100000      1.673300751161E-01      7.960075797892E-02
   77.200000      1.881925318636E-01      9.327698332433E-02
   77.300000      2.020975413470E-01      1.030589087948E-01
   77.400000      2.085402667756E-01      1.081397766421E-01
   77.500000      2.086605429950E-01      1.091344574102E-01
   77.600000      2.053416595123E-01      1.081537846613E-01
   77.700000      2.029204216671E-01      1.083964338166E-01
   77.800000      2.061980893958E-01      1.132479171015E-01
   77.900000      2.187342659446E-01      1.251044543165E-01
   78.000000      2.409724565953E-01      1.443361382491E-01
   78.100000      2.695245857754E-01      1.688575311483E-01
   78.200000      2.986812405563E-01      1.946042210291E-01
   78.300000      3.228817310244E-01      2.167977366137E-01
   78.400000      3.382565349787E-01      2.314060666358E-01
   78.500000      3.429442298428E-01      2.361219058538E-01
   78.600000      3.368241822544E-01      2.306602353821E-01
   78.700000      3.212928915937E-01      2.166411073189E-01
   78.800000      2.992234422926E-01      1.972141013160E-01
   78.900000      2.747607725079E-01      1.762977668420E-01
   79.000000      2.525291881148E-01      1.574762780566E-01
   79.100000      2.361632662065E-01      1.429899085090E-01
   79.200000      2.267693850276E-01      1.332897912297E-01
   79.300000      2.226665222252E-01      1.272753142237E-01
   79.400000      2.206951401729E-01      1.229778669001E-01
   79.500000      2.176783747120E-01      1.183301971962E-01
   79.600000      2.111931777023E-01      1.117417964169E-01
   79.700000      1.997747872011E-01      1.023694901409E-01
   79.800000      1.828603032904E-01      9.012850611731E-02
   79.900000      1.607162941773E-01      7.558126872258E-02
   80.000000      1.345425930882E-01      5.985124408276E-02
   80.100000      1.068963889187E-01      4.462887235230E-02
   80.200000      8.238063331050E-02      3.219066346546E-02
   80.300000      6.767636238628E-02      2.523734850259E-02
   80.400000      6.894261215048E-02      2.639019841786E-02
   80.500000      8.861887582908E-02      3.738409178249E-02
   80.600000      1.245211553006E-01      5.823924317353E-02
   80.700000      1.697629950187E-01      8.681596700081E-02
   80.800000      2.160238444902E-01      1.190669928483E-01
   80.900000      2.564791911065E-01      1.500144272752E-01
   81.000000      2.867786449564E-01      1.751185003866E-01
   81.100000      3.051242281448E-01      1.914979149195E-01
   81.200000      3.119524805516E-01      1.985697082422E-01
   81.300000      3.095076803159E-01      1.979803479573E-01
   81.400000      3.013753389162E-01      1.929301395748E-01
   81.500000      2.918337977108E-01      1.870992831555E-01
   81.600000      2.849020248327E-01      1.834928477972E-01
   81.700000      2.831999944372E-01      1.836029996638E-01
   81.800000      2.870434601299E-01      1.871811614473E-01
   81.900000      2.944555620912E-01      1.926223236915E-01
   82.000000      3.022922643603E-01      1.976888209678E-01
   82.100000      3.075577977306E-01      2.002221904187E-01
   82.200000      3.080736852395E-01      1.986051274556E-01
   82.300000      3.025203271089E-01      1.919097602083E-01
   82.400000      2.901832270805E-01      1.798123112821E-01
   82.500000      2.706874829937E-01      1.624463942112E-01
   82.600000      2.439270073258E-01      1.403719938245E-01
   82.700000      2.103072973997E-01      1.147242747339E-01
   82.800000      1.713023942803E-01      8.743263909445E-02
   82.900000      1.302014452120E-01      6.128458526238E-02
   83.000000      9.275970092094E-02      3.963486150420E-02
   83.100000      6.688351161761E-02      2.572059844381E-02
   83.200000      5.977565750758E-02      2.175014858333E-02
   83.300000      7.385035402491E-02      2.808528864694E-02
   83.400000      1.036076456744E-01      4.287501936049E-02
   83.500000      1.388797954063E-01      6.239974167079E-02
   83.600000      1.709800924333E-01      8.213190558608E-02
   83.700000      1.947014300821E-01      9.817182944450E-02
   83.800000      2.083139280672E-01      1.084778054663E-01
   83.900000      2.130660494198E-01      1.133828601197E-01
   84.000000      2.124654934775E-01      1.152348303630E-01
   84.100000      2.113385160171E-01      1.173687631558E-01
   84.200000      2.145887995994E-01      1.228450320398E-01
   84.300000      2.255754884034E-01      1.334202937706E-01
   84.400000      2.444555407427E-01      1.490768093835E-01
   84.500000      2.681475047913E-01      1.681894295245E-01
   84.600000      2.923736127273E-01      1.881663454084E-01
   84.700000      3.134960607946E-01      2.062476183295E-01
   84.800000      3.291288734033E-01      2.201382469724E-01
   84.900000      3.380027627762E-01      2.282955409792E-01
   85.000000      3.395828100583E-01      2.299041045144E-01
   85.100000      3.337377280217E-01      2.247228330712E-01
   85.200000      3.206204759042E-01      2.130001260345E-01
   85.300000      3.008178841132E-01      1.955535441432E-01
   85.400000      2.757382062112E-01      1.739661138980E-01
   85.500000      2.480741381521E-01      1.507133846324E-01
   85.600000      2.219344991004E-01      1.289667768771E-01
   85.700000      2.019948827491E-01      1.119193191314E-01
   85.800000      1.915435479139E-01      1.017681335265E-01
   85.900000      1.907652065947E-01      9.878413554923E-02
   86.000000      1.964718052888E-01      1.009616781415E-01
   86.100000      2.031641802360E-01      1.045097948051E-01
   86.200000      2.048607985264E-01      1.050693668941E-01
   86.300000      1.968461134115E-01      9.922792060475E-02
   86.400000      1.768362025634E-01      8.580163544599E-02
   86.500000      1.457423906511E-01      6.645177324934E-02
   86.600000      1.083721010153E-01      4.539051074683E-02
   86.700000      7.407458603411E-02      2.818978929903E-02
   86.800000      5.598927162309E-02      2.005444675145E-02
   86.900000      6.364046232631E-02      2.419045597769E-02
   87.000000      9.466229419950E-02      4.087138404306E-02
   87.100000      1.392208827318E-01      6.749977133518E-02
   87.200000      1.868797792568E-01      9.956404991321E-02
   87.300000      2.301986869670E-01      1.320605775861E-01
   87.400000      2.651349477901E-01      1.608007515194E-01
   87.500000      2.902932670486E-01      1.831493894605E-01
   87.600000      3.059659035619E-01      1.980887869402E-01
   87.700000      3.133128151598E-01      2.058400095277E-01
   87.800000      3.138453738109E-01      2.073933835717E-01
   87.900000      3.092500270754E-01      2.041932421974E-01
   88.000000      3.014715754415E-01      1.980130419232E-01
   88.100000      2.928512466972E-01      1.908836410004E-01
   88.200000      2.860168586835E-01      1.848901439363E-01
   88.300000      2.832685545021E-01      1.817458558833E-01
   88.400000      2.855770252414E-01      1.822233077448E-01
   88.500000      2.918561232479E-01      1.856742526898E-01
   88.600000      2.991006720075E-01      1.899152707901E-01
   88.700000      3.032422063090E-01      1.916468332579E-01
   88.800000      3.001830712220E-01      1.873520202460E-01
   88.900000      2.866628665908E-01      1.744257649006E-01
   89.000000      2.609545856669E-01      1.522154368662E-01
   89.100000      2.235446000988E-01      1.226310320019E-01
   89.200000      1.777905391225E-01      8.996805772821E-02
   89.300000      1.302518786107E-01      5.979749205027E-02
   89.400000      9.021375840051E-02      3.728064903661E-02
   89.500000      6.757266224752E-02      2.563615756250E-02
   89.600000      6.775099965318E-02      2.536681635977E-02
   89.700000      8.692926666890E-02      3.443246485750E-02
   89.800000      1.153529126283E-01      4.918018334072E-02
   89.900000      1.443220312980E-01      6.563050164756E-02
   90.000000      1.688144386024E-01      8.064819186579E-02
   90.100000      1.871098777023E-01      9.261099831198E-02
   90.200000      1.997069016655E-01      1.014246105181E-01
   90.300000      2.081655905166E-01      1.080197431585E-01
   90.400000      2.141472033107E-01      1.136703283258E-01
   90.500000      2.189230990018E-01      1.194917307304E-01
   90.600000      2.234608562082E-01      1.262977181099E-01
   90.700000      2.288643643757E-01      1.347232262513E-01
   90.800000      2.367321815020E-01      1.453486771030E-01
   90.900000      2.489325559388E-01      1.586067793976E-01
   91.000000      2.663404203121E-01      1.744550090084E-01
   91.100000      2.874609350692E-01      1.919975969202E-01
   91.200000      3.089080821669E-01      2.093151954809E-01
   91.300000      3.268205509954E-01      2.236756691622E-01
   91.400000      3.377896335315E-01      2.321136116691E-01
   91.500000      3.393428120426E-01      2.322028312473E-01
   91.600000      3.302414146888E-01      2.228034550393E-01
   91.700000      3.107776673972E-01      2.045980617878E-01
   91.800000      2.831238078549E-01      1.802166793967E-01
   91.900000      2.515125857222E-01      1.537409691254E-01
   92.000000      2.217494474585E-01      1.295831151293E-01
   92.100000      1.994542973092E-01      1.111251311841E-01
   92.200000      1.872932037316E-01      9.972601727044E-02
   92.300000      1.837491413225E-01      9.453147488008E-02
   92.400000      1.847295500001E-01      9.310438121681E-02
   92.500000      1.858036100142E-01      9.252253788974E-02
   92.600000      1.836892297719E-01      9.044122392396E-02
   92.700000      1.768865535767E-01      8.572159158270E-02
   92.800000      1.656336293086E-01      7.849373009616E-02
   92.900000      1.514679718945E-01      6.979680466257E-02
   93.000000      1.366702429570E-01      6.108035761522E-02
   93.100000      1.237944345190E-01      5.382210746129E-02
   93.200000      1.153907127715E-01      4.937628682327E-02
   93.300000      1.138825115470E-01      4.900296138941E-02
   93.400000      1.213734615552E-01      5.391425307950E-02
   93.500000      1.390816533953E-01      6.515210147333E-02
   93.600000      1.664748625076E-01      8.320399335348E-02
   93.700000      2.008235462694E-01      1.074502820299E-01
   93.800000      2.376777928903E-01      1.357424054256E-01
   93.900000      2.719757941501E-01      1.644934289194E-01
   94.000000      2.992546283939E-01      1.894722774703E-01
   94.100000      3.165453353232E-01      2.070527293789E-01
   94.200000      3.227548516886E-01      2.153168655456E-01
   94.300000      3.186566683734E-01      2.145274145494E-01
   94.400000      3.067756977718E-01      2.069233324212E-01
   94.500000      2.912691344159E-01      1.960421453088E-01
   94.600000      2.774849741986E-01      1.857314398387E-01
   94.700000      2.704073995988E-01      1.790249322238E-01
   94.800000      2.718099915517E-01      1.772131670567E-01
   94.900000      2.792480009515E-01      1.794773090364E-01
   95.000000      2.881961112634E-01      1.832466274727E-01
   95.100000      2.940863210001E-01      1.851216044339E-01
   95.200000      2.933075848750E-01      1.819792015851E-01
   95.300000      2.836062847922E-01      1.718646376450E-01
   95.400000      2.641548139452E-01      1.544393806671E-01
   95.500000      2.354686465685E-01      1.309500294671E-01
   95.600000      1.992745246305E-01      1.038221822354E-01
   95.700000      1.583901318370E-01      7.608320170414E-02
   95.800000      1.167117620338E-01      5.084635335285E-02
   95.900000      7.942502281186E-02      3.097825502472E-02
   96.000000      5.342338470366E-02      1.888394989820E-02
   96.100000      4.705135552945E-02      1.624824040719E-02
   96.200000      6.422461520586E-02      2.365442347562E-02
   96.300000      9.828490041110E-02      4.018658851540E-02
   96.400000      1.396910182894E-01      6.326125865996E-02
   96.500000      1.804270348959E-01      8.892482135625E-02
   96.600000      2.145155360251E-01      1.126807715804E-01
   96.700000      2.382700949701E-01      1.306520958846E-01
   96.800000      2.504209396730E-01      1.406920998064E-01
   96.900000      2.521120482165E-01      1.430566109847E-01
   97.000000      2.467817278679E-01      1.403971300972E-01
   97.100000      2.396967686680E-01      1.369995259328E-01
   97.200000      2.367352751840E-01      1.373900738343E-01
   97.300000      2.423778860742E-01      1.447207614547E-01
   97.400000      2.577047754676E-01      1.595743142754E-01
   97.500000      2.797706881852E-01      1.797454701770E-01
   97.600000      3.031705938838E-01      2.011139566252E-01
   97.700000      3.225857106098E-01      2.191498637447E-01
   97.800000      3.343621394440E-01      2.302766048987E-01
   97.900000      3.367554766762E-01      2.325517522199E-01
   98.000000      3.295516207816E-01      2.256964017332E-01
   98.100000      3.136815543411E-01      2.108254407074E-01
   98.200000      2.910031080029E-01      1.900955454932E-01
   98.300000      2.641232439377E-01      1.662632686102E-01
   98.400000      2.361075547129E-01      1.421546871352E-01
   98.500000      2.100362376055E-01      1.201839064382E-01
   98.600000      1.884654700644E-01      1.020744247388E-01
   98.700000      1.729787258114E-01      8.879911868097E-02
   98.800000      1.640408597531E-01      8.061415414961E-02
   98.900000      1.610377936499E-01      7.705529583125E-02
   99.000000      1.622636435736E-01      7.689313506478E-02
   99.100000      1.649868526654E-01      7.819290279274E-02
   99.200000      1.659206426110E-01      7.865860872152E-02
   99.300000      1.621535480322E-01      7.630446699032E-02
   99.400000      1.522552502698E-01      7.026587097523E-02
   99.500000      1.372151335461E-01      6.139543826730E-02
   99.600000      1.208730461818E-01      5.230525649618E-02
   99.700000      1.093019967962E-01      4.672193292155E-02
   99.800000      1.088711392543E-01      4.832101734421E-02
   99.900000      1.240563079049E-01      5.944782081485E-02
  100.000000      1.551292934705E-01      8.019503380667E-02
