# M=24, N=12, V0=0.0, V=0.25, PBC
#  time (tJ)                 S₁(n=1)                 S₂(n=1)
    0.000000     -1.332267629550E-15      8.881784197001E-16
    0.100000      1.122440245312E-03      2.245819605480E-04
    0.200000      3.706688217835E-03      8.568492379180E-04
    0.300000      7.048852321297E-03      1.782068653053E-03
    0.400000      1.054839122334E-02      2.838730105864E-03
    0.500000      1.369624665576E-02      3.854705257340E-03
    0.600000      1.612102627724E-02      4.683655832454E-03
    0.700000      1.762161568076E-02      5.232680644669E-03
    0.800000      1.817424814969E-02      5.475115475388E-03
    0.900000      1.791312368146E-02      5.446811544439E-03
    1.000000      1.708909679565E-02      5.228706285636E-03
    1.100000      1.601433552120E-02      4.921742897907E-03
    1.200000      1.500130313786E-02      4.621378139535E-03
    1.300000      1.429457079206E-02      4.397949856723E-03
    1.400000      1.400083084264E-02      4.286639068910E-03
    1.500000      1.408668590550E-02      4.287634383357E-03
    1.600000      1.443495031888E-02      4.374386123940E-03
    1.700000      1.489881012759E-02      4.506217697365E-03
    1.800000      1.534276323851E-02      4.641273607181E-03
    1.900000      1.566863300742E-02      4.746619904110E-03
    2.000000      1.582682674121E-02      4.803785698848E-03
    2.100000      1.581497752274E-02      4.809585116012E-03
    2.200000      1.566773383956E-02      4.773244261552E-03
    2.300000      1.544202977948E-02      4.711456482517E-03
    2.400000      1.520142147373E-02      4.643013092368E-03
    2.500000      1.500162915765E-02      4.584279985619E-03
    2.600000      1.487914983903E-02      4.546243543990E-03
    2.700000      1.484614851934E-02      4.533325418008E-03
    2.800000      1.489278270687E-02      4.543774039888E-03
    2.900000      1.499427303775E-02      4.571207328897E-03
    3.000000      1.511972175852E-02      4.606782426965E-03
    3.100000      1.523992388248E-02      4.641468239939E-03
    3.200000      1.533251928273E-02      4.667968184568E-03
    3.300000      1.538451755719E-02      4.681968176101E-03
    3.400000      1.539287044442E-02      4.682553499180E-03
    3.500000      1.536353754181E-02      4.671822994227E-03
    3.600000      1.530919400680E-02      4.653894297559E-03
    3.700000      1.524579491566E-02      4.633602539985E-03
    3.800000      1.518857202452E-02      4.615222367629E-03
    3.900000      1.514851562301E-02      4.601487888998E-03
    4.000000      1.513039621685E-02      4.593069839345E-03
    4.100000      1.513229936687E-02      4.588532131585E-03
    4.200000      1.514577562922E-02      4.584671012078E-03
    4.300000      1.515648000313E-02      4.577068233429E-03
    4.400000      1.514609318705E-02      4.560676134522E-03
    4.500000      1.509547455200E-02      4.530290991669E-03
    4.600000      1.498767150203E-02      4.480843369204E-03
    4.700000      1.480946683384E-02      4.407517780320E-03
    4.800000      1.455089367177E-02      4.305787388593E-03
    4.900000      1.420287666551E-02      4.171495955144E-03
    5.000000      1.375452146987E-02      4.001127899651E-03
    5.100000      1.319295301202E-02      3.792373855508E-03
    5.200000      1.250736101600E-02      3.545026374884E-03
    5.300000      1.169589367889E-02      3.262139334955E-03
    5.400000      1.077286095073E-02      2.951273635356E-03
    5.500000      9.774183634364E-03      2.625554971426E-03
    5.600000      8.759740350738E-03      2.304212105383E-03
    5.700000      7.812638618149E-03      2.012267455926E-03
    5.800000      7.036065239173E-03      1.779128658305E-03
    5.900000      6.544772662632E-03      1.635980936495E-03
    6.000000      6.446483789418E-03      1.612093060154E-03
    6.100000      6.816476129508E-03      1.730396895239E-03
    6.200000      7.675535159378E-03      2.002939589074E-03
    6.300000      8.984849803720E-03      2.426984019956E-03
    6.400000      1.065816726982E-02      2.982591051367E-03
    6.500000      1.256832343680E-02      3.632413868942E-03
    6.600000      1.455310810126E-02      4.324158034309E-03
    6.700000      1.643674852445E-02      4.995738728914E-03
    6.800000      1.805300777411E-02      5.582665169312E-03
    6.900000      1.926019596734E-02      6.026693765688E-03
    7.000000      1.995298294644E-02      6.284417945115E-03
    7.100000      2.007520509926E-02      6.334297298479E-03
    7.200000      1.963104184204E-02      6.180739916994E-03
    7.300000      1.868977096516E-02      5.854262417834E-03
    7.400000      1.738225934694E-02      5.407420658250E-03
    7.500000      1.588933119988E-02      4.907015059049E-03
    7.600000      1.442213842868E-02      4.423851935862E-03
    7.700000      1.319337570066E-02      4.021891472298E-03
    7.800000      1.237693100659E-02      3.748779515043E-03
    7.900000      1.206328907555E-02      3.629484112384E-03
    8.000000      1.224007402605E-02      3.664097767834E-03
    8.100000      1.281246264093E-02      3.829985643622E-03
    8.200000      1.363979484861E-02      4.087576044215E-03
    8.300000      1.456732365712E-02      4.388411728874E-03
    8.400000      1.545043384279E-02      4.683754758107E-03
    8.500000      1.617282937789E-02      4.932113389305E-03
    8.600000      1.665818219030E-02      5.104484883407E-03
    8.700000      1.687421663211E-02      5.186747473266E-03
    8.800000      1.682958167991E-02      5.179306987371E-03
    8.900000      1.656536788183E-02      5.094632309226E-03
    9.000000      1.614390576086E-02      4.953579501798E-03
    9.100000      1.563753722891E-02      4.781381209413E-03
    9.200000      1.511938630593E-02      4.603937994956E-03
    9.300000      1.465670623376E-02      4.444727893347E-03
    9.400000      1.430553133494E-02      4.322390877214E-03
    9.500000      1.410457725615E-02      4.248933782046E-03
    9.600000      1.406852242382E-02      4.228541387769E-03
    9.700000      1.418445351700E-02      4.257097671571E-03
    9.800000      1.441430990259E-02      4.322610724197E-03
    9.900000      1.470161850775E-02      4.406708420331E-03
   10.000000      1.498001279245E-02      4.487203138888E-03
   10.100000      1.518267745881E-02      4.541457458232E-03
   10.200000      1.525203555926E-02      4.550014594831E-03
   10.300000      1.514824553418E-02      4.499794361278E-03
   10.400000      1.485488566909E-02      4.386173610541E-03
   10.500000      1.438079133700E-02      4.213485272998E-03
   10.600000      1.375786881490E-02      3.993830292571E-03
   10.700000      1.303537176248E-02      3.744499332526E-03
   10.800000      1.227141634564E-02      3.484628266617E-03
   10.900000      1.152275007277E-02      3.231871677526E-03
   11.000000      1.083479824557E-02      2.999836427322E-03
   11.100000      1.023536692546E-02      2.796799343830E-03
   11.200000      9.734428389824E-03      2.625909283564E-03
   11.300000      9.329174353867E-03      2.486727785569E-03
   11.400000      9.011757368571E-03      2.377665437975E-03
   11.500000      8.777804787195E-03      2.298670884975E-03
   11.600000      8.634273683199E-03      2.253453474275E-03
   11.700000      8.604699267763E-03      2.250582798585E-03
   11.800000      8.729698143509E-03      2.303011103863E-03
   11.900000      9.060941855310E-03      2.425891543166E-03
   12.000000      9.647194541962E-03      2.632971383849E-03
   12.100000      1.051366926680E-02      2.932245812592E-03
   12.200000      1.164473585240E-02      3.321862057439E-03
   12.300000      1.298205428191E-02      3.787362973005E-03
   12.400000      1.443438440474E-02      4.301186686677E-03
   12.500000      1.588941233013E-02      4.824893946273E-03
   12.600000      1.722633628047E-02      5.313960594283E-03
   12.700000      1.833066489516E-02      5.724306385048E-03
   12.800000      1.910972845789E-02      6.019225362481E-03
   12.900000      1.950559257750E-02      6.175203682056E-03
   13.000000      1.950267059949E-02      6.185337017038E-03
   13.100000      1.912861151040E-02      6.059645875458E-03
   13.200000      1.844813513528E-02      5.822369364989E-03
   13.300000      1.755075030349E-02      5.507064467571E-03
   13.400000      1.653578767499E-02      5.150825323100E-03
   13.500000      1.550014738687E-02      4.789023923740E-03
   13.600000      1.453090570681E-02      4.451646704786E-03
   13.700000      1.370078722895E-02      4.161680600171E-03
   13.800000      1.306439438827E-02      3.935302274642E-03
   13.900000      1.265507947409E-02      3.783084797883E-03
   14.000000      1.248556478072E-02      3.711237199450E-03
   14.100000      1.255351833548E-02      3.722088624587E-03
   14.200000      1.284621451309E-02      3.813527482776E-03
   14.300000      1.333933824042E-02      3.977702910159E-03
   14.400000      1.399241175196E-02      4.199754981016E-03
   14.500000      1.474552464424E-02      4.457482937447E-03
   14.600000      1.552031599036E-02      4.722630450166E-03
   14.700000      1.622754914743E-02      4.963945790583E-03
   14.800000      1.678096079607E-02      5.151552250334E-03
   14.900000      1.711237439856E-02      5.261667816371E-03
   15.000000      1.718267925320E-02      5.280524585784E-03
   15.100000      1.698651576540E-02      5.206523997769E-03
   15.200000      1.655110150564E-02      5.050149995756E-03
   15.300000      1.593074779173E-02      4.831767964501E-03
   15.400000      1.519878251496E-02      4.577950809432E-03
   15.500000      1.443811621802E-02      4.317234958448E-03
   15.600000      1.373096069439E-02      4.076165311327E-03
   15.700000      1.314801031774E-02      3.876202223100E-03
   15.800000      1.273855452356E-02      3.731681204482E-03
   15.900000      1.252444390756E-02      3.648704874819E-03
   16.000000      1.249902233699E-02      3.624728615421E-03
   16.100000      1.262845943098E-02      3.648700616627E-03
   16.200000      1.285388528741E-02      3.701847388216E-03
   16.300000      1.309623362732E-02      3.759396919721E-03
   16.400000      1.326575012403E-02      3.793543296379E-03
   16.500000      1.327574943340E-02      3.777699261661E-03
   16.600000      1.305846963170E-02      3.691607374220E-03
   16.700000      1.258030507504E-02      3.526358611566E-03
   16.800000      1.185360224387E-02      3.288030096594E-03
   16.900000      1.094223650747E-02      2.998694442757E-03
   17.000000      9.958403544381E-03      2.694041328228E-03
   17.100000      9.048479938699E-03      2.417690418306E-03
   17.200000      8.367108109460E-03      2.213222066023E-03
   17.300000      8.042884999382E-03      2.115701281461E-03
   17.400000      8.145216603213E-03      2.144757124777E-03
   17.500000      8.665676385119E-03      2.300979392387E-03
   17.600000      9.524224820441E-03      2.566570146381E-03
   17.700000      1.059643935402E-02      2.910070966545E-03
   17.800000      1.174755964925E-02      3.293902066045E-03
   17.900000      1.286188361725E-02      3.682710282634E-03
   18.000000      1.386248895071E-02      4.050338656222E-03
   18.100000      1.471982973738E-02      4.383648448104E-03
   18.200000      1.544903867163E-02      4.682322514903E-03
   18.300000      1.609661108754E-02      4.954902543792E-03
   18.400000      1.671756027242E-02      5.212349139075E-03
   18.500000      1.734709794445E-02      5.461081275238E-03
   18.600000      1.798027448153E-02      5.697577785014E-03
   18.700000      1.856975846845E-02      5.906188669102E-03
   18.800000      1.903687660818E-02      6.060936538759E-03
   18.900000      1.928802104957E-02      6.131019218155E-03
   19.000000      1.923352013120E-02      6.088721747669E-03
   19.100000      1.881022367597E-02      5.917754506346E-03
   19.200000      1.800362222758E-02      5.619828080518E-03
   19.300000      1.686181831282E-02      5.217622984895E-03
   19.400000      1.549707320906E-02      4.753150204496E-03
   19.500000      1.407424318840E-02      4.281628829189E-03
   19.600000      1.278669033945E-02      3.862134628466E-03
   19.700000      1.182072657029E-02      3.547088348190E-03
   19.800000      1.131328997498E-02      3.372930890095E-03
   19.900000      1.131620949754E-02      3.354010037001E-03
   20.000000      1.178575031077E-02      3.480889052246E-03
   20.100000      1.260332703523E-02      3.723218739761E-03
   20.200000      1.361066246855E-02      4.036280262954E-03
   20.300000      1.464371546054E-02      4.369566136961E-03
   20.400000      1.555986596931E-02      4.675485780220E-03
   20.500000      1.625576971922E-02      4.916487168935E-03
   20.600000      1.667521272563E-02      5.069464377306E-03
   20.700000      1.680832239158E-02      5.127062554729E-03
   20.800000      1.668451305825E-02      5.096171527892E-03
   20.900000      1.636162898161E-02      4.994357100598E-03
   21.000000      1.591318349877E-02      4.845166397831E-03
   21.100000      1.541484688856E-02      4.673211864915E-03
   21.200000      1.493119903050E-02      4.499788564658E-03
   21.300000      1.450467362559E-02      4.339601163527E-03
   21.400000      1.414948027285E-02      4.199009931457E-03
   21.500000      1.385229836889E-02      4.076032641558E-03
   21.600000      1.357933257314E-02      3.962115786225E-03
   21.700000      1.328797391142E-02      3.845385097741E-03
   21.800000      1.294060143185E-02      3.714731742322E-03
   21.900000      1.251714309986E-02      3.563787611947E-03
   22.000000      1.202269346795E-02      3.393730514767E-03
   22.100000      1.148803195089E-02      3.214048073930E-03
   22.200000      1.096381453535E-02      3.040888599770E-03
   22.300000      1.051060419521E-02      2.893318371145E-03
   22.400000      1.018588862122E-02      2.788468505239E-03
   22.500000      1.002915907536E-02      2.736955066568E-03
   22.600000      1.004891945523E-02      2.739936521886E-03
   22.700000      1.021844784365E-02      2.788720261144E-03
   22.800000      1.048388794026E-02      2.867083025491E-03
   22.900000      1.078012083385E-02      2.955668690031E-03
   23.000000      1.104754744473E-02      3.037228422943E-03
   23.100000      1.124643966057E-02      3.101259540761E-03
   23.200000      1.136731498646E-02      3.146832508580E-03
   23.300000      1.143489328761E-02      3.182969932562E-03
   23.400000      1.150347457574E-02      3.226642223920E-03
   23.500000      1.164407272298E-02      3.299028859869E-03
   23.600000      1.192658677336E-02      3.420991067111E-03
   23.700000      1.240261840226E-02      3.608679341872E-03
   23.800000      1.309458444225E-02      3.869960836812E-03
   23.900000      1.399250400536E-02      4.202064594369E-03
   24.000000      1.505471880503E-02      4.590641320618E-03
   24.100000      1.620953918007E-02      5.010353576900E-03
   24.200000      1.736007188979E-02      5.427083645739E-03
   24.300000      1.839540058598E-02      5.801754015409E-03
   24.400000      1.920649950757E-02      6.095515469636E-03
   24.500000      1.970270113975E-02      6.275680276263E-03
   24.600000      1.982579063252E-02      6.321381872687E-03
   24.700000      1.955992923210E-02      6.227713972070E-03
   24.800000      1.893580472992E-02      6.007211408496E-03
   24.900000      1.802779662736E-02      5.688046017928E-03
   25.000000      1.694395031149E-02      5.309125619990E-03
   25.100000      1.580966039504E-02      4.913156476837E-03
   25.200000      1.474676685902E-02      4.539349808010E-03
   25.300000      1.385125045222E-02      4.217573794237E-03
   25.400000      1.317613171586E-02      3.965300443462E-03
   25.500000      1.272841197969E-02      3.787814744318E-03
   25.600000      1.248274999853E-02      3.681151457535E-03
   25.700000      1.240297169417E-02      3.636456132250E-03
   25.800000      1.245903260694E-02      3.644187510518E-03
   25.900000      1.263339310303E-02      3.696850892331E-03
   26.000000      1.291786711821E-02      3.789633297024E-03
   26.100000      1.330577278953E-02      3.919123548328E-03
   26.200000      1.378434534625E-02      4.080947193594E-03
   26.300000      1.432982417078E-02      4.267423040264E-03
   26.400000      1.490557427761E-02      4.466206976369E-03
   26.500000      1.546345494252E-02      4.660437250293E-03
   26.600000      1.594868661011E-02      4.830338531534E-03
   26.700000      1.630736031864E-02      4.955793108174E-03
   26.800000      1.649428633512E-02      5.019184413606E-03
   26.900000      1.647851724310E-02      5.007878748370E-03
   27.000000      1.624511486825E-02      4.915945166466E-03
   27.100000      1.579457132717E-02      4.744981025529E-03
   27.200000      1.514340604014E-02      4.504096358411E-03
   27.300000      1.432645692911E-02      4.209173954089E-03
   27.400000      1.339752695910E-02      3.881501754042E-03
   27.500000      1.242600509209E-02      3.545845777178E-03
   27.600000      1.148950381618E-02      3.228055594198E-03
   27.700000      1.066422599831E-02      2.952380636340E-03
   27.800000      1.001573815657E-02      2.738785263867E-03
   27.900000      9.592008412141E-03      2.600624133091E-03
   28.000000      9.418183137750E-03      2.543033506252E-03
   28.100000      9.491562116992E-03      2.562303936096E-03
   28.200000      9.777762385255E-03      2.646358190771E-03
   28.300000      1.021307122854E-02      2.776314389542E-03
   28.400000      1.071567146215E-02      2.929003382174E-03
   28.500000      1.120116132764E-02      3.080231948700E-03
   28.600000      1.159731567573E-02      3.208506693018E-03
   28.700000      1.185629421435E-02      3.298818413949E-03
   28.800000      1.196360776406E-02      3.345927016932E-03
   28.900000      1.194277581107E-02      3.356436425690E-03
   29.000000      1.185405307144E-02      3.348913463196E-03
   29.100000      1.178573637193E-02      3.351495612220E-03
   29.200000      1.183817470531E-02      3.396900534508E-03
   29.300000      1.210334086429E-02      3.515434285395E-03
   29.400000      1.264423011631E-02      3.727316409424E-03
   29.500000      1.347728145546E-02      4.036148639337E-03
   29.600000      1.456049101962E-02      4.425415223971E-03
   29.700000      1.579134887662E-02      4.859393432101E-03
   29.800000      1.702036960720E-02      5.288828578734E-03
   29.900000      1.808241160802E-02      5.660435673747E-03
   30.000000      1.883542520921E-02      5.928107119158E-03
   30.100000      1.919180093069E-02      6.063024090996E-03
   30.200000      1.913567140063E-02      6.059956679642E-03
   30.300000      1.872513747174E-02      5.937934239911E-03
   30.400000      1.807949958402E-02      5.734951868397E-03
   30.500000      1.735162557394E-02      5.498028864489E-03
   30.600000      1.668720718468E-02      5.271258147838E-03
   30.700000      1.618221723130E-02      5.085078839470E-03
   30.800000      1.585932956995E-02      4.949682491804E-03
   30.900000      1.567199103983E-02      4.854314630398E-03
   31.000000      1.552823791940E-02      4.772585775926E-03
   31.100000      1.532307838804E-02      4.672227042856E-03
   31.200000      1.497106237162E-02      4.526485446351E-03
   31.300000      1.443272915402E-02      4.323898264858E-03
   31.400000      1.372969155829E-02      4.073641653652E-03
   31.500000      1.294491346071E-02      3.804891380016E-03
   31.600000      1.220768586869E-02      3.560317268954E-03
   31.700000      1.166578103840E-02      3.385483334159E-03
   31.800000      1.144880827423E-02      3.317072439303E-03
   31.900000      1.162827940500E-02      3.373168963133E-03
   32.000000      1.218861452233E-02      3.548227393129E-03
   32.100000      1.302973945999E-02      3.814009993893E-03
   32.200000      1.399969426557E-02      4.126089260700E-03
   32.300000      1.493617635264E-02      4.433975199830E-03
   32.400000      1.570189787838E-02      4.691989630810E-03
   32.500000      1.620750507425E-02      4.867935416402E-03
   32.600000      1.642002017782E-02      4.947403513589E-03
   32.700000      1.635730790368E-02      4.932967615519E-03
   32.800000      1.607146404391E-02      4.839091538539E-03
   32.900000      1.562616904582E-02      4.684825882086E-03
   33.000000      1.507447647234E-02      4.486911859324E-03
   33.100000      1.444385349693E-02      4.255586511944E-03
   33.200000      1.373404920389E-02      3.994321046964E-03
   33.300000      1.292942971352E-02      3.703287331703E-03
   33.400000      1.202097221054E-02      3.385016689712E-03
   33.500000      1.102849552525E-02      3.049926207247E-03
   33.600000      1.001444307640E-02      2.719393188495E-03
   33.700000      9.083949765156E-03      2.424851857839E-03
   33.800000      8.368626917303E-03      2.202711126845E-03
   33.900000      7.993988312630E-03      2.086323280374E-03
   34.000000      8.038023694239E-03      2.097307623028E-03
   34.100000      8.502596655683E-03      2.238892645048E-03
   34.200000      9.314583084362E-03      2.493450681606E-03
   34.300000      1.034779440978E-02      2.825201731232E-03
   34.400000      1.145191105775E-02      3.187535824970E-03
   34.500000      1.248234599684E-02      3.533035298655E-03
   34.600000      1.332647053356E-02      3.823503657707E-03
   34.700000      1.392191625447E-02      4.037360534304E-03
   34.800000      1.426394974850E-02      4.172604734595E-03
   34.900000      1.440088484961E-02      4.244890304542E-03
   35.000000      1.441890853980E-02      4.281662619401E-03
   35.100000      1.441949324900E-02      4.314315132821E-03
   35.200000      1.449379889366E-02      4.370648373790E-03
   35.300000      1.470093970615E-02      4.469485859539E-03
   35.400000      1.505959981895E-02      4.618339274694E-03
   35.500000      1.555567308313E-02      4.813912874622E-03
   35.600000      1.615605057521E-02      5.044413221715E-03
   35.700000      1.681802471398E-02      5.292359912199E-03
   35.800000      1.749112546735E-02      5.536905118150E-03
   35.900000      1.811524767205E-02      5.755352107527E-03
   36.000000      1.862198117086E-02      5.924263165668E-03
   36.100000      1.894083035441E-02      6.020926670853E-03
   36.200000      1.900811453194E-02      6.025828749663E-03
   36.300000      1.877769591108E-02      5.926197593271E-03
   36.400000      1.823263376527E-02      5.719922377355E-03
   36.500000      1.739523830550E-02      5.418559498420E-03
   36.600000      1.633209940914E-02      5.048033723678E-03
   36.700000      1.515112221449E-02      4.646131277009E-03
   36.800000      1.398898758648E-02      4.256825552993E-03
   36.900000      1.298916324079E-02      3.922537067981E-03
   37.000000      1.227283412621E-02      3.676209390980E-03
   37.100000      1.190902228711E-02      3.535280319504E-03
   37.200000      1.189485969544E-02      3.499152148071E-03
   37.300000      1.215957426207E-02      3.550769565624E-03
   37.400000      1.259305790822E-02      3.661735483637E-03
   37.500000      1.307950270018E-02      3.799428871252E-03
   37.600000      1.352243696225E-02      3.934142934925E-03
   37.700000      1.385923504785E-02      4.044450700312E-03
   37.800000      1.406553429985E-02      4.119716582846E-03
   37.900000      1.415085344784E-02      4.159624454480E-03
   38.000000      1.414804034070E-02      4.171446484043E-03
   38.100000      1.410005840707E-02      4.166264106104E-03
   38.200000      1.404780120454E-02      4.155363769085E-03
   38.300000      1.402153856060E-02      4.147639429412E-03
   38.400000      1.403641936156E-02      4.148252572616E-03
   38.500000      1.409178429957E-02      4.158285598651E-03
   38.600000      1.417391044327E-02      4.174874703425E-03
   38.700000      1.425951489252E-02      4.191390638221E-03
   38.800000      1.431721906292E-02      4.197565926103E-03
   38.900000      1.430750582770E-02      4.179853539074E-03
   39.000000      1.418387588024E-02      4.122530595860E-03
   39.100000      1.389756415201E-02      4.009987180083E-03
   39.200000      1.340671197887E-02      3.830253306325E-03
   39.300000      1.268919552198E-02      3.579246435220E-03
   39.400000      1.175651986909E-02      3.264692207801E-03
   39.500000      1.066482888973E-02      2.908415463715E-03
   39.600000      9.518834032387E-03      2.545867182621E-03
   39.700000      8.465049699998E-03      2.222349094392E-03
   39.800000      7.671857321946E-03      1.986267745735E-03
   39.900000      7.296941671476E-03      1.880631388713E-03
   40.000000      7.448397434018E-03      1.934614080370E-03
   40.100000      8.151934099826E-03      2.157146978948E-03
   40.200000      9.340278618456E-03      2.534098770159E-03
   40.300000      1.087115640873E-02      3.029782427478E-03
   40.400000      1.256164881321E-02      3.592509741117E-03
   40.500000      1.422358669124E-02      4.162995132301E-03
   40.600000      1.569204585714E-02      4.683832368857E-03
   40.700000      1.684460790955E-02      5.108161484578E-03
   40.800000      1.761148053798E-02      5.405987892070E-03
   40.900000      1.797763048903E-02      5.567261230815E-03
   41.000000      1.797862935546E-02      5.601553381652E-03
   41.100000      1.769185991565E-02      5.534795376650E-03
   41.200000      1.722419005062E-02      5.403922957851E-03
   41.300000      1.669699432194E-02      5.250422664887E-03
   41.400000      1.622993361295E-02      5.113727259932E-03
   41.500000      1.592449063245E-02      5.025276624774E-03
   41.600000      1.584726530224E-02      5.003915647176E-03
   41.700000      1.601538440520E-02      5.053170679779E-03
   41.800000      1.638840626260E-02      5.160803676741E-03
   41.900000      1.687460887972E-02      5.300834091151E-03
   42.000000      1.735378227268E-02      5.437905267272E-03
   42.100000      1.770344013013E-02      5.533469508766E-03
   42.200000      1.781976696836E-02      5.552853190441E-03
   42.300000      1.763310895479E-02      5.471961567127E-03
   42.400000      1.711839890835E-02      5.282311620423E-03
   42.500000      1.629999533061E-02      4.993309302394E-03
   42.600000      1.525032454051E-02      4.631200715287E-03
   42.700000      1.408204965443E-02      4.234822445482E-03
   42.800000      1.293386019366E-02      3.848986741172E-03
   42.900000      1.194984079837E-02      3.516875009812E-03
   43.000000      1.125203140169E-02      3.273025705314E-03
   43.100000      1.091086123058E-02      3.138321503907E-03
   43.200000      1.093082960876E-02      3.117848667359E-03
   43.300000      1.126179632945E-02      3.201767396620E-03
   43.400000      1.182134300437E-02      3.368608764279E-03
   43.500000      1.251464666136E-02      3.589911850014E-03
   43.600000      1.324954552906E-02      3.834971597334E-03
   43.700000      1.394641055846E-02      4.074700779827E-03
   43.800000      1.454242334246E-02      4.284108622832E-03
   43.900000      1.499120375077E-02      4.443466751697E-03
   44.000000      1.526015022355E-02      4.538657016361E-03
   44.100000      1.532844512551E-02      4.561325250381E-03
   44.200000      1.518785372206E-02      4.509270547147E-03
   44.300000      1.484628417979E-02      4.387085416512E-03
   44.400000      1.433192613124E-02      4.206627523593E-03
   44.500000      1.369498298629E-02      3.986663193036E-03
   44.600000      1.300460344165E-02      3.751114971116E-03
   44.700000      1.233994466849E-02      3.525767985659E-03
   44.800000      1.177598778581E-02      3.333892319813E-03
   44.900000      1.136715043382E-02      3.191779743029E-03
   45.000000      1.113437998627E-02      3.105438939643E-03
   45.100000      1.106080025775E-02      3.069515148939E-03
   45.200000      1.109704571990E-02      3.068930371858E-03
   45.300000      1.117468434722E-02      3.082963894260E-03
   45.400000      1.122449869380E-02      3.090777479335E-03
   45.500000      1.119488834273E-02      3.076982383431E-03
   45.600000      1.106566592829E-02      3.035876646547E-03
   45.700000      1.085417265012E-02      2.973414300583E-03
   45.800000      1.061288430317E-02      2.906619464181E-03
   45.900000      1.041977878733E-02      2.860780494172E-03
   46.000000      1.036440171651E-02      2.865152179828E-03
   46.100000      1.053316620247E-02      2.947987833133E-03
   46.200000      1.099592468105E-02      3.131593937326E-03
   46.300000      1.179302737848E-02      3.427909428425E-03
   46.400000      1.292168458789E-02      3.835008164537E-03
   46.500000      1.432571567832E-02      4.334958265607E-03
   46.600000      1.589714972152E-02      4.893574402423E-03
   46.700000      1.749020670534E-02      5.462615563942E-03
   46.800000      1.894081882863E-02      5.984761750621E-03
   46.900000      2.008798739647E-02      6.401191544348E-03
   47.000000      2.079578764683E-02      6.660865951128E-03
   47.100000      2.097409320986E-02      6.729921369435E-03
   47.200000      2.059517343981E-02      6.599159788056E-03
   47.300000      1.970320859075E-02      6.287713801278E-03
   47.400000      1.841439501220E-02      5.841618548052E-03
   47.500000      1.690642085458E-02      5.327108185473E-03
   47.600000      1.539733692039E-02      4.819680938820E-03
   47.700000      1.411476241589E-02      4.390998667542E-03
   47.800000      1.325605180152E-02      4.096223069511E-03
   47.900000      1.293828105646E-02      3.964314245758E-03
   48.000000      1.315218233445E-02      3.993182848987E-03
   48.100000      1.376737611831E-02      4.150590118592E-03
   48.200000      1.458277149507E-02      4.380584935779E-03
   48.300000      1.537558619055E-02      4.614280740068E-03
   48.400000      1.594058551647E-02      4.783054548253E-03
   48.500000      1.612195216333E-02      4.831856413220E-03
   48.600000      1.583719485763E-02      4.730258605434E-03
   48.700000      1.509160162988E-02      4.479147505732E-03
   48.800000      1.398138583469E-02      4.111574053505E-03
   48.900000      1.268295957554E-02      3.687222369586E-03
   49.000000      1.142538002350E-02      3.281155538629E-03
   49.100000      1.044662970439E-02      2.968766560573E-03
   49.200000      9.944424238721E-03      2.809910055476E-03
   49.300000      1.003371291085E-02      2.835689163980E-03
   49.400000      1.070788480309E-02      3.041071707918E-03
   49.500000      1.182270813888E-02      3.385350367756E-03
   49.600000      1.313949026238E-02      3.800642751052E-03
   49.700000      1.439557155818E-02      4.206593048301E-03
   49.800000      1.536378052713E-02      4.527766775452E-03
   49.900000      1.589195669266E-02      4.709454725912E-03
   50.000000      1.592284320023E-02      4.728008991465E-03
   50.100000      1.549528375176E-02      4.593341757372E-03
   50.200000      1.472803755000E-02      4.343384490574E-03
   50.300000      1.378867073345E-02      4.032472151973E-03
   50.400000      1.285187987247E-02      3.717132687653E-03
   50.500000      1.205718686500E-02      3.443199152338E-03
   50.600000      1.148151652765E-02      3.237449030427E-03
   50.700000      1.113384085700E-02      3.105403159090E-03
   50.800000      1.096829475116E-02      3.035024002758E-03
   50.900000      1.091021810803E-02      3.004438182677E-03
   51.000000      1.088609959370E-02      2.990930974911E-03
   51.100000      1.084723843746E-02      2.978502913257E-03
   51.200000      1.078142946154E-02      2.962109562495E-03
   51.300000      1.071209755285E-02      2.947957280719E-03
   51.400000      1.068747052910E-02      2.950449340741E-03
   51.500000      1.076403713148E-02      2.987199790398E-03
   51.600000      1.098941581853E-02      3.073784683812E-03
   51.700000      1.138987574230E-02      3.219628892589E-03
   51.800000      1.196553570125E-02      3.425835867518E-03
   51.900000      1.269185677962E-02      3.685111634810E-03
   52.000000      1.352445852407E-02      3.983416211045E-03
   52.100000      1.440644345082E-02      4.302691583005E-03
   52.200000      1.527808464320E-02      4.623954238375E-03
   52.300000      1.608693115793E-02      4.930125783980E-03
   52.400000      1.679570314135E-02      5.208123075440E-03
   52.500000      1.738654620713E-02      5.449889846945E-03
   52.600000      1.786116909364E-02      5.652221592933E-03
   52.700000      1.823610945938E-02      5.815436251555E-03
   52.800000      1.853211986636E-02      5.941184444215E-03
   52.900000      1.876021639767E-02      6.029941180432E-03
   53.000000      1.891282451357E-02      6.078897623359E-03
   53.100000      1.896415904652E-02      6.080984380949E-03
   53.200000      1.887575668163E-02      6.025549448062E-03
   53.300000      1.860493814973E-02      5.900801235176E-03
   53.400000      1.811587671503E-02      5.697608292938E-03
   53.500000      1.739145098032E-02      5.413772846922E-03
   53.600000      1.644363608248E-02      5.057617458055E-03
   53.700000      1.532022033374E-02      4.649747441686E-03
   53.800000      1.410571340559E-02      4.222198931870E-03
   53.900000      1.291511314705E-02      3.814783678394E-03
   54.000000      1.188053873613E-02      3.469147172160E-03
   54.100000      1.113112799841E-02      3.221675242380E-03
   54.200000      1.076489414343E-02      3.096740052778E-03
   54.300000      1.081663980550E-02      3.101767334031E-03
   54.400000      1.124547997960E-02      3.225238356910E-03
   54.500000      1.195097687411E-02      3.438118850556E-03
   54.600000      1.279648958878E-02      3.698496255806E-03
   54.700000      1.363146101710E-02      3.958571118413E-03
   54.800000      1.431524048455E-02      4.172711804679E-03
   54.900000      1.473949230868E-02      4.305109478602E-03
   55.000000      1.484395278393E-02      4.335671594321E-03
   55.100000      1.462366104278E-02      4.263129808627E-03
   55.200000      1.412799047301E-02      4.104840152459E-03
   55.300000      1.345235623499E-02      3.893326828600E-03
   55.400000      1.272365918504E-02      3.670170334577E-03
   55.500000      1.208056739795E-02      3.478283379588E-03
   55.600000      1.164972792920E-02      3.353894794726E-03
   55.700000      1.151962962726E-02      3.319636863427E-03
   55.800000      1.171655365522E-02      3.379991326126E-03
   55.900000      1.219254351448E-02      3.520001120698E-03
   56.000000      1.283510481634E-02      3.707631021932E-03
   56.100000      1.349474362935E-02      3.899523054721E-03
   56.200000      1.401743243249E-02      4.049236270355E-03
   56.300000      1.427370179639E-02      4.116505913244E-03
   56.400000      1.418155267064E-02      4.075733411724E-03
   56.500000      1.372171067457E-02      3.921933167266E-03
   56.600000      1.294380990571E-02      3.672762974466E-03
   56.700000      1.196233339178E-02      3.366011720622E-03
   56.800000      1.094132654487E-02      3.052874431071E-03
   56.900000      1.006678965333E-02      2.788300719264E-03
   57.000000      9.507570623800E-03      2.620423190372E-03
   57.100000      9.374919098382E-03      2.581359249519E-03
   57.200000      9.697996207138E-03      2.681430143407E-03
   57.300000      1.042177084587E-02      2.908084318386E-03
   57.400000      1.142580179188E-02      3.229713562984E-03
   57.500000      1.255817411380E-02      3.603376494164E-03
   57.600000      1.367167384116E-02      3.984496654914E-03
   57.700000      1.465254900407E-02      4.336138257802E-03
   57.800000      1.543802272025E-02      4.635618618164E-03
   57.900000      1.602104591770E-02      4.876964562361E-03
   58.000000      1.644222623973E-02      5.068864325304E-03
   58.100000      1.677081028671E-02      5.228988225005E-03
   58.200000      1.707924948517E-02      5.376498950183E-03
   58.300000      1.741874850591E-02      5.524969843163E-03
   58.400000      1.780375855227E-02      5.677670331879E-03
   58.500000      1.820934320499E-02      5.826362441264E-03
   58.600000      1.858002502652E-02      5.953654229018E-03
   58.700000      1.884640364167E-02      6.037924489438E-03
   58.800000      1.894477447492E-02      6.059176386709E-03
   58.900000      1.883360090023E-02      6.004068105360E-03
   59.000000      1.850159165340E-02      5.868798803465E-03
   59.100000      1.796580807572E-02      5.659324442694E-03
   59.200000      1.726250030857E-02      5.389261120872E-03
   59.300000      1.643645254993E-02      5.076509192105E-03
   59.400000      1.553374017852E-02      4.739887585298E-03
   59.500000      1.459876513486E-02      4.396846086879E-03
   59.600000      1.367410913131E-02      4.062737681746E-03
   59.700000      1.280169996765E-02      3.751422992104E-03
   59.800000      1.202404854413E-02      3.476417621509E-03
   59.900000      1.138487105432E-02      3.251587170276E-03
   60.000000      1.092809717340E-02      3.090613015992E-03
   60.100000      1.069276474647E-02      3.005007445235E-03
   60.200000      1.070295575452E-02      3.001138831187E-03
   60.300000      1.095637560419E-02      3.077274993649E-03
   60.400000      1.141741428826E-02      3.221844980328E-03
   60.500000      1.201890316849E-02      3.413858613405E-03
   60.600000      1.267310407987E-02      3.625777579207E-03
   60.700000      1.328874133335E-02      3.828318115981E-03
   60.800000      1.378860651312E-02      3.995971722155E-03
   60.900000      1.412283426419E-02      4.111710690013E-03
   61.000000      1.427535997618E-02      4.169526343328E-03
   61.100000      1.426301010921E-02      4.174084063945E-03
   61.200000      1.412753230311E-02      4.137668246878E-03
   61.300000      1.392163549817E-02      4.075439940354E-03
   61.400000      1.369196156152E-02      4.000553702975E-03
   61.500000      1.346487305226E-02      3.920694710157E-03
   61.600000      1.324154327960E-02      3.837089498685E-03
   61.700000      1.300419453501E-02      3.746182751958E-03
   61.800000      1.272997898382E-02      3.643253023446E-03
   61.900000      1.240646839302E-02      3.526578057080E-03
   62.000000      1.204272575059E-02      3.400578797191E-03
   62.100000      1.167217717268E-02      3.276724990257E-03
   62.200000      1.134650519320E-02      3.171748153963E-03
   62.300000      1.112257570011E-02      3.103622556489E-03
   62.400000      1.104671552158E-02      3.086542983337E-03
   62.500000      1.114128925789E-02      3.126504867330E-03
   62.600000      1.139725826014E-02      3.218960733214E-03
   62.700000      1.177487891385E-02      3.349428546832E-03
   62.800000      1.221250899651E-02      3.497045282418E-03
   62.900000      1.264134232589E-02      3.640158244074E-03
   63.000000      1.300349158982E-02      3.762395934641E-03
   63.100000      1.326914997152E-02      3.857454929638E-03
   63.200000      1.344681820999E-02      3.931148019689E-03
   63.300000      1.358266931177E-02      4.000004432291E-03
   63.400000      1.374878773691E-02      4.086689889673E-03
   63.500000      1.402265372017E-02      4.213442711256E-03
   63.600000      1.446250422841E-02      4.395326039939E-03
   63.700000      1.508604876875E-02      4.635186651882E-03
   63.800000      1.586136324223E-02      4.921748125533E-03
   63.900000      1.671427565748E-02      5.231378346833E-03
   64.000000      1.754810552398E-02      5.533019401345E-03
   64.100000      1.826722942453E-02      5.794868206199E-03
   64.200000      1.879721919769E-02      5.990923370885E-03
   64.300000      1.909720790634E-02      6.105613685209E-03
   64.400000      1.916274546697E-02      6.135364096064E-03
   64.500000      1.901963970078E-02      6.086931210215E-03
   64.600000      1.871115830134E-02      5.973337284489E-03
   64.700000      1.828236782763E-02      5.808926627783E-03
   64.800000      1.776623200913E-02      5.605239865658E-03
   64.900000      1.717628357069E-02      5.369006045339E-03
   65.000000      1.650904252424E-02      5.102739485235E-03
   65.100000      1.575489074062E-02      4.807486468493E-03
   65.200000      1.491201647496E-02      4.486521932276E-03
   65.300000      1.399777906139E-02      4.148496446990E-03
   65.400000      1.305386725591E-02      3.808765869998E-03
   65.500000      1.214360599672E-02      3.488300572011E-03
   65.600000      1.134169988604E-02      3.210422993178E-03
   65.700000      1.071918243738E-02      2.996361184037E-03
   65.800000      1.032843537428E-02      2.860983297667E-03
   65.900000      1.019280995266E-02      2.809981839848E-03
   66.000000      1.030297934469E-02      2.839264428189E-03
   66.100000      1.062052055515E-02      2.936576800457E-03
   66.200000      1.108823872953E-02      3.084692035549E-03
   66.300000      1.164398811497E-02      3.265073925821E-03
   66.400000      1.223268105525E-02      3.460884525265E-03
   66.500000      1.281274041146E-02      3.658543675229E-03
   66.600000      1.335612226517E-02      3.847628464569E-03
   66.700000      1.384306999398E-02      4.019517169316E-03
   66.800000      1.425430155606E-02      4.165624240961E-03
   66.900000      1.456484849811E-02      4.276193322009E-03
   67.000000      1.474372605352E-02      4.340380144455E-03
   67.100000      1.476015382689E-02      4.347855669886E-03
   67.200000      1.459292224835E-02      4.291568875695E-03
   67.300000      1.423893107911E-02      4.170827110670E-03
   67.400000      1.371898953961E-02      3.993633833625E-03
   67.500000      1.308036816411E-02      3.777335323138E-03
   67.600000      1.239509151793E-02      3.547039853012E-03
   67.700000      1.175196880530E-02      3.331875503810E-03
   67.800000      1.124071301324E-02      3.159786748606E-03
   67.900000      1.092994014428E-02      3.052061108162E-03
   68.000000      1.084825761977E-02      3.018977033889E-03
   68.100000      1.097950232224E-02      3.057791169246E-03
   68.200000      1.127203616146E-02      3.153753526546E-03
   68.300000      1.165438550104E-02      3.284072988935E-03
   68.400000      1.205248954402E-02      3.423950426822E-03
   68.500000      1.240678748218E-02      3.553175127438E-03
   68.600000      1.268670395400E-02      3.661528335073E-03
   68.700000      1.289884959207E-02      3.751453193585E-03
   68.800000      1.308594622715E-02      3.837111467791E-03
   68.900000      1.331561997911E-02      3.939907966199E-03
   69.000000      1.366038326003E-02      4.081577580022E-03
   69.100000      1.417241863374E-02      4.276706831680E-03
   69.200000      1.486047273761E-02      4.526847721558E-03
   69.300000      1.567953845836E-02      4.818045371919E-03
   69.400000      1.653963778941E-02      5.122695054790E-03
   69.500000      1.732916773072E-02      5.405409632666E-03
   69.600000      1.794308369114E-02      5.631381557829E-03
   69.700000      1.830786328823E-02      5.774940707703E-03
   69.800000      1.839794431408E-02      5.825898559449E-03
   69.900000      1.824068291891E-02      5.791877321438E-03
   70.000000      1.790920047921E-02      5.695964664659E-03
   70.100000      1.750468097921E-02      5.570355815595E-03
   70.200000      1.713147134855E-02      5.447741995752E-03
   70.300000      1.687027838642E-02      5.352761713969E-03
   70.400000      1.675656476900E-02      5.295719429898E-03
   70.500000      1.676993482394E-02      5.270078898950E-03
   70.600000      1.683837871772E-02      5.254206481784E-03
   70.700000      1.685764959489E-02      5.216789426147E-03
   70.800000      1.671785918233E-02      5.124558628752E-03
   70.900000      1.632859334605E-02      4.950556520221E-03
   71.000000      1.563875341812E-02      4.681218300923E-03
   71.100000      1.464964629367E-02      4.320881491310E-03
   71.200000      1.342036169103E-02      3.892867049743E-03
   71.300000      1.206473627044E-02      3.436870383589E-03
   71.400000      1.073912017388E-02      3.002999086214E-03
   71.500000      9.619654154384E-03      2.643367893487E-03
   71.600000      8.868367676727E-03      2.402672401165E-03
   71.700000      8.593869341562E-03      2.309526570933E-03
   71.800000      8.822109391054E-03      2.370434112235E-03
   71.900000      9.489306936605E-03      2.567942766817E-03
   72.000000      1.045768167269E-02      2.863755612962E-03
   72.100000      1.154889299027E-02      3.206442822437E-03
   72.200000      1.258524662815E-02      3.542170895180E-03
   72.300000      1.342630908166E-02      3.825911244266E-03
   72.400000      1.399307785684E-02      4.030261253873E-03
   72.500000      1.427692351845E-02      4.149508668524E-03
   72.600000      1.433302991456E-02      4.197831677049E-03
   72.700000      1.425984865138E-02      4.202210174954E-03
   72.800000      1.416750777632E-02      4.192203398500E-03
   72.900000      1.413918991573E-02      4.189699284332E-03
   73.000000      1.419776475426E-02      4.201730734690E-03
   73.100000      1.430076668316E-02      4.218476808481E-03
   73.200000      1.436311381962E-02      4.216945816755E-03
   73.300000      1.428739005568E-02      4.169105708652E-03
   73.400000      1.399357959382E-02      4.051935178957E-03
   73.500000      1.344454029149E-02      3.856394831191E-03
   73.600000      1.266204938254E-02      3.592752916015E-03
   73.700000      1.172983845843E-02      3.290842562083E-03
   73.800000      1.078285643186E-02      2.995274787975E-03
   73.900000      9.983889288224E-03      2.756933503234E-03
   74.000000      9.490655197582E-03      2.622888984220E-03
   74.100000      9.422088011662E-03      2.627040582291E-03
   74.200000      9.835927495429E-03      2.783406404759E-03
   74.300000      1.071641648257E-02      3.083230763788E-03
   74.400000      1.196530138499E-02      3.496230572019E-03
   74.500000      1.341634176369E-02      3.975546722234E-03
   74.600000      1.487889945721E-02      4.465407602353E-03
   74.700000      1.617762785746E-02      4.910168659618E-03
   74.800000      1.717667456711E-02      5.263244859450E-03
   74.900000      1.779406264749E-02      5.494485182884E-03
   75.000000      1.800912070807E-02      5.594752181521E-03
   75.100000      1.786302639838E-02      5.576872702469E-03
   75.200000      1.745191646746E-02      5.472700811238E-03
   75.300000      1.691219903815E-02      5.326713028177E-03
   75.400000      1.639827257178E-02      5.187220059200E-03
   75.500000      1.605409567874E-02      5.096784580511E-03
   75.600000      1.598192757450E-02      5.083656499980E-03
   75.700000      1.621407997552E-02      5.155908514848E-03
   75.800000      1.670029386234E-02      5.299485679513E-03
   75.900000      1.732243882485E-02      5.480655801346E-03
   76.000000      1.792637480523E-02      5.652497981615E-03
   76.100000      1.835450426533E-02      5.764255049359E-03
   76.200000      1.847390637068E-02      5.771759873125E-03
   76.300000      1.819886146579E-02      5.646854638888E-03
   76.400000      1.750597562118E-02      5.383833943854E-03
   76.500000      1.644021533494E-02      5.001466294478E-03
   76.600000      1.511091846263E-02      4.540014454523E-03
   76.700000      1.367759753498E-02      4.053732491547E-03
   76.800000      1.232543667971E-02      3.600348770885E-03
   76.900000      1.122959019325E-02      3.229801258677E-03
   77.000000      1.051092754509E-02      2.974755055763E-03
   77.100000      1.020152716396E-02      2.845083065972E-03
   77.200000      1.024397216678E-02      2.827568106811E-03
   77.300000      1.052140408289E-02      2.890801276529E-03
   77.400000      1.089641479078E-02      2.993948537545E-03
   77.500000      1.124527535047E-02      3.097105399705E-03
   77.600000      1.148210704507E-02      3.170633888026E-03
   77.700000      1.157085697729E-02      3.201260924546E-03
   77.800000      1.152593306288E-02      3.193677207279E-03
   77.900000      1.140439507598E-02      3.167606332224E-03
   78.000000      1.129218354047E-02      3.151449383663E-03
   78.100000      1.128559272985E-02      3.174342235813E-03
   78.200000      1.146904348979E-02      3.258631082264E-03
   78.300000      1.189094317612E-02      3.414400438674E-03
   78.400000      1.254391329450E-02      3.636961233605E-03
   78.500000      1.336262781794E-02      3.907393245278E-03
   78.600000      1.424234274221E-02      4.195588955091E-03
   78.700000      1.506371177050E-02      4.464914304732E-03
   78.800000      1.571262744070E-02      4.677590558456E-03
   78.900000      1.609368430722E-02      4.800090859505E-03
   79.000000      1.613939314972E-02      4.808062212928E-03
   79.100000      1.581719232856E-02      4.690391332632E-03
   79.200000      1.513526806395E-02      4.451996339345E-03
   79.300000      1.414680230186E-02      4.114827250071E-03
   79.400000      1.295094560674E-02      3.716548208632E-03
   79.500000      1.168806300531E-02      3.306590241119E-03
   79.600000      1.052676694583E-02      2.939743840812E-03
   79.700000      9.640771379881E-03      2.668106806849E-03
   79.800000      9.175696245369E-03      2.532801987802E-03
   79.900000      9.214322881975E-03      2.557187176096E-03
   80.000000      9.758955766738E-03      2.743122333555E-03
   80.100000      1.073824632181E-02      3.071218232604E-03
   80.200000      1.202725471618E-02      3.505023367317E-03
   80.300000      1.347275508629E-02      3.998101128323E-03
   80.400000      1.492143421276E-02      4.502226504123E-03
   80.500000      1.624449487788E-02      4.974728323981E-03
   80.600000      1.735224426735E-02      5.383388306898E-03
   80.700000      1.819744821905E-02      5.708154167146E-03
   80.800000      1.876945720910E-02      5.939945172394E-03
   80.900000      1.908223235763E-02      6.077677049341E-03
   81.000000      1.916024584011E-02      6.125021761331E-03
   81.100000      1.902729489217E-02      6.088226894409E-03
   81.200000      1.870311841865E-02      5.975645233958E-03
   81.300000      1.820903258245E-02      5.798744021001E-03
   81.400000      1.757847795443E-02      5.573624722043E-03
   81.500000      1.686603596433E-02      5.321774441691E-03
   81.600000      1.614935984503E-02      5.069004931036E-03
   81.700000      1.551939310757E-02      4.842220827003E-03
   81.800000      1.505628756852E-02      4.664534713287E-03
   81.900000      1.480200927221E-02      4.549987132624E-03
   82.000000      1.475010088772E-02      4.499464005722E-03
   82.100000      1.485008809141E-02      4.499210002748E-03
   82.200000      1.501638167855E-02      4.522677160634E-03
   82.300000      1.514304912403E-02      4.535540435005E-03
   82.400000      1.512464318449E-02      4.502844194408E-03
   82.500000      1.487808377647E-02      4.396673483711E-03
   82.600000      1.435993302609E-02      4.202615502689E-03
   82.700000      1.357579316505E-02      3.923587541981E-03
   82.800000      1.258114490418E-02      3.580231318819E-03
   82.900000      1.147463170336E-02      3.207823169417E-03
   83.000000      1.038538930633E-02      2.850346021020E-03
   83.100000      9.455501017768E-03      2.552886611241E-03
   83.200000      8.817660271569E-03      2.353796456409E-03
   83.300000      8.568674722253E-03      2.278070836963E-03
   83.400000      8.744460041318E-03      2.333167495049E-03
   83.500000      9.307566535008E-03      2.508037349449E-03
   83.600000      1.015617404199E-02      2.775532212095E-03
   83.700000      1.115377528341E-02      3.097685424118E-03
   83.800000      1.216348872582E-02      3.432762046099E-03
   83.900000      1.307253246984E-02      3.742589209556E-03
   84.000000      1.380488650136E-02      3.998618220685E-03
   84.100000      1.432443810540E-02      4.185478396759E-03
   84.200000      1.463122463600E-02      4.301400658636E-03
   84.300000      1.475377884329E-02      4.355667688245E-03
   84.400000      1.473968035438E-02      4.363983835803E-03
   84.500000      1.464456494048E-02      4.343148943912E-03
   84.600000      1.451881188494E-02      4.306520817288E-03
   84.700000      1.439193677671E-02      4.261422797747E-03
   84.800000      1.426261749020E-02      4.208989076726E-03
   84.900000      1.410742069636E-02      4.146150888204E-03
   85.000000      1.390133426703E-02      4.068815200893E-03
   85.100000      1.363328937905E-02      3.974995947894E-03
   85.200000      1.331201207860E-02      3.866817698223E-03
   85.300000      1.296339511404E-02      3.750844878488E-03
   85.400000      1.262145995323E-02      3.636879468006E-03
   85.500000      1.231783634874E-02      3.535947703472E-03
   85.600000      1.207650480271E-02      3.458444038309E-03
   85.700000      1.191550081965E-02      3.413231131931E-03
   85.800000      1.185218777046E-02      3.407980861087E-03
   85.900000      1.190918130238E-02      3.450389451829E-03
   86.000000      1.211818715970E-02      3.549375562335E-03
   86.100000      1.251786568934E-02      3.715201513653E-03
   86.200000      1.314402282858E-02      3.957747638901E-03
   86.300000      1.401608864012E-02      4.282850217107E-03
   86.400000      1.512472518641E-02      4.687462084963E-03
   86.500000      1.642172897457E-02      5.155106751573E-03
   86.600000      1.781430568812E-02      5.653389204876E-03
   86.700000      1.916852366566E-02      6.135041466966E-03
   86.800000      2.032491997182E-02      6.543147779674E-03
   86.900000      2.112361546005E-02      6.820031157996E-03
   87.000000      2.143255958280E-02      6.918132653111E-03
   87.100000      2.117281894641E-02      6.810436029256E-03
   87.200000      2.033651229430E-02      6.497843361271E-03
   87.300000      1.899448289890E-02      6.011467748992E-03
   87.400000      1.729223102437E-02      5.408945593266E-03
   87.500000      1.543421700723E-02      4.765281189604E-03
   87.600000      1.365801134325E-02      4.160041339940E-03
   87.700000      1.219908888256E-02      3.663573245897E-03
   87.800000      1.124292417041E-02      3.325115056122E-03
   87.900000      1.087030426560E-02      3.165181369729E-03
   88.000000      1.103523813879E-02      3.173591564314E-03
   88.100000      1.159392934669E-02      3.313245290763E-03
   88.200000      1.235247324691E-02      3.528553597777E-03
   88.300000      1.311066791592E-02      3.756576320582E-03
   88.400000      1.369629639973E-02      3.938556612252E-03
   88.500000      1.398751509807E-02      4.029703072261E-03
   88.600000      1.392339003707E-02      4.005644420833E-03
   88.700000      1.350463490745E-02      3.864788132546E-03
   88.800000      1.278738212442E-02      3.626652294544E-03
   88.900000      1.187227534689E-02      3.326941838397E-03
   89.000000      1.088979170367E-02      3.010598696503E-03
   89.100000      9.982103031240E-03      2.724226329385E-03
   89.200000      9.283249602158E-03      2.509183605556E-03
   89.300000      8.900688020859E-03      2.396317092994E-03
   89.400000      8.899910220751E-03      2.402844798921E-03
   89.500000      9.294246326177E-03      2.531429086168E-03
   89.600000      1.004198671541E-02      2.771091694418E-03
   89.700000      1.105540115889E-02      3.099410994377E-03
   89.800000      1.222242627021E-02      3.485429078777E-03
   89.900000      1.342646103877E-02      3.892847770721E-03
   90.000000      1.455689923705E-02      4.283317457427E-03
   90.100000      1.551509382863E-02      4.619807147754E-03
   90.200000      1.621962055088E-02      4.870094432055E-03
   90.300000      1.661130392430E-02      5.010295027730E-03
   90.400000      1.665819121448E-02      5.028106751739E-03
   90.500000      1.636119112952E-02      4.925184456742E-03
   90.600000      1.575908034454E-02      4.717933022114E-03
   90.700000      1.492941820675E-02      4.436119867560E-03
   90.800000      1.398253774817E-02      4.119099397536E-03
   90.900000      1.304754355237E-02      3.810031042189E-03
   91.000000      1.225131849250E-02      3.549084860456E-03
   91.100000      1.169473483197E-02      3.367048668548E-03
   91.200000      1.143327044031E-02      3.280803499337E-03
   91.300000      1.146914074830E-02      3.291757200732E-03
   91.400000      1.175805685476E-02      3.387600577588E-03
   91.500000      1.222699561246E-02      3.546880480646E-03
   91.600000      1.279557191167E-02      3.745129682683E-03
   91.700000      1.339559433850E-02      3.960886155105E-03
   91.800000      1.398490056244E-02      4.180004911202E-03
   91.900000      1.455172308795E-02      4.397201422623E-03
   92.000000      1.510875724748E-02      4.614610989544E-03
   92.100000      1.567990386674E-02      4.838045798012E-03
   92.200000      1.628463271876E-02      5.072297604021E-03
   92.300000      1.692517283700E-02      5.317053312343E-03
   92.400000      1.758070066379E-02      5.564694149499E-03
   92.500000      1.821007661118E-02      5.800546377743E-03
   92.600000      1.876110118260E-02      6.005296723147E-03
   92.700000      1.918174279780E-02      6.158586305432E-03
   92.800000      1.942873754563E-02      6.242500723567E-03
   92.900000      1.947104119834E-02      6.243878639156E-03
   93.000000      1.928836808577E-02      6.154977382410E-03
   93.100000      1.886721258040E-02      5.972813995412E-03
   93.200000      1.819779969139E-02      5.698122152993E-03
   93.300000      1.727503360129E-02      5.335051442941E-03
   93.400000      1.610489654165E-02      4.892364748291E-03
   93.500000      1.471554968833E-02      4.386065734542E-03
   93.600000      1.317005204642E-02      3.842424521658E-03
   93.700000      1.157549713766E-02      3.299681402953E-03
   93.800000      1.008222352474E-02      2.806652283539E-03
   93.900000      8.868629042346E-03      2.417177812769E-03
   94.000000      8.112425510068E-03      2.180699207369E-03
   94.100000      7.951087280142E-03      2.130790134328E-03
   94.200000      8.433427039757E-03      2.274672887901E-03
   94.300000      9.476804639769E-03      2.587099787156E-03
   94.400000      1.087057613913E-02      3.011231357375E-03
   94.500000      1.233619556993E-02      3.467400606879E-03
   94.600000      1.359555430677E-02      3.868394395045E-03
   94.700000      1.442333859743E-02      4.137817361943E-03
   94.800000      1.468386847761E-02      4.226933570305E-03
   94.900000      1.435174094048E-02      4.125546291107E-03
   95.000000      1.351437690619E-02      3.863984681752E-03
   95.100000      1.235617174610E-02      3.505675549078E-03
   95.200000      1.112630905382E-02      3.132342887117E-03
   95.300000      1.009402618870E-02      2.825800099493E-03
   95.400000      9.494045100098E-03      2.651002017875E-03
   95.500000      9.464778274895E-03      2.644341404842E-03
   95.600000      1.000763327618E-02      2.809401863473E-03
   95.700000      1.100698089274E-02      3.120149579727E-03
   95.800000      1.228494502866E-02      3.529595974296E-03
   95.900000      1.365059172664E-02      3.980870008729E-03
   96.000000      1.493380528943E-02      4.417636749593E-03
   96.100000      1.600310209029E-02      4.791728020875E-03
   96.200000      1.676998058570E-02      5.067249825392E-03
   96.300000      1.718493571428E-02      5.221729227886E-03
   96.400000      1.723080187948E-02      5.245602352153E-03
   96.500000      1.691780609882E-02      5.141344102686E-03
   96.600000      1.628196677457E-02      4.922940021582E-03
   96.700000      1.538580117292E-02      4.615573187795E-03
   96.800000      1.431934401739E-02      4.254767365979E-03
   96.900000      1.319940870160E-02      3.884082599753E-03
   97.000000      1.216401554471E-02      3.550851960770E-03
   97.100000      1.135846604546E-02      3.300192639307E-03
   97.200000      1.091157907347E-02      3.168297415993E-03
   97.300000      1.090610181830E-02      3.176493662294E-03
   97.400000      1.135565190940E-02      3.327554349803E-03
   97.500000      1.219936907516E-02      3.605257716750E-03
   97.600000      1.331739714456E-02      3.977392119124E-03
   97.700000      1.456225395827E-02      4.401557024947E-03
   97.800000      1.579060224842E-02      4.832475134502E-03
   97.900000      1.688526017902E-02      5.229260710740E-03
   98.000000      1.776707077047E-02      5.561207370414E-03
   98.100000      1.839864965257E-02      5.811074121389E-03
   98.200000      1.878182681360E-02      5.975418154438E-03
   98.300000      1.895019732223E-02      6.062114276809E-03
   98.400000      1.895753895460E-02      6.085725631594E-03
   98.500000      1.886245285773E-02      6.061797861875E-03
   98.600000      1.871012840823E-02      6.001396312903E-03
   98.700000      1.851455135845E-02      5.907236481725E-03
   98.800000      1.824949558069E-02      5.772510780815E-03
   98.900000      1.785615619168E-02      5.582964811898E-03
   99.000000      1.726376609227E-02      5.321981925077E-03
   99.100000      1.641413076254E-02      4.977560003025E-03
   99.200000      1.528421296299E-02      4.549355579184E-03
   99.300000      1.390285110572E-02      4.053684623909E-03
   99.400000      1.235828179554E-02      3.524676656073E-03
   99.500000      1.079408864798E-02      3.010677492709E-03
   99.600000      9.392494581851E-03      2.566280699338E-03
   99.700000      8.344531672970E-03      2.241674222093E-03
   99.800000      7.805910970269E-03      2.071905231066E-03
   99.900000      7.842522427916E-03      2.068875443912E-03
  100.000000      8.396386868503E-03      2.218274421202E-03
