# M=24, N=12, V0=0.0, V=-0.5, PBC
#  time (tJ)                 S₁(n=3)                 S₂(n=3)
    0.000000      2.309263891220E-14     -8.881784197001E-16
    0.100000      9.604102587393E-03      2.204295455143E-03
    0.200000      3.097944361286E-02      8.403079147323E-03
    0.300000      5.793587562709E-02      1.745896388110E-02
    0.400000      8.564317834359E-02      2.779405865197E-02
    0.500000      1.103126148216E-01      3.776597554352E-02
    0.600000      1.294181530690E-01      4.602915324158E-02
    0.700000      1.418079767957E-01      5.178601375847E-02
    0.800000      1.476323382513E-01      5.487334250201E-02
    0.900000      1.480998092624E-01      5.568218876683E-02
    1.000000      1.450998716573E-01      5.495653499065E-02
    1.100000      1.407361630692E-01      5.354360312439E-02
    1.200000      1.368343026511E-01      5.217112537724E-02
    1.300000      1.345374361393E-01      5.130648665388E-02
    1.400000      1.341486017829E-01      5.111857805355E-02
    1.500000      1.353012869841E-01      5.152841426607E-02
    1.600000      1.372970135743E-01      5.231084833308E-02
    1.700000      1.394227583906E-01      5.320331748244E-02
    1.800000      1.411538369667E-01      5.398738933214E-02
    1.900000      1.422227553880E-01      5.452798017581E-02
    2.000000      1.425847442077E-01      5.477432348088E-02
    2.100000      1.423330916580E-01      5.473874958561E-02
    2.200000      1.416186068221E-01      5.447122613506E-02
    2.300000      1.406049205796E-01      5.404132729989E-02
    2.400000      1.394624081027E-01      5.352983774953E-02
    2.500000      1.383755741361E-01      5.302486197992E-02
    2.600000      1.375313985253E-01      5.261529282575E-02
    2.700000      1.370892269175E-01      5.237777181322E-02
    2.800000      1.371426765484E-01      5.235914977859E-02
    2.900000      1.376841334426E-01      5.256125970377E-02
    3.000000      1.385916414777E-01      5.293582743895E-02
    3.100000      1.396432940724E-01      5.339402704281E-02
    3.200000      1.405623729978E-01      5.382922485814E-02
    3.300000      1.410977049096E-01      5.414577486372E-02
    3.400000      1.411069808066E-01      5.428400634075E-02
    3.500000      1.406058907281E-01      5.423298628738E-02
    3.600000      1.397706142627E-01      5.402752786458E-02
    3.700000      1.388888387770E-01      5.373205325539E-02
    3.800000      1.382385759772E-01      5.341863108935E-02
    3.900000      1.379450438844E-01      5.314780068990E-02
    4.000000      1.379767793027E-01      5.295824943063E-02
    4.100000      1.382312153500E-01      5.286645100712E-02
    4.200000      1.386008357610E-01      5.287264729813E-02
    4.300000      1.390139293544E-01      5.296753483360E-02
    4.400000      1.394471947230E-01      5.313552874480E-02
    4.500000      1.399066097544E-01      5.335418201742E-02
    4.600000      1.403856516553E-01      5.359264327584E-02
    4.700000      1.408307529137E-01      5.381287924605E-02
    4.800000      1.411515478550E-01      5.397553743033E-02
    4.900000      1.412683125247E-01      5.404925867307E-02
    5.000000      1.411508112547E-01      5.401989873388E-02
    5.100000      1.408282748232E-01      5.389562823205E-02
    5.200000      1.403804811797E-01      5.370525480454E-02
    5.300000      1.399180316621E-01      5.348961118736E-02
    5.400000      1.395519888049E-01      5.328847927076E-02
    5.500000      1.393565578771E-01      5.312724942099E-02
    5.600000      1.393359629728E-01      5.300753669836E-02
    5.700000      1.394128267650E-01      5.290414730046E-02
    5.800000      1.394483967311E-01      5.276795818323E-02
    5.900000      1.392753763339E-01      5.253195476402E-02
    6.000000      1.387175557578E-01      5.211711442782E-02
    6.100000      1.375926274280E-01      5.143619897586E-02
    6.200000      1.357056238589E-01      5.039589997976E-02
    6.300000      1.328437760367E-01      4.889983670292E-02
    6.400000      1.287821727221E-01      4.685566310502E-02
    6.500000      1.233038319588E-01      4.418869481100E-02
    6.600000      1.162368428895E-01      4.086229151064E-02
    6.700000      1.075106623728E-01      3.690238917951E-02
    6.800000      9.722685140401E-02      3.242097243843E-02
    6.900000      8.573199452488E-02      2.763181538973E-02
    7.000000      7.368192119824E-02      2.285206085575E-02
    7.100000      6.208899324560E-02      1.848513967826E-02
    7.200000      5.232789244707E-02      1.498367523114E-02
    7.300000      4.600658879353E-02      1.279478417310E-02
    7.400000      4.454311757478E-02      1.229409664025E-02
    7.500000      4.859929079626E-02      1.371838258035E-02
    7.600000      5.789008267981E-02      1.710911441080E-02
    7.700000      7.139369443685E-02      2.227963523677E-02
    7.800000      8.764787860892E-02      2.881612498935E-02
    7.900000      1.049998197346E-01      3.611732781211E-02
    8.000000      1.217937597967E-01      4.347091747950E-02
    8.100000      1.365340219848E-01      5.015674871391E-02
    8.200000      1.480399600407E-01      5.556036464480E-02
    8.300000      1.555837651533E-01      5.927525140371E-02
    8.400000      1.589907937615E-01      6.117098797351E-02
    8.500000      1.586750821395E-01      6.140846710085E-02
    8.600000      1.555827036624E-01      6.039385705755E-02
    8.700000      1.510235800473E-01      5.867857178798E-02
    8.800000      1.463880621651E-01      5.682862700790E-02
    8.900000      1.427977739992E-01      5.529715077441E-02
    9.000000      1.408250947975E-01      5.433390747385E-02
    9.100000      1.404077635524E-01      5.395508207769E-02
    9.200000      1.409786394076E-01      5.397897610758E-02
    9.300000      1.417329759979E-01      5.411439992339E-02
    9.400000      1.419229993829E-01      5.407382734438E-02
    9.500000      1.410957423849E-01      5.367669923001E-02
    9.600000      1.392280364038E-01      5.291154163686E-02
    9.700000      1.367382238312E-01      5.193834483618E-02
    9.800000      1.343689973091E-01      5.103165394884E-02
    9.900000      1.329498234238E-01      5.048421202341E-02
   10.000000      1.330823931146E-01      5.050405359337E-02
   10.100000      1.348736441099E-01      5.113982297366E-02
   10.200000      1.378800325715E-01      5.225909643575E-02
   10.300000      1.412844772639E-01      5.358637942257E-02
   10.400000      1.441792374889E-01      5.478762516531E-02
   10.500000      1.458360580705E-01      5.557304761089E-02
   10.600000      1.458992993614E-01      5.578428789600E-02
   10.700000      1.444707209112E-01      5.543740096463E-02
   10.800000      1.420734705477E-01      5.470812643094E-02
   10.900000      1.394968526257E-01      5.386572273839E-02
   11.000000      1.375425524692E-01      5.317937863467E-02
   11.100000      1.367425235815E-01      5.283030568865E-02
   11.200000      1.371761826179E-01      5.285967086063E-02
   11.300000      1.384829634802E-01      5.316884355494E-02
   11.400000      1.400499099988E-01      5.356925177572E-02
   11.500000      1.412658985241E-01      5.386141455832E-02
   11.600000      1.417368009100E-01      5.391269540040E-02
   11.700000      1.414018467143E-01      5.370465875541E-02
   11.800000      1.405296727048E-01      5.333329348878E-02
   11.900000      1.395994497811E-01      5.296411717228E-02
   12.000000      1.390993540271E-01      5.276171798978E-02
   12.100000      1.393102746229E-01      5.282244305299E-02
   12.200000      1.401793193531E-01      5.313632412685E-02
   12.300000      1.413598321565E-01      5.359171229054E-02
   12.400000      1.423783908125E-01      5.401901438911E-02
   12.500000      1.428257832159E-01      5.425498341548E-02
   12.600000      1.424987249338E-01      5.420153673980E-02
   12.700000      1.414560450091E-01      5.385570550635E-02
   12.800000      1.399791305867E-01      5.329919461983E-02
   12.900000      1.384500031536E-01      5.265266423906E-02
   13.000000      1.371836523781E-01      5.201442216862E-02
   13.100000      1.362744438140E-01      5.140945894674E-02
   13.200000      1.355270793753E-01      5.076994375381E-02
   13.300000      1.345118640313E-01      4.995464875487E-02
   13.400000      1.327217052833E-01      4.879834159755E-02
   13.500000      1.297531445815E-01      4.717005563357E-02
   13.600000      1.254275578863E-01      4.501636699675E-02
   13.700000      1.198146813921E-01      4.237339907419E-02
   13.800000      1.131652786905E-01      3.934585848316E-02
   13.900000      1.057904971305E-01      3.606652796348E-02
   14.000000      9.795246628731E-02      3.265840051231E-02
   14.100000      8.983185348570E-02      2.921973692854E-02
   14.200000      8.159233845521E-02      2.584027887747E-02
   14.300000      7.350997051856E-02      2.264014400029E-02
   14.400000      6.611148013861E-02      1.980967817078E-02
   14.500000      6.024500255256E-02      1.762542933793E-02
   14.600000      5.698608300210E-02      1.642611844406E-02
   14.700000      5.734132257966E-02      1.654883475296E-02
   14.800000      6.188623421322E-02      1.824216605930E-02
   14.900000      7.055012763529E-02      2.158291116477E-02
   15.000000      8.261167637349E-02      2.642343569805E-02
   15.100000      9.684827906362E-02      3.238841063510E-02
   15.200000      1.117835643485E-01      3.892557476876E-02
   15.300000      1.259651005193E-01      4.539929532210E-02
   15.400000      1.381910326385E-01      5.120287742691E-02
   15.500000      1.476447897756E-01      5.586051626439E-02
   15.600000      1.539400383042E-01      5.909476692501E-02
   15.700000      1.570975521692E-01      6.084817756252E-02
   15.800000      1.574803676419E-01      6.126227629996E-02
   15.900000      1.557074842130E-01      6.062722491688E-02
   16.000000      1.525581503519E-01      5.931830786796E-02
   16.100000      1.488735460642E-01      5.773230555163E-02
   16.200000      1.454521712056E-01      5.623124136728E-02
   16.300000      1.429346122009E-01      5.509634690371E-02
   16.400000      1.416973765663E-01      5.449324251932E-02
   16.500000      1.417890041493E-01      5.445046683777E-02
   16.600000      1.429284933418E-01      5.485614852913E-02
   16.700000      1.445698973407E-01      5.547903284293E-02
   16.800000      1.460220024928E-01      5.601742856724E-02
   16.900000      1.466010013671E-01      5.617202205596E-02
   17.000000      1.457935444623E-01      5.572823599020E-02
   17.100000      1.434051338605E-01      5.462574271900E-02
   17.200000      1.396575505217E-01      5.299173833040E-02
   17.300000      1.351980654528E-01      5.112278085665E-02
   17.400000      1.309939747937E-01      4.941544151228E-02
   17.500000      1.281011541052E-01      4.826327477569E-02
   17.600000      1.273324997032E-01      4.794998539584E-02
   17.700000      1.289478514659E-01      4.857110304118E-02
   17.800000      1.325592910622E-01      5.000781416224E-02
   17.900000      1.373055073545E-01      5.196005713890E-02
   18.000000      1.421477418922E-01      5.402759035626E-02
   18.100000      1.461442746141E-01      5.581372087814E-02
   18.200000      1.486475994321E-01      5.702090010436E-02
   18.300000      1.494065583532E-01      5.751157743078E-02
   18.400000      1.485707526185E-01      5.731981715079E-02
   18.500000      1.466057519097E-01      5.661527887360E-02
   18.600000      1.441385850873E-01      5.563593772973E-02
   18.700000      1.417669183129E-01      5.461421286976E-02
   18.800000      1.398902078067E-01      5.372011880013E-02
   18.900000      1.386389716964E-01      5.303575720434E-02
   19.000000      1.379275125989E-01      5.256257508663E-02
   19.100000      1.375705978481E-01      5.225189859755E-02
   19.200000      1.373908714753E-01      5.204384175193E-02
   19.300000      1.372823769947E-01      5.190012508802E-02
   19.400000      1.372293076760E-01      5.182080903030E-02
   19.500000      1.372982435018E-01      5.184121978639E-02
   19.600000      1.376180834977E-01      5.201164098706E-02
   19.700000      1.383362682765E-01      5.236725563994E-02
   19.800000      1.395391495900E-01      5.289827070510E-02
   19.900000      1.411498055785E-01      5.352979658136E-02
   20.000000      1.428546750036E-01      5.411849081413E-02
   20.100000      1.441333530826E-01      5.446919124056E-02
   20.200000      1.443957296935E-01      5.437031012558E-02
   20.300000      1.431469688083E-01      5.364176608933E-02
   20.400000      1.401189132110E-01      5.218428410384E-02
   20.500000      1.353479683601E-01      5.001567729245E-02
   20.600000      1.291903376239E-01      4.728043928169E-02
   20.700000      1.222644456517E-01      4.422488828483E-02
   20.800000      1.153141522301E-01      4.114035814894E-02
   20.900000      1.090117802996E-01      3.828845362644E-02
   21.000000      1.037639684892E-01      3.583088085590E-02
   21.100000      9.959491880746E-02      3.378793376476E-02
   21.200000      9.615127858655E-02      3.204257190568E-02
   21.300000      9.283717782702E-02      3.039264025969E-02
   21.400000      8.905200883291E-02      2.863684534440E-02
   21.500000      8.445019092261E-02      2.666694385392E-02
   21.600000      7.913759427619E-02      2.453460633777E-02
   21.700000      7.374316072768E-02      2.246863994626E-02
   21.800000      6.931878498130E-02      2.083439627368E-02
   21.900000      6.706191489143E-02      2.004647495662E-02
   22.000000      6.794301440666E-02      2.046131009392E-02
   22.100000      7.239564421082E-02      2.228245676817E-02
   22.200000      8.021378284561E-02      2.550638398929E-02
   22.300000      9.066759931610E-02      2.992234557353E-02
   22.400000      1.027250360999E-01      3.516171001298E-02
   22.500000      1.152766256417E-01      4.077670469793E-02
   22.600000      1.273197867352E-01      4.632157209390E-02
   22.700000      1.380810812899E-01      5.141292524857E-02
   22.800000      1.470551084349E-01      5.575832886769E-02
   22.900000      1.539595439979E-01      5.915694012482E-02
   23.000000      1.586457289938E-01      6.148676794086E-02
   23.100000      1.610273663973E-01      6.269540117301E-02
   23.200000      1.610832166086E-01      6.280458817164E-02
   23.300000      1.589403366838E-01      6.192730286616E-02
   23.400000      1.549803667172E-01      6.028456335072E-02
   23.500000      1.498975968151E-01      5.820388085324E-02
   23.600000      1.446593501411E-01      5.608508906245E-02
   23.700000      1.403432170725E-01      5.433169211026E-02
   23.800000      1.378593368099E-01      5.326183466822E-02
   23.900000      1.376352952753E-01      5.302538846090E-02
   24.000000      1.394406415727E-01      5.355649655136E-02
   24.100000      1.424742715307E-01      5.458228343998E-02
   24.200000      1.456318852752E-01      5.569114295114E-02
   24.300000      1.478174051498E-01      5.644421051362E-02
   24.400000      1.482134153983E-01      5.649837028998E-02
   24.500000      1.464638437847E-01      5.570400021666E-02
   24.600000      1.427484529398E-01      5.414780386611E-02
   24.700000      1.377471595478E-01      5.212836414053E-02
   24.800000      1.325027404556E-01      5.007345825016E-02
   24.900000      1.281943571201E-01      4.842594083560E-02
   25.000000      1.258400959496E-01      4.753282693831E-02
   25.100000      1.259881377428E-01      4.756796708538E-02
   25.200000      1.285431622091E-01      4.850519979377E-02
   25.300000      1.328544020342E-01      5.014211457998E-02
   25.400000      1.379845864373E-01      5.216078187224E-02
   25.500000      1.429826261260E-01      5.420483330155E-02
   25.600000      1.470756667659E-01      5.595259570262E-02
   25.700000      1.497673914541E-01      5.717150032726E-02
   25.800000      1.508570789599E-01      5.774662907563E-02
   25.900000      1.504102625404E-01      5.768334838601E-02
   26.000000      1.487116579276E-01      5.708887935303E-02
   26.100000      1.462116263851E-01      5.613983419353E-02
   26.200000      1.434543307920E-01      5.504272545593E-02
   26.300000      1.409700093692E-01      5.399350204682E-02
   26.400000      1.391413248601E-01      5.314158201494E-02
   26.500000      1.381111301703E-01      5.256397662075E-02
   26.600000      1.377862887641E-01      5.225498788364E-02
   26.700000      1.379068919261E-01      5.213520905774E-02
   26.800000      1.381350494848E-01      5.207960209351E-02
   26.900000      1.381449600664E-01      5.195908758009E-02
   27.000000      1.377114852593E-01      5.168501911749E-02
   27.100000      1.367891823692E-01      5.124285091094E-02
   27.200000      1.355529490756E-01      5.070177156896E-02
   27.300000      1.343643168577E-01      5.019223769331E-02
   27.400000      1.336459130777E-01      4.985318837571E-02
   27.500000      1.336803172853E-01      4.976291191318E-02
   27.600000      1.344038088728E-01      4.987732582004E-02
   27.700000      1.353174360933E-01      5.000160433485E-02
   27.800000      1.355820939784E-01      4.981295845055E-02
   27.900000      1.342398310328E-01      4.893577048104E-02
   28.000000      1.304715159441E-01      4.705107480034E-02
   28.100000      1.238311263116E-01      4.400788925081E-02
   28.200000      1.144163590645E-01      3.989987004694E-02
   28.300000      1.029427594084E-01      3.507920481403E-02
   28.400000      9.069497168625E-02      3.009820871731E-02
   28.500000      7.933469411992E-02      2.559171839661E-02
   28.600000      7.055192154603E-02      2.213240773950E-02
   28.700000      6.559878589416E-02      2.010013103195E-02
   28.800000      6.489334926661E-02      1.960260682298E-02
   28.900000      6.792308902516E-02      2.046983665285E-02
   29.000000      7.348446413331E-02      2.232330760569E-02
   29.100000      8.013558658066E-02      2.469913861594E-02
   29.200000      8.666425077581E-02      2.718781576050E-02
   29.300000      9.239394668222E-02      2.954724028703E-02
   29.400000      9.727326284717E-02      3.175353804467E-02
   29.500000      1.017742751286E-01      3.397423568680E-02
   29.600000      1.066490498550E-01      3.647462731392E-02
   29.700000      1.126119642396E-01      3.949089235945E-02
   29.800000      1.200281961124E-01      4.311428376880E-02
   29.900000      1.286891860950E-01      4.722585746320E-02
   30.000000      1.377958269436E-01      5.150315763860E-02
   30.100000      1.462205752937E-01      5.549580043366E-02
   30.200000      1.528766546796E-01      5.874436724927E-02
   30.300000      1.570113938798E-01      6.090372768899E-02
   30.400000      1.583709843152E-01      6.183201818198E-02
   30.500000      1.572325187469E-01      6.161957920342E-02
   30.600000      1.543136822343E-01      6.055311482404E-02
   30.700000      1.505807392800E-01      5.903132449678E-02
   30.800000      1.469962694242E-01      5.746182824495E-02
   30.900000      1.442871324221E-01      5.617122789027E-02
   31.000000      1.428196881198E-01      5.535111595421E-02
   31.100000      1.426028936705E-01      5.504735730315E-02
   31.200000      1.433760177508E-01      5.518469175016E-02
   31.300000      1.447264300469E-01      5.560954885451E-02
   31.400000      1.461985602417E-01      5.613354408468E-02
   31.500000      1.473723513359E-01      5.656678576792E-02
   31.600000      1.479030245096E-01      5.673922845194E-02
   31.700000      1.475295558364E-01      5.651502097043E-02
   31.800000      1.460726474252E-01      5.580648855162E-02
   31.900000      1.434488411757E-01      5.459130062549E-02
   32.000000      1.397196925223E-01      5.293072911578E-02
   32.100000      1.351621929168E-01      5.098160702349E-02
   32.200000      1.303155797348E-01      4.899228884976E-02
   32.300000      1.259597897625E-01      4.727517507191E-02
   32.400000      1.229977640078E-01      4.615500772405E-02
   32.500000      1.222386703446E-01      4.590100191766E-02
   32.600000      1.241260550826E-01      4.665853282805E-02
   32.700000      1.285343951452E-01      4.839935222746E-02
   32.800000      1.347846611288E-01      5.090655495704E-02
   32.900000      1.418372210885E-01      5.380233935025E-02
   33.000000      1.485160463169E-01      5.661547377622E-02
   33.100000      1.537233183404E-01      5.887465242754E-02
   33.200000      1.566313875764E-01      6.020663508933E-02
   33.300000      1.568259931071E-01      6.041604632374E-02
   33.400000      1.543824277738E-01      5.952732991096E-02
   33.500000      1.498651863222E-01      5.777775807180E-02
   33.600000      1.442438258233E-01      5.556178830227E-02
   33.700000      1.387158522159E-01      5.333890607619E-02
   33.800000      1.344289203177E-01      5.152647785037E-02
   33.900000      1.321433523088E-01      5.040355513008E-02
   34.000000      1.319960197536E-01      5.004974127778E-02
   34.100000      1.335153869111E-01      5.033537041231E-02
   34.200000      1.358376413895E-01      5.096670416738E-02
   34.300000      1.379873613040E-01      5.157494533806E-02
   34.400000      1.391334901311E-01      5.182423714212E-02
   34.500000      1.387776726794E-01      5.150628781371E-02
   34.600000      1.368503279123E-01      5.059197141750E-02
   34.700000      1.336989820932E-01      4.922373430505E-02
   34.800000      1.299683313361E-01      4.765241631583E-02
   34.900000      1.263934373882E-01      4.614063500510E-02
   35.000000      1.235492769311E-01      4.486548930045E-02
   35.100000      1.216157483241E-01      4.385300915414E-02
   35.200000      1.202544680305E-01      4.296628975690E-02
   35.300000      1.187237796227E-01      4.195179745296E-02
   35.400000      1.161879300404E-01      4.052875185415E-02
   35.500000      1.120227374895E-01      3.849107861891E-02
   35.600000      1.060125696243E-01      3.578654964710E-02
   35.700000      9.841952213734E-02      3.254647559177E-02
   35.800000      8.992982088970E-02      2.905863140680E-02
   35.900000      8.150289054404E-02      2.569744874421E-02
   36.000000      7.417244698657E-02      2.283941371835E-02
   36.100000      6.885298897894E-02      2.079279758539E-02
   36.200000      6.618313755632E-02      1.976049865316E-02
   36.300000      6.643782301588E-02      1.983886412987E-02
   36.400000      6.956589052105E-02      2.104106520829E-02
   36.500000      7.532525107378E-02      2.332620818140E-02
   36.600000      8.339017485504E-02      2.661684042972E-02
   36.700000      9.337045213060E-02      3.079641175239E-02
   36.800000      1.047640595488E-01      3.569049911540E-02
   36.900000      1.169079977157E-01      4.104588503779E-02
   37.000000      1.289888838617E-01      4.652526143730E-02
   37.100000      1.401240926979E-01      5.173036526302E-02
   37.200000      1.494866648604E-01      5.625443044339E-02
   37.300000      1.564334808341E-01      5.975110342780E-02
   37.400000      1.605988749464E-01      6.199801315534E-02
   37.500000      1.619326123193E-01      6.293385088375E-02
   37.600000      1.606819282449E-01      6.265827786042E-02
   37.700000      1.573315893613E-01      6.139911720251E-02
   37.800000      1.525245594280E-01      5.946323067687E-02
   37.900000      1.469907149712E-01      5.719012367422E-02
   38.000000      1.415026131933E-01      5.491995567332E-02
   38.100000      1.368456041246E-01      5.297524576478E-02
   38.200000      1.337550181539E-01      5.164560778382E-02
   38.300000      1.328023842598E-01      5.116284390353E-02
   38.400000      1.342794991286E-01      5.166057031231E-02
   38.500000      1.380967466342E-01      5.312474944667E-02
   38.600000      1.437081335891E-01      5.535328075678E-02
   38.700000      1.501170097244E-01      5.794842430942E-02
   38.800000      1.560087179468E-01      6.036142224550E-02
   38.900000      1.600008113676E-01      6.199371550732E-02
   39.000000      1.609466593502E-01      6.233757297226E-02
   39.100000      1.582133849949E-01      6.111887322892E-02
   39.200000      1.518719620053E-01      5.839569885976E-02
   39.300000      1.427590464388E-01      5.457453994699E-02
   39.400000      1.323861750368E-01      5.033029393401E-02
   39.500000      1.226845020584E-01      4.644827382314E-02
   39.600000      1.155900585327E-01      4.363347562112E-02
   39.700000      1.125214583652E-01      4.234369037414E-02
   39.800000      1.139127404365E-01      4.269469560054E-02
   39.900000      1.190740417746E-01      4.446161591677E-02
   40.000000      1.265059639101E-01      4.716975373775E-02
   40.100000      1.344843975278E-01      5.024113430160E-02
   40.200000      1.415943771780E-01      5.314806886339E-02
   40.300000      1.469963278353E-01      5.552664038873E-02
   40.400000      1.504529300050E-01      5.722038106271E-02
   40.500000      1.521981174434E-01      5.825125287403E-02
   40.600000      1.527070571362E-01      5.874119614255E-02
   40.700000      1.524289186373E-01      5.882279717525E-02
   40.800000      1.515916099211E-01      5.857640914224E-02
   40.900000      1.501882611833E-01      5.801491213910E-02
   41.000000      1.481071179479E-01      5.711411971061E-02
   41.100000      1.452930130647E-01      5.586695435749E-02
   41.200000      1.418596163674E-01      5.433095203445E-02
   41.300000      1.381152546545E-01      5.264395757189E-02
   41.400000      1.345060086672E-01      5.099863748145E-02
   41.500000      1.314996770533E-01      4.958533303518E-02
   41.600000      1.294416860198E-01      4.852682818735E-02
   41.700000      1.284226341979E-01      4.783234142540E-02
   41.800000      1.281972615667E-01      4.739042228113E-02
   41.900000      1.282178121674E-01      4.700494566272E-02
   42.000000      1.278336254972E-01      4.646148435618E-02
   42.100000      1.265446591630E-01      4.559968739727E-02
   42.200000      1.241614015373E-01      4.436519117951E-02
   42.300000      1.208411802170E-01      4.282241770034E-02
   42.400000      1.170099266171E-01      4.112401599225E-02
   42.500000      1.131936365038E-01      3.944823631880E-02
   42.600000      1.098068667235E-01      3.792684524868E-02
   42.700000      1.069726764807E-01      3.658976487194E-02
   42.800000      1.044533312994E-01      3.534751308998E-02
   42.900000      1.017328200226E-01      3.402035020201E-02
   43.000000      9.822367471299E-02      3.240747824555E-02
   43.100000      9.351267906880E-02      3.037556562213E-02
   43.200000      8.756366550790E-02      2.793798333060E-02
   43.300000      8.082950444950E-02      2.529732991901E-02
   43.400000      7.425313768771E-02      2.283396571502E-02
   43.500000      6.915221417434E-02      2.103918980572E-02
   43.600000      6.698045819722E-02      2.040831009125E-02
   43.700000      6.894378124784E-02      2.132104608157E-02
   43.800000      7.550592410683E-02      2.394095229524E-02
   43.900000      8.613507093999E-02      2.816091067186E-02
   44.000000      9.951569037155E-02      3.360980288859E-02
   44.100000      1.139673554024E-01      3.971959100749E-02
   44.200000      1.278344462733E-01      4.583636305046E-02
   44.300000      1.397659845795E-01      5.134756468581E-02
   44.400000      1.488855860480E-01      5.579385183497E-02
   44.500000      1.548580328471E-01      5.893898693631E-02
   44.600000      1.578615377500E-01      6.078345992052E-02
   44.700000      1.584779204099E-01      6.152319160382E-02
   44.800000      1.575158563628E-01      6.146907304240E-02
   44.900000      1.557923637307E-01      6.095231022203E-02
   45.000000      1.539199289840E-01      6.024239525673E-02
   45.100000      1.521841803490E-01      5.949877494225E-02
   45.200000      1.505787997839E-01      5.876568283637E-02
   45.300000      1.489438091005E-01      5.800572043865E-02
   45.400000      1.471189509847E-01      5.715614585607E-02
   45.500000      1.450586068348E-01      5.618621284802E-02
   45.600000      1.428735136787E-01      5.513563459302E-02
   45.700000      1.408036190718E-01      5.412189559677E-02
   45.800000      1.391687844196E-01      5.331466897919E-02
   45.900000      1.383061969822E-01      5.288587728067E-02
   46.000000      1.384785784592E-01      5.295139606311E-02
   46.100000      1.397701070445E-01      5.352308712728E-02
   46.200000      1.419989865608E-01      5.448681919689E-02
   46.300000      1.446907034668E-01      5.561428419096E-02
   46.400000      1.471619848051E-01      5.660657217109E-02
   46.500000      1.486862817159E-01      5.715901193505E-02
   46.600000      1.486668231159E-01      5.703184442735E-02
   46.700000      1.467782633679E-01      5.611018542083E-02
   46.800000      1.430571557664E-01      5.443893776902E-02
   46.900000      1.379285528131E-01      5.222352940565E-02
   47.000000      1.321621976335E-01      4.979519599706E-02
   47.100000      1.267527346073E-01      4.754840700111E-02
   47.200000      1.227246016685E-01      4.586502133251E-02
   47.300000      1.208912248593E-01      4.504221552448E-02
   47.400000      1.216457456808E-01      4.523873648789E-02
   47.500000      1.248760578307E-01      4.644852678480E-02
   47.600000      1.300359257315E-01      4.850471431480E-02
   47.700000      1.363110932190E-01      5.111159739219E-02
   47.800000      1.427927494753E-01      5.389768230538E-02
   47.900000      1.486180519269E-01      5.647925398870E-02
   48.000000      1.530782862748E-01      5.852229794322E-02
   48.100000      1.556969328388E-01      5.979163641958E-02
   48.200000      1.562757549603E-01      6.017950901742E-02
   48.300000      1.549051105443E-01      5.971011123081E-02
   48.400000      1.519331079795E-01      5.852062676878E-02
   48.500000      1.478905931761E-01      5.682295379445E-02
   48.600000      1.433753865354E-01      5.485401770066E-02
   48.700000      1.389134793104E-01      5.282579761775E-02
   48.800000      1.348401480374E-01      5.088722369244E-02
   48.900000      1.312559451861E-01      4.910725006576E-02
   49.000000      1.280757142974E-01      4.748189353310E-02
   49.100000      1.251305197634E-01      4.596035522026E-02
   49.200000      1.222637948584E-01      4.447974091972E-02
   49.300000      1.193870862419E-01      4.299626705970E-02
   49.400000      1.164941527776E-01      4.150305899032E-02
   49.500000      1.136478705379E-01      4.002948364401E-02
   49.600000      1.109466971615E-01      3.862318741651E-02
   49.700000      1.084701757034E-01      3.732242508752E-02
   49.800000      1.062178847725E-01      3.613093995146E-02
   49.900000      1.040733654947E-01      3.500802283059E-02
   50.000000      1.018217930393E-01      3.388086699395E-02
   50.100000      9.923133216959E-02      3.267635335430E-02
   50.200000      9.617374620254E-02      3.135955090834E-02
   50.300000      9.272718718945E-02      2.996191522551E-02
   50.400000      8.920654954586E-02      2.858613557390E-02
   50.500000      8.609417009215E-02      2.738494596837E-02
   50.600000      8.388408688628E-02      2.652269803410E-02
   50.700000      8.291631005132E-02      2.613564810820E-02
   50.800000      8.330494260133E-02      2.630690646646E-02
   50.900000      8.499143038786E-02      2.706531231690E-02
   51.000000      8.786859597548E-02      2.840693215886E-02
   51.100000      9.190058229899E-02      3.032728538301E-02
   51.200000      9.718381256861E-02      3.284585559518E-02
   51.300000      1.039124164895E-01      3.600534927052E-02
   51.400000      1.122400962873E-01      3.983771662220E-02
   51.500000      1.220902326265E-01      4.430461905614E-02
   51.600000      1.330130074737E-01      4.923553999514E-02
   51.700000      1.441601762176E-01      5.429446564014E-02
   51.800000      1.543898257548E-01      5.900080768019E-02
   51.900000      1.624779437988E-01      6.281221905118E-02
   52.000000      1.673859807377E-01      6.525235367650E-02
   52.100000      1.685173146296E-01      6.604538556057E-02
   52.200000      1.659009981941E-01      6.521079262759E-02
   52.300000      1.602570338593E-01      6.308130745589E-02
   52.400000      1.529150358335E-01      6.023148908265E-02
   52.500000      1.455703507256E-01      5.733498378797E-02
   52.600000      1.398682046137E-01      5.499349934396E-02
   52.700000      1.368810602041E-01      5.359049960588E-02
   52.800000      1.367714976569E-01      5.321426642500E-02
   52.900000      1.388640756492E-01      5.367152398696E-02
   53.000000      1.419957522175E-01      5.458248058634E-02
   53.100000      1.449553794782E-01      5.552136461121E-02
   53.200000      1.468487841570E-01      5.615280435978E-02
   53.300000      1.472960742152E-01      5.631877181389E-02
   53.400000      1.464469533376E-01      5.605142535093E-02
   53.500000      1.448401007355E-01      5.551574166041E-02
   53.600000      1.431521431592E-01      5.491119294302E-02
   53.700000      1.418934116272E-01      5.437466963769E-02
   53.800000      1.411444759065E-01      5.392332535229E-02
   53.900000      1.405325456481E-01      5.345806276420E-02
   54.000000      1.394967822043E-01      5.282311221068E-02
   54.100000      1.376080388262E-01      5.189447079063E-02
   54.200000      1.347904111045E-01      5.065897191753E-02
   54.300000      1.313985605523E-01      4.925075162361E-02
   54.400000      1.281362726753E-01      4.793008700989E-02
   54.500000      1.258416021921E-01      4.701252539633E-02
   54.600000      1.252233435961E-01      4.677423514922E-02
   54.700000      1.266527115194E-01      4.736631714236E-02
   54.800000      1.300632833778E-01      4.876546731196E-02
   54.900000      1.349590514855E-01      5.077436714239E-02
   55.000000      1.405211636684E-01      5.306833200391E-02
   55.100000      1.458035369721E-01      5.527109612942E-02
   55.200000      1.499599705932E-01      5.703640716651E-02
   55.300000      1.524114840957E-01      5.811430194411E-02
   55.400000      1.529171453412E-01      5.838904653061E-02
   55.500000      1.515658709902E-01      5.788543787938E-02
   55.600000      1.487195124088E-01      5.674780626436E-02
   55.700000      1.449317649897E-01      5.520013452381E-02
   55.800000      1.408515778296E-01      5.349672591614E-02
   55.900000      1.371016866896E-01      5.187210955899E-02
   56.000000      1.341380131084E-01      5.049750146798E-02
   56.100000      1.321505407999E-01      4.944980404851E-02
   56.200000      1.310353630500E-01      4.869798648369E-02
   56.300000      1.304259557224E-01      4.811029358375E-02
   56.400000      1.297809521024E-01      4.748317428227E-02
   56.500000      1.285076934589E-01      4.658850180242E-02
   56.600000      1.260937922135E-01      4.523024088709E-02
   56.700000      1.222213408862E-01      4.329731337300E-02
   56.800000      1.168446141913E-01      4.079851677253E-02
   56.900000      1.102193036247E-01      3.786923233967E-02
   57.000000      1.028773351416E-01      3.474742639655E-02
   57.100000      9.554897464157E-02      3.172540929333E-02
   57.200000      8.904077607728E-02      2.909076695192E-02
   57.300000      8.408011665685E-02      2.707243824617E-02
   57.400000      8.114355312246E-02      2.580529712817E-02
   57.500000      8.033032583962E-02      2.531982429687E-02
   57.600000      8.138725961400E-02      2.555507154085E-02
   57.700000      8.387012795529E-02      2.638644120922E-02
   57.800000      8.730136349529E-02      2.765748731533E-02
   57.900000      9.125476062588E-02      2.920751152383E-02
   58.000000      9.537916027389E-02      3.089206292778E-02
   58.100000      9.939602639280E-02      3.259804123857E-02
   58.200000      1.031032131632E-01      3.425630788145E-02
   58.300000      1.064034086093E-01      3.585238751695E-02
   58.400000      1.093499308636E-01      3.743215060060E-02
   58.500000      1.121778383859E-01      3.909710230045E-02
   58.600000      1.152866480627E-01      4.098479498450E-02
   58.700000      1.191572150460E-01      4.323391169497E-02
   58.800000      1.242046749781E-01      4.593931349923E-02
   58.900000      1.305934676927E-01      4.910771039431E-02
   59.000000      1.380933936665E-01      5.262747127195E-02
   59.100000      1.460886002522E-01      5.626479183109E-02
   59.200000      1.537312463153E-01      5.969246175212E-02
   59.300000      1.601333890072E-01      6.254802460752E-02
   59.400000      1.645394833934E-01      6.450825931064E-02
   59.500000      1.664602847081E-01      6.536056738199E-02
   59.600000      1.657561000443E-01      6.505196710106E-02
   59.700000      1.626617545230E-01      6.370317485282E-02
   59.800000      1.577512733508E-01      6.158582855546E-02
   59.900000      1.518477842526E-01      5.907084519663E-02
   60.000000      1.458924000587E-01      5.656162956141E-02
   60.100000      1.407924467103E-01      5.442638678759E-02
   60.200000      1.372720493862E-01      5.294073052904E-02
   60.300000      1.357465860955E-01      5.224775267864E-02
   60.400000      1.362395434634E-01      5.233963119021E-02
   60.500000      1.383620131791E-01      5.306299798245E-02
   60.600000      1.413909995287E-01      5.414863417770E-02
   60.700000      1.444489343402E-01      5.526323146783E-02
   60.800000      1.467073146087E-01      5.607639276541E-02
   60.900000      1.475521670732E-01      5.633071885986E-02
   61.000000      1.466967897974E-01      5.589907292750E-02
   61.100000      1.442342218186E-01      5.481346241313E-02
   61.200000      1.406156433062E-01      5.325565258455E-02
   61.300000      1.365436187887E-01      5.150964841043E-02
   61.400000      1.327898681417E-01      4.988761732429E-02
   61.500000      1.299898095526E-01      4.864990510934E-02
   61.600000      1.284907896269E-01      4.794316912266E-02
   61.700000      1.283019121466E-01      4.777635249981E-02
   61.800000      1.291481573824E-01      4.804248344662E-02
   61.900000      1.306046663843E-01      4.857819423213E-02
   62.000000      1.322703137282E-01      4.923812657542E-02
   62.100000      1.339249278755E-01      4.995442606535E-02
   62.200000      1.356110659066E-01      5.075626141433E-02
   62.300000      1.375981839134E-01      5.173973155756E-02
   62.400000      1.402243586557E-01      5.299874989115E-02
   62.500000      1.436572227106E-01      5.454438337330E-02
   62.600000      1.476717107310E-01      5.624688553738E-02
   62.700000      1.515874780185E-01      5.782841937573E-02
   62.800000      1.544378702137E-01      5.891699276722E-02
   62.900000      1.552729498811E-01      5.914920041981E-02
   63.000000      1.534563198800E-01      5.828919197248E-02
   63.100000      1.488800837114E-01      5.632191018405E-02
   63.200000      1.420589970662E-01      5.348458275822E-02
   63.300000      1.340776561203E-01      5.022021601918E-02
   63.400000      1.263748816583E-01      4.706326021614E-02
   63.500000      1.203647037754E-01      4.449107351444E-02
   63.600000      1.169443756433E-01      4.278726597840E-02
   63.700000      1.160958570000E-01      4.196055504107E-02
   63.800000      1.169073010628E-01      4.174616041510E-02
   63.900000      1.179995950564E-01      4.169086622452E-02
   64.000000      1.180187379464E-01      4.129572968051E-02
   64.100000      1.160015863233E-01      4.017135673079E-02
   64.200000      1.115829090521E-01      3.815688489342E-02
   64.300000      1.050498314002E-01      3.536679910757E-02
   64.400000      9.725736770443E-02      3.215427369645E-02
   64.500000      8.942824397213E-02      2.900664432498E-02
   64.600000      8.287096217487E-02      2.640880158147E-02
   64.700000      7.865655578799E-02      2.471796000633E-02
   64.800000      7.731309334429E-02      2.408690746508E-02
   64.900000      7.866853279283E-02      2.445510194534E-02
   65.000000      8.199833747422E-02      2.560380965319E-02
   65.100000      8.640093629439E-02      2.725067683308E-02
   65.200000      9.113968220246E-02      2.914792271306E-02
   65.300000      9.582160565420E-02      3.115052412064E-02
   65.400000      1.004151730568E-01      3.323486665639E-02
   65.500000      1.051440479138E-01      3.546817393202E-02
   65.600000      1.103040350945E-01      3.794654804514E-02
   65.700000      1.160685686544E-01      4.072836738874E-02
   65.800000      1.223706010387E-01      4.378796923197E-02
   65.900000      1.289102836660E-01      4.700424211573E-02
   66.000000      1.352549195569E-01      5.018486484380E-02
   66.100000      1.409667906430E-01      5.311460826168E-02
   66.200000      1.457087506976E-01      5.560905474794E-02
   66.300000      1.493024591267E-01      5.755496286050E-02
   66.400000      1.517365520948E-01      5.892499267693E-02
   66.500000      1.531346755488E-01      5.976525056183E-02
   66.600000      1.536979553376E-01      6.016489827282E-02
   66.700000      1.536409925819E-01      6.022315315988E-02
   66.800000      1.531437149615E-01      6.002752804437E-02
   66.900000      1.523340463441E-01      5.964914447039E-02
   67.000000      1.513048551353E-01      5.915101305617E-02
   67.100000      1.501568729982E-01      5.859875569194E-02
   67.200000      1.490350480533E-01      5.806335106875E-02
   67.300000      1.481195734485E-01      5.761126687115E-02
   67.400000      1.475610767842E-01      5.728523213571E-02
   67.500000      1.473894258284E-01      5.708495084226E-02
   67.600000      1.474585466542E-01      5.695865308871E-02
   67.700000      1.474789145469E-01      5.681280168570E-02
   67.800000      1.471274319221E-01      5.653968162154E-02
   67.900000      1.461746812599E-01      5.605394929738E-02
   68.000000      1.445694217912E-01      5.532359056414E-02
   68.100000      1.424467256888E-01      5.438156511096E-02
   68.200000      1.400610883237E-01      5.331224604446E-02
   68.300000      1.376859735735E-01      5.221829521020E-02
   68.400000      1.355264066908E-01      5.118314386743E-02
   68.500000      1.336632428172E-01      5.024678990131E-02
   68.600000      1.320488993658E-01      4.940666215088E-02
   68.700000      1.305722348064E-01      4.864351956602E-02
   68.800000      1.291741230574E-01      4.796014085143E-02
   68.900000      1.279549526696E-01      4.741343545784E-02
   69.000000      1.272118626467E-01      4.712187540227E-02
   69.100000      1.273729600134E-01      4.723964587261E-02
   69.200000      1.288383855468E-01      4.790304101608E-02
   69.300000      1.317861955580E-01      4.916763353502E-02
   69.400000      1.360300965734E-01      5.096096158976E-02
   69.500000      1.410036195819E-01      5.307180605640E-02
   69.600000      1.458924257242E-01      5.518457602769E-02
   69.700000      1.498536279933E-01      5.695069706489E-02
   69.800000      1.522295280515E-01      5.807479269095E-02
   69.900000      1.526935242842E-01      5.838743431586E-02
   70.000000      1.512989802431E-01      5.788064095815E-02
   70.100000      1.484288368465E-01      5.669544413846E-02
   70.200000      1.446675883860E-01      5.506772248747E-02
   70.300000      1.406325916857E-01      5.325276954657E-02
   70.400000      1.368104918060E-01      5.145526974606E-02
   70.500000      1.334496327462E-01      4.978725808955E-02
   70.600000      1.305461273663E-01      4.826422193852E-02
   70.700000      1.279205846658E-01      4.683425558301E-02
   70.800000      1.253415349889E-01      4.542351471883E-02
   70.900000      1.226371200606E-01      4.397744007955E-02
   71.000000      1.197502424301E-01      4.248182893209E-02
   71.100000      1.167221570222E-01      4.095801813754E-02
   71.200000      1.136212843409E-01      3.943789018260E-02
   71.300000      1.104597420035E-01      3.793296829689E-02
   71.400000      1.071486995404E-01      3.641446840515E-02
   71.500000      1.035216414946E-01      3.481661400804E-02
   71.600000      9.941383515629E-02      3.306530097614E-02
   71.700000      9.476046892794E-02      3.112262881138E-02
   71.800000      8.967935196433E-02      2.903021953518E-02
   71.900000      8.451963842900E-02      2.693392918433E-02
   72.000000      7.986594733541E-02      2.507887165202E-02
   72.100000      7.648916396858E-02      2.377298905842E-02
   72.200000      7.523343156157E-02      2.332603573053E-02
   72.300000      7.682026616135E-02      2.397713807685E-02
   72.400000      8.157124853602E-02      2.582794228744E-02
   72.500000      8.917784133077E-02      2.879935690998E-02
   72.600000      9.873718507337E-02      3.262666709815E-02
   72.700000      1.090221147524E-01      3.689947381904E-02
   72.800000      1.187769077639E-01      4.114098024470E-02
   72.900000      1.269544186023E-01      4.490938743781E-02
   73.000000      1.328932545190E-01      4.789655519394E-02
   73.100000      1.364316049322E-01      4.999781755886E-02
   73.200000      1.379425026782E-01      5.133211951323E-02
   73.300000      1.382707185369E-01      5.220268756448E-02
   73.400000      1.385525966719E-01      5.300382133442E-02
   73.500000      1.399050016063E-01      5.409608410799E-02
   73.600000      1.430042474186E-01      5.568506546553E-02
   73.700000      1.477350282123E-01      5.774225353051E-02
   73.800000      1.532175322954E-01      5.999704621857E-02
   73.900000      1.581766078015E-01      6.200799586546E-02
   74.000000      1.613642743539E-01      6.329536771952E-02
   74.100000      1.619025663929E-01      6.349510114343E-02
   74.200000      1.595111992008E-01      6.248475972615E-02
   74.300000      1.545966518970E-01      6.043944137406E-02
   74.400000      1.481866848646E-01      5.779803947280E-02
   74.500000      1.417082232065E-01      5.514986939138E-02
   74.600000      1.366376982641E-01      5.307766335658E-02
   74.700000      1.341100562318E-01      5.200589817394E-02
   74.800000      1.346063576176E-01      5.209921612212E-02
   74.900000      1.378170452063E-01      5.323683722391E-02
   75.000000      1.427489757797E-01      5.506302964924E-02
   75.100000      1.480693032717E-01      5.709045352597E-02
   75.200000      1.525087949320E-01      5.882033098382E-02
   75.300000      1.551290967638E-01      5.984433886614E-02
   75.400000      1.554238947814E-01      5.990589753166E-02
   75.500000      1.532964588977E-01      5.891677838605E-02
   75.600000      1.489612110051E-01      5.694071724330E-02
   75.700000      1.428258670084E-01      5.416294474274E-02
   75.800000      1.354249464389E-01      5.086159272448E-02
   75.900000      1.274358666885E-01      4.738686956281E-02
   76.000000      1.197250655890E-01      4.414259943261E-02
   76.100000      1.133454937661E-01      4.155809233741E-02
   76.200000      1.094246643567E-01      4.003987796331E-02
   76.300000      1.089209462480E-01      3.990239584258E-02
   76.400000      1.122955708780E-01      4.129028354774E-02
   76.500000      1.192600681481E-01      4.411602321747E-02
   76.600000      1.287906565960E-01      4.803925067453E-02
   76.700000      1.393897625221E-01      5.250513792300E-02
   76.800000      1.494199183858E-01      5.684112779816E-02
   76.900000      1.574156212026E-01      6.039066181940E-02
   77.000000      1.623320873787E-01      6.264789563559E-02
   77.100000      1.636955070150E-01      6.335518677682E-02
   77.200000      1.616367160944E-01      6.253670959997E-02
   77.300000      1.568096298738E-01      6.046241626673E-02
   77.400000      1.502103152636E-01      5.755843935586E-02
   77.500000      1.429272181166E-01      5.429463713655E-02
   77.600000      1.358865075931E-01      5.108265943426E-02
   77.700000      1.296975801334E-01      4.820927496694E-02
   77.800000      1.246459481944E-01      4.581461408971E-02
   77.900000      1.207694829365E-01      4.390978043252E-02
   78.000000      1.179342811676E-01      4.241804353270E-02
   78.100000      1.158794432271E-01      4.122092939392E-02
   78.200000      1.142703400769E-01      4.019457977943E-02
   78.300000      1.127725216303E-01      3.923012645504E-02
   78.400000      1.111030085407E-01      3.824055677842E-02
   78.500000      1.090496875089E-01      3.716174268576E-02
   78.600000      1.064845704041E-01      3.595495152817E-02
   78.700000      1.033889068915E-01      3.461328001602E-02
   78.800000      9.988162210203E-02      3.316855708606E-02
   78.900000      9.622182082988E-02      3.169217985841E-02
   79.000000      9.275815599836E-02      3.028498043528E-02
   79.100000      8.982987394759E-02      2.905665840725E-02
   79.200000      8.767277632325E-02      2.810156359729E-02
   79.300000      8.638358410162E-02      2.748118379574E-02
   79.400000      8.594472004416E-02      2.722222011920E-02
   79.500000      8.629309785019E-02      2.733259886051E-02
   79.600000      8.741065123302E-02      2.782881722135E-02
   79.700000      8.940228769837E-02      2.876094267065E-02
   79.800000      9.251993199024E-02      3.022021628024E-02
   79.900000      9.709741683028E-02      3.231988022099E-02
   80.000000      1.033947728570E-01      3.515064237277E-02
   80.100000      1.114173928947E-01      3.872383775501E-02
   80.200000      1.208150524105E-01      4.292307488936E-02
   80.300000      1.308896733085E-01      4.748554032195E-02
   80.400000      1.406889841475E-01      5.202636335606E-02
   80.500000      1.491791290077E-01      5.610572032674E-02
   80.600000      1.554688701817E-01      5.932326048883E-02
   80.700000      1.590209240468E-01      6.141330201098E-02
   80.800000      1.597870665521E-01      6.231124257119E-02
   80.900000      1.582327775841E-01      6.216835316700E-02
   81.000000      1.552366644543E-01      6.130713523065E-02
   81.100000      1.518662458410E-01      6.012848728973E-02
   81.200000      1.490672558086E-01      5.899883476597E-02
   81.300000      1.473697069523E-01      5.815361131140E-02
   81.400000      1.467634808362E-01      5.764889874389E-02
   81.500000      1.468108016827E-01      5.737642656502E-02
   81.600000      1.468950433882E-01      5.713465824085E-02
   81.700000      1.464768459339E-01      5.672916147365E-02
   81.800000      1.452863340789E-01      5.606601135479E-02
   81.900000      1.434238115691E-01      5.520511048356E-02
   82.000000      1.413604365846E-01      5.435395311764E-02
   82.100000      1.398237730768E-01      5.380186017245E-02
   82.200000      1.395676306991E-01      5.381456367858E-02
   82.300000      1.410680574891E-01      5.452354325184E-02
   82.400000      1.442439351344E-01      5.584865594780E-02
   82.500000      1.483622499707E-01      5.748381803216E-02
   82.600000      1.522284263675E-01      5.895579021795E-02
   82.700000      1.545517602506E-01      5.974209035379E-02
   82.800000      1.543018669042E-01      5.941430880704E-02
   82.900000      1.509626298979E-01      5.776445503209E-02
   83.000000      1.446597228369E-01      5.487687844082E-02
   83.100000      1.361601703048E-01      5.112460112777E-02
   83.200000      1.267509644392E-01      4.709113532031E-02
   83.300000      1.180117182255E-01      4.344016843828E-02
   83.400000      1.115083044298E-01      4.076941850125E-02
   83.500000      1.084498385937E-01      3.948738546845E-02
   83.600000      1.093650925221E-01      3.974250681591E-02
   83.700000      1.139036479207E-01      4.141726704495E-02
   83.800000      1.209873829613E-01      4.418118402233E-02
   83.900000      1.292584686852E-01      4.758193237485E-02
   84.000000      1.374652734449E-01      5.114664766620E-02
   84.100000      1.446763082343E-01      5.446668442650E-02
   84.200000      1.503532504379E-01      5.724760912062E-02
   84.300000      1.543158560166E-01      5.931900616236E-02
   84.400000      1.566300399632E-01      6.061154926102E-02
   84.500000      1.574581997131E-01      6.111757644014E-02
   84.600000      1.569275429445E-01      6.085357837619E-02
   84.700000      1.550679365147E-01      5.983862456333E-02
   84.800000      1.518275111255E-01      5.809416553111E-02
   84.900000      1.471439688369E-01      5.566132336819E-02
   85.000000      1.410416723987E-01      5.262495428309E-02
   85.100000      1.337166279991E-01      4.913147727899E-02
   85.200000      1.255776304614E-01      4.539007785507E-02
   85.300000      1.172257486257E-01      4.165314979626E-02
   85.400000      1.093620367449E-01      3.817939925915E-02
   85.500000      1.026247113125E-01      3.518937452067E-02
   85.600000      9.740762303869E-02      3.282635062634E-02
   85.700000      9.378417843977E-02      3.113452715107E-02
   85.800000      9.157221680890E-02      3.006155511981E-02
   85.900000      9.044981258296E-02      2.948485781771E-02
   86.000000      9.006431503212E-02      2.925346582497E-02
   86.100000      9.012039926504E-02      2.923193982173E-02
   86.200000      9.044045661441E-02      2.933243424809E-02
   86.300000      9.098797298239E-02      2.952538227405E-02
   86.400000      9.184153711215E-02      2.982712682865E-02
   86.500000      9.311440329059E-02      3.027134723099E-02
   86.600000      9.484475797724E-02      3.087735990368E-02
   86.700000      9.692115183943E-02      3.162996949349E-02
   86.800000      9.910405527996E-02      3.248150200289E-02
   86.900000      1.011388924469E-01      3.337775619220E-02
   87.000000      1.029026924762E-01      3.429862229236E-02
   87.100000      1.045212881612E-01      3.529531698249E-02
   87.200000      1.064088628709E-01      3.650398674927E-02
   87.300000      1.091965110607E-01      3.812220834566E-02
   87.400000      1.135299910397E-01      4.034908978641E-02
   87.500000      1.197799185070E-01      4.330569267359E-02
   87.600000      1.278318365888E-01      4.696327185298E-02
   87.700000      1.370559156819E-01      5.110736635713E-02
   87.800000      1.464289887590E-01      5.535557143044E-02
   87.900000      1.547675076775E-01      5.922964479435E-02
   88.000000      1.610027483498E-01      6.226438701068E-02
   88.100000      1.644211788051E-01      6.412239731378E-02
   88.200000      1.648177765751E-01      6.467985661403E-02
   88.300000      1.625359564654E-01      6.405597484974E-02
   88.400000      1.583873921453E-01      6.257606558246E-02
   88.500000      1.534632581292E-01      6.067977947759E-02
   88.600000      1.488673092316E-01      5.880392563921E-02
   88.700000      1.454237650247E-01      5.727672374525E-02
   88.800000      1.434572902797E-01      5.625470168025E-02
   88.900000      1.427799718598E-01      5.571743182397E-02
   89.000000      1.428879093681E-01      5.551523979720E-02
   89.100000      1.432159894184E-01      5.544823856109E-02
   89.200000      1.433417206099E-01      5.534714818736E-02
   89.300000      1.430920005386E-01      5.512937679262E-02
   89.400000      1.425437751053E-01      5.481555985944E-02
   89.500000      1.419467295853E-01      5.450683443049E-02
   89.600000      1.416138248634E-01      5.433560622544E-02
   89.700000      1.418121854696E-01      5.440856941519E-02
   89.800000      1.426705932551E-01      5.475970678957E-02
   89.900000      1.441135027089E-01      5.532507564861E-02
   90.000000      1.458293277928E-01      5.594357772004E-02
   90.100000      1.472954638510E-01      5.638143896796E-02
   90.200000      1.478801741777E-01      5.637441275600E-02
   90.300000      1.469770649432E-01      5.568083176537E-02
   90.400000      1.441262507165E-01      5.413909126012E-02
   90.500000      1.391264513460E-01      5.172270219551E-02
   90.600000      1.321491227593E-01      4.858333652259E-02
   90.700000      1.238392416013E-01      4.506842743436E-02
   90.800000      1.153609290306E-01      4.169858902892E-02
   90.900000      1.083300715150E-01      3.909545048567E-02
   91.000000      1.045587745338E-01      3.786359233128E-02
   91.100000      1.055335292108E-01      3.844751756467E-02
   91.200000      1.117264728201E-01      4.099900456522E-02
   91.300000      1.222735533474E-01      4.529501924562E-02
   91.400000      1.353144262927E-01      5.073826648427E-02
   91.500000      1.485534990204E-01      5.645251376372E-02
   91.600000      1.597515345865E-01      6.145788855852E-02
   91.700000      1.671262685327E-01      6.488508983170E-02
   91.800000      1.696354507017E-01      6.617092821698E-02
   91.900000      1.671158884066E-01      6.517848916720E-02
   92.000000      1.602702124667E-01      6.220579504359E-02
   92.100000      1.505033366266E-01      5.788141282238E-02
   92.200000      1.396120496996E-01      5.298160900469E-02
   92.300000      1.293293603802E-01      4.822757820866E-02
   92.400000      1.208236748168E-01      4.412414205320E-02
   92.500000      1.144544634887E-01      4.088310092510E-02
   92.600000      1.099039672163E-01      3.844315303749E-02
   92.700000      1.064823848071E-01      3.656593172116E-02
   92.800000      1.034470025517E-01      3.496540461070E-02
   92.900000      1.002602292366E-01      3.342245766882E-02
   93.000000      9.673098327100E-02      3.184853102578E-02
   93.100000      9.301581397532E-02      3.028590293573E-02
   93.200000      8.949850931335E-02      2.885770131538E-02
   93.300000      8.660063162428E-02      2.769796928902E-02
   93.400000      8.460264839082E-02      2.689519831051E-02
   93.500000      8.356906674017E-02      2.647189276404E-02
   93.600000      8.341597420366E-02      2.640363338437E-02
   93.700000      8.405304405593E-02      2.666229358892E-02
   93.800000      8.549737601606E-02      2.725754493346E-02
   93.900000      8.789986973660E-02      2.825288341891E-02
   94.000000      9.147950962215E-02      2.974575410212E-02
   94.100000      9.639613592065E-02      3.181932776889E-02
   94.200000      1.026199287273E-01      3.448740139289E-02
   94.300000      1.098641169848E-01      3.765742555633E-02
   94.400000      1.176107049971E-01      4.112887733359E-02
   94.500000      1.252178508037E-01      4.462947289245E-02
   94.600000      1.320670422051E-01      4.787693286002E-02
   94.700000      1.376971053681E-01      5.064506683519E-02
   94.800000      1.418847195795E-01      5.281249292931E-02
   94.900000      1.446580930891E-01      5.437949110736E-02
   95.000000      1.462579260273E-01      5.544999408067E-02
   95.100000      1.470644848461E-01      5.618727641587E-02
   95.200000      1.475014209716E-01      5.675963371968E-02
   95.300000      1.479323281786E-01      5.729388364909E-02
   95.400000      1.485752121539E-01      5.784979685023E-02
   95.500000      1.494551726126E-01      5.841986218025E-02
   95.600000      1.504131918582E-01      5.894977677653E-02
   95.700000      1.512058391444E-01      5.936908680667E-02
   95.800000      1.516425408711E-01      5.962006611429E-02
   95.900000      1.516620078776E-01      5.967567618496E-02
   96.000000      1.513291019393E-01      5.954253256749E-02
   96.100000      1.507704800137E-01      5.925036945107E-02
   96.200000      1.500832593012E-01      5.883413259305E-02
   96.300000      1.492760863144E-01      5.831734800774E-02
   96.400000      1.482817667778E-01      5.770475788815E-02
   96.500000      1.470098598104E-01      5.698812792453E-02
   96.600000      1.454009574776E-01      5.616298873720E-02
   96.700000      1.434717838260E-01      5.524870611140E-02
   96.800000      1.413465851560E-01      5.430234256263E-02
   96.900000      1.392654874407E-01      5.341894447227E-02
   97.000000      1.375577601989E-01      5.271556276406E-02
   97.100000      1.365700662158E-01      5.230123387237E-02
   97.200000      1.365526289923E-01      5.223922077620E-02
   97.300000      1.375363250914E-01      5.251119065607E-02
   97.400000      1.392499063208E-01      5.299545763999E-02
   97.500000      1.411197481261E-01      5.347119023990E-02
   97.600000      1.423837510402E-01      5.365541145458E-02
   97.700000      1.422846652396E-01      5.326968079821E-02
   97.800000      1.402729133299E-01      5.212186760216E-02
   97.900000      1.361771170790E-01      5.018041353412E-02
   98.000000      1.303117282948E-01      4.761754486293E-02
   98.100000      1.234930327885E-01      4.480447634671E-02
   98.200000      1.169429934077E-01      4.225361212901E-02
   98.300000      1.120801210221E-01      4.051688859953E-02
   98.400000      1.102238746865E-01      4.006225188024E-02
   98.500000      1.122565179541E-01      4.115825515891E-02
   98.600000      1.182937595749E-01      4.379690369331E-02
   98.700000      1.275067926479E-01      4.767616600797E-02
   98.800000      1.383334000283E-01      5.224805609947E-02
   98.900000      1.489710893360E-01      5.682056778559E-02
   99.000000      1.577989266179E-01      6.068765217573E-02
   99.100000      1.636127680962E-01      6.325541174104E-02
   99.200000      1.657204172208E-01      6.413647748830E-02
   99.300000      1.639363369896E-01      6.319622253878E-02
   99.400000      1.585075694432E-01      6.054909967947E-02
   99.500000      1.500186933443E-01      5.651530081298E-02
   99.600000      1.393160676694E-01      5.155358947161E-02
   99.700000      1.274421268747E-01      4.618563933192E-02
   99.800000      1.155468442890E-01      4.092331763928E-02
   99.900000      1.047480083759E-01      3.620623257868E-02
  100.000000      9.594011882263E-02      3.235417925897E-02
