# M=20, N=10, V0=0.0, V=-0.5, PBC
#  time (tJ)                 S₁(n=3)                 S₂(n=3)
    0.000000      1.065814103640E-14      0.000000000000E+00
    0.100000      9.171514659881E-03      2.101373278368E-03
    0.200000      2.959188326099E-02      8.009990292307E-03
    0.300000      5.534882576430E-02      1.663975239715E-02
    0.400000      8.182261221834E-02      2.648444986586E-02
    0.500000      1.053856451591E-01      3.597708651383E-02
    0.600000      1.236167559207E-01      4.383476610801E-02
    0.700000      1.354106477919E-01      4.929811712564E-02
    0.800000      1.409114781457E-01      5.221347924203E-02
    0.900000      1.412817984782E-01      5.295644593526E-02
    1.000000      1.383423814286E-01      5.223983086314E-02
    1.100000      1.341216546499E-01      5.087526320785E-02
    1.200000      1.303775166241E-01      4.956005778939E-02
    1.300000      1.282073100582E-01      4.874184813996E-02
    1.400000      1.278920783288E-01      4.858126137954E-02
    1.500000      1.290701325165E-01      4.899977735777E-02
    1.600000      1.310605465345E-01      4.977708682646E-02
    1.700000      1.331532111994E-01      5.065586447048E-02
    1.800000      1.348154493094E-01      5.142102947842E-02
    1.900000      1.357805808164E-01      5.193868864234E-02
    2.000000      1.360256835241E-01      5.215827722042E-02
    2.100000      1.356838298378E-01      5.209291067092E-02
    2.200000      1.349236888360E-01      5.179489464356E-02
    2.300000      1.338898193406E-01      5.133754414191E-02
    2.400000      1.327212249880E-01      5.080566794118E-02
    2.500000      1.315753044360E-01      5.029028228402E-02
    2.600000      1.306276773744E-01      4.988126262115E-02
    2.700000      1.300359489603E-01      4.965457621942E-02
    2.800000      1.298952337683E-01      4.965588443563E-02
    2.900000      1.302261429124E-01      4.988640820159E-02
    3.000000      1.309933342650E-01      5.029783017132E-02
    3.100000      1.321181630363E-01      5.080038113491E-02
    3.200000      1.334145320271E-01      5.128348029436E-02
    3.300000      1.345562608926E-01      5.164344883938E-02
    3.400000      1.352369027713E-01      5.180980860461E-02
    3.500000      1.353073221841E-01      5.176172548418E-02
    3.600000      1.348039727125E-01      5.152946098566E-02
    3.700000      1.339183423593E-01      5.118118340057E-02
    3.800000      1.329323844872E-01      5.080089378755E-02
    3.900000      1.321301759680E-01      5.046596233930E-02
    4.000000      1.317059455144E-01      5.023148138861E-02
    4.100000      1.317129974384E-01      5.012422830241E-02
    4.200000      1.320857903452E-01      5.014420286862E-02
    4.300000      1.326969785564E-01      5.026914636133E-02
    4.400000      1.334019445240E-01      5.045808322090E-02
    4.500000      1.340508769600E-01      5.065259192679E-02
    4.600000      1.344886744403E-01      5.077712867075E-02
    4.700000      1.345563784433E-01      5.074078194257E-02
    4.800000      1.340860688005E-01      5.044209655774E-02
    4.900000      1.328903943966E-01      4.977688485565E-02
    5.000000      1.307661013172E-01      4.864742776504E-02
    5.100000      1.275118565569E-01      4.697110800527E-02
    5.200000      1.229518366789E-01      4.468760474789E-02
    5.300000      1.169524751126E-01      4.176574597271E-02
    5.400000      1.094260481926E-01      3.821268175263E-02
    5.500000      1.003466269206E-01      3.408782533255E-02
    5.600000      8.981351625345E-02      2.952137470718E-02
    5.700000      7.815630705654E-02      2.473288696172E-02
    5.800000      6.604601287293E-02      2.004129808770E-02
    5.900000      5.458191671441E-02      1.585633424141E-02
    6.000000      4.530724163628E-02      1.264397998729E-02
    6.100000      3.998551229187E-02      1.086532338363E-02
    6.200000      4.000228824218E-02      1.089669747189E-02
    6.300000      4.582824312395E-02      1.294673638680E-02
    6.400000      5.691818024401E-02      1.699017906136E-02
    6.500000      7.196771356302E-02      2.273741118376E-02
    6.600000      8.923546209629E-02      2.965258446437E-02
    6.700000      1.068255549210E-01      3.702281889928E-02
    6.800000      1.229423301169E-01      4.406881529621E-02
    6.900000      1.361151947280E-01      5.007622429827E-02
    7.000000      1.453748390221E-01      5.452027428878E-02
    7.100000      1.503597072208E-01      5.715547066736E-02
    7.200000      1.513433465070E-01      5.804828860221E-02
    7.300000      1.491744279457E-01      5.754294134731E-02
    7.400000      1.451193007159E-01      5.616637776867E-02
    7.500000      1.406010609203E-01      5.449495780405E-02
    7.600000      1.368596652605E-01      5.301686373778E-02
    7.700000      1.346326226080E-01      5.202671693678E-02
    7.800000      1.339989872516E-01      5.158033653531E-02
    7.900000      1.344535944879E-01      5.152035748249E-02
    8.000000      1.351696860270E-01      5.156278704066E-02
    8.100000      1.353329021550E-01      5.141657148485E-02
    8.200000      1.344269931100E-01      5.089803004492E-02
    8.300000      1.324031549940E-01      5.000307422002E-02
    8.400000      1.297047393089E-01      4.891332219016E-02
    8.500000      1.271384217998E-01      4.793439039869E-02
    8.600000      1.256049667370E-01      4.738840088106E-02
    8.700000      1.257455023030E-01      4.749893573053E-02
    8.800000      1.276561116173E-01      4.830882099370E-02
    8.900000      1.308606681912E-01      4.965871740614E-02
    9.000000      1.345259647009E-01      5.123281134173E-02
    9.100000      1.377453906833E-01      5.265499893694E-02
    9.200000      1.397848139219E-01      5.360240003779E-02
    9.300000      1.402652957735E-01      5.389792758195E-02
    9.400000      1.392498062644E-01      5.355164526774E-02
    9.500000      1.371954823204E-01      5.273931903609E-02
    9.600000      1.347844195445E-01      5.172938630864E-02
    9.700000      1.326863245093E-01      5.078783305311E-02
    9.800000      1.313414091385E-01      5.009689038764E-02
    9.900000      1.308577430946E-01      4.971559726159E-02
   10.000000      1.310523361220E-01      4.959174180643E-02
   10.100000      1.315914714210E-01      4.961348096927E-02
   10.200000      1.321535486846E-01      4.967384009906E-02
   10.300000      1.325560998468E-01      4.971820271588E-02
   10.400000      1.328126375180E-01      4.975448077956E-02
   10.500000      1.330780465786E-01      4.982329726208E-02
   10.600000      1.334892182003E-01      4.994354127813E-02
   10.700000      1.339802929300E-01      5.005971774011E-02
   10.800000      1.341864956092E-01      5.001745030494E-02
   10.900000      1.335140987200E-01      4.958253253840E-02
   11.000000      1.313347403049E-01      4.850122109634E-02
   11.100000      1.271948867749E-01      4.658176849985E-02
   11.200000      1.209620533392E-01      4.376678652298E-02
   11.300000      1.128747970700E-01      4.016792411717E-02
   11.400000      1.034975851900E-01      3.604851863727E-02
   11.500000      9.360434326161E-02      3.176053860904E-02
   11.600000      8.401706383762E-02      2.766013567481E-02
   11.700000      7.543172987180E-02      2.403350016206E-02
   11.800000      6.829746791965E-02      2.105862653462E-02
   11.900000      6.283726462715E-02      1.881238690922E-02
   12.000000      5.917139802578E-02      1.731339909002E-02
   12.100000      5.740803822089E-02      1.657738803234E-02
   12.200000      5.768759211884E-02      1.665818006324E-02
   12.300000      6.022244587820E-02      1.765493081707E-02
   12.400000      6.526222018682E-02      1.968116059014E-02
   12.500000      7.293135117180E-02      2.280732309814E-02
   12.600000      8.304608831688E-02      2.699946063762E-02
   12.700000      9.504473150319E-02      3.207809361133E-02
   12.800000      1.080446869304E-01      3.771401872628E-02
   12.900000      1.209761003130E-01      4.346485944395E-02
   13.000000      1.327414112141E-01      4.884326174444E-02
   13.100000      1.423793869273E-01      5.339896231663E-02
   13.200000      1.492130207441E-01      5.679457458407E-02
   13.300000      1.529449526204E-01      5.885826072244E-02
   13.400000      1.536837943844E-01      5.960335200094E-02
   13.500000      1.519098617895E-01      5.921308282855E-02
   13.600000      1.483935475756E-01      5.799603125288E-02
   13.700000      1.440710481876E-01      5.632318299115E-02
   13.800000      1.398740414478E-01      5.455975114533E-02
   13.900000      1.365281534579E-01      5.300389565225E-02
   14.000000      1.343967894895E-01      5.184157130576E-02
   14.100000      1.334556710234E-01      5.112385371753E-02
   14.200000      1.333716658384E-01      5.077112921678E-02
   14.300000      1.336215131326E-01      5.060619020034E-02
   14.400000      1.336272555850E-01      5.041326727654E-02
   14.500000      1.329058190009E-01      5.001184141248E-02
   14.600000      1.312229416610E-01      4.932564517161E-02
   14.700000      1.287148380705E-01      4.842366713302E-02
   14.800000      1.259251621036E-01      4.751505558229E-02
   14.900000      1.237153762453E-01      4.689335008015E-02
   15.000000      1.230259566933E-01      4.684295671894E-02
   15.100000      1.245045924725E-01      4.753569856190E-02
   15.200000      1.281537615147E-01      4.895193641978E-02
   15.300000      1.332597075023E-01      5.085620479404E-02
   15.400000      1.386375564835E-01      5.284194650544E-02
   15.500000      1.430033646736E-01      5.443761182782E-02
   15.600000      1.453234295923E-01      5.524403769725E-02
   15.700000      1.450740348701E-01      5.505898941368E-02
   15.800000      1.423742970283E-01      5.394559182411E-02
   15.900000      1.379694045110E-01      5.221840994457E-02
   16.000000      1.330582094053E-01      5.034875303678E-02
   16.100000      1.289724891165E-01      4.881907122561E-02
   16.200000      1.267436071771E-01      4.797428990050E-02
   16.300000      1.267196217058E-01      4.791892762595E-02
   16.400000      1.284737980340E-01      4.849283846482E-02
   16.500000      1.310265081564E-01      4.933144098452E-02
   16.600000      1.332164573253E-01      4.998779727263E-02
   16.700000      1.340626250950E-01      5.007357066112E-02
   16.800000      1.330144417135E-01      4.937068370411E-02
   16.900000      1.300431553449E-01      4.787730499516E-02
   17.000000      1.255755379498E-01      4.577641900602E-02
   17.100000      1.202995577909E-01      4.334359304211E-02
   17.200000      1.148874856096E-01      4.083203354130E-02
   17.300000      1.097066387842E-01      3.837970465024E-02
   17.400000      1.046695435318E-01      3.597310010764E-02
   17.500000      9.933983939511E-02      3.347959953652E-02
   17.600000      9.319160769351E-02      3.073405416413E-02
   17.700000      8.588871818269E-02      2.764522470015E-02
   17.800000      7.751142268927E-02      2.428121588289E-02
   17.900000      6.868239766531E-02      2.090195260137E-02
   18.000000      6.055904315158E-02      1.792662294553E-02
   18.100000      5.466617582015E-02      1.584639871893E-02
   18.200000      5.253195528079E-02      1.510932980584E-02
   18.300000      5.513531771967E-02      1.601062630034E-02
   18.400000      6.244531695111E-02      1.861771100404E-02
   18.500000      7.349426409960E-02      2.274828609891E-02
   18.600000      8.681627378203E-02      2.800472828053E-02
   18.700000      1.008402372555E-01      3.385308555335E-02
   18.800000      1.141610060221E-01      3.972385049663E-02
   18.900000      1.257085914571E-01      4.510808478780E-02
   19.000000      1.348272952443E-01      4.962740762842E-02
   19.100000      1.412762387972E-01      5.306723270554E-02
   19.200000      1.451663060025E-01      5.537454227722E-02
   19.300000      1.468537101803E-01      5.663007443612E-02
   19.400000      1.468230763459E-01      5.700818930383E-02
   19.500000      1.456026557170E-01      5.673628097362E-02
   19.600000      1.437280562816E-01      5.606094329129E-02
   19.700000      1.417247262978E-01      5.522219351464E-02
   19.800000      1.400608914853E-01      5.443233493859E-02
   19.900000      1.390702285364E-01      5.385476877364E-02
   20.000000      1.388941151447E-01      5.358105660359E-02
   20.100000      1.394545081445E-01      5.361022780727E-02
   20.200000      1.404525044632E-01      5.383938049830E-02
   20.300000      1.414047304443E-01      5.407572743234E-02
   20.400000      1.417223334894E-01      5.407586334386E-02
   20.500000      1.408377471430E-01      5.360914839310E-02
   20.600000      1.383704269752E-01      5.253175472188E-02
   20.700000      1.342842055058E-01      5.085012526643E-02
   20.800000      1.289833182365E-01      4.875102655546E-02
   20.900000      1.233130504516E-01      4.658204350074E-02
   21.000000      1.184440585847E-01      4.478040175574E-02
   21.100000      1.156234403252E-01      4.376525465488E-02
   21.200000      1.157917816602E-01      4.382270821601E-02
   21.300000      1.191837725693E-01      4.501804856580E-02
   21.400000      1.251479186568E-01      4.716337121344E-02
   21.500000      1.323766461236E-01      4.985301436382E-02
   21.600000      1.393692991930E-01      5.255904428845E-02
   21.700000      1.448167943598E-01      5.476071870271E-02
   21.800000      1.478512213716E-01      5.607085619384E-02
   21.900000      1.481698052549E-01      5.632217317470E-02
   22.000000      1.460334097751E-01      5.558888702671E-02
   22.100000      1.421497648392E-01      5.414000993034E-02
   22.200000      1.374658882549E-01      5.234334581145E-02
   22.300000      1.329117274311E-01      5.055428740464E-02
   22.400000      1.291630147200E-01      4.902507910808E-02
   22.500000      1.265090228018E-01      4.785857413328E-02
   22.600000      1.248715054241E-01      4.701197530538E-02
   22.700000      1.239212855608E-01      4.633905222272E-02
   22.800000      1.232044294277E-01      4.564996153797E-02
   22.900000      1.222332994227E-01      4.476762011348E-02
   23.000000      1.205657944224E-01      4.356633181713E-02
   23.100000      1.179014847536E-01      4.198797419182E-02
   23.200000      1.141332617099E-01      4.003940867703E-02
   23.300000      1.093409979583E-01      3.777906224805E-02
   23.400000      1.037615261152E-01      3.530024183491E-02
   23.500000      9.774427881632E-02      3.271542553412E-02
   23.600000      9.167937213690E-02      3.014239492710E-02
   23.700000      8.590082752790E-02      2.769175532524E-02
   23.800000      8.062508099232E-02      2.545641414584E-02
   23.900000      7.596566637860E-02      2.350570243523E-02
   24.000000      7.199488277398E-02      2.188823560880E-02
   24.100000      6.881539464320E-02      2.064666896324E-02
   24.200000      6.662395741850E-02      1.984322288178E-02
   24.300000      6.575559499357E-02      1.958783344481E-02
   24.400000      6.668513650916E-02      2.005409916623E-02
   24.500000      6.994785825256E-02      2.146665692665E-02
   24.600000      7.598241007239E-02      2.405082963496E-02
   24.700000      8.498584163262E-02      2.795043449404E-02
   24.800000      9.677948467553E-02      3.313647190847E-02
   24.900000      1.106926669556E-01      3.933989285965E-02
   25.000000      1.255323034566E-01      4.604004575442E-02
   25.100000      1.396933245277E-01      5.252610679345E-02
   25.200000      1.514701131255E-01      5.802601914295E-02
   25.300000      1.594543089950E-01      6.187348684233E-02
   25.400000      1.628391614080E-01      6.366678839730E-02
   25.500000      1.615776745413E-01      6.337076624717E-02
   25.600000      1.563982334931E-01      6.132817143765E-02
   25.700000      1.486821435049E-01      5.817467730299E-02
   25.800000      1.402111375153E-01      5.468306781011E-02
   25.900000      1.328094526909E-01      5.158395996329E-02
   26.000000      1.279190631833E-01      4.941446289560E-02
   26.100000      1.261729776006E-01      4.843211285233E-02
   26.200000      1.272872849724E-01      4.860671430770E-02
   26.300000      1.303944873513E-01      4.967799530878E-02
   26.400000      1.344253373337E-01      5.125077822234E-02
   26.500000      1.383803239844E-01      5.289531176848E-02
   26.600000      1.414789203295E-01      5.422740201035E-02
   26.700000      1.431949427091E-01      5.495672182082E-02
   26.800000      1.432169522432E-01      5.490629713946E-02
   26.900000      1.413975890192E-01      5.401581936181E-02
   27.000000      1.377633080695E-01      5.234228571700E-02
   27.100000      1.325916451493E-01      5.006366474014E-02
   27.200000      1.264911398067E-01      4.747949322421E-02
   27.300000      1.204183174478E-01      4.499379270617E-02
   27.400000      1.155831691059E-01      4.306640824979E-02
   27.500000      1.132134024658E-01      4.212991767286E-02
   27.600000      1.141896637446E-01      4.248599458714E-02
   27.700000      1.186843632677E-01      4.420955733277E-02
   27.800000      1.260339492507E-01      4.709395112986E-02
   27.900000      1.348855697923E-01      5.066257883698E-02
   28.000000      1.435373969191E-01      5.425375024478E-02
   28.100000      1.503383973025E-01      5.716218998980E-02
   28.200000      1.540189066381E-01      5.880077122265E-02
   28.300000      1.539106962252E-01      5.883702477989E-02
   28.400000      1.500456357954E-01      5.726473356205E-02
   28.500000      1.431273277215E-01      5.439013270690E-02
   28.600000      1.343780670269E-01      5.073846785433E-02
   28.700000      1.252748381106E-01      4.691066698806E-02
   28.800000      1.172057259157E-01      4.343325179904E-02
   28.900000      1.111155276409E-01      4.064328101319E-02
   29.000000      1.072701908191E-01      3.863586180756E-02
   29.100000      1.052529063340E-01      3.728089642538E-02
   29.200000      1.041874811732E-01      3.629583134588E-02
   29.300000      1.030842561753E-01      3.534795586741E-02
   29.400000      1.011411392092E-01      3.415564215274E-02
   29.500000      9.791998208286E-02      3.256226867390E-02
   29.600000      9.340806726056E-02      3.056709239161E-02
   29.700000      8.798321402558E-02      2.831081376273E-02
   29.800000      8.229961766824E-02      2.602633270059E-02
   29.900000      7.711566627582E-02      2.397370242163E-02
   30.000000      7.310165364076E-02      2.238030904717E-02
   30.100000      7.070106814938E-02      2.140279131942E-02
   30.200000      7.008767495261E-02      2.111821127358E-02
   30.300000      7.120587177306E-02      2.154162555205E-02
   30.400000      7.388515069856E-02      2.265861666787E-02
   30.500000      7.797006571401E-02      2.445694661313E-02
   30.600000      8.340065471709E-02      2.694256082029E-02
   30.700000      9.021707859998E-02      3.013142809236E-02
   30.800000      9.848925297621E-02      3.401820641478E-02
   30.900000      1.081901286055E-01      3.853232315570E-02
   31.000000      1.190416321477E-01      4.349845439490E-02
   31.100000      1.303957872389E-01      4.861928171429E-02
   31.200000      1.412695541640E-01      5.349316778853E-02
   31.300000      1.505570062182E-01      5.766922770192E-02
   31.400000      1.572797673941E-01      6.073006627279E-02
   31.500000      1.607783776924E-01      6.238218053637E-02
   31.600000      1.608325067007E-01      6.252943078154E-02
   31.700000      1.577110022930E-01      6.130790135833E-02
   31.800000      1.521512953247E-01      5.907000870502E-02
   31.900000      1.452686867005E-01      5.631888922224E-02
   32.000000      1.383943223785E-01      5.360723384511E-02
   32.100000      1.328392571398E-01      5.142439097650E-02
   32.200000      1.295968135048E-01      5.009896566082E-02
   32.300000      1.290431544642E-01      4.973994634927E-02
   32.400000      1.307990506210E-01      5.022873574347E-02
   32.500000      1.339115306040E-01      5.126108934280E-02
   32.600000      1.372172231347E-01      5.242643292714E-02
   32.700000      1.396570242907E-01      5.330524018344E-02
   32.800000      1.404764755178E-01      5.356336993298E-02
   32.900000      1.393286871067E-01      5.302429655526E-02
   33.000000      1.362997082171E-01      5.170508916615E-02
   33.100000      1.318715713900E-01      4.980948780147E-02
   33.200000      1.268354701019E-01      4.768070424630E-02
   33.300000      1.221649896838E-01      4.572554884991E-02
   33.400000      1.188496561388E-01      4.432744048445E-02
   33.500000      1.176814413299E-01      4.376713885558E-02
   33.600000      1.190176508117E-01      4.416700312976E-02
   33.700000      1.226298229094E-01      4.546889175713E-02
   33.800000      1.277810635066E-01      4.744895352245E-02
   33.900000      1.334808869411E-01      4.976520623992E-02
   34.000000      1.387459758631E-01      5.202666100981E-02
   34.100000      1.427853192892E-01      5.386753310803E-02
   34.200000      1.450971750302E-01      5.500910549224E-02
   34.300000      1.454819266864E-01      5.529625101511E-02
   34.400000      1.439897328389E-01      5.470407001300E-02
   34.500000      1.408489292051E-01      5.331904304625E-02
   34.600000      1.364149100606E-01      5.130498168176E-02
   34.700000      1.311295098139E-01      4.886522321625E-02
   34.800000      1.254662603749E-01      4.620960376153E-02
   34.900000      1.198479382125E-01      4.352980277443E-02
   35.000000      1.145748132307E-01      4.098200434452E-02
   35.100000      1.098196071065E-01      3.867340215605E-02
   35.200000      1.056423554155E-01      3.664999151662E-02
   35.300000      1.019854680104E-01      3.488703389773E-02
   35.400000      9.865446705446E-02      3.328842523548E-02
   35.500000      9.530878689850E-02      3.170357277541E-02
   35.600000      9.151374927732E-02      2.996737207974E-02
   35.700000      8.689257442807E-02      2.796005491638E-02
   35.800000      8.132861296575E-02      2.567213751641E-02
   35.900000      7.513636035870E-02      2.325112462750E-02
   36.000000      6.914001835011E-02      2.100660323830E-02
   36.100000      6.459659665716E-02      1.936114623433E-02
   36.200000      6.288643010425E-02      1.875309751626E-02
   36.300000      6.498943984904E-02      1.951655711421E-02
   36.400000      7.106678308558E-02      2.177552510732E-02
   36.500000      8.042557599144E-02      2.538802908971E-02
   36.600000      9.176994368517E-02      2.996217209170E-02
   36.700000      1.035517426062E-01      3.494398047997E-02
   36.800000      1.143304489743E-01      3.975362029616E-02
   36.900000      1.230770462484E-01      4.392924245186E-02
   37.000000      1.293619205846E-01      4.723266649056E-02
   37.100000      1.333933859813E-01      4.968179840933E-02
   37.200000      1.359027203326E-01      5.149931789800E-02
   37.300000      1.378906931380E-01      5.299748554286E-02
   37.400000      1.402587252581E-01      5.444261387346E-02
   37.500000      1.433982431745E-01      5.594945358239E-02
   37.600000      1.470011735346E-01      5.744272961880E-02
   37.700000      1.502828768663E-01      5.869646163194E-02
   37.800000      1.523782699413E-01      5.943270919402E-02
   37.900000      1.526746236712E-01      5.944065423000E-02
   38.000000      1.510145505748E-01      5.867093065955E-02
   38.100000      1.477493938492E-01      5.727010563311E-02
   38.200000      1.436389405224E-01      5.554258929111E-02
   38.300000      1.396214022893E-01      5.385426369468E-02
   38.400000      1.365150551995E-01      5.251385347147E-02
   38.500000      1.347457041787E-01      5.167600508588E-02
   38.600000      1.342060406759E-01      5.130102638118E-02
   38.700000      1.343242983294E-01      5.118413113933E-02
   38.800000      1.343225570628E-01      5.104095450521E-02
   38.900000      1.335358919664E-01      5.061629010615E-02
   39.000000      1.316527234060E-01      4.977662898864E-02
   39.100000      1.288094575807E-01      4.855572673841E-02
   39.200000      1.255281527240E-01      4.714172801060E-02
   39.300000      1.225318930381E-01      4.581598576916E-02
   39.400000      1.205221293800E-01      4.486893683125E-02
   39.500000      1.199941142196E-01      4.452206596332E-02
   39.600000      1.211375448927E-01      4.487751365687E-02
   39.700000      1.238217654583E-01      4.590336851385E-02
   39.800000      1.276436583615E-01      4.744984669671E-02
   39.900000      1.320204463065E-01      4.928433237652E-02
   40.000000      1.363024156051E-01      5.113288185792E-02
   40.100000      1.398776507987E-01      5.272004042312E-02
   40.200000      1.422494575987E-01      5.380382688284E-02
   40.300000      1.430825653383E-01      5.420541952380E-02
   40.400000      1.422284240917E-01      5.383264665714E-02
   40.500000      1.397397902789E-01      5.269424231226E-02
   40.600000      1.358685597799E-01      5.090018036119E-02
   40.700000      1.310317729595E-01      4.864390011836E-02
   40.800000      1.257456635955E-01      4.616546028890E-02
   40.900000      1.205357360576E-01      4.370018978497E-02
   41.000000      1.158201763496E-01      4.142381000390E-02
   41.100000      1.117837554292E-01      3.940969787898E-02
   41.200000      1.082974329347E-01      3.761381050240E-02
   41.300000      1.049478091622E-01      3.589595273703E-02
   41.400000      1.011882772878E-01      3.407396743241E-02
   41.500000      9.654898273135E-02      3.199493542380E-02
   41.600000      9.082228025893E-02      2.960044192212E-02
   41.700000      8.417350549062E-02      2.696473124790E-02
   41.800000      7.716186345412E-02      2.429410172515E-02
   41.900000      7.067364402508E-02      2.188881968447E-02
   42.000000      6.576735790154E-02      2.008012303202E-02
   42.100000      6.340950322272E-02      1.916102207469E-02
   42.200000      6.414859525875E-02      1.932933922495E-02
   42.300000      6.797111128552E-02      2.065561132022E-02
   42.400000      7.444214289173E-02      2.307958689253E-02
   42.500000      8.291504039888E-02      2.643040395298E-02
   42.600000      9.267187245595E-02      3.046011315736E-02
   42.700000      1.029913489353E-01      3.487953243120E-02
   42.800000      1.131802330175E-01      3.938903438974E-02
   42.900000      1.226026790680E-01      4.370262469162E-02
   43.000000      1.307222557121E-01      4.756850557096E-02
   43.100000      1.371532286476E-01      5.079047728126E-02
   43.200000      1.417088278964E-01      5.325105448280E-02
   43.300000      1.444306971518E-01      5.493096405902E-02
   43.400000      1.455839214895E-01      5.591497684562E-02
   43.500000      1.456099889561E-01      5.637491938231E-02
   43.600000      1.450425081952E-01      5.652820472214E-02
   43.700000      1.444014300654E-01      5.658097750300E-02
   43.800000      1.440834940511E-01      5.667316635100E-02
   43.900000      1.442620778514E-01      5.684381507489E-02
   44.000000      1.448232532207E-01      5.702855059428E-02
   44.100000      1.453946871300E-01      5.709032872961E-02
   44.200000      1.454880052398E-01      5.687416555634E-02
   44.300000      1.446925419833E-01      5.626937850790E-02
   44.400000      1.428427868326E-01      5.525999250076E-02
   44.500000      1.401051376543E-01      5.394586317880E-02
   44.600000      1.369567343183E-01      5.252425439780E-02
   44.700000      1.340551832133E-01      5.123359828574E-02
   44.800000      1.320163389560E-01      5.027497601982E-02
   44.900000      1.311519496366E-01      4.973726961690E-02
   45.000000      1.312978368862E-01      4.955399768937E-02
   45.100000      1.318500014085E-01      4.951169681736E-02
   45.200000      1.319783432655E-01      4.931354932337E-02
   45.300000      1.309206595751E-01      4.868290433396E-02
   45.400000      1.282580617717E-01      4.747552848600E-02
   45.500000      1.241021710629E-01      4.576246202384E-02
   45.600000      1.191622715610E-01      4.385081963755E-02
   45.700000      1.146652887856E-01      4.222747733008E-02
   45.800000      1.120998671971E-01      4.143512123106E-02
   45.900000      1.127898336098E-01      4.191294976956E-02
   46.000000      1.173904106710E-01      4.384730676836E-02
   46.100000      1.254732191067E-01      4.707691748093E-02
   46.200000      1.355034886385E-01      5.108444221457E-02
   46.300000      1.453586046499E-01      5.508461223016E-02
   46.400000      1.529198289017E-01      5.819356224696E-02
   46.500000      1.564985636180E-01      5.963923835619E-02
   46.600000      1.551237942000E-01      5.895616614335E-02
   46.700000      1.486982810157E-01      5.610725147659E-02
   46.800000      1.380171412989E-01      5.149427211886E-02
   46.900000      1.246471196622E-01      4.585255834445E-02
   47.000000      1.106713775241E-01      4.006179515834E-02
   47.100000      9.829861546069E-02      3.492998606079E-02
   47.200000      8.930984782504E-02      3.101273094917E-02
   47.300000      8.441855529169E-02      2.851514943244E-02
   47.400000      8.302045756579E-02      2.729614981590E-02
   47.500000      8.370377273131E-02      2.696397933749E-02
   47.600000      8.494164271039E-02      2.702677909005E-02
   47.700000      8.554744260482E-02      2.704871503263E-02
   47.800000      8.491440654837E-02      2.676492948030E-02
   47.900000      8.307335260419E-02      2.612650830845E-02
   48.000000      8.058366013258E-02      2.527356369256E-02
   48.100000      7.827808915936E-02      2.445958137918E-02
   48.200000      7.692874245807E-02      2.396293521248E-02
   48.300000      7.701961591663E-02      2.401760387776E-02
   48.400000      7.876143316405E-02      2.477885420904E-02
   48.500000      8.222065279562E-02      2.632082638041E-02
   48.600000      8.741456285128E-02      2.865085251713E-02
   48.700000      9.432172041461E-02      3.172373433787E-02
   48.800000      1.027947280230E-01      3.544579620122E-02
   48.900000      1.124348348396E-01      3.966814529285E-02
   49.000000      1.225985333854E-01      4.417675861416E-02
   49.100000      1.325199115884E-01      4.869129039331E-02
   49.200000      1.414090917907E-01      5.288356950707E-02
   49.300000      1.485466095700E-01      5.642015186629E-02
   49.400000      1.533912955740E-01      5.902245677586E-02
   49.500000      1.556819328891E-01      6.052738253390E-02
   49.600000      1.555010019830E-01      6.092686789055E-02
   49.700000      1.532738139821E-01      6.037037771159E-02
   49.800000      1.496878529939E-01      5.912797478309E-02
   49.900000      1.455359894349E-01      5.752668050249E-02
   50.000000      1.415409260914E-01      5.588154344790E-02
   50.100000      1.382514772467E-01      5.444147835290E-02
   50.200000      1.360159554424E-01      5.336064471455E-02
   50.300000      1.349767217715E-01      5.269491802294E-02
   50.400000      1.350506750808E-01      5.241559811071E-02
   50.500000      1.359139134502E-01      5.243108440660E-02
   50.600000      1.371076035316E-01      5.261011530758E-02
   50.700000      1.381847348575E-01      5.280393736416E-02
   50.800000      1.387790503878E-01      5.286704629707E-02
   50.900000      1.386303764673E-01      5.267654474255E-02
   51.000000      1.376005765927E-01      5.214947776079E-02
   51.100000      1.356871071390E-01      5.125645512173E-02
   51.200000      1.330171963256E-01      5.002884592495E-02
   51.300000      1.298107509078E-01      4.855647860134E-02
   51.400000      1.263474171055E-01      4.697413456614E-02
   51.500000      1.229472981387E-01      4.543867154895E-02
   51.600000      1.199451086408E-01      4.410308863067E-02
   51.700000      1.176589033078E-01      4.309635325189E-02
   51.800000      1.163665002856E-01      4.251574453969E-02
   51.900000      1.162876357377E-01      4.243183093508E-02
   52.000000      1.175483010669E-01      4.289825315868E-02
   52.100000      1.201534293490E-01      4.395397526888E-02
   52.200000      1.240206283113E-01      4.560789750901E-02
   52.300000      1.289891853177E-01      4.780448967708E-02
   52.400000      1.347480901601E-01      5.038075757037E-02
   52.500000      1.407301082487E-01      5.303418303296E-02
   52.600000      1.460435765376E-01      5.532378455508E-02
   52.700000      1.495341685494E-01      5.671987959808E-02
   52.800000      1.500072121709E-01      5.670316860326E-02
   52.900000      1.465189518906E-01      5.489432437316E-02
   53.000000      1.386390606030E-01      5.117824776123E-02
   53.100000      1.266311028894E-01      4.578052974835E-02
   53.200000      1.115217437045E-01      3.926282423804E-02
   53.300000      9.503963882492E-02      3.242776147185E-02
   53.400000      7.940463110313E-02      2.615429202043E-02
   53.500000      6.691189456178E-02      2.120860353875E-02
   53.600000      5.924267310147E-02      1.808414136894E-02
   53.700000      5.684344167899E-02      1.691439339086E-02
   53.800000      5.897218967220E-02      1.747909455995E-02
   53.900000      6.420480107834E-02      1.929703960656E-02
   54.000000      7.093270101519E-02      2.177494451285E-02
   54.100000      7.775471823955E-02      2.436778825527E-02
   54.200000      8.374347677908E-02      2.670533719712E-02
   54.300000      8.856377160545E-02      2.865240362691E-02
   54.400000      9.243871073773E-02      3.029289558305E-02
   54.500000      9.596678660762E-02      3.185224321764E-02
   54.600000      9.983687557018E-02      3.359068910720E-02
   54.700000      1.045386828387E-01      3.570516905217E-02
   54.800000      1.102001403567E-01      3.826917792800E-02
   54.900000      1.166032757970E-01      4.122251374193E-02
   55.000000      1.233109363533E-01      4.440375322078E-02
   55.100000      1.298197281498E-01      4.760521806041E-02
   55.200000      1.356880511868E-01      5.062713946884E-02
   55.300000      1.406189335312E-01      5.331391621588E-02
   55.400000      1.444899126643E-01      5.556621948164E-02
   55.500000      1.473279752305E-01      5.733290548039E-02
   55.600000      1.492389606749E-01      5.859286837507E-02
   55.700000      1.503227728026E-01      5.933829401106E-02
   55.800000      1.506163276938E-01      5.956798274511E-02
   55.900000      1.500968444345E-01      5.929375003988E-02
   56.000000      1.487400369954E-01      5.855616503639E-02
   56.100000      1.465955051977E-01      5.744055637426E-02
   56.200000      1.438478340691E-01      5.608278071247E-02
   56.300000      1.408289064051E-01      5.465767163417E-02
   56.400000      1.379628341447E-01      5.334998878694E-02
   56.500000      1.356593114165E-01      5.231508379113E-02
   56.600000      1.341924163548E-01      5.164138605161E-02
   56.700000      1.336091011674E-01      5.132735275859E-02
   56.800000      1.337088874375E-01      5.128142466558E-02
   56.900000      1.341147703918E-01      5.134604227008E-02
   57.000000      1.344034981378E-01      5.133861154745E-02
   57.100000      1.342270363544E-01      5.109684472813E-02
   57.200000      1.333721862777E-01      5.051551254791E-02
   57.300000      1.317608593508E-01      4.956612818700E-02
   57.400000      1.294448845707E-01      4.829774342567E-02
   57.500000      1.266070426574E-01      4.682260435145E-02
   57.600000      1.235391058642E-01      4.529315852643E-02
   57.700000      1.205989471989E-01      4.387712239780E-02
   57.800000      1.181592663209E-01      4.273607050700E-02
   57.900000      1.165538017463E-01      4.201075950986E-02
   58.000000      1.160305799199E-01      4.181306483866E-02
   58.100000      1.167410794415E-01      4.222061440029E-02
   58.200000      1.187654932978E-01      4.326799721301E-02
   58.300000      1.221188681002E-01      4.493007899139E-02
   58.400000      1.266961420089E-01      4.709872353762E-02
   58.500000      1.321547259733E-01      4.956135378530E-02
   58.600000      1.378215883246E-01      5.199413199560E-02
   58.700000      1.427507223456E-01      5.398136029422E-02
   58.800000      1.458828504537E-01      5.506622765138E-02
   58.900000      1.462178071122E-01      5.482862414508E-02
   59.000000      1.429882070582E-01      5.297614166432E-02
   59.100000      1.358255820248E-01      4.942698609821E-02
   59.200000      1.248864364335E-01      4.436090012026E-02
   59.300000      1.109099488362E-01      3.821886379133E-02
   59.400000      9.519309924292E-02      3.164482017524E-02
   59.500000      7.947637479715E-02      2.537945270254E-02
   59.600000      6.573189612842E-02      2.013040965302E-02
   59.700000      5.582713188055E-02      1.644940231232E-02
   59.800000      5.104499108724E-02      1.464294212043E-02
   59.900000      5.163830567004E-02      1.473343485043E-02
   60.000000      5.680638651256E-02      1.647556248826E-02
   60.100000      6.509264659292E-02      1.942220133665E-02
   60.200000      7.483642552645E-02      2.302532666195E-02
   60.300000      8.453538074222E-02      2.675089937803E-02
   60.400000      9.309755993259E-02      3.018383486734E-02
   60.500000      9.996546956460E-02      3.310105820517E-02
   60.600000      1.051298625239E-01      3.549735804872E-02
   60.700000      1.090645951361E-01      3.755882788836E-02
   60.800000      1.125898926695E-01      3.959002399061E-02
   60.900000      1.166579785915E-01      4.191141117600E-02
   61.000000      1.220571394187E-01      4.475109675797E-02
   61.100000      1.290612394725E-01      4.815746206649E-02
   61.200000      1.372175869096E-01      5.195618616747E-02
   61.300000      1.454953484050E-01      5.576655638383E-02
   61.400000      1.526221988619E-01      5.907889206355E-02
   61.500000      1.574074638967E-01      6.137906678115E-02
   61.600000      1.590166027961E-01      6.229059983424E-02
   61.700000      1.571782648704E-01      6.169459971823E-02
   61.800000      1.522967638145E-01      5.978851260926E-02
   61.900000      1.454454781022E-01      5.705901489368E-02
   62.000000      1.382156119717E-01      5.416977792500E-02
   62.100000      1.323798995434E-01      5.179286748102E-02
   62.200000      1.293547369701E-01      5.043263228952E-02
   62.300000      1.296694294592E-01      5.029524083278E-02
   62.400000      1.328014920172E-01      5.124379784004E-02
   62.500000      1.374476170087E-01      5.285262267353E-02
   62.600000      1.420224847150E-01      5.454317992070E-02
   62.700000      1.451395336704E-01      5.575812239294E-02
   62.800000      1.459450687769E-01      5.611772218400E-02
   62.900000      1.442734265702E-01      5.550956236174E-02
   63.000000      1.406217593847E-01      5.408624965258E-02
   63.100000      1.359560173843E-01      5.217873303053E-02
   63.200000      1.313684340163E-01      5.016223909701E-02
   63.300000      1.276518604187E-01      4.832670118688E-02
   63.400000      1.250171253987E-01      4.679861871110E-02
   63.500000      1.231476758278E-01      4.553912410867E-02
   63.600000      1.214825794812E-01      4.441259165908E-02
   63.700000      1.195435541751E-01      4.329297895064E-02
   63.800000      1.171927985520E-01      4.216127532267E-02
   63.900000      1.147561126414E-01      4.115194963004E-02
   64.000000      1.129721281517E-01      4.052726787083E-02
   64.100000      1.127502816073E-01      4.058749975020E-02
   64.200000      1.147816265984E-01      4.155070160725E-02
   64.300000      1.191817528511E-01      4.344773005109E-02
   64.400000      1.253693958613E-01      4.607204843619E-02
   64.500000      1.322280830250E-01      4.900299561592E-02
   64.600000      1.384318122193E-01      5.169451606708E-02
   64.700000      1.427663949336E-01      5.359941340544E-02
   64.800000      1.443578067294E-01      5.428960717941E-02
   64.900000      1.427880891734E-01      5.353783599954E-02
   65.000000      1.381030428799E-01      5.134248841816E-02
   65.100000      1.307289162439E-01      4.789790637508E-02
   65.200000      1.213301950502E-01      4.352979000941E-02
   65.300000      1.106561633309E-01      3.862307292657E-02
   65.400000      9.943247239450E-02      3.356555003761E-02
   65.500000      8.833621257583E-02      2.871742081173E-02
   65.600000      7.803929998703E-02      2.440167586370E-02
   65.700000      6.925417904063E-02      2.090061220936E-02
   65.800000      6.272243424588E-02      1.844413267913E-02
   65.900000      5.912282974244E-02      1.718471792830E-02
   66.000000      5.889211650638E-02      1.716631007928E-02
   66.100000      6.198865805598E-02      1.830292579613E-02
   66.200000      6.776288667012E-02      2.038317915837E-02
   66.300000      7.516165817715E-02      2.310876251429E-02
   66.400000      8.310828176355E-02      2.616170937054E-02
   66.500000      9.078252069514E-02      2.928232613803E-02
   66.600000      9.776457328835E-02      3.233243662572E-02
   66.700000      1.040669018251E-01      3.532060688981E-02
   66.800000      1.100662120035E-01      3.837747503274E-02
   66.900000      1.163446912174E-01      4.168638835755E-02
   67.000000      1.234524889843E-01      4.539067920057E-02
   67.100000      1.316372340681E-01      4.950764289743E-02
   67.200000      1.406491348627E-01      5.387737577118E-02
   67.300000      1.497275638484E-01      5.816344988415E-02
   67.400000      1.577785443310E-01      6.190675201797E-02
   67.500000      1.636476262101E-01      6.461919970276E-02
   67.600000      1.663855364874E-01      6.589432421813E-02
   67.700000      1.654499330255E-01      6.550840635929E-02
   67.800000      1.608257279626E-01      6.348870753346E-02
   67.900000      1.530654189804E-01      6.013296274089E-02
   68.000000      1.432563155832E-01      5.597457151734E-02
   68.100000      1.329206695035E-01      5.169856447644E-02
   68.200000      1.238302347095E-01      4.802272963498E-02
   68.300000      1.176828614388E-01      4.556528650384E-02
   68.400000      1.156898573184E-01      4.472439941826E-02
   68.500000      1.181751702104E-01      4.559452790008E-02
   68.600000      1.243944463566E-01      4.793915910658E-02
   68.700000      1.328028129397E-01      5.122902380404E-02
   68.800000      1.415273635902E-01      5.474127439813E-02
   68.900000      1.487659282901E-01      5.770131522470E-02
   69.000000      1.530779487437E-01      5.943832194394E-02
   69.100000      1.535799359143E-01      5.952081018907E-02
   69.200000      1.500515076308E-01      5.784176496303E-02
   69.300000      1.429544664015E-01      5.463400120598E-02
   69.400000      1.333651374983E-01      5.041332085758E-02
   69.500000      1.228214023087E-01      4.586489736747E-02
   69.600000      1.130786843173E-01      4.170145289249E-02
   69.700000      1.057422106987E-01      3.852627146965E-02
   69.800000      1.018333926763E-01      3.672966484029E-02
   69.900000      1.015995997434E-01      3.643704680437E-02
   70.000000      1.046342826630E-01      3.751396689553E-02
   70.100000      1.100937011126E-01      3.962111045839E-02
   70.200000      1.168650209894E-01      4.230235215030E-02
   70.300000      1.237371586862E-01      4.508322075247E-02
   70.400000      1.296702825825E-01      4.755693265700E-02
   70.500000      1.339917689648E-01      4.944045657320E-02
   70.600000      1.364298378219E-01      5.059218347707E-02
   70.700000      1.370496745343E-01      5.099309251358E-02
   70.800000      1.361359657890E-01      5.070233014821E-02
   70.900000      1.340458533598E-01      4.980388239243E-02
   71.000000      1.310452798639E-01      4.836212287840E-02
   71.100000      1.271697962757E-01      4.639999248296E-02
   71.200000      1.222438565117E-01      4.390543745897E-02
   71.300000      1.160338395867E-01      4.086207842810E-02
   71.400000      1.084102396197E-01      3.729212342475E-02
   71.500000      9.947396637384E-02      3.329578523742E-02
   71.600000      8.961770625899E-02      2.907279983577E-02
   71.700000      7.950103966052E-02      2.491726689522E-02
   71.800000      6.996764851719E-02      2.118502038715E-02
   71.900000      6.196659042075E-02      1.824075889258E-02
   72.000000      5.647179088071E-02      1.639805292028E-02
   72.100000      5.437463773323E-02      1.586743045191E-02
   72.200000      5.631143233736E-02      1.672517149916E-02
   72.300000      6.225159029657E-02      1.890871036681E-02
   72.400000      7.129526689825E-02      2.223594371775E-02
   72.500000      8.227738222241E-02      2.643893197734E-02
   72.600000      9.411562883295E-02      3.120070407190E-02
   72.700000      1.058823001809E-01      3.618772953248E-02
   72.800000      1.168229415021E-01      4.107723883144E-02
   72.900000      1.263646839347E-01      4.558328740170E-02
   73.000000      1.341367555067E-01      4.948498965932E-02
   73.100000      1.400106679476E-01      5.265505883449E-02
   73.200000      1.441321295001E-01      5.508029960364E-02
   73.300000      1.468948884921E-01      5.686240239758E-02
   73.400000      1.488360147723E-01      5.818992593376E-02
   73.500000      1.505100703836E-01      5.928064867893E-02
   73.600000      1.523564257243E-01      6.030510770910E-02
   73.700000      1.545355385814E-01      6.131314912517E-02
   73.800000      1.567737928079E-01      6.219094905166E-02
   73.900000      1.583543048990E-01      6.267206525246E-02
   74.000000      1.583332642457E-01      6.241119568068E-02
   74.100000      1.558626660288E-01      6.110670509431E-02
   74.200000      1.504955477925E-01      5.863570966889E-02
   74.300000      1.424134654915E-01      5.515367355894E-02
   74.400000      1.325302488947E-01      5.111628160799E-02
   74.500000      1.224386342806E-01      4.720477337536E-02
   74.600000      1.141663717605E-01      4.416874400564E-02
   74.700000      1.097336437321E-01      4.262986673116E-02
   74.800000      1.105070808659E-01      4.290494157529E-02
   74.900000      1.163307629719E-01      4.490243218515E-02
   75.000000      1.254537206607E-01      4.812560716715E-02
   75.100000      1.354801607161E-01      5.178448600885E-02
   75.200000      1.441036745139E-01      5.498683068086E-02
   75.300000      1.495419628600E-01      5.695471164433E-02
   75.400000      1.507848176006E-01      5.720572377822E-02
   75.500000      1.476788223815E-01      5.565020333691E-02
   75.600000      1.408659471364E-01      5.258381479696E-02
   75.700000      1.316043627676E-01      4.858790545515E-02
   75.800000      1.215063138027E-01      4.437551916487E-02
   75.900000      1.122295470558E-01      4.063059319953E-02
   76.000000      1.051709659551E-01      3.788082492008E-02
   76.100000      1.012508492106E-01      3.642675335508E-02
   76.200000      1.008436931440E-01      3.632929516305E-02
   76.300000      1.037680016268E-01      3.744257432884E-02
   76.400000      1.092233237731E-01      3.947198695164E-02
   76.500000      1.159976046154E-01      4.203864779562E-02
   76.600000      1.229198879976E-01      4.473752979221E-02
   76.700000      1.290314187018E-01      4.718380858658E-02
   76.800000      1.336124629151E-01      4.904718770080E-02
   76.900000      1.361873635003E-01      5.007608146371E-02
   77.000000      1.365148081179E-01      5.011288795845E-02
   77.100000      1.345513845741E-01      4.909975671772E-02
   77.200000      1.303909342365E-01      4.707333412124E-02
   77.300000      1.242130653210E-01      4.414856208754E-02
   77.400000      1.162651232468E-01      4.049556373100E-02
   77.500000      1.068625085565E-01      3.631757465229E-02
   77.600000      9.639814951708E-02      3.183844306676E-02
   77.700000      8.537357861866E-02      2.730371235971E-02
   77.800000      7.445622524122E-02      2.299127621632E-02
   77.900000      6.452586326287E-02      1.922015153478E-02
   78.000000      5.665076805108E-02      1.634321013913E-02
   78.100000      5.197328005766E-02      1.471378988292E-02
   78.200000      5.150815152265E-02      1.462613843571E-02
   78.300000      5.583471127458E-02      1.624227972085E-02
   78.400000      6.473444331703E-02      1.952814667193E-02
   78.500000      7.709844034980E-02      2.422459970015E-02
   78.600000      9.131928454429E-02      2.987135927157E-02
   78.700000      1.057211490320E-01      3.588535686198E-02
   78.800000      1.188465273576E-01      4.167551029843E-02
   78.900000      1.296670049064E-01      4.676151006061E-02
   79.000000      1.377094362365E-01      5.086117791710E-02
   79.100000      1.430707346526E-01      5.392091013403E-02
   79.200000      1.463170079987E-01      5.608285070853E-02
   79.300000      1.482832191866E-01      5.760334388867E-02
   79.400000      1.498096535605E-01      5.875203177635E-02
   79.500000      1.514679213880E-01      5.972461436722E-02
   79.600000      1.533729025127E-01      6.059438181585E-02
   79.700000      1.552158718140E-01      6.131215010599E-02
   79.800000      1.564785417933E-01      6.174736940782E-02
   79.900000      1.566697672045E-01      6.175070215997E-02
   80.000000      1.554940174169E-01      6.121392538890E-02
   80.100000      1.529223777183E-01      6.010744377445E-02
   80.200000      1.491680323547E-01      5.848691576996E-02
   80.300000      1.445894188679E-01      5.647383026715E-02
   80.400000      1.395679326752E-01      5.422454985900E-02
   80.500000      1.344372146858E-01      5.190406761887E-02
   80.600000      1.295044026692E-01      4.967412806139E-02
   80.700000      1.251025045083E-01      4.769441751493E-02
   80.800000      1.216107590135E-01      4.612638514606E-02
   80.900000      1.194200856758E-01      4.512673733133E-02
   81.000000      1.188616054904E-01      4.482277915968E-02
   81.100000      1.201203522511E-01      4.527178729458E-02
   81.200000      1.231345951067E-01      4.641688035462E-02
   81.300000      1.274939290802E-01      4.805813599176E-02
   81.400000      1.323950291779E-01      4.985724429687E-02
   81.500000      1.367534975254E-01      5.138595875784E-02
   81.600000      1.394574446005E-01      5.221449224251E-02
   81.700000      1.396507800276E-01      5.202000535030E-02
   81.800000      1.369521156394E-01      5.068370944793E-02
   81.900000      1.315767285952E-01      4.834369892414E-02
   82.000000      1.243479509368E-01      4.538158439344E-02
   82.100000      1.165871287622E-01      4.234107215812E-02
   82.200000      1.098728356568E-01      3.979851019279E-02
   82.300000      1.056628239647E-01      3.822117351980E-02
   82.400000      1.048245758025E-01      3.785341625656E-02
   82.500000      1.072872139570E-01      3.866258547167E-02
   82.600000      1.120997030036E-01      4.035844856085E-02
   82.700000      1.178684515846E-01      4.247747940261E-02
   82.800000      1.232123174964E-01      4.450399693696E-02
   82.900000      1.270521139387E-01      4.599057654194E-02
   83.000000      1.287568773162E-01      4.664355888017E-02
   83.100000      1.281674689774E-01      4.635384241656E-02
   83.200000      1.255120950610E-01      4.517242375238E-02
   83.300000      1.212391132462E-01      4.324755438865E-02
   83.400000      1.158073923712E-01      4.075105127982E-02
   83.500000      1.094975182250E-01      3.782281921998E-02
   83.600000      1.023506170721E-01      3.455449624271E-02
   83.700000      9.430196815318E-02      3.101697663892E-02
   83.800000      8.541827670726E-02      2.731731703203E-02
   83.900000      7.611115191513E-02      2.365599859242E-02
   84.000000      6.725700869632E-02      2.035301791736E-02
   84.100000      6.016508437051E-02      1.782295524426E-02
   84.200000      5.631349211628E-02      1.649996663727E-02
   84.300000      5.683857703749E-02      1.673407805100E-02
   84.400000      6.207586625282E-02      1.869181693292E-02
   84.500000      7.150763441935E-02      2.229374450705E-02
   84.600000      8.396555483795E-02      2.721056286532E-02
   84.700000      9.790271085824E-02      3.292240095833E-02
   84.800000      1.117264826858E-01      3.882729481393E-02
   84.900000      1.241228475659E-01      4.436948389972E-02
   85.000000      1.342737396543E-01      4.915073565583E-02
   85.100000      1.419316309802E-01      5.299206137633E-02
   85.200000      1.473581749888E-01      5.592891221861E-02
   85.300000      1.511489399794E-01      5.814533760684E-02
   85.400000      1.539839474644E-01      5.987320712798E-02
   85.500000      1.563756253731E-01      6.129323842441E-02
   85.600000      1.585017307526E-01      6.247124121213E-02
   85.700000      1.601822279867E-01      6.334768707811E-02
   85.800000      1.610018732186E-01      6.377817129732E-02
   85.900000      1.605166624841E-01      6.360464732540E-02
   86.000000      1.584517726144E-01      6.272858332997E-02
   86.100000      1.548231082983E-01      6.115960060142E-02
   86.200000      1.499560351487E-01      5.902479601244E-02
   86.300000      1.444048753890E-01      5.653983427193E-02
   86.400000      1.388008061914E-01      5.395674184428E-02
   86.500000      1.336858241103E-01      5.150987223020E-02
   86.600000      1.294097784869E-01      4.937865305194E-02
   86.700000      1.261285362914E-01      4.767553809167E-02
   86.800000      1.238726921978E-01      4.645529327978E-02
   86.900000      1.226272749716E-01      4.573311302927E-02
   87.000000      1.223730210186E-01      4.549767003707E-02
   87.100000      1.230696153827E-01      4.571101033196E-02
   87.200000      1.245953813910E-01      4.629689966778E-02
   87.300000      1.266901731750E-01      4.712782938141E-02
   87.400000      1.289567868486E-01      4.802394505547E-02
   87.500000      1.309292040511E-01      4.877283355581E-02
   87.600000      1.321635112684E-01      4.916931837466E-02
   87.700000      1.323213150938E-01      4.906410696040E-02
   87.800000      1.312397598247E-01      4.840458606221E-02
   87.900000      1.289796116977E-01      4.725288056758E-02
   88.000000      1.258317525059E-01      4.577421049365E-02
   88.100000      1.222681494744E-01      4.419874854061E-02
   88.200000      1.188465370113E-01      4.276855585317E-02
   88.300000      1.160951478109E-01      4.168512456047E-02
   88.400000      1.144022674843E-01      4.107163370104E-02
   88.500000      1.139317877238E-01      4.095780240017E-02
   88.600000      1.145971811339E-01      4.128643196532E-02
   88.700000      1.161104493903E-01      4.193313353559E-02
   88.800000      1.180672106401E-01      4.272818451115E-02
   88.900000      1.200097845444E-01      4.347335827306E-02
   89.000000      1.214539169795E-01      4.395439125279E-02
   89.100000      1.219086295297E-01      4.395625776995E-02
   89.200000      1.209181924259E-01      4.328908052333E-02
   89.300000      1.181380720331E-01      4.182640799393E-02
   89.400000      1.134328692329E-01      3.954791665310E-02
   89.500000      1.069624597825E-01      3.657069534103E-02
   89.600000      9.921883300409E-02      3.315191483399E-02
   89.700000      9.098804425812E-02      2.965285887920E-02
   89.800000      8.322954900029E-02      2.646814207126E-02
   89.900000      7.688509703431E-02      2.393916514561E-02
   90.000000      7.265303829766E-02      2.228058066882E-02
   90.100000      7.079938240959E-02      2.154724064605E-02
   90.200000      7.111588700304E-02      2.165551990280E-02
   90.300000      7.310041049597E-02      2.245149302869E-02
   90.400000      7.626767228244E-02      2.379812070503E-02
   90.500000      8.040166072042E-02      2.564396205999E-02
   90.600000      8.562439789433E-02      2.804232142083E-02
   90.700000      9.228175715498E-02      3.111011716816E-02
   90.800000      1.007025588760E-01      3.494149941940E-02
   90.900000      1.109025019887E-01      3.951146635821E-02
   91.000000      1.223639536612E-01      4.461126355412E-02
   91.100000      1.340525126956E-01      4.984755313725E-02
   91.200000      1.446933796277E-01      5.471440427183E-02
   91.300000      1.531279339727E-01      5.871901491257E-02
   91.400000      1.586052720333E-01      6.151928075499E-02
   91.500000      1.609610045048E-01      6.302344983837E-02
   91.600000      1.606593095511E-01      6.341333374604E-02
   91.700000      1.586874300212E-01      6.307912830144E-02
   91.800000      1.563095816724E-01      6.248554932497E-02
   91.900000      1.546971184628E-01      6.201370645283E-02
   92.000000      1.544603591921E-01      6.183228525883E-02
   92.100000      1.552996506377E-01      6.184256289159E-02
   92.200000      1.561661621405E-01      6.171773107959E-02
   92.300000      1.557672394611E-01      6.102545571607E-02
   92.400000      1.530312531242E-01      5.939376051463E-02
   92.500000      1.474364878947E-01      5.666454967239E-02
   92.600000      1.391920558881E-01      5.298286280438E-02
   92.700000      1.292589951843E-01      4.879213054891E-02
   92.800000      1.192088955688E-01      4.473732526694E-02
   92.900000      1.109231418019E-01      4.150663370306E-02
   93.000000      1.061417659394E-01      3.965846144906E-02
   93.100000      1.059179280007E-01      3.948100484344E-02
   93.200000      1.101836429632E-01      4.091918191871E-02
   93.300000      1.177112938113E-01      4.358425395038E-02
   93.400000      1.265673454511E-01      4.684069837677E-02
   93.500000      1.347564295615E-01      4.994712170546E-02
   93.600000      1.406470913734E-01      5.221646489367E-02
   93.700000      1.431871189931E-01      5.315787581455E-02
   93.800000      1.419944092963E-01      5.256920146529E-02
   93.900000      1.373534411241E-01      5.056314665642E-02
   94.000000      1.301311980283E-01      4.752720823952E-02
   94.100000      1.216235270675E-01      4.403220100649E-02
   94.200000      1.133447941947E-01      4.071282593950E-02
   94.300000      1.067794034562E-01      3.814549978224E-02
   94.400000      1.031185613458E-01      3.674521952401E-02
   94.500000      1.030071525941E-01      3.669701886180E-02
   94.600000      1.063265459251E-01      3.793037840905E-02
   94.700000      1.121658973789E-01      4.013765730786E-02
   94.800000      1.191123022678E-01      4.283082568466E-02
   94.900000      1.256424666408E-01      4.542533708221E-02
   95.000000      1.304000434565E-01      4.733677472564E-02
   95.100000      1.323494878345E-01      4.807530629880E-02
   95.200000      1.308535695000E-01      4.732457623108E-02
   95.300000      1.257094437932E-01      4.499454984617E-02
   95.400000      1.171688540335E-01      4.124121490676E-02
   95.500000      1.059511760214E-01      3.644972398579E-02
   95.600000      9.323106529520E-02      3.118179573521E-02
   95.700000      8.056961206175E-02      2.609317683986E-02
   95.800000      6.974369675209E-02      2.183226877324E-02
   95.900000      6.240177617191E-02      1.893559270865E-02
   96.000000      5.961007689235E-02      1.773839881709E-02
   96.100000      6.159380379073E-02      1.831842653609E-02
   96.200000      6.773382653517E-02      2.048679437755E-02
   96.300000      7.672355176147E-02      2.383176273601E-02
   96.400000      8.694780154279E-02      2.780927219262E-02
   96.500000      9.690274971115E-02      3.186134291057E-02
   96.600000      1.054808756361E-01      3.553410980325E-02
   96.700000      1.121120325645E-01      3.856580476145E-02
   96.800000      1.167846346935E-01      4.092289832554E-02
   96.900000      1.199651359536E-01      4.277735868514E-02
   97.000000      1.224352613240E-01      4.443430719978E-02
   97.100000      1.250780526861E-01      4.623188331071E-02
   97.200000      1.286511076665E-01      4.844050284467E-02
   97.300000      1.335845369304E-01      5.118620983048E-02
   97.400000      1.398565349847E-01      5.441421236996E-02
   97.500000      1.470042493677E-01      5.789733928896E-02
   97.600000      1.542359872419E-01      6.128376213144E-02
   97.700000      1.605865499730E-01      6.417129261409E-02
   97.800000      1.651434526383E-01      6.619209773180E-02
   97.900000      1.672665101980E-01      6.709059715443E-02
   98.000000      1.667150229554E-01      6.677795027185E-02
   98.100000      1.636872657000E-01      6.534979115640E-02
   98.200000      1.587739355439E-01      6.306110617112E-02
   98.300000      1.528207131862E-01      6.026303027088E-02
   98.400000      1.467054329925E-01      5.731781243496E-02
   98.500000      1.410822264379E-01      5.451586650268E-02
   98.600000      1.362132296977E-01      5.201939027995E-02
   98.700000      1.319764789559E-01      4.984983295697E-02
   98.800000      1.280243226643E-01      4.792337296789E-02
   98.900000      1.240121376101E-01      4.612308262441E-02
   99.000000      1.198182759664E-01      4.438309245569E-02
   99.100000      1.156941656785E-01      4.275343905631E-02
   99.200000      1.122819796045E-01      4.141776990804E-02
   99.300000      1.104307837498E-01      4.065019964592E-02
   99.400000      1.108762451050E-01      4.071898651035E-02
   99.500000      1.139550586764E-01      4.176649105771E-02
   99.600000      1.193717877645E-01      4.370881993928E-02
   99.700000      1.261309825784E-01      4.619795050584E-02
   99.800000      1.327409395948E-01      4.867184087819E-02
   99.900000      1.376053845484E-01      5.048826829106E-02
  100.000000      1.394368068661E-01      5.110601744852E-02
