# M=18, N=9, V0=0.0, V=0.15, PBC
#  time (tJ)                 S₁(n=2)                 S₂(n=2)
    0.000000      2.664535259100E-15     -8.881784197001E-16
    0.100000      7.884330417003E-04      1.422107286433E-04
    0.200000      2.643758544079E-03      5.426474703629E-04
    0.300000      5.081110625130E-03      1.128863809681E-03
    0.400000      7.665049222167E-03      1.798908267865E-03
    0.500000      1.001443927368E-02      2.444167605285E-03
    0.600000      1.184418342066E-02      2.972328856091E-03
    0.700000      1.299533681330E-02      3.324770918493E-03
    0.800000      1.344392990544E-02      3.484569352908E-03
    0.900000      1.328740100897E-02      3.474094995141E-03
    1.000000      1.271257277134E-02      3.344011721712E-03
    1.100000      1.195209928572E-02      3.157503854867E-03
    1.200000      1.123598690252E-02      2.974288131222E-03
    1.300000      1.073897155395E-02      2.838340129129E-03
    1.400000      1.053510796620E-02      2.771658630102E-03
    1.500000      1.060217537200E-02      2.774418692016E-03
    1.600000      1.085905524348E-02      2.830156111389E-03
    1.700000      1.119981617973E-02      2.913624546555E-03
    1.800000      1.152354208430E-02      2.998815855521E-03
    1.900000      1.175622557011E-02      3.065190108123E-03
    2.000000      1.186072503807E-02      3.101097910644E-03
    2.100000      1.183657963727E-02      3.104331806637E-03
    2.200000      1.171319733426E-02      3.080443684222E-03
    2.300000      1.153909756349E-02      3.039794652649E-03
    2.400000      1.136726013931E-02      2.994294631203E-03
    2.500000      1.123857568905E-02      2.954563267913E-03
    2.600000      1.117519965566E-02      2.927941288274E-03
    2.700000      1.118001721515E-02      2.917503975777E-03
    2.800000      1.123705158841E-02      2.922021709883E-03
    2.900000      1.131877866542E-02      2.936678080441E-03
    3.000000      1.139638401079E-02      2.954278531173E-03
    3.100000      1.144662258957E-02      2.966649965250E-03
    3.200000      1.145426760647E-02      2.965942352274E-03
    3.300000      1.140547282658E-02      2.945599170426E-03
    3.400000      1.128182110518E-02      2.900861609392E-03
    3.500000      1.106757124076E-02      2.828798730095E-03
    3.600000      1.075258562314E-02      2.727988399899E-03
    3.700000      1.033182127133E-02      2.598080170972E-03
    3.800000      9.804982304236E-03      2.439518140019E-03
    3.900000      9.176094491181E-03      2.253664658271E-03
    4.000000      8.452927924835E-03      2.043440588711E-03
    4.100000      7.649493157087E-03      1.814408723758E-03
    4.200000      6.792055161270E-03      1.576023163588E-03
    4.300000      5.926308613379E-03      1.342609595273E-03
    4.400000      5.124055208361E-03      1.133583562499E-03
    4.500000      4.484177416618E-03      9.724883277222E-04
    4.600000      4.121356006619E-03      8.846432818621E-04
    4.700000      4.138367210424E-03      8.935087078732E-04
    4.800000      4.597327301946E-03      1.016234250041E-03
    4.900000      5.504695990871E-03      1.259185152493E-03
    5.000000      6.804074902127E-03      1.614441054485E-03
    5.100000      8.382994052072E-03      2.058256646040E-03
    5.200000      1.009326596911E-02      2.552217865040E-03
    5.300000      1.176959687258E-02      3.047336861909E-03
    5.400000      1.324599188250E-02      3.490688894565E-03
    5.500000      1.437345091342E-02      3.833549789431E-03
    5.600000      1.504055509223E-02      4.039515847298E-03
    5.700000      1.519192898102E-02      4.090929738257E-03
    5.800000      1.483834139458E-02      3.992175479575E-03
    5.900000      1.405657007924E-02      3.769018124263E-03
    6.000000      1.297928426162E-02      3.464016428336E-03
    6.100000      1.177858950480E-02      3.128918622887E-03
    6.200000      1.064306057231E-02      2.815630581357E-03
    6.300000      9.747821082195E-03      2.567637459369E-03
    6.400000      9.217018264684E-03      2.413585141886E-03
    6.500000      9.091154690782E-03      2.364140795724E-03
    6.600000      9.328804848343E-03      2.412425514797E-03
    6.700000      9.836208437515E-03      2.537483935534E-03
    6.800000      1.049595604324E-02      2.709651742909E-03
    6.900000      1.118923501140E-02      2.896445738296E-03
    7.000000      1.181255598007E-02      3.067752622862E-03
    7.100000      1.228723636374E-02      3.199530300305E-03
    7.200000      1.256313711242E-02      3.275779300014E-03
    7.300000      1.261801597725E-02      3.289001839367E-03
    7.400000      1.245430114726E-02      3.239610773517E-03
    7.500000      1.209524474450E-02      3.134750443028E-03
    7.600000      1.158142726299E-02      2.986817979719E-03
    7.700000      1.096739358208E-02      2.811758687386E-03
    7.800000      1.031721884036E-02      2.627081247478E-03
    7.900000      9.697246020496E-03      2.449567471086E-03
    8.000000      9.164625875659E-03      2.292822776130E-03
    8.100000      8.753017947010E-03      2.165040815424E-03
    8.200000      8.462984692942E-03      2.067519277273E-03
    8.300000      8.264115987542E-03      1.994461523895E-03
    8.400000      8.104770022687E-03      1.934387396588E-03
    8.500000      7.925598446411E-03      1.873092815175E-03
    8.600000      7.675246758928E-03      1.797649289945E-03
    8.700000      7.325295770912E-03      1.700564064707E-03
    8.800000      6.881666885361E-03      1.583057811751E-03
    8.900000      6.389958062381E-03      1.456528793650E-03
    9.000000      5.932250043521E-03      1.341646990186E-03
    9.100000      5.614326876801E-03      1.265068653708E-03
    9.200000      5.544836219062E-03      1.254342474418E-03
    9.300000      5.809214194809E-03      1.332045410880E-03
    9.400000      6.444770745628E-03      1.510420590620E-03
    9.500000      7.429583052906E-03      1.787729596861E-03
    9.600000      8.688069888724E-03      2.147185263810E-03
    9.700000      1.010400000527E-02      2.558775095210E-03
    9.800000      1.153765894079E-02      2.983646881316E-03
    9.900000      1.284782032041E-02      3.380157271741E-03
   10.000000      1.391330323714E-02      3.710320430574E-03
   10.100000      1.464852514221E-02      3.945332360182E-03
   10.200000      1.501163182729E-02      4.069109635545E-03
   10.300000      1.500505332862E-02      4.079305338704E-03
   10.400000      1.466870278399E-02      3.985907848913E-03
   10.500000      1.406776485585E-02      3.808104673232E-03
   10.600000      1.327832795587E-02      3.570431993048E-03
   10.700000      1.237773052919E-02      3.299232493541E-03
   10.800000      1.144200602974E-02      3.020122769344E-03
   10.900000      1.054622380964E-02      2.756652662210E-03
   11.000000      9.764824406358E-03      2.529818376261E-03
   11.100000      9.169482569115E-03      2.357766511184E-03
   11.200000      8.822645086342E-03      2.255023266063E-03
   11.300000      8.765731783016E-03      2.230906906113E-03
   11.400000      9.005121413893E-03      2.287308447337E-03
   11.500000      9.507282653187E-03      2.416543437768E-03
   11.600000      1.020088316437E-02      2.600263415114E-03
   11.700000      1.098252925058E-02      2.810321637913E-03
   11.800000      1.172751604612E-02      3.012006260424E-03
   11.900000      1.230910676960E-02      3.169329981426E-03
   12.000000      1.262059643941E-02      3.251347961202E-03
   12.100000      1.259345130137E-02      3.238027694275E-03
   12.200000      1.220881459986E-02      3.124189535531E-03
   12.300000      1.150066548697E-02      2.920492452703E-03
   12.400000      1.055022433008E-02      2.651210813508E-03
   12.500000      9.472667329265E-03      2.349382175657E-03
   12.600000      8.398035971320E-03      2.050539463183E-03
   12.700000      7.448538381616E-03      1.786494405406E-03
   12.800000      6.716437335919E-03      1.580475802587E-03
   12.900000      6.249310931439E-03      1.444450414656E-03
   13.000000      6.046895544720E-03      1.378856098497E-03
   13.100000      6.069359669081E-03      1.374449205326E-03
   13.200000      6.252635566998E-03      1.415634351537E-03
   13.300000      6.525575515664E-03      1.484525572206E-03
   13.400000      6.825673706955E-03      1.565020597306E-03
   13.500000      7.111382467557E-03      1.646261881616E-03
   13.600000      7.369924833478E-03      1.724946958751E-03
   13.700000      7.619642575005E-03      1.806039674749E-03
   13.800000      7.905535622614E-03      1.901582059262E-03
   13.900000      8.287429565695E-03      2.027581916289E-03
   14.000000      8.822647047320E-03      2.199369880648E-03
   14.100000      9.547634733106E-03      2.426306486279E-03
   14.200000      1.046240244989E-02      2.707114126873E-03
   14.300000      1.152156958994E-02      3.027220478016E-03
   14.400000      1.263489979468E-02      3.359194928168E-03
   14.500000      1.367658849009E-02      3.666638772184E-03
   14.600000      1.450830544229E-02      3.910922160173E-03
   14.700000      1.501164585243E-02      4.059245222477E-03
   14.800000      1.511531623638E-02      4.091964198847E-03
   14.900000      1.481010987786E-02      4.007190437427E-03
   15.000000      1.415085789232E-02      3.821363413183E-03
   15.100000      1.324585349414E-02      3.565616845164E-03
   15.200000      1.223490769901E-02      3.278942174179E-03
   15.300000      1.125958319104E-02      3.000023092568E-03
   15.400000      1.043456076084E-02      2.759897319825E-03
   15.500000      9.831820214388E-03      2.577229599487E-03
   15.600000      9.477722289891E-03      2.457103729348E-03
   15.700000      9.347973524709E-03      2.393169090046E-03
   15.800000      9.375623832860E-03      2.372060428054E-03
   15.900000      9.484537809552E-03      2.378521396160E-03
   16.000000      9.616283785502E-03      2.399707319361E-03
   16.100000      9.739457569680E-03      2.427634904338E-03
   16.200000      9.848591801112E-03      2.459460396512E-03
   16.300000      9.956937041965E-03      2.495938186304E-03
   16.400000      1.008523484987E-02      2.538840191461E-03
   16.500000      1.024803907167E-02      2.588232736648E-03
   16.600000      1.044091782000E-02      2.640369399647E-03
   16.700000      1.063407141107E-02      2.686692579026E-03
   16.800000      1.077515351984E-02      2.714164266373E-03
   16.900000      1.079963111113E-02      2.706927714622E-03
   17.000000      1.064378448386E-02      2.649126430202E-03
   17.100000      1.025749939873E-02      2.528528970387E-03
   17.200000      9.616635735518E-03      2.340397406917E-03
   17.300000      8.734242407225E-03      2.090820377814E-03
   17.400000      7.668819580899E-03      1.798596264422E-03
   17.500000      6.527162155238E-03      1.494813283516E-03
   17.600000      5.459022363628E-03      1.219614248591E-03
   17.700000      4.640551466758E-03      1.016248235321E-03
   17.800000      4.243284162996E-03      9.232765376921E-04
   17.900000      4.390161599071E-03      9.664964711282E-04
   18.000000      5.109300634501E-03      1.152523306366E-03
   18.100000      6.308473941754E-03      1.465838105132E-03
   18.200000      7.811085459590E-03      1.870421398092E-03
   18.300000      9.410153931654E-03      2.315986984057E-03
   18.400000      1.090575168747E-02      2.747602721500E-03
   18.500000      1.213577721762E-02      3.116503177631E-03
   18.600000      1.299892920690E-02      3.389478728241E-03
   18.700000      1.346669424585E-02      3.554521473151E-03
   18.800000      1.358247194657E-02      3.621355283344E-03
   18.900000      1.344793852543E-02      3.616810425623E-03
   19.000000      1.319897139312E-02      3.576343668827E-03
   19.100000      1.297476731619E-02      3.533979103622E-03
   19.200000      1.288184940981E-02      3.513294747089E-03
   19.300000      1.295417536191E-02      3.521729333118E-03
   19.400000      1.313722479208E-02      3.549549476023E-03
   19.500000      1.331983226899E-02      3.573567525623E-03
   19.600000      1.337746373791E-02      3.564474741045E-03
   19.700000      1.320637867850E-02      3.495770798940E-03
   19.800000      1.274795182519E-02      3.351940899559E-03
   19.900000      1.200326080473E-02      3.133810059826E-03
   20.000000      1.103687614346E-02      2.859783206624E-03
   20.100000      9.969368609851E-03      2.562732951530E-03
   20.200000      8.959326898423E-03      2.283350372339E-03
   20.300000      8.173236954410E-03      2.061579952194E-03
   20.400000      7.739956946243E-03      1.928150421562E-03
   20.500000      7.709268433088E-03      1.898126172288E-03
   20.600000      8.044389458758E-03      1.967882118294E-03
   20.700000      8.642316666362E-03      2.116080940608E-03
   20.800000      9.367379780563E-03      2.308300886593E-03
   20.900000      1.007834065084E-02      2.504144288061E-03
   21.000000      1.065053275794E-02      2.665146284685E-03
   21.100000      1.099234243991E-02      2.761718323742E-03
   21.200000      1.105433310743E-02      2.777708505416E-03
   21.300000      1.083195479068E-02      2.711831619298E-03
   21.400000      1.036235720331E-02      2.576022977825E-03
   21.500000      9.714827272954E-03      2.391483109813E-03
   21.600000      8.976870792938E-03      2.183623849011E-03
   21.700000      8.238448289872E-03      1.977206777895E-03
   21.800000      7.576230312573E-03      1.792699223221E-03
   21.900000      7.041959426595E-03      1.644377783403E-03
   22.000000      6.663150450142E-03      1.540159748259E-03
   22.100000      6.451561655165E-03      1.482711533869E-03
   22.200000      6.409232189164E-03      1.471181853926E-03
   22.300000      6.529460382942E-03      1.502950990667E-03
   22.400000      6.797318501588E-03      1.574999158823E-03
   22.500000      7.194175374450E-03      1.684748934055E-03
   22.600000      7.702655414909E-03      1.830412043301E-03
   22.700000      8.310625445445E-03      2.010916179296E-03
   22.800000      9.011297998985E-03      2.225433351868E-03
   22.900000      9.799218920790E-03      2.472469069653E-03
   23.000000      1.066558006968E-02      2.748499026782E-03
   23.100000      1.159372117551E-02      3.046301211184E-03
   23.200000      1.255386940504E-02      3.353383348435E-03
   23.300000      1.349797983018E-02      3.651128289927E-03
   23.400000      1.435744318256E-02      3.915328623329E-03
   23.500000      1.504382337263E-02      4.118558554354E-03
   23.600000      1.546082048581E-02      4.234343145147E-03
   23.700000      1.552962891596E-02      4.242461108798E-03
   23.800000      1.520942310161E-02      4.134171531222E-03
   23.900000      1.451031819938E-02      3.915907925846E-03
   24.000000      1.349818859043E-02      3.610173110653E-03
   24.100000      1.228939598426E-02      3.252988404630E-03
   24.200000      1.103455185215E-02      2.888140070031E-03
   24.300000      9.892689397621E-03      2.559362043006E-03
   24.400000      9.001382206681E-03      2.302221298319E-03
   24.500000      8.450208007251E-03      2.137634432586E-03
   24.600000      8.261656799179E-03      2.068585098057E-03
   24.700000      8.385266565782E-03      2.080827737637E-03
   24.800000      8.710914736482E-03      2.147366916421E-03
   24.900000      9.106096526510E-03      2.235559099894E-03
   25.000000      9.451550687868E-03      2.315040124219E-03
   25.100000      9.665029541878E-03      2.364499827504E-03
   25.200000      9.713793058196E-03      2.375649143595E-03
   25.300000      9.615081334609E-03      2.353471974535E-03
   25.400000      9.425587479329E-03      2.312837330063E-03
   25.500000      9.222589286061E-03      2.272518586427E-03
   25.600000      9.080473766395E-03      2.248373973933E-03
   25.700000      9.046274177334E-03      2.247688666806E-03
   25.800000      9.118866846374E-03      2.266375160997E-03
   25.900000      9.244711726088E-03      2.289927771585E-03
   26.000000      9.337421170185E-03      2.297926768997E-03
   26.100000      9.309109038290E-03      2.270793810184E-03
   26.200000      9.099616019562E-03      2.196749585608E-03
   26.300000      8.697241237521E-03      2.076780201138E-03
   26.400000      8.146830891749E-03      1.925970362509E-03
   26.500000      7.543864168581E-03      1.770669921031E-03
   26.600000      7.015551682493E-03      1.642281560781E-03
   26.700000      6.690989384756E-03      1.569548902376E-03
   26.800000      6.663269014747E-03      1.571702626695E-03
   26.900000      6.959012695126E-03      1.654509505428E-03
   27.000000      7.535913676275E-03      1.810267696081E-03
   27.100000      8.306518377478E-03      2.021453356090E-03
   27.200000      9.172978168289E-03      2.266524816879E-03
   27.300000      1.005363127097E-02      2.525757332318E-03
   27.400000      1.089699502231E-02      2.785131129033E-03
   27.500000      1.168341274978E-02      3.037153763342E-03
   27.600000      1.241545349899E-02      3.278725139891E-03
   27.700000      1.310081205673E-02      3.507275435557E-03
   27.800000      1.373464717999E-02      3.716998581057E-03
   27.900000      1.428958956105E-02      3.896860275068E-03
   28.000000      1.471791178185E-02      4.031268825132E-03
   28.100000      1.496348191523E-02      4.103200367329E-03
   28.200000      1.497710096760E-02      4.098613759827E-03
   28.300000      1.472999121715E-02      4.010542201801E-03
   28.400000      1.422219238832E-02      3.841452425695E-03
   28.500000      1.348365870263E-02      3.603192325895E-03
   28.600000      1.256870439830E-02      3.314774424400E-03
   28.700000      1.154629265103E-02      2.998977882818E-03
   28.800000      1.048982311758E-02      2.679012647112E-03
   28.900000      9.470096611721E-03      2.376209360048E-03
   29.000000      8.553060839272E-03      2.109045683086E-03
   29.100000      7.800547274400E-03      1.893113600175E-03
   29.200000      7.269394325681E-03      1.741201037925E-03
   29.300000      7.004608880438E-03      1.662697093869E-03
   29.400000      7.029109266534E-03      1.662008868906E-03
   29.500000      7.333967540930E-03      1.736372258698E-03
   29.600000      7.870820994096E-03      1.874020355909E-03
   29.700000      8.553095525980E-03      2.053854038529E-03
   29.800000      9.268876645585E-03      2.247418576411E-03
   29.900000      9.900762857112E-03      2.423227889651E-03
   30.000000      1.034742984778E-02      2.552580586559E-03
   30.100000      1.054244544586E-02      2.615338548894E-03
   30.200000      1.046630037374E-02      2.603976918098E-03
   30.300000      1.014875846025E-02      2.524659107991E-03
   30.400000      9.660510467322E-03      2.395000820834E-03
   30.500000      9.095182178061E-03      2.239237164132E-03
   30.600000      8.545600404402E-03      2.082313757594E-03
   30.700000      8.082601351443E-03      1.944695863150E-03
   30.800000      7.742451451236E-03      1.839341945929E-03
   30.900000      7.528419900309E-03      1.771463278518E-03
   31.000000      7.425382823842E-03      1.740701564141E-03
   31.100000      7.417766816596E-03      1.744560963115E-03
   31.200000      7.503322385681E-03      1.781601906108E-03
   31.300000      7.698174197652E-03      1.853133254026E-03
   31.400000      8.030112632065E-03      1.962812824046E-03
   31.500000      8.522104224372E-03      2.114415726561E-03
   31.600000      9.176725439196E-03      2.308737535798E-03
   31.700000      9.969280503907E-03      2.540915650462E-03
   31.800000      1.084871618453E-02      2.799282783990E-03
   31.900000      1.174491755795E-02      3.066296542265E-03
   32.000000      1.258133991090E-02      3.321341700908E-03
   32.100000      1.329038566611E-02      3.544550322256E-03
   32.200000      1.382602387630E-02      3.720453083434E-03
   32.300000      1.416981385752E-02      3.840362269292E-03
   32.400000      1.432899989061E-02      3.902840793879E-03
   32.500000      1.432836135368E-02      3.912257652650E-03
   32.600000      1.419939483970E-02      3.876040647385E-03
   32.700000      1.396896941213E-02      3.801613701848E-03
   32.800000      1.365080127289E-02      3.694043488391E-03
   32.900000      1.324435727050E-02      3.555131081257E-03
   33.000000      1.273964423659E-02      3.384181692067E-03
   33.100000      1.212425775461E-02      3.180135572376E-03
   33.200000      1.139227929364E-02      2.944311183910E-03
   33.300000      1.055399351234E-02      2.682816939755E-03
   33.400000      9.643071905192E-03      2.407777095711E-03
   33.500000      8.718369418470E-03      2.136859077647E-03
   33.600000      7.858799593214E-03      1.891084511050E-03
   33.700000      7.150606480399E-03      1.691412984131E-03
   33.800000      6.668582194140E-03      1.554958505506E-03
   33.900000      6.457302051543E-03      1.491821189898E-03
   34.000000      6.521184571334E-03      1.503349057743E-03
   34.100000      6.827922203387E-03      1.582232879751E-03
   34.200000      7.320085073615E-03      1.714304671211E-03
   34.300000      7.928107609497E-03      1.881424185380E-03
   34.400000      8.581819320129E-03      2.064555631107E-03
   34.500000      9.218888889321E-03      2.246157295550E-03
   34.600000      9.789029951141E-03      2.411331972232E-03
   34.700000      1.025363624304E-02      2.547712216819E-03
   34.800000      1.058181881610E-02      2.644596214183E-03
   34.900000      1.074563088948E-02      2.692198504249E-03
   35.000000      1.071824883127E-02      2.681878532369E-03
   35.100000      1.047726497061E-02      2.607822436023E-03
   35.200000      1.001365105499E-02      2.469991817553E-03
   35.300000      9.345471047413E-03      2.277450767167E-03
   35.400000      8.530130322614E-03      2.050715030786E-03
   35.500000      7.669300308482E-03      1.821751908659E-03
   35.600000      6.903597392319E-03      1.630767443320E-03
   35.700000      6.395255963827E-03      1.519835447684E-03
   35.800000      6.298921386084E-03      1.524478721524E-03
   35.900000      6.725313249964E-03      1.665159390787E-03
   36.000000      7.693589809738E-03      1.940966963326E-03
   36.100000      9.088378943463E-03      2.327453047715E-03
   36.200000      1.070578423960E-02      2.779604347645E-03
   36.300000      1.231976230132E-02      3.239624741691E-03
   36.400000      1.371915008430E-02      3.647891446637E-03
   36.500000      1.473816637534E-02      3.954545083900E-03
   36.600000      1.528104991228E-02      4.128942072516E-03
   36.700000      1.533402847838E-02      4.164715804496E-03
   36.800000      1.496316132708E-02      4.079314953488E-03
   36.900000      1.429921615984E-02      3.908292473076E-03
   37.000000      1.351144342927E-02      3.695913755309E-03
   37.100000      1.277020072014E-02      3.484492812609E-03
   37.200000      1.219873923701E-02      3.305055370963E-03
   37.300000      1.183612661657E-02      3.171462534161E-03
   37.400000      1.164206739477E-02      3.079173382757E-03
   37.500000      1.152663369771E-02      3.008649268879E-03
   37.600000      1.137891690003E-02      2.932301126496E-03
   37.700000      1.109507986939E-02      2.823103419257E-03
   37.800000      1.060450100727E-02      2.662701427460E-03
   37.900000      9.887992322518E-03      2.447063130163E-03
   38.000000      8.985143117919E-03      2.188396322925E-03
   38.100000      7.990436963035E-03      1.912992521667E-03
   38.200000      7.038324528688E-03      1.655641645418E-03
   38.300000      6.276031517488E-03      1.452051781551E-03
   38.400000      5.824960188430E-03      1.331124317898E-03
   38.500000      5.748444912628E-03      1.308889308934E-03
   38.600000      6.042941475696E-03      1.385427408699E-03
   38.700000      6.645640506022E-03      1.545327677718E-03
   38.800000      7.450242978456E-03      1.761360265830E-03
   38.900000      8.330496573726E-03      2.000301952418E-03
   39.000000      9.164129808698E-03      2.229422943295E-03
   39.100000      9.852895525124E-03      2.422118797603E-03
   39.200000      1.033643039507E-02      2.561532075287E-03
   39.300000      1.059626118878E-02      2.641628900096E-03
   39.400000      1.065091598498E-02      2.665886113275E-03
   39.500000      1.054502352695E-02      2.644311688718E-03
   39.600000      1.033468075311E-02      2.589827324597E-03
   39.700000      1.007059572968E-02      2.515041819264E-03
   39.800000      9.784320717111E-03      2.430182736314E-03
   39.900000      9.489411405782E-03      2.342538854976E-03
   40.000000      9.191881076369E-03      2.257321015109E-03
   40.100000      8.900011598955E-03      2.179477365007E-03
   40.200000      8.633177140435E-03      2.115763935079E-03
   40.300000      8.428932133310E-03      2.076297832082E-03
   40.400000      8.344983642490E-03      2.074908888049E-03
   40.500000      8.449663002918E-03      2.127846078946E-03
   40.600000      8.805810442022E-03      2.250767907685E-03
   40.700000      9.453801410653E-03      2.454410250957E-03
   40.800000      1.039513226552E-02      2.739801937308E-03
   40.900000      1.158398586040E-02      3.094266108302E-03
   41.000000      1.292288390586E-02      3.489561734539E-03
   41.100000      1.426319633168E-02      3.883269417899E-03
   41.200000      1.542741639540E-02      4.223880600139E-03
   41.300000      1.624180016269E-02      4.459111312891E-03
   41.400000      1.656608341690E-02      4.545962712013E-03
   41.500000      1.631876734490E-02      4.460298736769E-03
   41.600000      1.549487073321E-02      4.203491922828E-03
   41.700000      1.417292850285E-02      3.804155719820E-03
   41.800000      1.250944336175E-02      3.314080774084E-03
   41.900000      1.072082139315E-02      2.798950992259E-03
   42.000000      9.054061025362E-03      2.325815482306E-03
   42.100000      7.741962497110E-03      1.950207410763E-03
   42.200000      6.936033444843E-03      1.705940998812E-03
   42.300000      6.658883984704E-03      1.599933745287E-03
   42.400000      6.817205249109E-03      1.613098089852E-03
   42.500000      7.247975120194E-03      1.706811158619E-03
   42.600000      7.766699902460E-03      1.833138628952E-03
   42.700000      8.209479428860E-03      1.946208217424E-03
   42.800000      8.462049477399E-03      2.012065318350E-03
   42.900000      8.474019379851E-03      2.014946856848E-03
   43.000000      8.260246704030E-03      1.958947324749E-03
   43.100000      7.892276949824E-03      1.865199007232E-03
   43.200000      7.482068076566E-03      1.765641294648E-03
   43.300000      7.160195050953E-03      1.695017244794E-03
   43.400000      7.050893524830E-03      1.682863858385E-03
   43.500000      7.243873768825E-03      1.747034865018E-03
   43.600000      7.761283952273E-03      1.889848490937E-03
   43.700000      8.540326851033E-03      2.097415385661E-03
   43.800000      9.456369535929E-03      2.342155362589E-03
   43.900000      1.036232365964E-02      2.587996503679E-03
   44.000000      1.111914777503E-02      2.797297129168E-03
   44.100000      1.161702758896E-02      2.938191245285E-03
   44.200000      1.179104654792E-02      2.990909854658E-03
   44.300000      1.163069111496E-02      2.951755114117E-03
   44.400000      1.118138949711E-02      2.833839355452E-03
   44.500000      1.053728976007E-02      2.664396861813E-03
   44.600000      9.825911848103E-03      2.479282202299E-03
   44.700000      9.186295403906E-03      2.315963935130E-03
   44.800000      8.742989894507E-03      2.206686145869E-03
   44.900000      8.581438214897E-03      2.173366611412E-03
   45.000000      8.735918720595E-03      2.225239968328E-03
   45.100000      9.192266806095E-03      2.359405790221E-03
   45.200000      9.898012219256E-03      2.563582921966E-03
   45.300000      1.077739480094E-02      2.819795068508E-03
   45.400000      1.174816851006E-02      3.107617417256E-03
   45.500000      1.273514558711E-02      3.406026456687E-03
   45.600000      1.367292988198E-02      3.693651890206E-03
   45.700000      1.449963785895E-02      3.948033152062E-03
   45.800000      1.514923728626E-02      4.145012165227E-03
   45.900000      1.554907746441E-02      4.259427364657E-03
   46.000000      1.562518685515E-02      4.267779280163E-03
   46.100000      1.531451679334E-02      4.152689490375E-03
   46.200000      1.458164027008E-02      3.908092028774E-03
   46.300000      1.343550139087E-02      3.543525491126E-03
   46.400000      1.194035664088E-02      3.085876786750E-03
   46.500000      1.021706219455E-02      2.577506594712E-03
   46.600000      8.433971748141E-03      2.070685937912E-03
   46.700000      6.788886534244E-03      1.619360792115E-03
   46.800000      5.483094225135E-03      1.270072753565E-03
   46.900000      4.680859990151E-03      1.054135893848E-03
   47.000000      4.455880257451E-03      9.828331983179E-04
   47.100000      4.764499033048E-03      1.046585937443E-03
   47.200000      5.472645816750E-03      1.218042193169E-03
   47.300000      6.408246764766E-03      1.458134910709E-03
   47.400000      7.401437504281E-03      1.723609723716E-03
   47.500000      8.309541550537E-03      1.974413595534E-03
   47.600000      9.030980577213E-03      2.179615113657E-03
   47.700000      9.510991425163E-03      2.321040876196E-03
   47.800000      9.740939164334E-03      2.394373942410E-03
   47.900000      9.753010013632E-03      2.407923680787E-03
   48.000000      9.611013065250E-03      2.379575875128E-03
   48.100000      9.397597521232E-03      2.332580241779E-03
   48.200000      9.201779828784E-03      2.290883086997E-03
   48.300000      9.108259919803E-03      2.274712105231E-03
   48.400000      9.179901513054E-03      2.297076796642E-03
   48.500000      9.429891566831E-03      2.361734570064E-03
   48.600000      9.818091606287E-03      2.462957468732E-03
   48.700000      1.027781681629E-02      2.587119132531E-03
   48.800000      1.073493708478E-02      2.715761121287E-03
   48.900000      1.112028203632E-02      2.829488604155E-03
   49.000000      1.138032145220E-02      2.911886144688E-03
   49.100000      1.148533720176E-02      2.952688701689E-03
   49.200000      1.143354174740E-02      2.949671670662E-03
   49.300000      1.125034454751E-02      2.909050020580E-03
   49.400000      1.098339540436E-02      2.844484731521E-03
   49.500000      1.069593678502E-02      2.774993197123E-03
   49.600000      1.046051668576E-02      2.722121510704E-03
   49.700000      1.035154469056E-02      2.706703604464E-03
   49.800000      1.043438364579E-02      2.745487860188E-03
   49.900000      1.075215758761E-02      2.847927428503E-03
   50.000000      1.131145119189E-02      3.013521846471E-03
   50.100000      1.206874566999E-02      3.230211177255E-03
   50.200000      1.293228322872E-02      3.474361453397E-03
   50.300000      1.378029338598E-02      3.712749133276E-03
   50.400000      1.448008257278E-02      3.906618951556E-03
   50.500000      1.490510031191E-02      4.017409372707E-03
   50.600000      1.495115741288E-02      4.013248437554E-03
   50.700000      1.455183056667E-02      3.874988836790E-03
   50.800000      1.369072680602E-02      3.600509531763E-03
   50.900000      1.240753608534E-02      3.206305760210E-03
   51.000000      1.079630110362E-02      2.725949871363E-03
   51.100000      8.996259920402E-03      2.205672782010E-03
   51.200000      7.177072802383E-03      1.697901125892E-03
   51.300000      5.521663944173E-03      1.253939236706E-03
   51.400000      4.210266158928E-03      9.170467096795E-04
   51.500000      3.404440670876E-03      7.169662712982E-04
   51.600000      3.212258936222E-03      6.666027489159E-04
   51.700000      3.627823130755E-03      7.611552294629E-04
   51.800000      4.530939868896E-03      9.796432253513E-04
   51.900000      5.747514410460E-03      1.288477709501E-03
   52.000000      7.096643639831E-03      1.646507343914E-03
   52.100000      8.416525710938E-03      2.010809799503E-03
   52.200000      9.577819017815E-03      2.342404565454E-03
   52.300000      1.049060306135E-02      2.611064215756E-03
   52.400000      1.110719051021E-02      2.798527011310E-03
   52.500000      1.142116470497E-02      2.899674728253E-03
   52.600000      1.146275691928E-02      2.921604370499E-03
   52.700000      1.129070429385E-02      2.880916851820E-03
   52.800000      1.098105786261E-02      2.799872319272E-03
   52.900000      1.061560380426E-02      2.702232963906E-03
   53.000000      1.027136389064E-02      2.609585467440E-03
   53.100000      1.001108982207E-02      2.538723337322E-03
   53.200000      9.873979551019E-03      2.500346437652E-03
   53.300000      9.869965063393E-03      2.499001780682E-03
   53.400000      9.986106889746E-03      2.533939323333E-03
   53.500000      1.019863391619E-02      2.600444518672E-03
   53.600000      1.048134589316E-02      2.691239938385E-03
   53.700000      1.080978279964E-02      2.797681084482E-03
   53.800000      1.116218646162E-02      2.910643107048E-03
   53.900000      1.151737089751E-02      3.021144743661E-03
   54.000000      1.185017909676E-02      3.120844028421E-03
   54.100000      1.213247546280E-02      3.202554436312E-03
   54.200000      1.233930055519E-02      3.260877308421E-03
   54.300000      1.245351637071E-02      3.292943845712E-03
   54.400000      1.246992283014E-02      3.299130727368E-03
   54.500000      1.239898947642E-02      3.283489822652E-03
   54.600000      1.226849736907E-02      3.253559942053E-03
   54.700000      1.212104902319E-02      3.219259710866E-03
   54.800000      1.200522853171E-02      3.190735061497E-03
   54.900000      1.196041489686E-02      3.175351056110E-03
   55.000000      1.199964597661E-02      3.174411881996E-03
   55.100000      1.209615536113E-02      3.180539550769E-03
   55.200000      1.218134295347E-02      3.176785234052E-03
   55.300000      1.215549373862E-02      3.138356854083E-03
   55.400000      1.190701238364E-02      3.037280367071E-03
   55.500000      1.133733127274E-02      2.849460603240E-03
   55.600000      1.038767235832E-02      2.562695600891E-03
   55.700000      9.062507227941E-03      2.183533160034E-03
   55.800000      7.444859102391E-03      1.740729921404E-03
   55.900000      5.699860209051E-03      1.283639595885E-03
   56.000000      4.065094428341E-03      8.750576952807E-04
   56.100000      2.826946383386E-03      5.795913972317E-04
   56.200000      2.266541566994E-03      4.500509088525E-04
   56.300000      2.545309156789E-03      5.152014169423E-04
   56.400000      3.623948075844E-03      7.721465525603E-04
   56.500000      5.288425027606E-03      1.185578398073E-03
   56.600000      7.238132890496E-03      1.694375956538E-03
   56.700000      9.174118142530E-03      2.224058662275E-03
   56.800000      1.084583711061E-02      2.701995598332E-03
   56.900000      1.208049588409E-02      3.071534397354E-03
   57.000000      1.279919274497E-02      3.301585443496E-03
   57.100000      1.301700136072E-02      3.389566112845E-03
   57.200000      1.282704560830E-02      3.357543256538E-03
   57.300000      1.237152613897E-02      3.243296095087E-03
   57.400000      1.180426382347E-02      3.089270140027E-03
   57.500000      1.125323639035E-02      2.932647965422E-03
   57.600000      1.079906596143E-02      2.799012939363E-03
   57.700000      1.047470176595E-02      2.700652589134E-03
   57.800000      1.027734915233E-02      2.638970047926E-03
   57.900000      1.018434916614E-02      2.609281708062E-03
   58.000000      1.017007935088E-02      2.605829373522E-03
   58.100000      1.022034865515E-02      2.625185547381E-03
   58.200000      1.033787511416E-02      2.667154366766E-03
   58.300000      1.053645037743E-02      2.733364777321E-03
   58.400000      1.082734142537E-02      2.824600474646E-03
   58.500000      1.120527679478E-02      2.938237099039E-03
   58.600000      1.164372997083E-02      3.066913353697E-03
   58.700000      1.210059720793E-02      3.198922635123E-03
   58.800000      1.252607438656E-02      3.320078706981E-03
   58.900000      1.287010929624E-02      3.416282534124E-03
   59.000000      1.308957921145E-02      3.475875462330E-03
   59.100000      1.315500610145E-02      3.491105895660E-03
   59.200000      1.305395206811E-02      3.458504674164E-03
   59.300000      1.279039477473E-02      3.378426007249E-03
   59.400000      1.238147262708E-02      3.254264258285E-03
   59.500000      1.185234739696E-02      3.091815193545E-03
   59.600000      1.123044036797E-02      2.898971443541E-03
   59.700000      1.054389788689E-02      2.685593592532E-03
   59.800000      9.823448633217E-03      2.463174437089E-03
   59.900000      9.103605450978E-03      2.243940863481E-03
   60.000000      8.421131569128E-03      2.039313768061E-03
   60.100000      7.807905011584E-03      1.858042676011E-03
   60.200000      7.280397473487E-03      1.704652933968E-03
   60.300000      6.835698354752E-03      1.578918033567E-03
   60.400000      6.459087332468E-03      1.476827596635E-03
   60.500000      6.136295653192E-03      1.393026092777E-03
   60.600000      5.865313387379E-03      1.324121635499E-03
   60.700000      5.662400946754E-03      1.271825237061E-03
   60.800000      5.559445268880E-03      1.244758174898E-03
   60.900000      5.603013651679E-03      1.258033609703E-03
   61.000000      5.849974255881E-03      1.330319496132E-03
   61.100000      6.353328805897E-03      1.478848879705E-03
   61.200000      7.149545067847E-03      1.713529684904E-03
   61.300000      8.241756089601E-03      2.031707100270E-03
   61.400000      9.574159466435E-03      2.415120437829E-03
   61.500000      1.102058874300E-02      2.830164128898E-03
   61.600000      1.240998452040E-02      3.231814707148E-03
   61.700000      1.356657922188E-02      3.570707037621E-03
   61.800000      1.434180358555E-02      3.802047180630E-03
   61.900000      1.463750545035E-02      3.894526332668E-03
   62.000000      1.442152672701E-02      3.837275933365E-03
   62.100000      1.373427542041E-02      3.643216469638E-03
   62.200000      1.268504095390E-02      3.347848976861E-03
   62.300000      1.143917766456E-02      3.003486156310E-03
   62.400000      1.020023876937E-02      2.669927261562E-03
   62.500000      9.185585462346E-03      2.403424656283E-03
   62.600000      8.588189557637E-03      2.246258373782E-03
   62.700000      8.515855700400E-03      2.219181226867E-03
   62.800000      8.945624948991E-03      2.318392211874E-03
   62.900000      9.745337956829E-03      2.517658136237E-03
   63.000000      1.072952461829E-02      2.774981879550E-03
   63.100000      1.171155282946E-02      3.042128934639E-03
   63.200000      1.253709775801E-02      3.274668839361E-03
   63.300000      1.310313705364E-02      3.440150579073E-03
   63.400000      1.336593971023E-02      3.522625168038E-03
   63.500000      1.333792279799E-02      3.522784997773E-03
   63.600000      1.307462533383E-02      3.454198751430E-03
   63.700000      1.265484090576E-02      3.337124784755E-03
   63.800000      1.215807162388E-02      3.191893212169E-03
   63.900000      1.164342111802E-02      3.033731159431E-03
   64.000000      1.113499071650E-02      2.870248562184E-03
   64.100000      1.062245738945E-02      2.701858858270E-03
   64.200000      1.007689671190E-02      2.524508864692E-03
   64.300000      9.469770181088E-03      2.333514356530E-03
   64.400000      8.787273262258E-03      2.127177331571E-03
   64.500000      8.037977569198E-03      1.909158114798E-03
   64.600000      7.254183539750E-03      1.689116226876E-03
   64.700000      6.488811547399E-03      1.481695245492E-03
   64.800000      5.809692908470E-03      1.304327580239E-03
   64.900000      5.292098084198E-03      1.174494648386E-03
   65.000000      5.008740778800E-03      1.107024229181E-03
   65.100000      5.014809212541E-03      1.111838171415E-03
   65.200000      5.327095539467E-03      1.192389465539E-03
   65.300000      5.917323556489E-03      1.344915936533E-03
   65.400000      6.725823728056E-03      1.558591518624E-03
   65.500000      7.674809038225E-03      1.816625307743E-03
   65.600000      8.679039630558E-03      2.098279101333E-03
   65.700000      9.656469545965E-03      2.381612722459E-03
   65.800000      1.053830707766E-02      2.646549836845E-03
   65.900000      1.127730079585E-02      2.877668338523E-03
   66.000000      1.185294646769E-02      3.066061825083E-03
   66.100000      1.227142069345E-02      3.209762969790E-03
   66.200000      1.255841065721E-02      3.312561954088E-03
   66.300000      1.274632981566E-02      3.381505077466E-03
   66.400000      1.286182266017E-02      3.423775007850E-03
   66.500000      1.291836432907E-02      3.443886876242E-03
   66.600000      1.291373437621E-02      3.442089249045E-03
   66.700000      1.283083443506E-02      3.414531476917E-03
   66.800000      1.264295198188E-02      3.355237598730E-03
   66.900000      1.232594594445E-02      3.259364677697E-03
   67.000000      1.187346437505E-02      3.126788370558E-03
   67.100000      1.130870246705E-02      2.964882705545E-03
   67.200000      1.068882801464E-02      2.789502405901E-03
   67.300000      1.009960392074E-02      2.623604635813E-03
   67.400000      9.640168489570E-03      2.493556260991E-03
   67.500000      9.402177374534E-03      2.423809268947E-03
   67.600000      9.448200206093E-03      2.431128050950E-03
   67.700000      9.792975274162E-03      2.519782117663E-03
   67.800000      1.039445606297E-02      2.678999434735E-03
   67.900000      1.115792705978E-02      2.883513279365E-03
   68.000000      1.195118151574E-02      3.097323252397E-03
   68.100000      1.262903293401E-02      3.279998617463E-03
   68.200000      1.306113168855E-02      3.394187021179E-03
   68.300000      1.315486287612E-02      3.412643461691E-03
   68.400000      1.286949294329E-02      3.323176895672E-03
   68.500000      1.222047382721E-02      3.130421744499E-03
   68.600000      1.127380915178E-02      2.854149018972E-03
   68.700000      1.013177136555E-02      2.524710978633E-03
   68.800000      8.913075756521E-03      2.176907690005E-03
   68.900000      7.732327888613E-03      1.843868840175E-03
   69.000000      6.684073928701E-03      1.552377644796E-03
   69.100000      5.835255412511E-03      1.320497154863E-03
   69.200000      5.226777819929E-03      1.157593718087E-03
   69.300000      4.880732072603E-03      1.066146556455E-03
   69.400000      4.805222262534E-03      1.044310742101E-03
   69.500000      4.990443128707E-03      1.088176065827E-03
   69.600000      5.407079930772E-03      1.193003765931E-03
   69.700000      6.016864040549E-03      1.353268753084E-03
   69.800000      6.780394189209E-03      1.561867260287E-03
   69.900000      7.656582924735E-03      1.809170835799E-03
   70.000000      8.600000337261E-03      2.082613100642E-03
   70.100000      9.560691955602E-03      2.367210444749E-03
   70.200000      1.048742550096E-02      2.646980542632E-03
   70.300000      1.133307513931E-02      2.906826005164E-03
   70.400000      1.205994902918E-02      3.134260282767E-03
   70.500000      1.264331566844E-02      3.320439162545E-03
   70.600000      1.307198357696E-02      3.460272305075E-03
   70.700000      1.334564810108E-02      3.551779015630E-03
   70.800000      1.346997257282E-02      3.595146397029E-03
   70.900000      1.345160779251E-02      3.592019344025E-03
   71.000000      1.329616165530E-02      3.545374240533E-03
   71.100000      1.301106834857E-02      3.459985372350E-03
   71.200000      1.261174922994E-02      3.343141743824E-03
   71.300000      1.212695160817E-02      3.205074451524E-03
   71.400000      1.160009840888E-02      3.058607961556E-03
   71.500000      1.108569455659E-02      2.917840088753E-03
   71.600000      1.064157431984E-02      2.796065984071E-03
   71.700000      1.031861264850E-02      2.703514938780E-03
   71.800000      1.014820625636E-02      2.645608610798E-03
   71.900000      1.012904415574E-02      2.622307196694E-03
   72.000000      1.022729020167E-02      2.628737723084E-03
   72.100000      1.039463309322E-02      2.656846504394E-03
   72.200000      1.058546810458E-02      2.697470923858E-03
   72.300000      1.076582107237E-02      2.742123757367E-03
   72.400000      1.091579432296E-02      2.783960715280E-03
   72.500000      1.102716643464E-02      2.817774710225E-03
   72.600000      1.109748656820E-02      2.839265550559E-03
   72.700000      1.112233380819E-02      2.844102733082E-03
   72.800000      1.108903008647E-02      2.827330782583E-03
   72.900000      1.097614456870E-02      2.783467592539E-03
   73.000000      1.075876594510E-02      2.707320733597E-03
   73.100000      1.041565557860E-02      2.595244965199E-03
   73.200000      9.935572872451E-03      2.446413272663E-03
   73.300000      9.321511803480E-03      2.263721769827E-03
   73.400000      8.592551986281E-03      2.054146538685E-03
   73.500000      7.784003836258E-03      1.828598709474E-03
   73.600000      6.946850437100E-03      1.601455432630E-03
   73.700000      6.146871642181E-03      1.389911350124E-03
   73.800000      5.462650045235E-03      1.213129840872E-03
   73.900000      4.980072208178E-03      1.090995033400E-03
   74.000000      4.780592724465E-03      1.042218420649E-03
   74.100000      4.924829883012E-03      1.081724193777E-03
   74.200000      5.437576436222E-03      1.217595145547E-03
   74.300000      6.297654414350E-03      1.448259066833E-03
   74.400000      7.436859488688E-03      1.760831231554E-03
   74.500000      8.751157019609E-03      2.131439634494E-03
   74.600000      1.011660581810E-02      2.527909446887E-03
   74.700000      1.140816104975E-02      2.914492927488E-03
   74.800000      1.251825717444E-02      3.257642103977E-03
   74.900000      1.337162208544E-02      3.531401412820E-03
   75.000000      1.393354652446E-02      3.721029002639E-03
   75.100000      1.420979442187E-02      3.823956335679E-03
   75.200000      1.423801117365E-02      3.848003729361E-03
   75.300000      1.407316243311E-02      3.807600526927E-03
   75.400000      1.377189866633E-02      3.719316203540E-03
   75.500000      1.338064952422E-02      3.598099974380E-03
   75.600000      1.293025568333E-02      3.455236886817E-03
   75.700000      1.243710440957E-02      3.298324445947E-03
   75.800000      1.190928989864E-02      3.132832270944E-03
   75.900000      1.135613332954E-02      2.964301424325E-03
   76.000000      1.079777571903E-02      2.800132028847E-03
   76.100000      1.027024030815E-02      2.650192323818E-03
   76.200000      9.823238804326E-03      2.526004200751E-03
   76.300000      9.510513932842E-03      2.438793812459E-03
   76.400000      9.374920011533E-03      2.397046593458E-03
   76.500000      9.434395256269E-03      2.404286173992E-03
   76.600000      9.674771777524E-03      2.457642023201E-03
   76.700000      1.005117888789E-02      2.547498634905E-03
   76.800000      1.049623378649E-02      2.658257257586E-03
   76.900000      1.093046433405E-02      2.770066608397E-03
   77.000000      1.127358821385E-02      2.861296140832E-03
   77.100000      1.145566820842E-02      2.911485964597E-03
   77.200000      1.142661487715E-02      2.904454338425E-03
   77.300000      1.116319259990E-02      2.831153207438E-03
   77.400000      1.067280877637E-02      2.691764787697E-03
   77.500000      9.993495218299E-03      2.496501256839E-03
   77.600000      9.190311678716E-03      2.264685047610E-03
   77.700000      8.348165855071E-03      2.021987474473E-03
   77.800000      7.560403258944E-03      1.796149287088E-03
   77.900000      6.913851208096E-03      1.611977470365E-03
   78.000000      6.472323919043E-03      1.486741932644E-03
   78.100000      6.263324405387E-03      1.427136851854E-03
   78.200000      6.274732115129E-03      1.428663166442E-03
   78.300000      6.461152563218E-03      1.477691118903E-03
   78.400000      6.756652286346E-03      1.555742974212E-03
   78.500000      7.092702949097E-03      1.644913897535E-03
   78.600000      7.417158967319E-03      1.733013396596E-03
   78.700000      7.709255741448E-03      1.817058656537E-03
   78.800000      7.985662120059E-03      1.904164479928E-03
   78.900000      8.296094845331E-03      2.009531298465E-03
   79.000000      8.710536378242E-03      2.151956882829E-03
   79.100000      9.299726210827E-03      2.347911444542E-03
   79.200000      1.010954384257E-02      2.605582962538E-03
   79.300000      1.113433100347E-02      2.920347033455E-03
   79.400000      1.230566211726E-02      3.272840973761E-03
   79.500000      1.350447149074E-02      3.630287163286E-03
   79.600000      1.458484485983E-02      3.951026428790E-03
   79.700000      1.540018865150E-02      4.191525666029E-03
   79.800000      1.582790306962E-02      4.314552562674E-03
   79.900000      1.579007640644E-02      4.296879489480E-03
   80.000000      1.526825986067E-02      4.134864670863E-03
   80.100000      1.431059063697E-02      3.846587422784E-03
   80.200000      1.302987059967E-02      3.469850796560E-03
   80.300000      1.159200420849E-02      3.056206739056E-03
   80.400000      1.019515011614E-02      2.662039656494E-03
   80.500000      9.039581611976E-03      2.338460594327E-03
   80.600000      8.286771341941E-03      2.122124528203E-03
   80.700000      8.013686537423E-03      2.028965922793E-03
   80.800000      8.189760913563E-03      2.052246152831E-03
   80.900000      8.696217380749E-03      2.165342124830E-03
   81.000000      9.368549876846E-03      2.328603326829E-03
   81.100000      1.003884973979E-02      2.498637103085E-03
   81.200000      1.056902938039E-02      2.637798979181E-03
   81.300000      1.087303436822E-02      2.721626912018E-03
   81.400000      1.092656081870E-02      2.742491295498E-03
   81.500000      1.076394243145E-02      2.708714890256E-03
   81.600000      1.046358524792E-02      2.639604041999E-03
   81.700000      1.012454360317E-02      2.557915091401E-03
   81.800000      9.835216349540E-03      2.481963126578E-03
   81.900000      9.635041278500E-03      2.419666794784E-03
   82.000000      9.497606845061E-03      2.366273542942E-03
   82.100000      9.352093666187E-03      2.306461824308E-03
   82.200000      9.112399438478E-03      2.220251770708E-03
   82.300000      8.706554428808E-03      2.091022881998E-03
   82.400000      8.102825657367E-03      1.913257365473E-03
   82.500000      7.327192530956E-03      1.697604327273E-03
   82.600000      6.468959697987E-03      1.471521026699E-03
   82.700000      5.672649104697E-03      1.274932813843E-03
   82.800000      5.116850033185E-03      1.151751774647E-03
   82.900000      4.980993092875E-03      1.139321256400E-03
   83.000000      5.389680882023E-03      1.258555188649E-03
   83.100000      6.340195171369E-03      1.507494891437E-03
   83.200000      7.686375673076E-03      1.860191989852E-03
   83.300000      9.212392791052E-03      2.271443966410E-03
   83.400000      1.069745748298E-02      2.686331676033E-03
   83.500000      1.195345741945E-02      3.052180471992E-03
   83.600000      1.285296453563E-02      3.329875704750E-03
   83.700000      1.334662587288E-02      3.501620187573E-03
   83.800000      1.346677264581E-02      3.573190181688E-03
   83.900000      1.331633129498E-02      3.570250175732E-03
   84.000000      1.304400158049E-02      3.529888476682E-03
   84.100000      1.280669621674E-02      3.489774523178E-03
   84.200000      1.272296052760E-02      3.477872743902E-03
   84.300000      1.283619442752E-02      3.505354996640E-03
   84.400000      1.310725747047E-02      3.564360383987E-03
   84.500000      1.343150430160E-02      3.630880069541E-03
   84.600000      1.367418796955E-02      3.671705289941E-03
   84.700000      1.370799834025E-02      3.653437135649E-03
   84.800000      1.344057450021E-02      3.551235339087E-03
   84.900000      1.283215288636E-02      3.355294540822E-03
   85.000000      1.190345148388E-02      3.073805476157E-03
   85.100000      1.073419587122E-02      2.732099694419E-03
   85.200000      9.453685336212E-03      2.368504612710E-03
   85.300000      8.224666755976E-03      2.027964624336E-03
   85.400000      7.220445087226E-03      1.754672223497E-03
   85.500000      6.595808889772E-03      1.584883072107E-03
   85.600000      6.452893655699E-03      1.540896684776E-03
   85.700000      6.809945418141E-03      1.626979908902E-03
   85.800000      7.596231851233E-03      1.827827163922E-03
   85.900000      8.669108711485E-03      2.109945794214E-03
   86.000000      9.841974816754E-03      2.426049787562E-03
   86.100000      1.091710248175E-02      2.722094209694E-03
   86.200000      1.171591662324E-02      2.946023235678E-03
   86.300000      1.210399519022E-02      3.056771481190E-03
   86.400000      1.200970788424E-02      3.031747420567E-03
   86.500000      1.143452608064E-02      2.871118748508E-03
   86.600000      1.045314347086E-02      2.597788192236E-03
   86.700000      9.202790538270E-03      2.252907453089E-03
   86.800000      7.862732056922E-03      1.887879695169E-03
   86.900000      6.626228161103E-03      1.554712228687E-03
   87.000000      5.667496210085E-03      1.296995607256E-03
   87.100000      5.106453383051E-03      1.143546653261E-03
   87.200000      4.985155497655E-03      1.105922270061E-03
   87.300000      5.275450811228E-03      1.179855989879E-03
   87.400000      5.906608789164E-03      1.349572461920E-03
   87.500000      6.791079706252E-03      1.593255895701E-03
   87.600000      7.838675153163E-03      1.887892285190E-03
   87.700000      8.965595363078E-03      2.212249898550E-03
   87.800000      1.010259692273E-02      2.547670201349E-03
   87.900000      1.119410086078E-02      2.877251748095E-03
   88.000000      1.219126229039E-02      3.184578758770E-03
   88.100000      1.304668744532E-02      3.453177859591E-03
   88.200000      1.371503002686E-02      3.667403971646E-03
   88.300000      1.415933049672E-02      3.814685807247E-03
   88.400000      1.436011181097E-02      3.888334942504E-03
   88.500000      1.432316567164E-02      3.889740852578E-03
   88.600000      1.408285936986E-02      3.828888152401E-03
   88.700000      1.369909473059E-02      3.722688918248E-03
   88.800000      1.324683307320E-02      3.591397962888E-03
   88.900000      1.279791716727E-02      3.454073136687E-03
   89.000000      1.240006154312E-02      3.324400733038E-03
   89.100000      1.206620821882E-02      3.208108518607E-03
   89.200000      1.177759787488E-02      3.102686608218E-03
   89.300000      1.149462136487E-02      2.999419748708E-03
   89.400000      1.117195480737E-02      2.887054807015E-03
   89.500000      1.077385349411E-02      2.756001628772E-03
   89.600000      1.028553170177E-02      2.601902665559E-03
   89.700000      9.718214661781E-03      2.427680849409E-03
   89.800000      9.107376818597E-03      2.243654739583E-03
   89.900000      8.506384213049E-03      2.065824497429E-03
   90.000000      7.978452337958E-03      1.912840127807E-03
   90.100000      7.586990522245E-03      1.802390244079E-03
   90.200000      7.384878779825E-03      1.747787521024E-03
   90.300000      7.404003036663E-03      1.755409270332E-03
   90.400000      7.645961621114E-03      1.823425836683E-03
   90.500000      8.077022879804E-03      1.941964929969E-03
   90.600000      8.632190967294E-03      2.094567937109E-03
   90.700000      9.229978881008E-03      2.260551421757E-03
   90.800000      9.788599801679E-03      2.417750202624E-03
   90.900000      1.023657800893E-02      2.545127419606E-03
   91.000000      1.051805518860E-02      2.624892556716E-03
   91.100000      1.059417523722E-02      2.644018031361E-03
   91.200000      1.044248840708E-02      2.595290196348E-03
   91.300000      1.005707128515E-02      2.478159844377E-03
   91.400000      9.451494567127E-03      2.299595044936E-03
   91.500000      8.664312034203E-03      2.074889707381E-03
   91.600000      7.764839282749E-03      1.828043352845E-03
   91.700000      6.856413347741E-03      1.591066589003E-03
   91.800000      6.074682677700E-03      1.401550767768E-03
   91.900000      5.579576705051E-03      1.298163175754E-03
   92.000000      5.536565092581E-03      1.314353292987E-03
   92.100000      6.064115456839E-03      1.471302196589E-03
   92.200000      7.159068662769E-03      1.771744833440E-03
   92.300000      8.700892066622E-03      2.196476290369E-03
   92.400000      1.050310166603E-02      2.704964197922E-03
   92.500000      1.234922566970E-02      3.240567066510E-03
   92.600000      1.402292516483E-02      3.739641353357E-03
   92.700000      1.533725069284E-02      4.142680400907E-03
   92.800000      1.616031122845E-02      4.404945410377E-03
   92.900000      1.643258149173E-02      4.504071467606E-03
   93.000000      1.617231817830E-02      4.442883284459E-03
   93.100000      1.546819819201E-02      4.246916596158E-03
   93.200000      1.446060832319E-02      3.957523152478E-03
   93.300000      1.331458727743E-02      3.622515963112E-03
   93.400000      1.218858576768E-02      3.286774059106E-03
   93.500000      1.120596973772E-02      2.984973364920E-03
   93.600000      1.043726835297E-02      2.737778845662E-03
   93.700000      9.894774500652E-03      2.551732742527E-03
   93.800000      9.544494581105E-03      2.422069821707E-03
   93.900000      9.331998523998E-03      2.337077279462E-03
   94.000000      9.202020225865E-03      2.282526058020E-03
   94.100000      9.109529588336E-03      2.245073843126E-03
   94.200000      9.024620398173E-03      2.214170887076E-03
   94.300000      8.931583155369E-03      2.182621943138E-03
   94.400000      8.823761901723E-03      2.146349459102E-03
   94.500000      8.697677276403E-03      2.103964949740E-03
   94.600000      8.551251112857E-03      2.056531727045E-03
   94.700000      8.387548331767E-03      2.007545667271E-03
   94.800000      8.219903550407E-03      1.962857714584E-03
   94.900000      8.074543255960E-03      1.930153057110E-03
   95.000000      7.988647898301E-03      1.917730332261E-03
   95.100000      8.002564232841E-03      1.932626659584E-03
   95.200000      8.146013704185E-03      1.978475070231E-03
   95.300000      8.418449807073E-03      2.053710595192E-03
   95.400000      8.782826634676E-03      2.150756505002E-03
   95.500000      9.183122284055E-03      2.256603847976E-03
   95.600000      9.556236687284E-03      2.354815009769E-03
   95.700000      9.840393137672E-03      2.428565300100E-03
   95.800000      9.984951891996E-03      2.464027267019E-03
   95.900000      9.959698999208E-03      2.453303536852E-03
   96.000000      9.760796348843E-03      2.396253715043E-03
   96.100000      9.412408289772E-03      2.300883253596E-03
   96.200000      8.964438900488E-03      2.182348255064E-03
   96.300000      8.487401822687E-03      2.060943939880E-03
   96.400000      8.065376173869E-03      1.959586226062E-03
   96.500000      7.787516419401E-03      1.901240469724E-03
   96.600000      7.737391696366E-03      1.906554904869E-03
   96.700000      7.978957058388E-03      1.991728418581E-03
   96.800000      8.543927277605E-03      2.166498940167E-03
   96.900000      9.426894983712E-03      2.432155385435E-03
   97.000000      1.058695291401E-02      2.779658778727E-03
   97.100000      1.194903395832E-02      3.188239178958E-03
   97.200000      1.340317816794E-02      3.625092368067E-03
   97.300000      1.480850542075E-02      4.046895263182E-03
   97.400000      1.600501160766E-02      4.403684335820E-03
   97.500000      1.683234117222E-02      4.645167588542E-03
   97.600000      1.715303367385E-02      4.728846060542E-03
   97.700000      1.687648740592E-02      4.628587961088E-03
   97.800000      1.597948857427E-02      4.341770597752E-03
   97.900000      1.451945960022E-02      3.893010030089E-03
   98.000000      1.263724117522E-02      3.332963342594E-03
   98.100000      1.054758488827E-02      2.731678962128E-03
   98.200000      8.517537285616E-03      2.167276759651E-03
   98.300000      6.834767028501E-03      1.712022276291E-03
   98.400000      5.763136359870E-03      1.418742416789E-03
   98.500000      5.452083553471E-03      1.310715257548E-03
   98.600000      5.844994232483E-03      1.377533883387E-03
   98.700000      6.729408467478E-03      1.578103984538E-03
   98.800000      7.831927933429E-03      1.850214558144E-03
   98.900000      8.885876709404E-03      2.124480970205E-03
   99.000000      9.677284001566E-03      2.339361018229E-03
   99.100000      1.007419613958E-02      2.453706336518E-03
   99.200000      1.004055645678E-02      2.454004438743E-03
   99.300000      9.633903238907E-03      2.354886090581E-03
   99.400000      8.988037858541E-03      2.193202636497E-03
   99.500000      8.283797429829E-03      2.017527550550E-03
   99.600000      7.710321917224E-03      1.875897579397E-03
   99.700000      7.417831975162E-03      1.804776131867E-03
   99.800000      7.479937884339E-03      1.821635590824E-03
   99.900000      7.883654987396E-03      1.922460547883E-03
  100.000000      8.531833366132E-03      2.084218070004E-03
