# M=14, N=7, max=1, V0=0.0, V=0.25, PBC
#  time (tJ)                 S₁(n=1)                 S₂(n=1)
    0.000000      2.220446049250E-16     -6.661338147751E-16
    0.100000      1.134878318809E-03      2.274450522697E-04
    0.200000      3.746027905593E-03      8.675969183096E-04
    0.300000      7.119733524748E-03      1.803764665155E-03
    0.400000      1.064682787186E-02      2.871664852393E-03
    0.500000      1.381083447137E-02      3.896209444207E-03
    0.600000      1.623493100035E-02      4.728602578185E-03
    0.700000      1.771526310559E-02      5.274584329714E-03
    0.800000      1.822849805476E-02      5.507597634491E-03
    0.900000      1.791266938831E-02      5.465110990771E-03
    1.000000      1.702588089532E-02      5.230886444870E-03
    1.100000      1.589109445268E-02      4.909303211306E-03
    1.200000      1.483587813703E-02      4.599099483883E-03
    1.300000      1.411973126702E-02      4.372970733423E-03
    1.400000      1.384790885894E-02      4.266932903308E-03
    1.500000      1.397386690920E-02      4.280197608742E-03
    1.600000      1.437304644375E-02      4.383515141279E-03
    1.700000      1.489341855566E-02      4.532227137041E-03
    1.800000      1.539097146199E-02      4.679887224933E-03
    1.900000      1.575670235265E-02      4.789073712213E-03
    2.000000      1.592972350326E-02      4.837468306781E-03
    2.100000      1.589632177800E-02      4.818862032554E-03
    2.200000      1.567937411147E-02      4.740026327965E-03
    2.300000      1.532338261197E-02      4.615115236643E-03
    2.400000      1.487858535509E-02      4.459429839750E-03
    2.500000      1.438558196813E-02      4.284124092151E-03
    2.600000      1.386471490208E-02      4.092961117351E-03
    2.700000      1.331167215290E-02      3.881700508568E-03
    2.800000      1.269200977628E-02      3.640188168610E-03
    2.900000      1.194728394247E-02      3.356742224708E-03
    3.000000      1.102317308955E-02      3.023977793111E-03
    3.100000      9.899930312049E-03      2.644821397098E-03
    3.200000      8.614439435267E-03      2.237219100470E-03
    3.300000      7.274059883179E-03      1.836058726588E-03
    3.400000      6.059570231413E-03      1.491198961302E-03
    3.500000      5.208820049002E-03      1.261233920983E-03
    3.600000      4.967368851329E-03      1.203608021637E-03
    3.700000      5.495070272316E-03      1.362712272350E-03
    3.800000      6.789715804026E-03      1.758368495580E-03
    3.900000      8.730864783505E-03      2.377400148714E-03
    4.000000      1.113866802572E-02      3.170656151175E-03
    4.100000      1.376903169237E-02      4.056902388287E-03
    4.200000      1.631613197744E-02      4.933585977718E-03
    4.300000      1.847490997387E-02      5.692904329685E-03
    4.400000      1.999686104113E-02      6.240245717885E-03
    4.500000      2.072219013899E-02      6.511274994908E-03
    4.600000      2.059874509502E-02      6.483976614298E-03
    4.700000      1.968850773124E-02      6.182902768528E-03
    4.800000      1.816085785612E-02      5.674531409888E-03
    4.900000      1.627300430607E-02      5.054621608046E-03
    5.000000      1.433919275429E-02      4.430246640948E-03
    5.100000      1.268959147813E-02      3.900309682993E-03
    5.200000      1.160855004754E-02      3.538519917951E-03
    5.300000      1.124072299244E-02      3.382034352893E-03
    5.400000      1.154617214934E-02      3.427531015522E-03
    5.500000      1.235041034670E-02      3.634806931565E-03
    5.600000      1.341136924349E-02      3.936522209794E-03
    5.700000      1.447225003381E-02      4.251743336043E-03
    5.800000      1.529951214672E-02      4.500590584735E-03
    5.900000      1.571070813821E-02      4.617505760056E-03
    6.000000      1.559288994278E-02      4.561247006581E-03
    6.100000      1.491172557606E-02      4.320467174029E-03
    6.200000      1.371247633870E-02      3.914462276156E-03
    6.300000      1.211416777012E-02      3.389302093405E-03
    6.400000      1.029772758671E-02      2.810082974143E-03
    6.500000      8.488139180029E-03      2.250514104629E-03
    6.600000      6.930071853035E-03      1.781460754043E-03
    6.700000      5.852679399531E-03      1.460335714623E-03
    6.800000      5.414124025277E-03      1.323211111939E-03
    6.900000      5.649545048265E-03      1.381098143600E-03
    7.000000      6.477927790816E-03      1.621004674559E-03
    7.100000      7.756420930074E-03      2.011281785390E-03
    7.200000      9.324631628032E-03      2.509701051558E-03
    7.300000      1.102818839209E-02      3.072006358158E-03
    7.400000      1.273729321710E-02      3.658624993541E-03
    7.500000      1.435803038569E-02      4.237882559190E-03
    7.600000      1.582997440161E-02      4.785284394880E-03
    7.700000      1.711476994026E-02      5.279833467903E-03
    7.800000      1.818400250488E-02      5.699479989301E-03
    7.900000      1.900573404456E-02      6.018219046144E-03
    8.000000      1.952549831136E-02      6.206848142318E-03
    8.100000      1.965901893200E-02      6.238054946123E-03
    8.200000      1.932350208385E-02      6.094739525092E-03
    8.300000      1.848394500241E-02      5.778912640142E-03
    8.400000      1.718299692694E-02      5.317776443928E-03
    8.500000      1.555109709248E-02      4.764056242256E-03
    8.600000      1.379947678495E-02      4.189255339479E-03
    8.700000      1.219798729236E-02      3.670756829592E-03
    8.800000      1.103229236906E-02      3.275832906023E-03
    8.900000      1.048433899993E-02      3.046883385970E-03
    9.000000      1.051493735040E-02      2.992130675388E-03
    9.100000      1.096678821935E-02      3.084528222120E-03
    9.200000      1.164259606230E-02      3.269251325327E-03
    9.300000      1.233404116679E-02      3.477615617292E-03
    9.400000      1.285618626031E-02      3.643444076520E-03
    9.500000      1.307928729283E-02      3.717369697144E-03
    9.600000      1.294677246992E-02      3.675461052141E-03
    9.700000      1.247565970955E-02      3.520544845439E-03
    9.800000      1.174172024030E-02      3.276966636673E-03
    9.900000      1.085390091757E-02      2.981462854646E-03
   10.000000      9.923022828828E-03      2.673673688695E-03
   10.100000      9.044510905233E-03      2.389366559466E-03
   10.200000      8.303707762429E-03      2.157907192462E-03
   10.300000      7.782937522902E-03      2.003543914509E-03
   10.400000      7.562754460467E-03      1.948439795880E-03
   10.500000      7.716757998365E-03      2.014720013637E-03
   10.600000      8.302540783991E-03      2.223332892704E-03
   10.700000      9.351682132603E-03      2.589023275813E-03
   10.800000      1.085607995694E-02      3.112594499251E-03
   10.900000      1.274878690155E-02      3.773163514116E-03
   11.000000      1.489335283541E-02      4.523695587622E-03
   11.100000      1.708681368569E-02      5.292483546884E-03
   11.200000      1.907284043288E-02      5.991581321168E-03
   11.300000      2.059794385969E-02      6.531046167519E-03
   11.400000      2.146082541586E-02      6.835899666921E-03
   11.500000      2.154395574563E-02      6.861631008219E-03
   11.600000      2.083296680221E-02      6.604204725247E-03
   11.700000      1.942094347729E-02      6.101870508205E-03
   11.800000      1.749651934099E-02      5.428197070823E-03
   11.900000      1.531706911844E-02      4.678018719116E-03
   12.000000      1.316957006491E-02      3.949722160810E-03
   12.100000      1.132292588847E-02      3.328032943905E-03
   12.200000      9.982420314143E-03      2.871037120529E-03
   12.300000      9.254851188871E-03      2.603799552093E-03
   12.400000      9.123029432298E-03      2.519084705650E-03
   12.500000      9.466050197691E-03      2.583919080064E-03
   12.600000      1.010483458937E-02      2.749548908887E-03
   12.700000      1.084958668160E-02      2.962013125658E-03
   12.800000      1.153459434936E-02      3.171049243200E-03
   12.900000      1.203698145061E-02      3.336093727323E-03
   13.000000      1.228356205367E-02      3.429295114389E-03
   13.100000      1.224965116122E-02      3.436310481216E-03
   13.200000      1.195302685705E-02      3.355953031198E-03
   13.300000      1.144537130886E-02      3.199492474713E-03
   13.400000      1.080230911299E-02      2.989796065488E-03
   13.500000      1.011327016970E-02      2.759877415762E-03
   13.600000      9.475854923310E-03      2.550121610147E-03
   13.700000      8.995531909386E-03      2.403664165788E-03
   13.800000      8.783136477024E-03      2.360074757265E-03
   13.900000      8.947568713155E-03      2.448360683475E-03
   14.000000      9.577868519884E-03      2.680956202240E-03
   14.100000      1.068280922370E-02      3.050446187002E-03
   14.200000      1.213774577226E-02      3.530156783403E-03
   14.300000      1.375709426494E-02      4.078614628112E-03
   14.400000      1.536758042893E-02      4.646661222631E-03
   14.500000      1.683112730255E-02      5.185202657066E-03
   14.600000      1.805166625643E-02      5.651510338415E-03
   14.700000      1.897309279780E-02      6.012692558008E-03
   14.800000      1.956814448257E-02      6.246138256818E-03
   14.900000      1.982105752138E-02      6.337905549689E-03
   15.000000      1.971347343141E-02      6.280706645428E-03
   15.100000      1.922415497991E-02      6.073053922176E-03
   15.200000      1.834122056067E-02      5.720332797823E-03
   15.300000      1.707779911026E-02      5.237417561677E-03
   15.400000      1.548503264068E-02      4.651458760575E-03
   15.500000      1.365940161469E-02      4.003080312532E-03
   15.600000      1.174214534484E-02      3.344600094043E-03
   15.700000      9.909205075129E-03      2.734868314741E-03
   15.800000      8.351198096053E-03      2.231497192885E-03
   15.900000      7.244869864408E-03      1.882166100355E-03
   16.000000      6.720093497112E-03      1.716998733968E-03
   16.100000      6.827735531467E-03      1.743658528139E-03
   16.200000      7.518441343110E-03      1.946002857225E-03
   16.300000      8.650010561641E-03      2.286241785403E-03
   16.400000      1.002371858047E-02      2.709910026336E-03
   16.500000      1.142495237382E-02      3.152749919409E-03
   16.600000      1.265228894307E-02      3.548743761129E-03
   16.700000      1.353710503287E-02      3.838765652725E-03
   16.800000      1.395973481958E-02      3.979354735248E-03
   16.900000      1.386493787682E-02      3.950797334424E-03
   17.000000      1.327565483939E-02      3.763154485287E-03
   17.100000      1.230116185040E-02      3.458424777136E-03
   17.200000      1.113432794363E-02      3.107103462648E-03
   17.300000      1.003363255417E-02      2.798248480226E-03
   17.400000      9.289532787487E-03      2.623730308314E-03
   17.500000      9.180106846407E-03      2.659211924253E-03
   17.600000      9.920126318079E-03      2.945943444505E-03
   17.700000      1.154660381933E-02      3.478038239961E-03
   17.800000      1.379703585477E-02      4.199145124652E-03
   17.900000      1.627240182525E-02      5.010378083872E-03
   18.000000      1.857326637847E-02      5.788494990076E-03
   18.100000      2.035479449530E-02      6.410451347305E-03
   18.200000      2.137054316961E-02      6.778502039525E-03
   18.300000      2.150265091751E-02      6.839659634943E-03
   18.400000      2.077236986084E-02      6.594725586619E-03
   18.500000      1.932906016473E-02      6.094896875504E-03
   18.600000      1.741854727306E-02      5.427279544781E-03
   18.700000      1.533301619082E-02      4.693525365754E-03
   18.800000      1.334697134565E-02      3.987428774007E-03
   18.900000      1.165101602945E-02      3.377258784603E-03
   19.000000      1.032597118667E-02      2.896932671152E-03
   19.100000      9.366757410028E-03      2.547398447926E-03
   19.200000      8.707659317364E-03      2.306611092947E-03
   19.300000      8.252933822419E-03      2.144144855428E-03
   19.400000      7.924929197364E-03      2.035449364801E-03
   19.500000      7.702346657114E-03      1.971281154232E-03
   19.600000      7.625501241268E-03      1.959688954904E-03
   19.700000      7.772729119217E-03      2.020471848293E-03
   19.800000      8.221022241856E-03      2.174456191917E-03
   19.900000      9.007020607915E-03      2.431517305588E-03
   20.000000      1.010208771058E-02      2.781561076124E-03
   20.100000      1.139476628768E-02      3.191642627522E-03
   20.200000      1.270518872027E-02      3.610404013912E-03
   20.300000      1.383701302390E-02      3.978713884108E-03
   20.400000      1.462650783271E-02      4.243513192436E-03
   20.500000      1.497534896998E-02      4.370970797381E-03
   20.600000      1.486884588809E-02      4.355348539787E-03
   20.700000      1.437952076442E-02      4.221292225298E-03
   20.800000      1.365640586712E-02      4.019123165677E-03
   20.900000      1.290185600744E-02      3.814505083356E-03
   21.000000      1.233613731777E-02      3.675092491797E-03
   21.100000      1.215382212671E-02      3.657163884331E-03
   21.200000      1.248668026474E-02      3.794841117010E-03
   21.300000      1.336120664673E-02      4.093572681227E-03
   21.400000      1.467722300460E-02      4.528495366202E-03
   21.500000      1.624317258442E-02      5.047416358940E-03
   21.600000      1.782475054876E-02      5.577641217664E-03
   21.700000      1.918030181904E-02      6.035681771607E-03
   21.800000      2.008811041037E-02      6.338840729266E-03
   21.900000      2.037000791840E-02      6.417586300949E-03
   22.000000      1.991212431101E-02      6.227388656163E-03
   22.100000      1.868099943522E-02      5.758339824859E-03
   22.200000      1.672985461279E-02      5.040624726464E-03
   22.300000      1.419785295909E-02      4.144030398815E-03
   22.400000      1.131447426279E-02      3.170390702234E-03
   22.500000      8.395016120806E-03      2.239192021901E-03
   22.600000      5.818557828063E-03      1.468272317097E-03
   22.700000      3.992612431255E-03      9.531495129009E-04
   22.800000      3.274612679479E-03      7.494351834583E-04
   22.900000      3.750644001820E-03      8.625725577700E-04
   23.000000      5.173808455642E-03      1.247672187782E-03
   23.100000      7.157669582812E-03      1.819825622343E-03
   23.200000      9.308718012601E-03      2.472625454789E-03
   23.300000      1.129499258588E-02      3.100494650060E-03
   23.400000      1.287604762826E-02      3.619463838770E-03
   23.500000      1.392590966530E-02      3.981518437460E-03
   23.600000      1.443911371830E-02      4.179433073019E-03
   23.700000      1.451472973468E-02      4.241610644162E-03
   23.800000      1.432347342336E-02      4.219104801232E-03
   23.900000      1.406200871922E-02      4.168955508405E-03
   24.000000      1.389666628167E-02      4.138642989533E-03
   24.100000      1.391144044232E-02      4.155706058386E-03
   24.200000      1.410024566168E-02      4.224686515766E-03
   24.300000      1.440062593286E-02      4.331213932429E-03
   24.400000      1.473046759727E-02      4.450995163163E-03
   24.500000      1.501725147786E-02      4.560308960950E-03
   24.600000      1.522036910232E-02      4.644572598645E-03
   24.700000      1.534318319562E-02      4.702517752255E-03
   24.800000      1.542843867467E-02      4.745082987754E-03
   24.900000      1.553683911159E-02      4.789776904965E-03
   25.000000      1.571905628298E-02      4.852515413640E-03
   25.100000      1.599419847508E-02      4.939497502228E-03
   25.200000      1.633861707927E-02      5.041509161614E-03
   25.300000      1.668084782212E-02      5.132302949270E-03
   25.400000      1.690398257296E-02      5.171672062498E-03
   25.500000      1.686392793789E-02      5.112794304941E-03
   25.600000      1.642039033052E-02      4.912543156206E-03
   25.700000      1.546862573545E-02      4.542830289740E-03
   25.800000      1.396657247922E-02      4.000687323975E-03
   25.900000      1.195582046997E-02      3.314758755034E-03
   26.000000      9.574428928414E-03      2.546241341752E-03
   26.100000      7.059833187748E-03      1.783136003343E-03
   26.200000      4.742414756457E-03      1.127950214962E-03
   26.300000      3.034491382684E-03      6.805132370684E-04
   26.400000      2.390658335916E-03      5.189935130701E-04
   26.500000      3.046979476091E-03      6.831110783931E-04
   26.600000      4.823836654913E-03      1.163554862264E-03
   26.700000      7.361634115534E-03      1.900587647729E-03
   26.800000      1.024854292834E-02      2.792889404704E-03
   26.900000      1.307995290899E-02      3.715290142596E-03
   27.000000      1.550687372450E-02      4.541807946015E-03
   27.100000      1.727325121795E-02      5.168975455108E-03
   27.200000      1.824112673519E-02      5.534248011535E-03
   27.300000      1.840057689394E-02      5.625430631324E-03
   27.400000      1.786287609287E-02      5.479249559429E-03
   27.500000      1.683753313201E-02      5.169843090711E-03
   27.600000      1.559577237164E-02      4.790343896935E-03
   27.700000      1.442387828829E-02      4.432230852211E-03
   27.800000      1.356838350946E-02      4.167355101310E-03
   27.900000      1.317761903034E-02      4.036475864256E-03
   28.000000      1.326612729630E-02      4.046137286883E-03
   28.100000      1.373298935360E-02      4.173401512611E-03
   28.200000      1.441874850912E-02      4.376006183592E-03
   28.300000      1.515997096815E-02      4.604461464244E-03
   28.400000      1.582113632138E-02      4.812662331875E-03
   28.500000      1.630621533317E-02      4.964639718619E-03
   28.600000      1.655678880754E-02      5.036697268815E-03
   28.700000      1.654261149502E-02      5.015817016119E-03
   28.800000      1.625009834003E-02      4.896328738743E-03
   28.900000      1.567372773070E-02      4.677081255420E-03
   29.000000      1.481362822165E-02      4.360701369819E-03
   29.100000      1.368012084258E-02      3.955278593616E-03
   29.200000      1.230391524918E-02      3.477489905026E-03
   29.300000      1.074857624140E-02      2.955313753720E-03
   29.400000      9.119614168758E-03      2.428420047354E-03
   29.500000      7.564520115984E-03      1.945087667673E-03
   29.600000      6.260375435478E-03      1.555796878025E-03
   29.700000      5.387165772426E-03      1.304968323571E-03
   29.800000      5.089003146991E-03      1.223150236990E-03
   29.900000      5.433580404963E-03      1.321943570430E-03
   30.000000      6.380244230319E-03      1.593071773093E-03
   30.100000      7.786580934681E-03      2.011568065960E-03
   30.200000      9.472866306530E-03      2.541630369361E-03
   30.300000      1.127826647139E-02      3.142866591605E-03
   30.400000      1.308046330563E-02      3.774779869093E-03
   30.500000      1.479348605241E-02      4.398391782153E-03
   30.600000      1.635118770289E-02      4.975438261160E-03
   30.700000      1.768295779957E-02      5.466925993783E-03
   30.800000      1.869647191413E-02      5.833371232259E-03
   30.900000      1.928332215091E-02      6.038440229656E-03
   31.000000      1.934889477006E-02      6.056138112611E-03
   31.100000      1.884811934948E-02      5.879768845397E-03
   31.200000      1.781297207235E-02      5.529442347874E-03
   31.300000      1.636714654997E-02      5.054625274966E-03
   31.400000      1.472490445016E-02      4.529363881794E-03
   31.500000      1.317211848690E-02      4.040030310863E-03
   31.600000      1.201885491123E-02      3.667988005008E-03
   31.700000      1.148955942496E-02      3.471515028356E-03
   31.800000      1.162864575773E-02      3.471941213396E-03
   31.900000      1.232940697644E-02      3.647990054887E-03
   32.000000      1.337385845098E-02      3.940071554085E-03
   32.100000      1.448090992973E-02      4.263489435630E-03
   32.200000      1.537278708077E-02      4.527109077367E-03
   32.300000      1.582606568237E-02      4.652723990747E-03
   32.400000      1.570291738935E-02      4.590494969673E-03
   32.500000      1.496493801482E-02      4.327260912533E-03
   32.600000      1.367066818147E-02      3.886676114663E-03
   32.700000      1.196008977070E-02      3.322278714455E-03
   32.800000      1.003130787831E-02      2.706092073747E-03
   32.900000      8.115274966834E-03      2.115864612684E-03
   33.000000      6.453391674676E-03      1.623611940259E-03
   33.100000      5.277849964342E-03      1.287095782104E-03
   33.200000      4.778417230665E-03      1.144733647705E-03
   33.300000      5.038227132011E-03      1.213572906444E-03
   33.400000      6.003886523254E-03      1.489565812932E-03
   33.500000      7.535197851193E-03      1.949411819460E-03
   33.600000      9.455487073169E-03      2.553508491002E-03
   33.700000      1.157426068954E-02      3.249847876866E-03
   33.800000      1.370228606032E-02      3.978834140679E-03
   33.900000      1.566588233017E-02      4.678909809472E-03
   34.000000      1.732003034968E-02      5.292615246897E-03
   34.100000      1.855924382760E-02      5.772414518747E-03
   34.200000      1.932455111067E-02      6.085465514479E-03
   34.300000      1.960415968670E-02      6.216593811166E-03
   34.400000      1.942531334241E-02      6.169037311645E-03
   34.500000      1.884286703203E-02      5.962953066514E-03
   34.600000      1.793450038454E-02      5.632073078590E-03
   34.700000      1.679647375194E-02      5.219147467727E-03
   34.800000      1.553704971855E-02      4.770876213096E-03
   34.900000      1.427264516441E-02      4.332931730671E-03
   35.000000      1.312698737433E-02      3.945490042700E-03
   35.100000      1.222735482746E-02      3.639510650165E-03
   35.200000      1.167771001393E-02      3.433907205348E-03
   35.300000      1.149813398912E-02      3.333755897134E-03
   35.400000      1.161964841314E-02      3.329758319455E-03
   35.500000      1.193723548815E-02      3.399228051220E-03
   35.600000      1.233620903921E-02      3.508817135291E-03
   35.700000      1.270256453609E-02      3.618989631562E-03
   35.800000      1.293312275290E-02      3.689899454642E-03
   35.900000      1.294510564294E-02      3.687921867380E-03
   36.000000      1.268450557787E-02      3.591751514835E-03
   36.100000      1.213417805015E-02      3.396850499888E-03
   36.200000      1.132074163538E-02      3.117202479126E-03
   36.300000      1.031721499551E-02      2.783814612634E-03
   36.400000      9.239136650771E-03      2.440115038569E-03
   36.500000      8.234030374606E-03      2.135132873895E-03
   36.600000      7.464987504634E-03      1.915891004444E-03
   36.700000      7.087693188591E-03      1.820595815745E-03
   36.800000      7.215437651670E-03      1.873898315476E-03
   36.900000      7.875871038869E-03      2.084820838722E-03
   37.000000      9.006632931446E-03      2.447133821861E-03
   37.100000      1.050005719702E-02      2.941327755909E-03
   37.200000      1.223864082801E-02      3.537091825284E-03
   37.300000      1.410619129623E-02      4.195455535139E-03
   37.400000      1.598464146057E-02      4.870353135048E-03
   37.500000      1.774572601211E-02      5.510067618160E-03
   37.600000      1.924974937688E-02      6.059489202901E-03
   37.700000      2.035622821742E-02      6.464137671037E-03
   37.800000      2.094116920922E-02      6.676368807345E-03
   37.900000      2.091624827238E-02      6.663246847336E-03
   38.000000      2.024735998960E-02      6.414541650773E-03
   38.100000      1.896942566508E-02      5.948612026792E-03
   38.200000      1.719362145470E-02      5.313909323830E-03
   38.300000      1.510406908539E-02      4.584612075317E-03
   38.400000      1.294362427162E-02      3.850333454515E-03
   38.500000      1.098937407622E-02      3.201523717689E-03
   38.600000      9.513391914269E-03      2.713584260412E-03
   38.700000      8.715655082556E-03      2.433333467952E-03
   38.800000      8.646320697392E-03      2.371060013046E-03
   38.900000      9.192565259781E-03      2.500044154378E-03
   39.000000      1.013478153754E-02      2.763522645457E-03
   39.100000      1.121535603377E-02      3.087207712639E-03
   39.200000      1.219240225577E-02      3.394215351725E-03
   39.300000      1.287616053881E-02      3.618963611342E-03
   39.400000      1.314932566612E-02      3.717284607428E-03
   39.500000      1.297307910040E-02      3.671347857167E-03
   39.600000      1.238244596699E-02      3.489509251025E-03
   39.700000      1.147500908709E-02      3.202359746426E-03
   39.800000      1.039484671940E-02      2.856709524092E-03
   39.900000      9.311166037002E-03      2.508969587675E-03
   40.000000      8.393548947095E-03      2.218656713312E-03
   40.100000      7.793965181001E-03      2.042007017165E-03
   40.200000      7.642748125730E-03      2.025367253104E-03
   40.300000      8.053777202039E-03      2.198334275570E-03
   40.400000      9.115265752902E-03      2.567386520030E-03
   40.500000      1.078296722358E-02      3.111569014061E-03
   40.600000      1.283135563263E-02      3.782139110154E-03
   40.700000      1.498510616807E-02      4.507597665533E-03
   40.800000      1.698060976785E-02      5.204215226249E-03
   40.900000      1.859394091744E-02      5.790405242652E-03
   41.000000      1.966824319537E-02      6.201747373365E-03
   41.100000      2.013389452259E-02      6.402774856243E-03
   41.200000      2.001563128923E-02      6.392189045746E-03
   41.300000      1.942178030528E-02      6.199888104790E-03
   41.400000      1.851064220843E-02      5.876592077647E-03
   41.500000      1.743950657099E-02      5.479134326063E-03
   41.600000      1.632648370631E-02      5.055880552698E-03
   41.700000      1.523906342602E-02      4.636711123164E-03
   41.800000      1.419217628396E-02      4.230508893939E-03
   41.900000      1.315328688399E-02      3.830594236127E-03
   42.000000      1.206786621001E-02      3.425869919323E-03
   42.100000      1.090342799277E-02      3.013488751905E-03
   42.200000      9.689032000797E-03      2.608301322840E-03
   42.300000      8.532326335725E-03      2.245371366681E-03
   42.400000      7.607615305112E-03      1.974123511101E-03
   42.500000      7.116591670941E-03      1.845470143737E-03
   42.600000      7.229412109474E-03      1.895658530404E-03
   42.700000      8.001073971856E-03      2.131833119827E-03
   42.800000      9.301626069453E-03      2.524038531721E-03
   42.900000      1.087573078524E-02      3.006687392257E-03
   43.000000      1.242296516828E-02      3.489900552266E-03
   43.100000      1.365136468600E-02      3.878361740560E-03
   43.200000      1.433096028533E-02      4.093193225812E-03
   43.300000      1.433687493145E-02      4.091423540223E-03
   43.400000      1.367435162912E-02      3.878102333668E-03
   43.500000      1.248389109603E-02      3.507858462863E-03
   43.600000      1.102559804065E-02      3.075221158674E-03
   43.700000      9.644019330784E-03      2.695683521154E-03
   43.800000      8.719216567368E-03      2.481630746723E-03
   43.900000      8.610197930146E-03      2.518385113101E-03
   44.000000      9.546018591444E-03      2.845509729513E-03
   44.100000      1.144026162715E-02      3.447251784961E-03
   44.200000      1.395129961546E-02      4.253953301643E-03
   44.300000      1.666669188081E-02      5.153930520059E-03
   44.400000      1.918069745976E-02      6.013251692049E-03
   44.500000      2.114001936004E-02      6.699438548455E-03
   44.600000      2.228009005146E-02      7.104590133791E-03
   44.700000      2.245052102912E-02      7.163773534887E-03
   44.800000      2.162795899125E-02      6.865567945411E-03
   44.900000      1.991592180800E-02      6.253123741753E-03
   45.000000      1.753209920034E-02      5.415741478134E-03
   45.100000      1.478429296228E-02      4.472565089065E-03
   45.200000      1.203662012300E-02      3.551335968215E-03
   45.300000      9.662480669757E-03      2.766092663925E-03
   45.400000      7.963202220259E-03      2.198036351829E-03
   45.500000      7.085538398094E-03      1.883349018753E-03
   45.600000      6.999958083608E-03      1.810487553104E-03
   45.700000      7.514859631359E-03      1.927515320712E-03
   45.800000      8.354345713493E-03      2.157742970140E-03
   45.900000      9.246214856906E-03      2.419890273082E-03
   46.000000      9.980846076606E-03      2.647752204846E-03
   46.100000      1.044576023004E-02      2.804399353541E-03
   46.200000      1.063612577401E-02      2.887371061212E-03
   46.300000      1.064142022590E-02      2.923812733854E-03
   46.400000      1.061321229879E-02      2.957382803761E-03
   46.500000      1.072299020168E-02      3.031148693434E-03
   46.600000      1.111087951750E-02      3.171837729109E-03
   46.700000      1.179178980980E-02      3.380304457324E-03
   46.800000      1.263225763161E-02      3.631047279326E-03
   46.900000      1.345158432229E-02      3.880698834196E-03
   47.000000      1.408327841152E-02      4.082576343698E-03
   47.100000      1.441423146517E-02      4.202531254768E-03
   47.200000      1.441340790564E-02      4.231049253562E-03
   47.300000      1.414428483809E-02      4.187851223006E-03
   47.400000      1.375773322748E-02      4.117641820952E-03
   47.500000      1.346202951411E-02      4.078329647360E-03
   47.600000      1.346222500572E-02      4.125153205817E-03
   47.700000      1.388271919299E-02      4.295092955839E-03
   47.800000      1.473484630296E-02      4.595567203732E-03
   47.900000      1.593173919932E-02      4.999982294025E-03
   48.000000      1.729923989779E-02      5.450814791146E-03
   48.100000      1.859882560576E-02      5.869167582772E-03
   48.200000      1.957695787058E-02      6.168593113682E-03
   48.300000      2.000916870090E-02      6.270535572368E-03
   48.400000      1.973018953541E-02      6.118858015086E-03
   48.500000      1.865583660431E-02      5.691317230879E-03
   48.600000      1.679855946355E-02      5.006308642785E-03
   48.700000      1.427600952789E-02      4.123665757704E-03
   48.800000      1.131124383656E-02      3.138856953777E-03
   48.900000      8.223516884737E-03      2.170717593341E-03
   49.000000      5.410241573497E-03      1.343936194225E-03
   49.100000      3.319370251752E-03      7.687419258056E-04
   49.200000      2.373832841576E-03      5.212969233290E-04
   49.300000      2.794858514538E-03      6.287816672175E-04
   49.400000      4.440943959220E-03      1.062753758412E-03
   49.500000      6.868824743710E-03      1.742962791374E-03
   49.600000      9.582245163021E-03      2.551623642273E-03
   49.700000      1.214023661336E-02      3.355680605957E-03
   49.800000      1.419599732936E-02      4.032496182179E-03
   49.900000      1.552709553937E-02      4.493305777147E-03
   50.000000      1.605379808742E-02      4.699091278174E-03
   50.100000      1.583967561093E-02      4.665251147512E-03
   50.200000      1.507261840918E-02      4.454170405531E-03
   50.300000      1.402786565931E-02      4.157796042927E-03
   50.400000      1.301732511812E-02      3.874776555622E-03
   50.500000      1.233048430069E-02      3.687947243051E-03
   50.600000      1.216499331374E-02      3.647601751040E-03
   50.700000      1.254524771780E-02      3.764199887528E-03
   50.800000      1.333794332570E-02      4.011454359556E-03
   50.900000      1.434717832392E-02      4.337907315799E-03
   51.000000      1.537683196762E-02      4.682966189801E-03
   51.100000      1.627112640990E-02      4.992508964071E-03
   51.200000      1.693664241562E-02      5.229784293746E-03
   51.300000      1.734317779358E-02      5.379163896617E-03
   51.400000      1.750761957256E-02      5.442732270784E-03
   51.500000      1.746971468655E-02      5.431939126224E-03
   51.600000      1.726849641780E-02      5.357900762148E-03
   51.700000      1.692404893741E-02      5.224039984352E-03
   51.800000      1.642582707918E-02      5.023650347873E-03
   51.900000      1.573108050342E-02      4.743099016498E-03
   52.000000      1.478000167530E-02      4.369397900062E-03
   52.100000      1.352683000873E-02      3.899411963294E-03
   52.200000      1.197241398506E-02      3.347457945755E-03
   52.300000      1.018437970613E-02      2.748577892501E-03
   52.400000      8.302510994411E-03      2.156131790757E-03
   52.500000      6.532446963625E-03      1.634086673449E-03
   52.600000      5.131123914668E-03      1.245933289707E-03
   52.700000      4.373588925608E-03      1.043058741550E-03
   52.800000      4.439590133388E-03      1.055401072289E-03
   52.900000      5.295152325783E-03      1.286382389064E-03
   53.000000      6.765488672599E-03      1.712811147880E-03
   53.100000      8.633119530582E-03      2.289142197415E-03
   53.200000      1.068535773917E-02      2.954604552211E-03
   53.300000      1.272984258378E-02      3.641459036308E-03
   53.400000      1.459434020626E-02      4.282972542843E-03
   53.500000      1.612763906847E-02      4.820323855855E-03
   53.600000      1.721060710446E-02      5.208241846041E-03
   53.700000      1.777038885126E-02      5.419451619963E-03
   53.800000      1.779068883747E-02      5.447888527230E-03
   53.900000      1.731695529940E-02      5.310268987352E-03
   54.000000      1.645586400717E-02      5.045260500718E-03
   54.100000      1.536819020556E-02      4.709462484954E-03
   54.200000      1.425549961552E-02      4.369860380587E-03
   54.300000      1.333900039902E-02      4.093300019652E-03
   54.400000      1.281969736545E-02      3.934582852411E-03
   54.500000      1.281617686733E-02      3.925608822116E-03
   54.600000      1.332426710558E-02      4.068213025586E-03
   54.700000      1.422437555759E-02      4.332753389293E-03
   54.800000      1.531564073744E-02      4.663193598642E-03
   54.900000      1.636708914504E-02      4.987758132000E-03
   55.000000      1.716339174241E-02      5.232749334152E-03
   55.100000      1.753625705610E-02      5.336311645061E-03
   55.200000      1.738286075054E-02      5.259078336830E-03
   55.300000      1.667215875862E-02      4.989675530010E-03
   55.400000      1.544073430392E-02      4.544604009951E-03
   55.500000      1.378150218442E-02      3.963518736211E-03
   55.600000      1.182947445629E-02      3.301872373791E-03
   55.700000      9.748590367163E-03      2.623020841401E-03
   55.800000      7.722434968851E-03      1.991284905684E-03
   55.900000      5.949798211348E-03      1.466491079542E-03
   56.000000      4.642999976935E-03      1.099659688653E-03
   56.100000      4.012751305041E-03      9.291459958523E-04
   56.200000      4.192029977958E-03      9.767879909448E-04
   56.300000      5.154908902912E-03      1.244293024781E-03
   56.400000      6.759326583681E-03      1.710824006939E-03
   56.500000      8.801908341795E-03      2.333112863252E-03
   56.600000      1.104817820361E-02      3.049172379344E-03
   56.700000      1.326091279035E-02      3.785806076162E-03
   56.800000      1.522717955413E-02      4.468920965697E-03
   56.900000      1.678216207138E-02      5.034595222051E-03
   57.000000      1.782653533927E-02      5.438388084019E-03
   57.100000      1.833416623959E-02      5.660733768104E-03
   57.200000      1.834800293807E-02      5.707341035807E-03
   57.300000      1.796326518311E-02      5.604936566550E-03
   57.400000      1.729993659138E-02      5.393920490640E-03
   57.500000      1.647575702514E-02      5.120110979075E-03
   57.600000      1.559571892916E-02      4.827575464816E-03
   57.700000      1.475633765596E-02      4.553738671165E-03
   57.800000      1.405117852440E-02      4.326916887682E-03
   57.900000      1.357149665321E-02      4.165596045654E-03
   58.000000      1.338453686299E-02      4.078448580787E-03
   58.100000      1.347791941946E-02      4.064322142438E-03
   58.200000      1.376564916220E-02      4.112040761172E-03
   58.300000      1.414432289285E-02      4.200503315903E-03
   58.400000      1.451352446082E-02      4.299916535845E-03
   58.500000      1.477843667228E-02      4.374871881562E-03
   58.600000      1.485240363917E-02      4.389395683843E-03
   58.700000      1.466302470443E-02      4.313301542476E-03
   58.800000      1.416290726280E-02      4.128488974624E-03
   58.900000      1.334202492651E-02      3.833560655022E-03
   59.000000      1.223478420083E-02      3.445412141222E-03
   59.100000      1.091801251439E-02      2.997214184121E-03
   59.200000      9.503789559688E-03      2.533211450455E-03
   59.300000      8.131223410118E-03      2.101664251291E-03
   59.400000      6.954992130584E-03      1.747745012817E-03
   59.500000      6.127610447616E-03      1.508084717882E-03
   59.600000      5.771557623626E-03      1.407972975621E-03
   59.700000      5.946124569438E-03      1.461195684714E-03
   59.800000      6.637172449509E-03      1.671534062789E-03
   59.900000      7.783626910873E-03      2.034427523975E-03
   60.000000      9.310154198932E-03      2.537437351302E-03
   60.100000      1.113849314359E-02      3.158904616503E-03
   60.200000      1.317599441900E-02      3.865302450867E-03
   60.300000      1.529401554276E-02      4.608824183625E-03
   60.400000      1.732184100354E-02      5.327299220182E-03
   60.500000      1.906297577773E-02      5.948287187030E-03
   60.600000      2.032065435039E-02      6.398107970723E-03
   60.700000      2.092888796427E-02      6.614868003098E-03
   60.800000      2.078563892254E-02      6.562769168104E-03
   60.900000      1.988143491366E-02      6.243796570169E-03
   61.000000      1.831637122207E-02      5.702828363845E-03
   61.100000      1.630019155309E-02      5.023501373309E-03
   61.200000      1.413312282174E-02      4.314534115058E-03
   61.300000      1.216819495025E-02      3.688969799974E-03
   61.400000      1.075440091705E-02      3.241073872647E-03
   61.500000      1.014966444369E-02      3.026626880126E-03
   61.600000      1.040573227253E-02      3.051698770551E-03
   61.700000      1.131905847814E-02      3.272813710473E-03
   61.800000      1.255176590225E-02      3.608358520848E-03
   61.900000      1.375716156843E-02      3.958093373424E-03
   62.000000      1.464203280166E-02      4.225610263155E-03
   62.100000      1.500491070697E-02      4.338137928988E-03
   62.200000      1.475626251920E-02      4.259267283642E-03
   62.300000      1.391973029958E-02      3.992492851571E-03
   62.400000      1.261668810710E-02      3.576111498989E-03
   62.500000      1.103839231680E-02      3.072128363510E-03
   62.600000      9.409584175553E-03      2.552800190901E-03
   62.700000      7.947846102240E-03      2.088171742003E-03
   62.800000      6.832121968243E-03      1.736769865367E-03
   62.900000      6.192705941400E-03      1.540126940563E-03
   63.000000      6.110778214629E-03      1.520618289798E-03
   63.100000      6.617522207511E-03      1.681572684472E-03
   63.200000      7.679461627516E-03      2.008751518185E-03
   63.300000      9.171618647177E-03      2.472796935797E-03
   63.400000      1.091024339212E-02      3.032712830783E-03
   63.500000      1.271337998985E-02      3.640547124226E-03
   63.600000      1.442819807626E-02      4.247109362032E-03
   63.700000      1.594061208617E-02      4.807969491530E-03
   63.800000      1.717970758177E-02      5.288489852705E-03
   63.900000      1.811669690530E-02      5.666575452189E-03
   64.000000      1.875624011717E-02      5.932336100538E-03
   64.100000      1.912061334737E-02      6.084821884204E-03
   64.200000      1.923062815086E-02      6.127075670533E-03
   64.300000      1.909049659304E-02      6.061499723781E-03
   64.400000      1.868403444466E-02      5.887592241142E-03
   64.500000      1.798325519712E-02      5.603345854086E-03
   64.600000      1.696613593334E-02      5.210208648138E-03
   64.700000      1.563961260510E-02      4.719967099438E-03
   64.800000      1.406203123365E-02      4.160812562217E-03
   64.900000      1.235755322451E-02      3.579669962938E-03
   65.000000      1.071519581009E-02      3.038751176939E-03
   65.100000      9.366315348575E-03      2.606012836058E-03
   65.200000      8.536553121479E-03      2.341217492548E-03
   65.300000      8.379010900972E-03      2.280974689252E-03
   65.400000      8.911953738883E-03      2.426923105970E-03
   65.500000      9.990212298004E-03      2.740808741563E-03
   65.600000      1.134215121857E-02      3.148663023250E-03
   65.700000      1.264746743275E-02      3.553979864718E-03
   65.800000      1.360606126265E-02      3.857368348389E-03
   65.900000      1.399016711806E-02      3.978311641609E-03
   66.000000      1.368159686120E-02      3.873925263493E-03
   66.100000      1.269274808679E-02      3.550184434113E-03
   66.200000      1.116983045809E-02      3.062812545453E-03
   66.300000      9.377390839176E-03      2.507424479413E-03
   66.400000      7.663470247190E-03      2.000986178177E-03
   66.500000      6.405871089298E-03      1.658590086497E-03
   66.600000      5.946921323901E-03      1.570516701500E-03
   66.700000      6.535394261944E-03      1.784368491635E-03
   66.800000      8.202582575315E-03      2.295820729286E-03
   66.900000      1.063080522667E-02      3.049576297311E-03
   67.000000      1.340436214754E-02      3.949924518568E-03
   67.100000      1.613457609357E-02      4.878387171015E-03
   67.200000      1.849014690206E-02      5.714680269221E-03
   67.300000      2.022421263669E-02      6.356832319378E-03
   67.400000      2.119261122939E-02      6.736770808465E-03
   67.500000      2.135997725554E-02      6.828830648667E-03
   67.600000      2.079314018647E-02      6.650155740505E-03
   67.700000      1.964237168148E-02      6.253539221730E-03
   67.800000      1.811267080141E-02      5.714602757988E-03
   67.900000      1.643035418755E-02      5.116146781462E-03
   68.000000      1.480784865475E-02      4.532885618800E-03
   68.100000      1.340592277038E-02      4.019562031402E-03
   68.200000      1.230529057678E-02      3.604641787429E-03
   68.300000      1.150301190792E-02      3.290539968498E-03
   68.400000      1.093134905295E-02      3.059848769283E-03
   68.500000      1.049395643840E-02      2.885631596924E-03
   68.600000      1.010859479810E-02      2.742862947299E-03
   68.700000      9.738657042653E-03      2.617811046413E-03
   68.800000      9.403520701368E-03      2.512707482586E-03
   68.900000      9.166440883363E-03      2.444336952396E-03
   69.000000      9.108478163692E-03      2.436913508163E-03
   69.100000      9.302081480983E-03      2.511345518263E-03
   69.200000      9.784833979658E-03      2.674244673318E-03
   69.300000      1.052736934390E-02      2.910395756800E-03
   69.400000      1.140696594236E-02      3.181666157011E-03
   69.500000      1.223283755094E-02      3.433594023367E-03
   69.600000      1.281017696957E-02      3.608581030390E-03
   69.700000      1.299463802146E-02      3.662402242282E-03
   69.800000      1.272992084256E-02      3.579345377130E-03
   69.900000      1.206867083773E-02      3.381217945927E-03
   70.000000      1.117349261557E-02      3.126840643539E-03
   70.100000      1.029632448083E-02      2.901160886896E-03
   70.200000      9.742108658595E-03      2.796084621239E-03
   70.300000      9.826339043712E-03      2.887666366941E-03
   70.400000      1.076048378069E-02      3.215612836511E-03
   70.500000      1.246982749268E-02      3.770669341305E-03
   70.600000      1.467584472841E-02      4.493415462248E-03
   70.700000      1.702469124252E-02      5.284889976141E-03
   70.800000      1.915864349634E-02      6.026258400365E-03
   70.900000      2.077292214212E-02      6.602430562213E-03
   71.000000      2.165393231952E-02      6.923810135245E-03
   71.100000      2.169855242126E-02      6.941338048687E-03
   71.200000      2.091495885455E-02      6.652229808700E-03
   71.300000      1.940681847519E-02      6.096478519555E-03
   71.400000      1.734671735558E-02      5.346417708102E-03
   71.500000      1.495073778478E-02      4.492786272653E-03
   71.600000      1.245971559696E-02      3.630645237790E-03
   71.700000      1.012308759318E-02      2.847466036194E-03
   71.800000      8.181036960577E-03      2.214343120298E-03
   71.900000      6.835203084756E-03      1.780196778961E-03
   72.000000      6.202150455774E-03      1.568398154718E-03
   72.100000      6.283816345924E-03      1.575468001139E-03
   72.200000      6.977916093212E-03      1.772047296647E-03
   72.300000      8.102591121464E-03      2.106742006415E-03
   72.400000      9.431777553593E-03      2.513327408993E-03
   72.500000      1.073524000288E-02      2.921057377469E-03
   72.600000      1.181524045879E-02      3.266697101356E-03
   72.700000      1.253843871402E-02      3.505868049030E-03
   72.800000      1.285511000459E-02      3.620884487428E-03
   72.900000      1.280281592095E-02      3.622794249123E-03
   73.000000      1.249502988806E-02      3.546770366173E-03
   73.100000      1.209525855582E-02      3.441911442037E-03
   73.200000      1.177626681951E-02      3.358237713945E-03
   73.300000      1.166655615585E-02      3.334572760936E-03
   73.400000      1.181273785828E-02      3.390708850612E-03
   73.500000      1.218928527142E-02      3.525831158686E-03
   73.600000      1.273076230043E-02      3.723105484716E-03
   73.700000      1.336186719259E-02      3.958335262033E-03
   73.800000      1.402293566926E-02      4.209352968665E-03
   73.900000      1.468518517279E-02      4.462736525507E-03
   74.000000      1.534887895304E-02      4.715532098914E-03
   74.100000      1.602842560584E-02      4.971528223689E-03
   74.200000      1.673486075705E-02      5.233621505734E-03
   74.300000      1.746001373548E-02      5.495269287353E-03
   74.400000      1.816000499497E-02      5.734457882251E-03
   74.500000      1.873872359735E-02      5.912890599984E-03
   74.600000      1.905042040311E-02      5.981463709263E-03
   74.700000      1.893616239800E-02      5.891082456193E-03
   74.800000      1.827007148960E-02      5.606105104617E-03
   74.900000      1.699414412747E-02      5.116722033823E-03
   75.000000      1.513927453991E-02      4.446662133005E-03
   75.100000      1.283274962870E-02      3.653741285029E-03
   75.200000      1.029225327918E-02      2.822607169710E-03
   75.300000      7.808164027103E-03      2.051069145717E-03
   75.400000      5.717751787486E-03      1.433054309315E-03
   75.500000      4.360424222356E-03      1.042040641516E-03
   75.600000      3.955298068175E-03      9.185875107607E-04
   75.700000      4.508673896422E-03      1.064435625591E-03
   75.800000      5.856972623890E-03      1.443970237719E-03
   75.900000      7.717074116461E-03      1.992139808169E-03
   76.000000      9.775300176232E-03      2.626653446519E-03
   76.100000      1.175272372893E-02      3.261716651877E-03
   76.200000      1.343200813128E-02      3.820735771437E-03
   76.300000      1.466724490292E-02      4.246134802841E-03
   76.400000      1.538589779609E-02      4.505358607340E-03
   76.500000      1.558584925010E-02      4.592956184012E-03
   76.600000      1.532905664363E-02      4.529141130496E-03
   76.700000      1.473238463392E-02      4.355400031161E-03
   76.800000      1.395518557805E-02      4.127716594810E-03
   76.900000      1.318244952652E-02      3.908012288639E-03
   77.000000      1.260204168311E-02      3.754610229757E-03
   77.100000      1.237468160877E-02      3.712883475197E-03
   77.200000      1.259772157752E-02      3.807571023082E-03
   77.300000      1.327401262653E-02      4.038291662347E-03
   77.400000      1.430858742582E-02      4.379383527394E-03
   77.500000      1.553862980523E-02      4.784348263603E-03
   77.600000      1.677411759593E-02      5.194092056812E-03
   77.700000      1.783237959866E-02      5.547181996221E-03
   77.800000      1.856354991948E-02      5.789830526252E-03
   77.900000      1.886629583049E-02      5.883491735131E-03
   78.000000      1.869353108859E-02      5.808764428574E-03
   78.100000      1.804911143818E-02      5.565465609374E-03
   78.200000      1.697776985522E-02      5.169836215348E-03
   78.300000      1.555152954189E-02      4.650463513563E-03
   78.400000      1.385724481636E-02      4.044438893944E-03
   78.500000      1.199146333779E-02      3.394593831626E-03
   78.600000      1.006550918528E-02      2.747710828885E-03
   78.700000      8.214286864191E-03      2.152842465890E-03
   78.800000      6.597901476096E-03      1.658649942133E-03
   78.900000      5.393188631049E-03      1.309100468464E-03
   79.000000      4.775373287270E-03      1.137754499521E-03
   79.100000      4.867628362962E-03      1.161833412370E-03
   79.200000      5.658137811240E-03      1.377846071886E-03
   79.300000      6.991550902197E-03      1.760465342063E-03
   79.400000      8.653153431974E-03      2.265547694031E-03
   79.500000      1.043066356444E-02      2.836945394985E-03
   79.600000      1.214236885395E-02      3.415543322978E-03
   79.700000      1.365318668590E-02      3.948246933398E-03
   79.800000      1.488125106238E-02      4.394740394134E-03
   79.900000      1.579058639408E-02      4.730682138016E-03
   80.000000      1.637232730826E-02      4.947260264740E-03
   80.100000      1.663348373466E-02      5.048194292616E-03
   80.200000      1.659504159019E-02      5.045904823232E-03
   80.300000      1.629222019872E-02      4.958467831392E-03
   80.400000      1.577869528099E-02      4.808208768159E-03
   80.500000      1.513345362174E-02      4.621709460292E-03
   80.600000      1.446538586837E-02      4.430059170875E-03
   80.700000      1.390671495438E-02      4.267793753173E-03
   80.800000      1.358282740130E-02      4.169337045338E-03
   80.900000      1.357406107378E-02      4.162789455493E-03
   81.000000      1.390926679919E-02      4.262225858991E-03
   81.100000      1.456378899330E-02      4.460750651789E-03
   81.200000      1.544117740598E-02      4.726943791340E-03
   81.300000      1.637475872658E-02      5.006778693061E-03
   81.400000      1.715403208819E-02      5.231692125301E-03
   81.500000      1.756690489758E-02      5.331646443156E-03
   81.600000      1.744325998255E-02      5.250344572596E-03
   81.700000      1.668858475351E-02      4.958823356635E-03
   81.800000      1.530360704034E-02      4.463821524475E-03
   81.900000      1.338831205249E-02      3.808591588955E-03
   82.000000      1.113053974104E-02      3.065824932597E-03
   82.100000      8.781654982052E-03      2.324464195779E-03
   82.200000      6.623707811386E-03      1.673731652604E-03
   82.300000      4.932644696954E-03      1.188240736578E-03
   82.400000      3.943021731754E-03      9.174569615678E-04
   82.500000      3.815132002008E-03      8.812846509056E-04
   82.600000      4.549239288527E-03      1.071702392133E-03
   82.700000      5.952391967810E-03      1.458763820420E-03
   82.800000      7.781726358921E-03      1.998410286922E-03
   82.900000      9.824527492485E-03      2.639621857687E-03
   83.000000      1.190605905078E-02      3.329345151049E-03
   83.100000      1.388250342935E-02      4.014982163366E-03
   83.200000      1.563207508931E-02      4.645463717953E-03
   83.300000      1.704952253422E-02      5.172574642840E-03
   83.400000      1.804674106767E-02      5.553988953424E-03
   83.500000      1.855862632988E-02      5.758494947771E-03
   83.600000      1.855281119841E-02      5.772539022927E-03
   83.700000      1.804517717311E-02      5.606051194229E-03
   83.800000      1.711537986458E-02      5.295037815734E-03
   83.900000      1.591030113078E-02      4.898897860914E-03
   84.000000      1.463056076699E-02      4.491762761016E-03
   84.100000      1.350235964358E-02      4.148987036915E-03
   84.200000      1.274652123757E-02      3.931642817245E-03
   84.300000      1.255752920059E-02      3.872894878738E-03
   84.400000      1.299293705004E-02      3.970036133033E-03
   84.500000      1.384346757363E-02      4.184672069156E-03
   84.600000      1.482398065488E-02      4.451384118929E-03
   84.700000      1.567101787689E-02      4.692823236374E-03
   84.800000      1.617154918256E-02      4.837343811463E-03
   84.900000      1.619111625913E-02      4.834589570542E-03
   85.000000      1.569095842699E-02      4.665122455871E-03
   85.100000      1.472791526716E-02      4.342019731594E-03
   85.200000      1.343589195565E-02      3.904748576750E-03
   85.300000      1.198629346746E-02      3.407785126847E-03
   85.400000      1.053329035527E-02      2.907699314197E-03
   85.500000      9.186274850328E-03      2.452431059362E-03
   85.600000      8.023740517893E-03      2.075328524868E-03
   85.700000      7.110131891295E-03      1.794680244800E-03
   85.800000      6.502968688144E-03      1.617617704871E-03
   85.900000      6.249101012012E-03      1.546006221713E-03
   86.000000      6.371141408474E-03      1.581631996282E-03
   86.100000      6.862473433969E-03      1.728630258985E-03
   86.200000      7.701573438297E-03      1.992364639353E-03
   86.300000      8.865615193310E-03      2.375363660510E-03
   86.400000      1.032808415993E-02      2.871956385581E-03
   86.500000      1.204238690200E-02      3.463615309221E-03
   86.600000      1.391812217816E-02      4.116678762014E-03
   86.700000      1.581318920685E-02      4.783318823383E-03
   86.800000      1.755797367611E-02      5.405712406490E-03
   86.900000      1.898537034251E-02      5.922688543472E-03
   87.000000      1.995091055993E-02      6.277804155263E-03
   87.100000      2.034746684557E-02      6.427765707362E-03
   87.200000      2.011821849329E-02      6.350160547525E-03
   87.300000      1.926827164959E-02      6.049418450708E-03
   87.400000      1.787343647216E-02      5.559786321475E-03
   87.500000      1.608364576982E-02      4.944051905269E-03
   87.600000      1.411862964367E-02      4.287064708582E-03
   87.700000      1.225432722804E-02      3.683951239541E-03
   87.800000      1.079824993247E-02      3.224245026423E-03
   87.900000      1.004038661396E-02      2.974611632397E-03
   88.000000      1.013488474105E-02      2.963927644452E-03
   88.100000      1.098350950476E-02      3.174664674821E-03
   88.200000      1.230274131418E-02      3.543553647352E-03
   88.300000      1.374088089444E-02      3.972458685646E-03
   88.400000      1.494910656244E-02      4.347777164990E-03
   88.500000      1.563491968364E-02      4.564278575395E-03
   88.600000      1.560419236244E-02      4.547883402087E-03
   88.700000      1.478780432554E-02      4.271960730701E-03
   88.800000      1.325105618921E-02      3.763303886180E-03
   88.900000      1.118635675741E-02      3.096553590002E-03
   89.000000      8.891049374224E-03      2.378696485278E-03
   89.100000      6.732900474192E-03      1.727559942991E-03
   89.200000      5.096856688207E-03      1.249363625041E-03
   89.300000      4.291644006709E-03      1.020167651386E-03
   89.400000      4.472094550801E-03      1.074673827064E-03
   89.500000      5.615675339048E-03      1.403790909258E-03
   89.600000      7.499495668814E-03      1.960288664785E-03
   89.700000      9.794094919638E-03      2.670279382433E-03
   89.800000      1.218494030254E-02      3.447487931803E-03
   89.900000      1.441198062190E-02      4.207323007819E-03
   90.000000      1.628392461646E-02      4.878426494449E-03
   90.100000      1.768535980158E-02      5.410325432283E-03
   90.200000      1.857552073565E-02      5.776737091804E-03
   90.300000      1.898011504033E-02      5.974796884202E-03
   90.400000      1.897722601980E-02      6.020948442247E-03
   90.500000      1.867592721303E-02      5.944513118517E-03
   90.600000      1.818589778841E-02      5.780127791327E-03
   90.700000      1.759101475756E-02      5.560351299619E-03
   90.800000      1.694533337005E-02      5.309765293232E-03
   90.900000      1.627712637362E-02      5.041750079520E-03
   91.000000      1.558184766364E-02      4.758708253117E-03
   91.100000      1.482531636709E-02      4.455808433651E-03
   91.200000      1.397257465941E-02      4.127415353016E-03
   91.300000      1.301333287197E-02      3.774476512929E-03
   91.400000      1.197925484845E-02      3.410546342502E-03
   91.500000      1.095150273878E-02      3.064126146150E-03
   91.600000      1.005404846004E-02      2.775730375136E-03
   91.700000      9.432255076826E-03      2.589485488041E-03
   91.800000      9.222000049032E-03      2.540812749483E-03
   91.900000      9.512414097778E-03      2.643342887443E-03
   92.000000      1.028243519136E-02      2.879109598248E-03
   92.100000      1.135343200964E-02      3.195844356525E-03
   92.200000      1.244046392654E-02      3.513709750408E-03
   92.300000      1.323980023863E-02      3.741316045019E-03
   92.400000      1.349736074433E-02      3.797997522510E-03
   92.500000      1.306168416180E-02      3.636943313991E-03
   92.600000      1.192415855554E-02      3.262716125591E-03
   92.700000      1.023896859283E-02      2.737466829076E-03
   92.800000      8.316100387766E-03      2.172741720592E-03
   92.900000      6.584112125614E-03      1.707569233044E-03
   93.000000      5.530838939509E-03      1.477444655883E-03
   93.100000      5.655254332627E-03      1.581711383632E-03
   93.200000      7.216828224572E-03      2.057722435877E-03
   93.300000      9.905366440670E-03      2.868691710659E-03
   93.400000      1.319035826022E-02      3.908671025930E-03
   93.500000      1.654051692864E-02      5.023604953315E-03
   93.600000      1.947367957161E-02      6.043225536028E-03
   93.700000      2.161124387653E-02      6.815858048215E-03
   93.800000      2.272005729802E-02      7.237746285642E-03
   93.900000      2.273189051619E-02      7.270314644298E-03
   94.000000      2.173846478221E-02      6.942237035118E-03
   94.100000      1.996450410851E-02      6.337205578705E-03
   94.200000      1.772436939095E-02      5.571716169674E-03
   94.300000      1.536973119890E-02      4.769114629718E-03
   94.400000      1.323432708635E-02      4.036208151349E-03
   94.500000      1.157096636723E-02      3.447171960538E-03
   94.600000      1.048727811994E-02      3.036954010992E-03
   94.700000      9.950498129589E-03      2.803753068185E-03
   94.800000      9.846353375547E-03      2.718141279693E-03
   94.900000      1.002571693268E-02      2.735420915406E-03
   95.000000      1.033881726875E-02      2.807874024780E-03
   95.100000      1.066030725538E-02      2.894415091594E-03
   95.200000      1.090379819901E-02      2.966371289693E-03
   95.300000      1.102631327339E-02      3.009280289953E-03
   95.400000      1.102500411297E-02      3.021430265864E-03
   95.500000      1.092904434593E-02      3.010277072805E-03
   95.600000      1.078874506734E-02      2.987930385296E-03
   95.700000      1.066267523071E-02      2.966755433901E-03
   95.800000      1.060277790596E-02      2.955924386242E-03
   95.900000      1.063580544560E-02      2.959526805027E-03
   96.000000      1.074714781770E-02      2.976587740512E-03
   96.100000      1.089073669060E-02      3.002992521955E-03
   96.200000      1.101906886281E-02      3.034867976114E-03
   96.300000      1.110822119897E-02      3.072496241437E-03
   96.400000      1.117374685479E-02      3.123495375500E-03
   96.500000      1.127837779590E-02      3.203965237828E-03
   96.600000      1.152701076559E-02      3.336673378129E-03
   96.700000      1.203313557523E-02      3.546112069263E-03
   96.800000      1.285579400962E-02      3.851212727643E-03
   96.900000      1.397785430851E-02      4.257377779341E-03
   97.000000      1.533527877671E-02      4.749994976425E-03
   97.100000      1.683186862952E-02      5.291535084578E-03
   97.200000      1.832997845080E-02      5.823657275367E-03
   97.300000      1.964104468529E-02      6.274595318095E-03
   97.400000      2.055492563814E-02      6.570761777456E-03
   97.500000      2.088910746902E-02      6.650349682702E-03
   97.600000      2.052372531151E-02      6.476059456787E-03
   97.700000      1.942255947749E-02      6.044126057211E-03
   97.800000      1.764322328016E-02      5.387565983355E-03
   97.900000      1.533646372602E-02      4.572810727051E-03
   98.000000      1.273487034003E-02      3.690311339450E-03
   98.100000      1.013242902441E-02      2.840922623654E-03
   98.200000      7.854356474608E-03      2.120619915742E-03
   98.300000      6.202891236986E-03      1.606246882986E-03
   98.400000      5.375186085784E-03      1.344601910198E-03
   98.500000      5.430494226611E-03      1.346429974221E-03
   98.600000      6.290774669749E-03      1.586010340252E-03
   98.700000      7.740445712767E-03      2.006181647767E-03
   98.800000      9.481337851497E-03      2.527914643532E-03
   98.900000      1.120871036191E-02      3.062967089424E-03
   99.000000      1.266293442176E-02      3.527757269761E-03
   99.100000      1.365762218210E-02      3.856399437050E-03
   99.200000      1.409485866875E-02      4.010891616374E-03
   99.300000      1.397150656046E-02      3.986767084592E-03
   99.400000      1.337664514263E-02      3.813130749555E-03
   99.500000      1.247918826917E-02      3.546872243662E-03
   99.600000      1.150451513556E-02      3.261880035619E-03
   99.700000      1.069789682895E-02      3.035095383108E-03
   99.800000      1.027745488254E-02      2.932004886628E-03
   99.900000      1.038988870087E-02      2.994444224856E-03
  100.000000      1.107164609912E-02      3.233226928169E-03
