# M=26, N=13, V0=0.0, V=-0.15, PBC
#  time (tJ)                 S₁(n=3)                 S₂(n=3)
    0.000000      2.042810365310E-14     -1.776356839400E-15
    0.100000      1.122240907839E-03      2.019471999652E-04
    0.200000      3.765017387313E-03      7.707163337596E-04
    0.300000      7.240907231981E-03      1.603956098297E-03
    0.400000      1.093467666430E-02      2.558142891433E-03
    0.500000      1.431108724248E-02      3.481242187723E-03
    0.600000      1.697390446514E-02      4.245137431125E-03
    0.700000      1.870687833808E-02      4.769608749902E-03
    0.800000      1.948312497141E-02      5.032568718937E-03
    0.900000      1.944205895820E-02      5.065485481022E-03
    1.000000      1.884047416347E-02      4.937049666328E-03
    1.100000      1.798813155498E-02      4.730926957706E-03
    1.200000      1.717760037014E-02      4.524188090277E-03
    1.300000      1.661771488042E-02      4.371752892182E-03
    1.400000      1.639263247639E-02      4.299591835929E-03
    1.500000      1.647358998940E-02      4.306502227007E-03
    1.600000      1.676255562152E-02      4.371975219311E-03
    1.700000      1.713839690392E-02      4.466587240467E-03
    1.800000      1.749285382406E-02      4.561567821346E-03
    1.900000      1.775132163686E-02      4.635349279442E-03
    2.000000      1.787915999247E-02      4.676392236377E-03
    2.100000      1.787725944940E-02      4.682832656377E-03
    2.200000      1.777177826136E-02      4.660168043580E-03
    2.300000      1.760261125303E-02      4.618251222352E-03
    2.400000      1.741344282773E-02      4.568489574622E-03
    2.500000      1.724386848713E-02      4.521654125356E-03
    2.600000      1.712357273245E-02      4.486333999385E-03
    2.700000      1.706917635354E-02      4.467932471613E-03
    2.800000      1.708299667624E-02      4.468146856232E-03
    2.900000      1.715406697536E-02      4.484975831383E-03
    3.000000      1.726160815024E-02      4.513328672264E-03
    3.100000      1.737934960681E-02      4.546218542155E-03
    3.200000      1.747994649603E-02      4.576345173402E-03
    3.300000      1.754100247464E-02      4.597708326307E-03
    3.400000      1.755144309472E-02      4.606838604334E-03
    3.500000      1.751477727527E-02      4.603328775770E-03
    3.600000      1.744787463582E-02      4.589564767957E-03
    3.700000      1.737461847290E-02      4.569803728660E-03
    3.800000      1.731590479117E-02      4.548928729617E-03
    3.900000      1.728283314595E-02      4.531261935166E-03
    4.000000      1.727693507272E-02      4.519735856966E-03
    4.100000      1.729302670704E-02      4.515556003149E-03
    4.200000      1.732230203087E-02      4.518314542223E-03
    4.300000      1.735604260756E-02      4.526399859939E-03
    4.400000      1.738885875336E-02      4.537519420312E-03
    4.500000      1.741980729049E-02      4.549197058453E-03
    4.600000      1.744993331288E-02      4.559176174600E-03
    4.700000      1.747677636462E-02      4.565712626148E-03
    4.800000      1.749320012429E-02      4.567755213096E-03
    4.900000      1.749292390348E-02      4.564998644039E-03
    5.000000      1.747441996349E-02      4.557782910778E-03
    5.100000      1.744079945045E-02      4.546828059111E-03
    5.200000      1.739744978796E-02      4.532836171409E-03
    5.300000      1.734880773284E-02      4.516042237536E-03
    5.400000      1.729535005545E-02      4.495823912360E-03
    5.500000      1.723186520264E-02      4.470468804136E-03
    5.600000      1.714753967537E-02      4.437149527384E-03
    5.700000      1.702738532495E-02      4.392092645039E-03
    5.800000      1.685416882609E-02      4.330876742425E-03
    5.900000      1.661014534157E-02      4.248779887497E-03
    6.000000      1.627840084064E-02      4.141123519619E-03
    6.100000      1.584367637280E-02      4.003614362140E-03
    6.200000      1.529280088327E-02      3.832740291170E-03
    6.300000      1.461545470152E-02      3.626300950578E-03
    6.400000      1.380602662495E-02      3.384132009538E-03
    6.500000      1.286693673009E-02      3.109014985510E-03
    6.600000      1.181344781408E-02      2.807670928726E-03
    6.700000      1.067919503147E-02      2.491642789055E-03
    6.800000      9.521308888372E-03      2.177804361254E-03
    6.900000      8.423764467911E-03      1.888213993253E-03
    7.000000      7.496377028912E-03      1.649071850026E-03
    7.100000      6.864431153155E-03      1.488645484448E-03
    7.200000      6.646121829816E-03      1.434195537543E-03
    7.300000      6.925968152087E-03      1.508145593776E-03
    7.400000      7.737024845310E-03      1.723967030290E-03
    7.500000      9.055454203509E-03      2.082445407468E-03
    7.600000      1.080193703869E-02      2.569103405685E-03
    7.700000      1.284940994099E-02      3.153522090460E-03
    7.800000      1.503547714388E-02      3.791092574576E-03
    7.900000      1.717724679324E-02      4.427346861272E-03
    8.000000      1.909038503364E-02      5.004511528590E-03
    8.100000      2.061123426347E-02      5.469399616946E-03
    8.200000      2.161753742034E-02      5.781332874581E-03
    8.300000      2.204460522504E-02      5.918595412281E-03
    8.400000      2.189494473217E-02      5.882049083792E-03
    8.500000      2.123956522118E-02      5.695006829869E-03
    8.600000      2.020978971215E-02      5.399190098802E-03
    8.700000      1.897973389943E-02      5.047436068075E-03
    8.800000      1.774065760600E-02      4.694567004755E-03
    8.900000      1.666939142300E-02      4.388287997060E-03
    9.000000      1.589566071426E-02      4.162000863784E-03
    9.100000      1.547831481179E-02      4.030978415015E-03
    9.200000      1.540180337927E-02      3.992528718649E-03
    9.300000      1.559416814965E-02      4.029799107840E-03
    9.400000      1.595582745691E-02      4.117988445016E-03
    9.500000      1.638750890025E-02      4.231200464831E-03
    9.600000      1.681103242353E-02      4.348134469111E-03
    9.700000      1.718011116819E-02      4.455281686623E-03
    9.800000      1.748036146831E-02      4.547133031656E-03
    9.900000      1.771983603393E-02      4.623849415915E-03
   10.000000      1.791378157440E-02      4.687603787901E-03
   10.100000      1.806965836991E-02      4.739134313390E-03
   10.200000      1.817925369045E-02      4.775846748379E-03
   10.300000      1.822134576217E-02      4.792144823856E-03
   10.400000      1.817233185238E-02      4.781782982695E-03
   10.500000      1.801924348085E-02      4.741240628315E-03
   10.600000      1.777009933734E-02      4.672697307554E-03
   10.700000      1.745811890803E-02      4.585298221476E-03
   10.800000      1.713810710546E-02      4.494003773518E-03
   10.900000      1.687494586890E-02      4.416200462539E-03
   11.000000      1.672604996671E-02      4.367093506972E-03
   11.100000      1.672269167175E-02      4.355394001855E-03
   11.200000      1.685826494186E-02      4.380768421203E-03
   11.300000      1.709026960821E-02      4.433943862984E-03
   11.400000      1.735478949883E-02      4.499461714063E-03
   11.500000      1.758612972213E-02      4.560170415608E-03
   11.600000      1.773461804866E-02      4.601971065320E-03
   11.700000      1.777784618041E-02      4.617283219488E-03
   11.800000      1.772274144837E-02      4.606190583967E-03
   11.900000      1.759852867437E-02      4.575066462064E-03
   12.000000      1.744379803137E-02      4.533351165753E-03
   12.100000      1.729250869911E-02      4.489739121957E-03
   12.200000      1.716325918611E-02      4.449131629865E-03
   12.300000      1.705478354260E-02      4.411313772757E-03
   12.400000      1.694845582841E-02      4.371600710454E-03
   12.500000      1.681627541536E-02      4.322959232022E-03
   12.600000      1.663101762814E-02      4.258626393451E-03
   12.700000      1.637460555947E-02      4.174182581002E-03
   12.800000      1.604177808446E-02      4.068381994990E-03
   12.900000      1.563826837107E-02      3.942630259150E-03
   13.000000      1.517483386933E-02      3.799573203186E-03
   13.100000      1.466016008656E-02      3.641590167712E-03
   13.200000      1.409653955480E-02      3.469950809758E-03
   13.300000      1.348091992405E-02      3.285035943045E-03
   13.400000      1.281063512323E-02      3.087514871772E-03
   13.500000      1.209073721978E-02      2.879942347710E-03
   13.600000      1.133977442803E-02      2.668067975208E-03
   13.700000      1.059207516752E-02      2.461295196277E-03
   13.800000      9.896063288688E-03      2.272099571104E-03
   13.900000      9.309255086739E-03      2.114635679990E-03
   14.000000      8.890936626523E-03      2.003038967775E-03
   14.100000      8.693609467776E-03      1.949950643313E-03
   14.200000      8.755575477358E-03      1.965571929337E-03
   14.300000      9.097455330988E-03      2.057214185604E-03
   14.400000      9.722338587863E-03      2.229031812657E-03
   14.500000      1.061714664535E-02      2.481550673215E-03
   14.600000      1.175391463585E-02      2.810778502795E-03
   14.700000      1.309040118399E-02      3.207023655413E-03
   14.800000      1.456962415450E-02      3.653886857371E-03
   14.900000      1.611877770299E-02      4.128053559686E-03
   15.000000      1.764957889119E-02      4.600404116746E-03
   15.100000      1.906318059053E-02      5.038598892465E-03
   15.200000      2.026084032595E-02      5.410819720771E-03
   15.300000      2.115782660968E-02      5.689943959673E-03
   15.400000      2.169557302972E-02      5.857251357898E-03
   15.500000      2.184850756022E-02      5.904882418739E-03
   15.600000      2.162582151305E-02      5.836625481178E-03
   15.700000      2.106950700051E-02      5.667058769053E-03
   15.800000      2.024918709779E-02      5.419435524206E-03
   15.900000      1.925493857520E-02      5.122850627362E-03
   16.000000      1.818976608957E-02      4.809151533564E-03
   16.100000      1.716194392854E-02      4.509852747048E-03
   16.200000      1.627554450584E-02      4.253135230736E-03
   16.300000      1.561756487003E-02      4.060984128583E-03
   16.400000      1.524306132013E-02      3.946664508861E-03
   16.500000      1.516395575055E-02      3.912963639321E-03
   16.600000      1.534711250365E-02      3.951775906617E-03
   16.700000      1.572219587289E-02      4.045521294557E-03
   16.800000      1.619688694689E-02      4.170513826200E-03
   16.900000      1.667645425437E-02      4.301814427135E-03
   17.000000      1.708369400695E-02      4.418515815940E-03
   17.100000      1.737462774310E-02      4.508063761861E-03
   17.200000      1.754585082358E-02      4.568310109259E-03
   17.300000      1.763121133436E-02      4.606560645371E-03
   17.400000      1.768769347992E-02      4.635781567808E-03
   17.500000      1.777305166935E-02      4.669069596209E-03
   17.600000      1.792167024559E-02      4.714134146392E-03
   17.700000      1.812872006948E-02      4.769630369886E-03
   17.800000      1.834978980903E-02      4.824651215157E-03
   17.900000      1.851498739327E-02      4.861688100068E-03
   18.000000      1.855142108977E-02      4.862227832763E-03
   18.100000      1.840693578814E-02      4.813250526549E-03
   18.200000      1.806868345842E-02      4.712536173757E-03
   18.300000      1.757181511602E-02      4.571002025607E-03
   18.400000      1.699594924187E-02      4.411182255573E-03
   18.500000      1.644959264355E-02      4.262140952520E-03
   18.600000      1.604497270824E-02      4.152203724327E-03
   18.700000      1.586786052969E-02      4.101560391583E-03
   18.800000      1.595006300601E-02      4.116833073978E-03
   18.900000      1.625645624806E-02      4.189123204170E-03
   19.000000      1.669523354716E-02      4.296041268723E-03
   19.100000      1.714565773474E-02      4.407098765865E-03
   19.200000      1.748936766531E-02      4.490935730715E-03
   19.300000      1.763571488222E-02      4.522420276123E-03
   19.400000      1.753742608976E-02      4.487790340870E-03
   19.500000      1.719542571355E-02      4.386644326301E-03
   19.600000      1.665322758932E-02      4.230518672438E-03
   19.700000      1.598287159592E-02      4.038735157896E-03
   19.800000      1.526578832740E-02      3.832887417957E-03
   19.900000      1.457302032453E-02      3.631582253090E-03
   20.000000      1.394971853745E-02      3.446814417513E-03
   20.100000      1.340860353847E-02      3.282739710608E-03
   20.200000      1.293474843892E-02      3.136835386713E-03
   20.300000      1.249861800208E-02      3.002749631058E-03
   20.400000      1.207089940295E-02      2.873746904444E-03
   20.500000      1.163401643295E-02      2.745647825048E-03
   20.600000      1.118799709459E-02      2.618502265077E-03
   20.700000      1.075061049400E-02      2.496770923400E-03
   20.800000      1.035320312202E-02      2.388316200801E-03
   20.900000      1.003433578998E-02      2.302829836990E-03
   21.000000      9.833286293872E-03      2.250353383282E-03
   21.100000      9.785184365715E-03      2.240303793465E-03
   21.200000      9.918767117401E-03      2.281036073328E-03
   21.300000      1.025611820531E-02      2.379643016171E-03
   21.400000      1.081233981856E-02      2.541560842332E-03
   21.500000      1.159307586624E-02      2.769672975608E-03
   21.600000      1.258956566774E-02      3.062917669244E-03
   21.700000      1.377409745483E-02      3.414758576133E-03
   21.800000      1.509876383035E-02      3.812103878786E-03
   21.900000      1.649669256131E-02      4.235249216023E-03
   22.000000      1.788514891793E-02      4.659165089604E-03
   22.100000      1.917280999640E-02      5.056046911026E-03
   22.200000      2.027164671703E-02      5.398652251390E-03
   22.300000      2.110935151705E-02      5.663715826653E-03
   22.400000      2.163798995307E-02      5.834739997355E-03
   22.500000      2.183723178422E-02      5.903687703993E-03
   22.600000      2.171297447241E-02      5.871447468475E-03
   22.700000      2.129381554869E-02      5.747250411690E-03
   22.800000      2.062795981190E-02      5.547380794276E-03
   22.900000      1.978051878075E-02      5.293499011970E-03
   23.000000      1.883012491541E-02      5.010745965253E-03
   23.100000      1.786419800036E-02      4.725635347007E-03
   23.200000      1.697213297691E-02      4.463678514789E-03
   23.300000      1.623563711647E-02      4.246778462580E-03
   23.400000      1.571649230668E-02      4.090641066337E-03
   23.500000      1.544476018744E-02      4.002676359695E-03
   23.600000      1.541279205647E-02      3.980969135513E-03
   23.700000      1.557817611228E-02      4.014793494433E-03
   23.800000      1.587407432730E-02      4.086821880673E-03
   23.900000      1.622359737761E-02      4.176723199711E-03
   24.000000      1.655556107492E-02      4.265408912099E-03
   24.100000      1.681887648511E-02      4.338928114599E-03
   24.200000      1.699196024707E-02      4.391034802781E-03
   24.300000      1.708478268506E-02      4.423762201928E-03
   24.400000      1.713302153010E-02      4.445855004051E-03
   24.500000      1.718553268284E-02      4.469481032133E-03
   24.600000      1.728827468595E-02      4.506104331224E-03
   24.700000      1.746923365661E-02      4.562621858398E-03
   24.800000      1.772877159381E-02      4.638787337446E-03
   24.900000      1.803796443663E-02      4.726595388263E-03
   25.000000      1.834482432302E-02      4.811777344435E-03
   25.100000      1.858628080523E-02      4.877009704507E-03
   25.200000      1.870284561557E-02      4.906000683571E-03
   25.300000      1.865260547602E-02      4.887408249676E-03
   25.400000      1.842129498556E-02      4.817603444493E-03
   25.500000      1.802602932918E-02      4.701606820013E-03
   25.600000      1.751184605664E-02      4.552011611533E-03
   25.700000      1.694199716792E-02      4.386236796401E-03
   25.800000      1.638474424508E-02      4.222880629996E-03
   25.900000      1.590019086978E-02      4.078145278911E-03
   26.000000      1.552998572244E-02      3.963211880249E-03
   26.100000      1.529193826517E-02      3.883089357007E-03
   26.200000      1.518053559598E-02      3.836958123250E-03
   26.300000      1.517234658695E-02      3.819557806837E-03
   26.400000      1.523371696766E-02      3.822898708377E-03
   26.500000      1.532769280692E-02      3.837610651327E-03
   26.600000      1.541771893484E-02      3.853563542811E-03
   26.700000      1.546761221862E-02      3.859865363156E-03
   26.800000      1.543954783601E-02      3.844757531775E-03
   26.900000      1.529328389882E-02      3.796087489956E-03
   27.000000      1.498974318257E-02      3.702844148846E-03
   27.100000      1.449966598888E-02      3.557744893828E-03
   27.200000      1.381503868923E-02      3.360258482618E-03
   27.300000      1.295946361390E-02      3.119004017348E-03
   27.400000      1.199353386082E-02      2.852410116939E-03
   27.500000      1.101222246901E-02      2.586932906122E-03
   27.600000      1.013291788462E-02      2.352902539348E-03
   27.700000      9.474650177554E-03      2.178917617385E-03
   27.800000      9.131792884174E-03      2.086300123487E-03
   27.900000      9.149434257357E-03      2.085207500536E-03
   28.000000      9.511771385990E-03      2.173512512993E-03
   28.100000      1.015262563669E-02      2.338669727130E-03
   28.200000      1.098229549392E-02      2.561818343370E-03
   28.300000      1.191467961265E-02      2.822688273362E-03
   28.400000      1.288417500567E-02      3.103732540456E-03
   28.500000      1.385036699016E-02      3.392343665597E-03
   28.600000      1.479321109761E-02      3.680834278429E-03
   28.700000      1.570344565581E-02      3.964731195657E-03
   28.800000      1.657311364679E-02      4.240497378934E-03
   28.900000      1.739011755748E-02      4.503844983391E-03
   29.000000      1.813844125732E-02      4.749347441486E-03
   29.100000      1.880252395344E-02      4.971326388748E-03
   29.200000      1.937287206041E-02      5.165320343156E-03
   29.300000      1.984963784818E-02      5.329140524702E-03
   29.400000      2.024096094784E-02      5.462721685291E-03
   29.500000      2.055615369941E-02      5.566592955961E-03
   29.600000      2.079669121392E-02      5.639548471396E-03
   29.700000      2.094761139204E-02      5.676643463180E-03
   29.800000      2.097314261414E-02      5.668711306969E-03
   29.900000      2.082198944964E-02      5.604119507975E-03
   30.000000      2.044387154437E-02      5.472619632835E-03
   30.100000      1.981103121670E-02      5.270232695437E-03
   30.200000      1.893587109953E-02      5.003521724952E-03
   30.300000      1.787907202758E-02      4.691596869044E-03
   30.400000      1.674579526275E-02      4.364811126742E-03
   30.500000      1.567050674519E-02      4.060130970140E-03
   30.600000      1.479351109445E-02      3.814240795927E-03
   30.700000      1.423282826722E-02      3.656184104061E-03
   30.800000      1.405626577112E-02      3.601507971461E-03
   30.900000      1.426344152926E-02      3.649425535971E-03
   31.000000      1.478785799502E-02      3.783620597726E-03
   31.100000      1.551688596725E-02      3.976299088366E-03
   31.200000      1.632063446461E-02      4.194269522728E-03
   31.300000      1.708000047553E-02      4.405438539517E-03
   31.400000      1.770612351422E-02      4.584206004138E-03
   31.500000      1.814912774108E-02      4.714739123520E-03
   31.600000      1.839758252670E-02      4.791788274709E-03
   31.700000      1.847138486398E-02      4.819346832565E-03
   31.800000      1.841110188286E-02      4.807879988827E-03
   31.900000      1.826648429426E-02      4.770985814591E-03
   32.000000      1.808612207317E-02      4.722243157782E-03
   32.100000      1.790943591482E-02      4.672749551796E-03
   32.200000      1.776153903632E-02      4.629575580969E-03
   32.300000      1.765118480104E-02      4.595146260136E-03
   32.400000      1.757156952307E-02      4.567438592002E-03
   32.500000      1.750318484052E-02      4.540842802104E-03
   32.600000      1.741807215891E-02      4.507531043963E-03
   32.700000      1.728525591111E-02      4.459169179988E-03
   32.800000      1.707707436877E-02      4.388771610003E-03
   32.900000      1.677586292155E-02      4.292440484468E-03
   33.000000      1.637992974782E-02      4.170676698522E-03
   33.100000      1.590711163206E-02      4.028939657274E-03
   33.200000      1.539409791406E-02      3.877200806025E-03
   33.300000      1.489037677473E-02      3.728398727016E-03
   33.400000      1.444719027999E-02      3.595947935119E-03
   33.500000      1.410446376377E-02      3.490731794610E-03
   33.600000      1.388026264776E-02      3.418246088060E-03
   33.700000      1.376551966032E-02      3.376666775319E-03
   33.800000      1.372442559400E-02      3.356522876671E-03
   33.900000      1.370057015999E-02      3.342338559014E-03
   34.000000      1.362882841622E-02      3.316110777363E-03
   34.100000      1.345139446495E-02      3.261926799033E-03
   34.200000      1.313418569716E-02      3.170569661879E-03
   34.300000      1.267903516175E-02      3.042785557769E-03
   34.400000      1.212780020484E-02      2.890112493900E-03
   34.500000      1.155617667791E-02      2.732790874239E-03
   34.600000      1.105736170463E-02      2.595142983384E-03
   34.700000      1.071871341676E-02      2.499651680838E-03
   34.800000      1.059802811822E-02      2.461488771095E-03
   34.900000      1.070840231795E-02      2.485219198315E-03
   35.000000      1.101891186547E-02      2.564789377697E-03
   35.100000      1.147070510287E-02      2.686857561664E-03
   35.200000      1.200056347554E-02      2.836375515798E-03
   35.300000      1.256324568301E-02      3.002486991384E-03
   35.400000      1.314631975047E-02      3.182598434377E-03
   35.500000      1.377317455281E-02      3.383024162353E-03
   35.600000      1.449242390627E-02      3.615763308766E-03
   35.700000      1.535548557143E-02      3.892345143670E-03
   35.800000      1.638824673119E-02      4.216796426302E-03
   35.900000      1.756690473391E-02      4.580229527285E-03
   36.000000      1.880946138004E-02      4.959142990742E-03
   36.100000      1.998920988029E-02      5.318383194955E-03
   36.200000      2.096462168620E-02      5.618209572459E-03
   36.300000      2.161370474911E-02      5.823538242788E-03
   36.400000      2.186322314431E-02      5.912670227357E-03
   36.500000      2.170630618376E-02      5.882901592035E-03
   36.600000      2.120502078085E-02      5.751333664275E-03
   36.700000      2.047741119919E-02      5.550641274614E-03
   36.800000      1.967109770284E-02      5.321038549032E-03
   36.900000      1.892809314238E-02      5.100734750027E-03
   37.000000      1.834938712021E-02      4.917495631056E-03
   37.100000      1.797195042458E-02      4.783473591639E-03
   37.200000      1.776731666694E-02      4.694440987446E-03
   37.300000      1.765973554450E-02      4.633304275726E-03
   37.400000      1.755423542026E-02      4.576665344199E-03
   37.500000      1.736531889917E-02      4.502514820826E-03
   37.600000      1.704015422083E-02      4.397018884753E-03
   37.700000      1.657245806566E-02      4.258758086987E-03
   37.800000      1.600537957937E-02      4.099528598681E-03
   37.900000      1.542352845247E-02      3.941698273783E-03
   38.000000      1.493545725949E-02      3.812906467703E-03
   38.100000      1.464877966294E-02      3.739449075686E-03
   38.200000      1.464218601377E-02      3.739915013372E-03
   38.300000      1.494215245559E-02      3.820524248341E-03
   38.400000      1.551337685503E-02      3.973204871923E-03
   38.500000      1.626748613597E-02      4.176826690009E-03
   38.600000      1.708550685517E-02      4.401304082947E-03
   38.700000      1.784432090812E-02      4.613633876583E-03
   38.800000      1.844012737993E-02      4.784486139783E-03
   38.900000      1.880568258192E-02      4.893828903980E-03
   39.000000      1.891957736807E-02      4.934291452536E-03
   39.100000      1.880653795781E-02      4.911517680918E-03
   39.200000      1.852866584221E-02      4.841503397448E-03
   39.300000      1.816874574773E-02      4.745659056824E-03
   39.400000      1.780832969490E-02      4.644893614338E-03
   39.500000      1.750565761504E-02      4.554229997213E-03
   39.600000      1.728053724146E-02      4.479288610267E-03
   39.700000      1.711156803430E-02      4.415469767939E-03
   39.800000      1.694565731722E-02      4.349970186153E-03
   39.900000      1.671584346555E-02      4.266062911967E-03
   40.000000      1.636202605342E-02      4.148523998699E-03
   40.100000      1.584936596328E-02      3.988822210832E-03
   40.200000      1.518054787554E-02      3.788747966246E-03
   40.300000      1.439981249277E-02      3.561519773565E-03
   40.400000      1.358802796380E-02      3.329986309804E-03
   40.500000      1.284915216570E-02      3.122216298962E-03
   40.600000      1.228948243715E-02      2.965395252942E-03
   40.700000      1.199225273263E-02      2.879392215615E-03
   40.800000      1.199212488318E-02      2.871515285561E-03
   40.900000      1.225852947086E-02      2.933789737877E-03
   41.000000      1.269911339808E-02      3.043584980684E-03
   41.100000      1.318277044784E-02      3.167678886562E-03
   41.200000      1.357038655488E-02      3.269036446907E-03
   41.300000      1.374435708605E-02      3.314886556514E-03
   41.400000      1.363237474642E-02      3.284290959616E-03
   41.500000      1.322257591651E-02      3.173437372391E-03
   41.600000      1.256800893400E-02      2.997371613616E-03
   41.700000      1.177977768966E-02      2.787701900725E-03
   41.800000      1.100996183248E-02      2.586750414873E-03
   41.900000      1.042662651655E-02      2.439441931080E-03
   42.000000      1.018321669876E-02      2.384696942804E-03
   42.100000      1.038455390861E-02      2.448132866149E-03
   42.200000      1.105783293920E-02      2.637496672118E-03
   42.300000      1.214687787449E-02      2.941588652426E-03
   42.400000      1.353184936787E-02      3.332677223708E-03
   42.500000      1.505829089571E-02      3.771728569238E-03
   42.600000      1.656641532784E-02      4.215308259258E-03
   42.700000      1.791635373264E-02      4.622807820471E-03
   42.800000      1.900638572518E-02      4.962697145216E-03
   42.900000      1.978307453064E-02      5.216755397635E-03
   43.000000      2.024357002234E-02      5.381628249855E-03
   43.100000      2.043069143649E-02      5.467538741409E-03
   43.200000      2.042152225098E-02      5.494484292157E-03
   43.300000      2.031038686283E-02      5.486718181799E-03
   43.400000      2.018706538240E-02      5.466664896025E-03
   43.500000      2.011225406328E-02      5.449577350199E-03
   43.600000      2.009980265974E-02      5.440148084055E-03
   43.700000      2.011692160410E-02      5.431913941272E-03
   43.800000      2.009857019748E-02      5.409684652483E-03
   43.900000      1.996861599305E-02      5.354493035100E-03
   44.000000      1.966239580335E-02      5.249881851677E-03
   44.100000      1.914651308328E-02      5.087904308835E-03
   44.200000      1.843239291404E-02      4.873176850009E-03
   44.300000      1.758040006147E-02      4.623739945433E-03
   44.400000      1.669251578745E-02      4.368277699040E-03
   44.500000      1.589366426189E-02      4.140220751599E-03
   44.600000      1.530442794395E-02      3.970141768222E-03
   44.700000      1.501053681289E-02      3.878392807136E-03
   44.800000      1.503674392913E-02      3.869961418131E-03
   44.900000      1.533559425800E-02      3.933008231527E-03
   45.000000      1.580050146180E-02      4.041613133491E-03
   45.100000      1.629724319768E-02      4.162140381612E-03
   45.200000      1.669913141520E-02      4.261636140025E-03
   45.300000      1.691638130616E-02      4.316077775379E-03
   45.400000      1.691510083263E-02      4.316286995770E-03
   45.500000      1.672351738775E-02      4.269922335756E-03
   45.600000      1.642451855512E-02      4.199024361429E-03
   45.700000      1.613531778109E-02      4.133799957717E-03
   45.800000      1.597718128543E-02      4.104346265573E-03
   45.900000      1.604125802252E-02      4.132534065173E-03
   46.000000      1.636079262049E-02      4.226151768354E-03
   46.100000      1.690106502635E-02      4.376709354908E-03
   46.200000      1.757062008086E-02      4.561247338548E-03
   46.300000      1.824642947620E-02      4.747418203917E-03
   46.400000      1.880230607224E-02      4.900326366881E-03
   46.500000      1.913276569610E-02      4.989335261004E-03
   46.600000      1.916829096281E-02      4.993308757321E-03
   46.700000      1.888125394705E-02      4.903403721567E-03
   46.800000      1.828412877045E-02      4.723311129835E-03
   46.900000      1.742298180021E-02      4.467482440996E-03
   47.000000      1.636930403349E-02      4.158192757175E-03
   47.100000      1.521193423029E-02      3.822248823768E-03
   47.200000      1.404906945499E-02      3.487859493108E-03
   47.300000      1.297936926145E-02      3.181842343244E-03
   47.400000      1.209143700392E-02      2.927124776674E-03
   47.500000      1.145239845499E-02      2.740499190906E-03
   47.600000      1.109798344279E-02      2.630768790405E-03
   47.700000      1.102692629700E-02      2.597631927450E-03
   47.800000      1.120139402479E-02      2.631734419873E-03
   47.900000      1.155376793006E-02      2.716171992600E-03
   48.000000      1.199895577907E-02      2.829368540199E-03
   48.100000      1.245017500154E-02      2.948823327026E-03
   48.200000      1.283441630994E-02      3.054897706615E-03
   48.300000      1.310357825924E-02      3.133753317207E-03
   48.400000      1.323913507717E-02      3.178807833767E-03
   48.500000      1.325017966946E-02      3.190556476775E-03
   48.600000      1.316620361317E-02      3.175129041960E-03
   48.700000      1.302728324220E-02      3.142299985739E-03
   48.800000      1.287534975362E-02      3.103701291469E-03
   48.900000      1.274989004247E-02      3.071702415757E-03
   49.000000      1.268850415360E-02      3.058960864438E-03
   49.100000      1.272916088521E-02      3.078232765143E-03
   49.200000      1.291054332400E-02      3.141863134851E-03
   49.300000      1.326908022328E-02      3.260532604042E-03
   49.400000      1.383271009024E-02      3.441250789415E-03
   49.500000      1.461175530709E-02      3.685066112392E-03
   49.600000      1.558877377720E-02      3.985282526676E-03
   49.700000      1.671258370078E-02      4.326974339805E-03
   49.800000      1.790265587681E-02      4.688245854603E-03
   49.900000      1.906362384291E-02      5.043117987052E-03
   50.000000      2.010329619562E-02      5.365364661936E-03
   50.100000      2.094772687789E-02      5.632297702234E-03
   50.200000      2.154996026802E-02      5.827544297027E-03
   50.300000      2.189122295224E-02      5.942254091043E-03
   50.400000      2.197519059584E-02      5.974744755803E-03
   50.500000      2.181892276744E-02      5.929105318050E-03
   50.600000      2.144575128551E-02      5.813520498496E-03
   50.700000      2.088273120811E-02      5.638975993728E-03
   50.800000      2.016229952161E-02      5.418628747974E-03
   50.900000      1.932632203836E-02      5.167669505649E-03
   51.000000      1.842950057633E-02      4.903186267576E-03
   51.100000      1.753859978519E-02      4.643503116085E-03
   51.200000      1.672517117651E-02      4.406728152776E-03
   51.300000      1.605351809562E-02      4.208667401981E-03
   51.400000      1.556954468438E-02      4.060643010490E-03
   51.500000      1.529374857212E-02      3.967909143660E-03
   51.600000      1.521852096902E-02      3.929208757861E-03
   51.700000      1.531184636046E-02      3.937621125035E-03
   51.800000      1.552773287488E-02      3.982387494879E-03
   51.900000      1.581784118319E-02      4.051076759434E-03
   52.000000      1.613883868561E-02      4.131409042350E-03
   52.100000      1.645445113487E-02      4.212308933853E-03
   52.200000      1.673409085151E-02      4.284189582303E-03
   52.300000      1.695072228195E-02      4.338867277446E-03
   52.400000      1.708030500981E-02      4.369676632435E-03
   52.500000      1.710432750498E-02      4.372205201602E-03
   52.600000      1.701550858341E-02      4.345650971073E-03
   52.700000      1.682488758009E-02      4.294315406055E-03
   52.800000      1.656707598627E-02      4.228417670178E-03
   52.900000      1.630011421329E-02      4.163435228591E-03
   53.000000      1.609730402868E-02      4.117583816366E-03
   53.100000      1.603037513246E-02      4.107718541172E-03
   53.200000      1.614696399673E-02      4.144616130287E-03
   53.300000      1.645121275859E-02      4.229009233717E-03
   53.400000      1.689778761256E-02      4.349699045873E-03
   53.500000      1.740048105959E-02      4.484553231984E-03
   53.600000      1.785030105872E-02      4.604364810453E-03
   53.700000      1.813789465333E-02      4.678687242127E-03
   53.800000      1.817516765553E-02      4.682166194401E-03
   53.900000      1.791151030606E-02      4.599755208043E-03
   54.000000      1.734172299557E-02      4.429560087179E-03
   54.100000      1.650480765431E-02      4.182766398896E-03
   54.200000      1.547466462193E-02      3.880919247109E-03
   54.300000      1.434523453804E-02      3.551483920003E-03
   54.400000      1.321384030966E-02      3.222936061193E-03
   54.500000      1.216713559329E-02      2.920557251839E-03
   54.600000      1.127268349291E-02      2.663725233324E-03
   54.700000      1.057645032070E-02      2.464952938957E-03
   54.800000      1.010463608547E-02      2.330428858920E-03
   54.900000      9.867081195996E-03      2.261477567218E-03
   55.000000      9.860067549974E-03      2.256248418663E-03
   55.100000      1.006892984541E-02      2.311033307408E-03
   55.200000      1.047120201818E-02      2.420847912589E-03
   55.300000      1.103901702457E-02      2.579210572587E-03
   55.400000      1.173931343158E-02      2.777350822384E-03
   55.500000      1.253159633217E-02      3.003315525717E-03
   55.600000      1.336479956171E-02      3.241557976930E-03
   55.700000      1.417646180511E-02      3.473545700519E-03
   55.800000      1.489751594811E-02      3.679683162791E-03
   55.900000      1.546325830077E-02      3.842444256136E-03
   56.000000      1.582742386954E-02      3.950140430170E-03
   56.100000      1.597518445528E-02      4.000363138951E-03
   56.200000      1.593150319953E-02      4.001994924665E-03
   56.300000      1.576211833620E-02      3.974889858901E-03
   56.400000      1.556567588989E-02      3.946876804538E-03
   56.500000      1.545735433562E-02      3.948498957289E-03
   56.600000      1.554619631520E-02      4.006629569781E-03
   56.700000      1.590951837799E-02      4.138536455999E-03
   56.800000      1.656967020849E-02      4.347928463312E-03
   56.900000      1.748467661679E-02      4.623987130519E-03
   57.000000      1.856087139630E-02      4.943527785229E-03
   57.100000      1.967825849148E-02      5.275537767665E-03
   57.200000      2.071625974493E-02      5.586721251992E-03
   57.300000      2.157285502879E-02      5.846558125735E-03
   57.400000      2.217441119663E-02      6.030786443256E-03
   57.500000      2.247655231153E-02      6.122962453556E-03
   57.600000      2.245889376898E-02      6.114517293440E-03
   57.700000      2.211856402421E-02      6.004189126049E-03
   57.800000      2.146752964947E-02      5.797678684823E-03
   57.900000      2.053553626335E-02      5.507896243895E-03
   58.000000      1.937647335946E-02      5.155489249516E-03
   58.100000      1.807374467901E-02      4.768807012870E-03
   58.200000      1.674013581891E-02      4.382354075697E-03
   58.300000      1.550924307103E-02      4.033198747720E-03
   58.400000      1.451783639684E-02      3.755595758796E-03
   58.500000      1.388052409475E-02      3.574932633367E-03
   58.600000      1.366026832749E-02      3.502652229393E-03
   58.700000      1.384495229135E-02      3.533777337174E-03
   58.800000      1.434697006860E-02      3.648022101731E-03
   58.900000      1.503076188735E-02      3.814417668741E-03
   59.000000      1.575197920365E-02      3.998277280853E-03
   59.100000      1.639063862452E-02      4.168581411689E-03
   59.200000      1.687150870384E-02      4.303752216510E-03
   59.300000      1.717050742121E-02      4.394349334095E-03
   59.400000      1.730798685580E-02      4.442246863077E-03
   59.500000      1.733181839688E-02      4.456970099969E-03
   59.600000      1.729551415900E-02      4.450688741303E-03
   59.700000      1.723872609618E-02      4.433619184387E-03
   59.800000      1.717703014109E-02      4.411239100792E-03
   59.900000      1.710353420166E-02      4.383936206826E-03
   60.000000      1.699945157852E-02      4.348808574216E-03
   60.100000      1.684788238174E-02      4.302626535705E-03
   60.200000      1.664529508898E-02      4.244675213932E-03
   60.300000      1.640694109424E-02      4.178373946401E-03
   60.400000      1.616434797079E-02      4.111100440959E-03
   60.500000      1.595570961317E-02      4.052313252419E-03
   60.600000      1.581361656069E-02      4.010630119002E-03
   60.700000      1.575483755563E-02      3.990813383099E-03
   60.800000      1.577440152917E-02      3.991582582238E-03
   60.900000      1.584461774157E-02      4.004876156558E-03
   61.000000      1.591829449110E-02      4.016750016510E-03
   61.100000      1.593513993044E-02      4.009678996017E-03
   61.200000      1.583116361827E-02      3.965733696778E-03
   61.300000      1.555015731695E-02      3.869991813354E-03
   61.400000      1.505467198362E-02      3.713592867674E-03
   61.500000      1.433433911596E-02      3.495992791205E-03
   61.600000      1.341084091149E-02      3.226141589827E-03
   61.700000      1.233968251113E-02      2.922438670077E-03
   61.800000      1.120890522454E-02      2.611406331026E-03
   61.900000      1.013420756875E-02      2.325094506721E-03
   62.000000      9.249147362444E-03      2.097339303922E-03
   62.100000      8.688559524732E-03      1.959179176479E-03
   62.200000      8.563276907500E-03      1.933977076525E-03
   62.300000      8.928082858104E-03      2.033041482639E-03
   62.400000      9.759456187070E-03      2.252679659554E-03
   62.500000      1.096133840322E-02      2.573544689310E-03
   62.600000      1.238928161461E-02      2.962791648750E-03
   62.700000      1.387841074085E-02      3.378965638209E-03
   62.800000      1.527047084531E-02      3.778838685566E-03
   62.900000      1.643745585818E-02      4.124806030537E-03
   63.000000      1.729895062304E-02      4.391167892535E-03
   63.100000      1.783053898612E-02      4.567806602169E-03
   63.200000      1.806190869882E-02      4.660417582365E-03
   63.300000      1.806518308719E-02      4.687391185692E-03
   63.400000      1.793595748870E-02      4.674371145056E-03
   63.500000      1.777120465890E-02      4.648115176769E-03
   63.600000      1.764982592876E-02      4.631339898753E-03
   63.700000      1.762226918454E-02      4.639727777831E-03
   63.800000      1.771209416358E-02      4.681402860667E-03
   63.900000      1.792498437974E-02      4.758281615718E-03
   64.000000      1.825706336130E-02      4.868123971657E-03
   64.100000      1.869735218267E-02      5.006067606946E-03
   64.200000      1.922472798902E-02      5.164924575152E-03
   64.300000      1.980344596716E-02      5.334326331777E-03
   64.400000      2.038052684878E-02      5.499557383828E-03
   64.500000      2.088666100400E-02      5.641269724217E-03
   64.600000      2.124242186738E-02      5.737037100918E-03
   64.700000      2.137088743576E-02      5.764961323630E-03
   64.800000      2.121424893477E-02      5.708588326033E-03
   64.900000      2.074904675365E-02      5.561646043123E-03
   65.000000      1.999504626731E-02      5.330926389916E-03
   65.100000      1.901500880622E-02      5.036120830301E-03
   65.200000      1.790504226207E-02      4.706417242422E-03
   65.300000      1.677747858811E-02      4.374786934767E-03
   65.400000      1.574036099696E-02      4.071687751338E-03
   65.500000      1.487921819643E-02      3.820064793804E-03
   65.600000      1.424676762113E-02      3.632987603131E-03
   65.700000      1.386278947203E-02      3.514245359578E-03
   65.800000      1.372074760470E-02      3.461138458633E-03
   65.900000      1.379666493022E-02      3.467981618075E-03
   66.000000      1.405991643620E-02      3.528742556546E-03
   66.100000      1.448222743844E-02      3.637793017049E-03
   66.200000      1.503757124701E-02      3.788696858395E-03
   66.300000      1.569385232949E-02      3.971900120456E-03
   66.400000      1.640383456436E-02      4.172731044120E-03
   66.500000      1.710156232476E-02      4.371047298871E-03
   66.600000      1.770730746266E-02      4.543222233174E-03
   66.700000      1.814098238413E-02      4.666211513169E-03
   66.800000      1.834007837763E-02      4.722568421119E-03
   66.900000      1.827596445806E-02      4.704818600121E-03
   67.000000      1.796307476659E-02      4.617727734092E-03
   67.100000      1.745798890617E-02      4.477636883635E-03
   67.200000      1.684837653511E-02      4.308951358206E-03
   67.300000      1.623442216489E-02      4.138722591994E-03
   67.400000      1.570713313107E-02      3.990779798277E-03
   67.500000      1.532868157673E-02      3.880913883282E-03
   67.600000      1.512009011180E-02      3.814226500286E-03
   67.700000      1.505975700909E-02      3.785101106627E-03
   67.800000      1.509222787009E-02      3.779553075878E-03
   67.900000      1.514404326092E-02      3.779168198412E-03
   68.000000      1.514227608668E-02      3.765560088524E-03
   68.100000      1.503066636406E-02      3.724291272122E-03
   68.200000      1.477989400540E-02      3.647459350933E-03
   68.300000      1.439077413823E-02      3.534555171393E-03
   68.400000      1.389061198053E-02      3.391648191640E-03
   68.500000      1.332388020484E-02      3.229345818864E-03
   68.600000      1.273948689107E-02      3.060226311384E-03
   68.700000      1.217926757523E-02      2.896503303642E-03
   68.800000      1.167354670042E-02      2.748527625739E-03
   68.900000      1.124447343467E-02      2.624404284036E-03
   69.000000      1.091212169943E-02      2.530589628587E-03
   69.100000      1.069906134450E-02      2.472965350390E-03
   69.200000      1.063153245857E-02      2.457694786749E-03
   69.300000      1.073646606765E-02      2.491241832202E-03
   69.400000      1.103499670079E-02      2.579275540175E-03
   69.500000      1.153543359460E-02      2.724690329766E-03
   69.600000      1.222752856131E-02      2.925453331440E-03
   69.700000      1.307775084330E-02      3.173235829892E-03
   69.800000      1.402921591550E-02      3.453650760313E-03
   69.900000      1.501099733529E-02      3.748401185126E-03
   70.000000      1.595419270114E-02      4.038909888222E-03
   70.100000      1.680788439573E-02      4.310328916561E-03
   70.200000      1.754970637490E-02      4.554511560639E-03
   70.300000      1.818765262502E-02      4.770747305205E-03
   70.400000      1.875168766321E-02      4.963792788432E-03
   70.500000      1.927656015272E-02      5.139745629406E-03
   70.600000      1.978083140034E-02      5.301228148817E-03
   70.700000      2.025073705106E-02      5.443794672251E-03
   70.800000      2.063762784392E-02      5.555218439540E-03
   70.900000      2.087115546833E-02      5.618378547634E-03
   71.000000      2.088323741555E-02      5.617149378546E-03
   71.100000      2.063490388759E-02      5.543462461709E-03
   71.200000      2.013784693705E-02      5.403033386789E-03
   71.300000      1.946389031912E-02      5.217418765628E-03
   71.400000      1.873834888392E-02      5.021094159169E-03
   71.500000      1.811631697232E-02      4.853823545346E-03
   71.600000      1.774329398675E-02      4.750214107832E-03
   71.700000      1.770625556505E-02      4.729464403512E-03
   71.800000      1.799454777320E-02      4.788512997043E-03
   71.900000      1.849589427432E-02      4.900963681458E-03
   72.000000      1.902994837289E-02      5.022529181153E-03
   72.100000      1.939876173063E-02      5.101798713392E-03
   72.200000      1.943567477288E-02      5.093507068858E-03
   72.300000      1.904357081069E-02      4.970681311796E-03
   72.400000      1.821731216904E-02      4.732317705069E-03
   72.500000      1.704744058790E-02      4.404502738229E-03
   72.600000      1.570497761909E-02      4.034737655111E-03
   72.700000      1.440962301186E-02      3.681087046989E-03
   72.800000      1.338441184581E-02      3.399100769781E-03
   72.900000      1.280087033893E-02      3.229898005436E-03
   73.000000      1.273205528522E-02      3.192284611722E-03
   73.100000      1.314050409856E-02      3.280517923326E-03
   73.200000      1.390174547162E-02      3.467749967808E-03
   73.300000      1.484696341531E-02      3.713738338507E-03
   73.400000      1.580676705165E-02      3.974494437947E-03
   73.500000      1.664396580930E-02      4.211334589339E-03
   73.600000      1.727199582473E-02      4.397281458679E-03
   73.700000      1.765946602135E-02      4.519714581802E-03
   73.800000      1.782289504607E-02      4.579271431071E-03
   73.900000      1.781064547813E-02      4.585940032858E-03
   74.000000      1.768178803389E-02      4.553838497531E-03
   74.100000      1.748586649691E-02      4.496262617602E-03
   74.200000      1.725091889982E-02      4.422253561752E-03
   74.300000      1.698174357187E-02      4.335344205039E-03
   74.400000      1.666603052970E-02      4.234473825599E-03
   74.500000      1.628545936140E-02      4.116488296608E-03
   74.600000      1.582825649018E-02      3.979283041443E-03
   74.700000      1.529937072793E-02      3.824548370764E-03
   74.800000      1.472517704429E-02      3.659232963689E-03
   74.900000      1.415125962958E-02      3.495202507318E-03
   75.000000      1.363378268923E-02      3.347061072356E-03
   75.100000      1.322644726533E-02      3.228624611498E-03
   75.200000      1.296561194960E-02      3.148972789665E-03
   75.300000      1.285718321275E-02      3.109237565918E-03
   75.400000      1.287040332088E-02      3.101221310613E-03
   75.500000      1.294241186505E-02      3.108543898463E-03
   75.600000      1.299297137240E-02      3.110358889825E-03
   75.700000      1.294534377431E-02      3.086910479429E-03
   75.800000      1.274811566187E-02      3.025547304738E-03
   75.900000      1.239279986020E-02      2.925491706845E-03
   76.000000      1.192279845455E-02      2.799833930736E-03
   76.100000      1.143063100853E-02      2.673888100891E-03
   76.200000      1.104207035622E-02      2.580050697704E-03
   76.300000      1.088789420876E-02      2.550349703429E-03
   76.400000      1.106759463436E-02      2.608627829360E-03
   76.500000      1.161718382911E-02      2.764503076386E-03
   76.600000      1.249780031697E-02      3.010800878785E-03
   76.700000      1.360992857027E-02      3.325172230478E-03
   76.800000      1.482255773627E-02      3.675399871009E-03
   76.900000      1.600468247527E-02      4.026833379711E-03
   77.000000      1.705160816278E-02      4.349824304565E-03
   77.100000      1.790198117434E-02      4.625133734472E-03
   77.200000      1.854325234661E-02      4.846010871224E-03
   77.300000      1.900512092408E-02      5.016734751982E-03
   77.400000      1.934272391824E-02      5.148495117964E-03
   77.500000      1.961393419802E-02      5.254202144162E-03
   77.600000      1.985895753607E-02      5.343944737395E-03
   77.700000      2.009147361426E-02      5.422368822082E-03
   77.800000      2.030236348980E-02      5.488431445956E-03
   77.900000      2.046932807477E-02      5.537128519563E-03
   78.000000      2.056681452071E-02      5.562202385252E-03
   78.100000      2.057410490560E-02      5.558688482638E-03
   78.200000      2.048050584291E-02      5.524450824100E-03
   78.300000      2.028694829581E-02      5.460412239875E-03
   78.400000      2.000429472048E-02      5.369754624009E-03
   78.500000      1.964926869244E-02      5.256719811825E-03
   78.600000      1.923935344582E-02      5.125669302852E-03
   78.700000      1.878895042855E-02      4.980794284292E-03
   78.800000      1.830949467015E-02      4.826459391391E-03
   78.900000      1.781353022510E-02      4.667812444553E-03
   79.000000      1.731895078076E-02      4.511152995002E-03
   79.100000      1.684961151297E-02      4.363672903986E-03
   79.200000      1.643143712290E-02      4.232490543581E-03
   79.300000      1.608592944199E-02      4.123246408332E-03
   79.400000      1.582429280993E-02      4.038757173334E-03
   79.500000      1.564463524669E-02      3.978246645307E-03
   79.600000      1.553284493560E-02      3.937490207242E-03
   79.700000      1.546631733939E-02      3.909909129704E-03
   79.800000      1.541940574149E-02      3.888350674386E-03
   79.900000      1.537005874501E-02      3.867088837052E-03
   80.000000      1.530658705928E-02      3.843526099390E-03
   80.100000      1.523212165439E-02      3.819158017180E-03
   80.200000      1.516537213211E-02      3.799531176289E-03
   80.300000      1.513726900658E-02      3.793126847972E-03
   80.400000      1.518327262126E-02      3.809304556854E-03
   80.500000      1.533251016723E-02      3.855634071920E-03
   80.600000      1.559675487909E-02      3.935127819597E-03
   80.700000      1.596317707868E-02      4.044030205571E-03
   80.800000      1.639274753108E-02      4.170861192240E-03
   80.900000      1.682392729075E-02      4.297270377901E-03
   81.000000      1.718158238641E-02      4.400891750016E-03
   81.100000      1.739115816425E-02      4.459838333876E-03
   81.200000      1.739593298126E-02      4.457880297346E-03
   81.300000      1.717259375655E-02      4.388920319720E-03
   81.400000      1.674024015163E-02      4.259324907182E-03
   81.500000      1.615941039793E-02      4.087104208133E-03
   81.600000      1.551942964016E-02      3.897800534300E-03
   81.700000      1.491562884070E-02      3.718005308996E-03
   81.800000      1.442265330035E-02      3.568311633142E-03
   81.900000      1.407305898279E-02      3.457871947224E-03
   82.000000      1.384905124638E-02      3.382373162530E-03
   82.100000      1.369062921508E-02      3.326226140496E-03
   82.200000      1.351779203642E-02      3.268406621115E-03
   82.300000      1.325952027257E-02      3.190144078338E-03
   82.400000      1.287991066058E-02      3.081979490185E-03
   82.500000      1.239337453224E-02      2.947863711119E-03
   82.600000      1.186470631701E-02      2.804916363143E-03
   82.700000      1.139380325777E-02      2.678893431376E-03
   82.800000      1.108831365413E-02      2.596825285755E-03
   82.900000      1.103079608709E-02      2.579195929939E-03
   83.000000      1.125112634505E-02      2.634135385965E-03
   83.100000      1.171753251719E-02      2.755380096411E-03
   83.200000      1.235015994476E-02      2.924496921160E-03
   83.300000      1.304762760487E-02      3.116513144792E-03
   83.400000      1.371552597561E-02      3.307098949671E-03
   83.500000      1.428939507106E-02      3.479104823875E-03
   83.600000      1.474769042553E-02      3.626613530336E-03
   83.700000      1.511300969404E-02      3.755536918553E-03
   83.800000      1.544249757601E-02      3.880842559346E-03
   83.900000      1.581048226298E-02      4.021397167538E-03
   84.000000      1.628769690596E-02      4.193933553684E-03
   84.100000      1.692106374466E-02      4.407714896253E-03
   84.200000      1.771624486639E-02      4.661154459217E-03
   84.300000      1.862802946303E-02      4.941098401988E-03
   84.400000      1.956851215017E-02      5.224852147370E-03
   84.500000      2.043078361782E-02      5.484452128324E-03
   84.600000      2.111426922811E-02      5.692237126567E-03
   84.700000      2.154450999777E-02      5.826509407120E-03
   84.800000      2.168587821367E-02      5.876034037720E-03
   84.900000      2.154640789152E-02      5.842331814222E-03
   85.000000      2.117459417398E-02      5.739174299799E-03
   85.100000      2.064927423663E-02      5.589329117688E-03
   85.200000      2.006389197253E-02      5.419297872281E-03
   85.300000      1.950725742772E-02      5.253350085227E-03
   85.400000      1.904437101193E-02      5.108395078074E-03
   85.500000      1.870146722019E-02      4.991034510597E-03
   85.600000      1.846052474314E-02      4.897522363454E-03
   85.700000      1.826952685426E-02      4.816499489428E-03
   85.800000      1.806556181479E-02      4.733544047543E-03
   85.900000      1.779756662451E-02      4.636071537328E-03
   86.000000      1.744030462233E-02      4.517108450755E-03
   86.100000      1.699780289328E-02      4.376949265523E-03
   86.200000      1.649763219881E-02      4.222496658063E-03
   86.300000      1.598032614520E-02      4.064873259038E-03
   86.400000      1.548865203138E-02      3.916383545298E-03
   86.500000      1.505995000172E-02      3.787932250237E-03
   86.600000      1.472294869488E-02      3.687603699510E-03
   86.700000      1.449803003444E-02      3.620482899864E-03
   86.800000      1.439834015033E-02      3.589241037165E-03
   86.900000      1.442959629403E-02      3.594754513776E-03
   87.000000      1.458877799543E-02      3.636168461621E-03
   87.100000      1.486305645137E-02      3.710261604022E-03
   87.200000      1.522850681483E-02      3.810491842615E-03
   87.300000      1.564808354914E-02      3.926440210414E-03
   87.400000      1.607150056514E-02      4.044347408731E-03
   87.500000      1.644135344281E-02      4.149038455397E-03
   87.600000      1.670577903894E-02      4.226916842410E-03
   87.700000      1.683216510029E-02      4.269146780899E-03
   87.800000      1.681623229144E-02      4.273889805599E-03
   87.900000      1.668313865285E-02      4.246658747764E-03
   88.000000      1.647973514069E-02      4.198452632227E-03
   88.100000      1.625987390233E-02      4.142125135870E-03
   88.200000      1.606708445692E-02      4.088115913298E-03
   88.300000      1.592037262406E-02      4.040971353897E-03
   88.400000      1.580836303693E-02      3.997872016654E-03
   88.500000      1.569383316082E-02      3.949730720126E-03
   88.600000      1.552676586774E-02      3.884556059820E-03
   88.700000      1.526156957279E-02      3.791997471893E-03
   88.800000      1.487363024745E-02      3.667571409642E-03
   88.900000      1.437024360125E-02      3.515154633705E-03
   89.000000      1.379226781638E-02      3.346886238297E-03
   89.100000      1.320568387331E-02      3.180455459466E-03
   89.200000      1.268470243303E-02      3.034592309629E-03
   89.300000      1.229056194451E-02      2.924153999396E-03
   89.400000      1.205326480979E-02      2.856333886895E-03
   89.500000      1.196453248038E-02      2.829175259068E-03
   89.600000      1.198516166987E-02      2.832861703517E-03
   89.700000      1.206213328926E-02      2.853401059732E-03
   89.800000      1.214789709182E-02      2.877582620024E-03
   89.900000      1.221573388651E-02      2.897689367852E-03
   90.000000      1.226766185472E-02      2.914506227985E-03
   90.100000      1.233472759598E-02      2.937663109888E-03
   90.200000      1.247089686719E-02      2.983141233339E-03
   90.300000      1.273983450197E-02      3.068620661788E-03
   90.400000      1.319545304449E-02      3.208004351851E-03
   90.500000      1.386120787434E-02      3.406720546558E-03
   90.600000      1.471625379135E-02      3.659195529493E-03
   90.700000      1.569617764817E-02      3.949260114485E-03
   90.800000      1.670882752480E-02      4.253393093421E-03
   90.900000      1.765779785664E-02      4.545875308521E-03
   91.000000      1.846478343381E-02      4.804384492687E-03
   91.100000      1.908498232797E-02      5.014470076933E-03
   91.200000      1.951274123723E-02      5.171730880019E-03
   91.300000      1.977675731797E-02      5.281245889192E-03
   91.400000      1.992667068393E-02      5.354638497172E-03
   91.500000      2.001710432302E-02      5.405819572216E-03
   91.600000      2.009461696362E-02      5.446751211854E-03
   91.700000      2.018788737575E-02      5.484429565951E-03
   91.800000      2.030196436461E-02      5.519780738861E-03
   91.900000      2.041911526694E-02      5.548492751033E-03
   92.000000      2.050705591162E-02      5.563204979410E-03
   92.100000      2.053097084348E-02      5.556138616496E-03
   92.200000      2.046384549404E-02      5.521265036682E-03
   92.300000      2.029192375407E-02      5.455430474777E-03
   92.400000      2.001478966542E-02      5.358335723851E-03
   92.500000      1.964117036846E-02      5.231715307493E-03
   92.600000      1.918222666198E-02      5.078309899613E-03
   92.700000      1.864537413309E-02      4.901206565092E-03
   92.800000      1.803430161208E-02      4.703870472739E-03
   92.900000      1.735581334762E-02      4.490830148662E-03
   93.000000      1.662731080365E-02      4.268656914560E-03
   93.100000      1.588121744814E-02      4.046718480367E-03
   93.200000      1.516489723315E-02      3.837235231920E-03
   93.300000      1.453530413066E-02      3.654392088488E-03
   93.400000      1.404953470040E-02      3.512565594664E-03
   93.500000      1.375449555826E-02      3.424004135742E-03
   93.600000      1.367866484670E-02      3.396463519878E-03
   93.700000      1.382703209803E-02      3.431318301780E-03
   93.800000      1.417854075855E-02      3.522563432485E-03
   93.900000      1.468546867596E-02      3.656946605020E-03
   94.000000      1.527660306345E-02      3.815285721544E-03
   94.100000      1.586632673139E-02      3.974860291049E-03
   94.200000      1.636803442799E-02      4.112620781070E-03
   94.300000      1.670849027997E-02      4.208819497778E-03
   94.400000      1.684056075602E-02      4.250523913660E-03
   94.500000      1.675260069329E-02      4.234354687506E-03
   94.600000      1.647300616159E-02      4.167757708794E-03
   94.700000      1.606836858128E-02      4.068246353905E-03
   94.800000      1.563379648705E-02      3.960381432734E-03
   94.900000      1.527469457482E-02      3.870767558029E-03
   95.000000      1.508168277685E-02      3.821926563861E-03
   95.100000      1.510530978676E-02      3.826388067566E-03
   95.200000      1.533928923503E-02      3.882531329110E-03
   95.300000      1.571726335739E-02      3.973495883084E-03
   95.400000      1.612501908296E-02      4.069839610887E-03
   95.500000      1.642595680475E-02      4.135688019405E-03
   95.600000      1.649273181417E-02      4.137129954756E-03
   95.700000      1.623707449992E-02      4.050867497745E-03
   95.800000      1.563170143443E-02      3.870876797095E-03
   95.900000      1.472029131424E-02      3.611208111702E-03
   96.000000      1.361348774192E-02      3.303988353064E-03
   96.100000      1.247096312336E-02      2.992947360142E-03
   96.200000      1.147137123767E-02      2.724013868446E-03
   96.300000      1.077332341812E-02      2.535355326072E-03
   96.400000      1.047403523600E-02      2.449411426182E-03
   96.500000      1.058290279367E-02      2.468928963823E-03
   96.600000      1.102668047740E-02      2.577895229188E-03
   96.700000      1.167967080277E-02      2.746912410134E-03
   96.800000      1.240273917172E-02      2.941357831701E-03
   96.900000      1.307807716614E-02      3.129989987411E-03
   97.000000      1.363197674655E-02      3.291685164763E-03
   97.100000      1.404292785083E-02      3.418696946158E-03
   97.200000      1.433582026901E-02      3.515976712960E-03
   97.300000      1.456566156261E-02      3.597296172521E-03
   97.400000      1.479647602150E-02      3.679782491589E-03
   97.500000      1.508241973220E-02      3.778745647478E-03
   97.600000      1.545697074459E-02      3.904292606955E-03
   97.700000      1.593192581917E-02      4.060361191662E-03
   97.800000      1.650328733944E-02      4.245811931860E-03
   97.900000      1.715844394180E-02      4.456473403327E-03
   98.000000      1.788007394699E-02      4.686825240808E-03
   98.100000      1.864657569365E-02      4.930388032426E-03
   98.200000      1.943016678954E-02      5.178692155023E-03
   98.300000      2.019240892519E-02      5.419565924589E-03
   98.400000      2.087974461855E-02      5.636032049146E-03
   98.500000      2.142398980356E-02      5.807067985552E-03
   98.600000      2.175148265854E-02      5.910839258099E-03
   98.700000      2.180047801547E-02      5.929975658903E-03
   98.800000      2.154173620423E-02      5.857426779609E-03
   98.900000      2.099512383543E-02      5.700837125078E-03
   99.000000      2.023595602770E-02      5.483519901659E-03
   99.100000      1.938732410675E-02      5.241016471794E-03
   99.200000      1.859780358798E-02      5.013638393782E-03
   99.300000      1.800741589115E-02      4.836814388929E-03
   99.400000      1.770800866849E-02      4.731977330963E-03
   99.500000      1.770789184129E-02      4.700761958913E-03
   99.600000      1.792282456424E-02      4.724388546030E-03
   99.700000      1.820734175043E-02      4.768564419679E-03
   99.800000      1.840109586061E-02      4.792561287814E-03
   99.900000      1.836953264857E-02      4.759883925912E-03
  100.000000      1.803300112820E-02      4.647540345872E-03
