# M=26, N=13, V0=0.0, V=-0.25, PBC
#  time (tJ)                 S₁(n=2)                 S₂(n=2)
    0.000000      7.993605777301E-15     -4.440892098501E-15
    0.100000      2.066853346941E-03      4.113469664739E-04
    0.200000      6.832077195130E-03      1.569588112017E-03
    0.300000      1.300515671520E-02      3.265669509688E-03
    0.400000      1.948903845744E-02      5.207082849092E-03
    0.500000      2.536215242434E-02      7.085099982596E-03
    0.600000      2.996367693729E-02      8.641102029242E-03
    0.700000      3.294963759703E-02      9.715005751811E-03
    0.800000      3.429814853135E-02      1.026506489225E-02
    0.900000      3.426379422500E-02      1.035723090908E-02
    1.000000      3.329200702631E-02      1.013082064537E-02
    1.100000      3.190965874664E-02      9.752857613455E-03
    1.200000      3.060758307857E-02      9.374731846997E-03
    1.300000      2.972872268253E-02      9.101915846449E-03
    1.400000      2.940092920254E-02      8.981876764289E-03
    1.500000      2.956335205607E-02      9.009212600037E-03
    1.600000      3.004641251898E-02      9.142429924147E-03
    1.700000      3.065121875446E-02      9.324850948194E-03
    1.800000      3.120725415497E-02      9.502947242288E-03
    1.900000      3.160251217502E-02      9.638058699972E-03
    2.000000      3.178932990733E-02      9.710631294989E-03
    2.100000      3.177373112856E-02      9.718583941583E-03
    2.200000      3.159744103974E-02      9.672531990847E-03
    2.300000      3.132028445081E-02      9.590372517676E-03
    2.400000      3.100699423356E-02      9.492710431046E-03
    2.500000      3.071832566110E-02      9.399483376927E-03
    2.600000      3.050424645544E-02      9.327464583837E-03
    2.700000      3.039777841031E-02      9.288254830719E-03
    2.800000      3.041002827546E-02      9.286728009811E-03
    2.900000      3.052827618574E-02      9.320296305654E-03
    3.000000      3.071901157603E-02      9.379483509052E-03
    3.100000      3.093552497416E-02      9.450023510556E-03
    3.200000      3.112804640105E-02      9.516167362011E-03
    3.300000      3.125461565723E-02      9.564369176996E-03
    3.400000      3.129081918081E-02      9.586300331316E-03
    3.500000      3.123564318453E-02      9.580333826405E-03
    3.600000      3.111118855075E-02      9.551165227121E-03
    3.700000      3.095621121362E-02      9.507863221714E-03
    3.800000      3.081417946497E-02      9.461111906750E-03
    3.900000      3.071804007758E-02      9.420549632257E-03
    4.000000      3.068125301467E-02      9.392912580870E-03
    4.100000      3.070035131691E-02      9.381284314158E-03
    4.200000      3.076131614403E-02      9.385331787147E-03
    4.300000      3.084553731391E-02      9.402143027884E-03
    4.400000      3.093533286705E-02      9.427243172928E-03
    4.500000      3.101795593614E-02      9.455509108216E-03
    4.600000      3.108673174471E-02      9.481905561264E-03
    4.700000      3.113866823971E-02      9.502098738476E-03
    4.800000      3.116984010236E-02      9.513004041704E-03
    4.900000      3.117511703393E-02      9.513223178308E-03
    5.000000      3.115330421883E-02      9.503220972896E-03
    5.100000      3.110981648027E-02      9.485079984874E-03
    5.200000      3.105473619422E-02      9.461782774252E-03
    5.300000      3.099845940624E-02      9.436154321043E-03
    5.400000      3.094719825225E-02      9.409749795793E-03
    5.500000      3.089995912046E-02      9.382010061203E-03
    5.600000      3.084778424120E-02      9.349906719732E-03
    5.700000      3.077506439989E-02      9.308108555207E-03
    5.800000      3.066156209174E-02      9.249511288052E-03
    5.900000      3.048379115407E-02      9.165868691435E-03
    6.000000      3.021560664292E-02      9.048289919629E-03
    6.100000      2.982864106611E-02      8.887510402431E-03
    6.200000      2.929311705468E-02      8.674034725702E-03
    6.300000      2.857911390670E-02      8.398401321748E-03
    6.400000      2.765809295476E-02      8.051862439165E-03
    6.500000      2.650479910941E-02      7.627690253397E-03
    6.600000      2.510052197416E-02      7.123143455738E-03
    6.700000      2.343949620424E-02      6.541916887605E-03
    6.800000      2.153924447824E-02      5.896704072189E-03
    6.900000      1.945293397048E-02      5.211361945938E-03
    7.000000      1.728060284412E-02      4.522093435831E-03
    7.100000      1.517676780115E-02      3.877066939492E-03
    7.200000      1.335049152867E-02      3.333989615562E-03
    7.300000      1.204832394988E-02      2.955368533101E-03
    7.400000      1.150991840414E-02      2.801548063670E-03
    7.500000      1.190719488448E-02      2.922089503256E-03
    7.600000      1.330160731387E-02      3.346591519004E-03
    7.700000      1.563666677438E-02      4.076511706663E-03
    7.800000      1.874840101459E-02      5.079782552841E-03
    7.900000      2.238812978841E-02      6.289879292316E-03
    8.000000      2.625103629785E-02      7.610424824641E-03
    8.100000      3.000455809883E-02      8.925452144962E-03
    8.200000      3.332423332497E-02      1.011425348577E-02
    8.300000      3.593421477222E-02      1.106858958393E-02
    8.400000      3.764186976082E-02      1.170921203621E-02
    8.500000      3.836118515019E-02      1.199842536626E-02
    8.600000      3.812332764902E-02      1.194592306820E-02
    8.700000      3.707325063796E-02      1.160634164354E-02
    8.800000      3.545160773345E-02      1.106867277922E-02
    8.900000      3.356126430275E-02      1.043948914112E-02
    9.000000      3.171868099953E-02      9.823428396706E-03
    9.100000      3.019487948825E-02      9.305126235533E-03
    9.200000      2.916007644324E-02      8.936527265518E-03
    9.300000      2.865446063535E-02      8.732223887438E-03
    9.400000      2.860059026236E-02      8.673464439433E-03
    9.500000      2.884952811527E-02      8.719258097135E-03
    9.600000      2.923682391134E-02      8.821201955684E-03
    9.700000      2.962890841637E-02      8.937787746068E-03
    9.800000      2.995105926999E-02      9.044278814453E-03
    9.900000      3.019450646611E-02      9.135707365688E-03
   10.000000      3.040321139421E-02      9.222717712025E-03
   10.100000      3.064381215624E-02      9.322228089743E-03
   10.200000      3.096732633887E-02      9.446497982131E-03
   10.300000      3.137711180703E-02      9.594629060179E-03
   10.400000      3.181852416471E-02      9.749617617274E-03
   10.500000      3.219545349345E-02      9.882093591154E-03
   10.600000      3.240432598851E-02      9.959491711430E-03
   10.700000      3.237069646685E-02      9.957431902335E-03
   10.800000      3.207654866636E-02      9.869233593540E-03
   10.900000      3.157108786230E-02      9.710063726989E-03
   11.000000      3.096242207561E-02      9.514036239493E-03
   11.100000      3.039153948786E-02      9.325018886138E-03
   11.200000      2.999329179768E-02      9.184109513455E-03
   11.300000      2.985413414425E-02      9.117931548587E-03
   11.400000      2.998301944677E-02      9.131630559184E-03
   11.500000      3.031141812485E-02      9.208813601522E-03
   11.600000      3.072286103224E-02      9.318246538143E-03
   11.700000      3.109556699121E-02      9.424789696263E-03
   11.800000      3.134036494046E-02      9.500654201418E-03
   11.900000      3.142309619922E-02      9.533097277314E-03
   12.000000      3.136698764355E-02      9.526109559310E-03
   12.100000      3.123580162089E-02      9.495927067481E-03
   12.200000      3.110391784424E-02      9.462460506399E-03
   12.300000      3.102477684599E-02      9.440129360653E-03
   12.400000      3.101062386820E-02      9.431617208802E-03
   12.500000      3.103031035243E-02      9.426763476073E-03
   12.600000      3.102325466743E-02      9.406722062658E-03
   12.700000      3.092275572123E-02      9.351476656611E-03
   12.800000      3.068051518774E-02      9.247583596848E-03
   12.900000      3.028424137387E-02      9.093049101098E-03
   13.000000      2.976161315441E-02      8.897479408213E-03
   13.100000      2.916815765437E-02      8.677558456287E-03
   13.200000      2.856287783312E-02      8.449747899362E-03
   13.300000      2.798093696184E-02      8.223153439937E-03
   13.400000      2.741503514370E-02      7.995369340571E-03
   13.500000      2.681487296972E-02      7.752889246937E-03
   13.600000      2.610555805042E-02      7.475883555741E-03
   13.700000      2.521551777382E-02      7.145527551329E-03
   13.800000      2.410185333421E-02      6.751249804554E-03
   13.900000      2.276553365860E-02      6.295521980298E-03
   14.000000      2.125424616061E-02      5.794941297906E-03
   14.100000      1.965500036105E-02      5.277831348804E-03
   14.200000      1.808146221999E-02      4.779769261083E-03
   14.300000      1.666158948098E-02      4.338871350647E-03
   14.400000      1.552823337646E-02      3.992231562463E-03
   14.500000      1.480971063334E-02      3.773898035313E-03
   14.600000      1.461561251201E-02      3.713735609273E-03
   14.700000      1.502031551291E-02      3.835990355980E-03
   14.800000      1.605070743460E-02      4.156614345866E-03
   14.900000      1.767998889765E-02      4.679298098196E-03
   15.000000      1.982924155903E-02      5.391239372126E-03
   15.100000      2.237588582613E-02      6.260392316643E-03
   15.200000      2.516315357744E-02      7.235897485835E-03
   15.300000      2.800936673712E-02      8.252542817468E-03
   15.400000      3.072249995688E-02      9.238764268687E-03
   15.500000      3.312334062427E-02      1.012640553850E-02
   15.600000      3.507111870480E-02      1.085976228479E-02
   15.700000      3.648119108947E-02      1.140165184150E-02
   15.800000      3.732763953911E-02      1.173531625557E-02
   15.900000      3.763068604024E-02      1.186245674387E-02
   16.000000      3.743704182221E-02      1.179898088604E-02
   16.100000      3.680547112365E-02      1.157056234166E-02
   16.200000      3.580449114517E-02      1.120964736306E-02
   16.300000      3.451991441504E-02      1.075433310943E-02
   16.400000      3.306424456150E-02      1.024819160701E-02
   16.500000      3.157906108310E-02      9.739303371860E-03
   16.600000      3.022390310447E-02      9.276932583036E-03
   16.700000      2.915001112898E-02      8.905395593038E-03
   16.800000      2.846553534660E-02      8.656260084145E-03
   16.900000      2.820689532055E-02      8.541330436682E-03
   17.000000      2.832960859944E-02      8.549271469422E-03
   17.100000      2.872114811486E-02      8.647911349997E-03
   17.200000      2.923084014125E-02      8.792460165091E-03
   17.300000      2.970961884714E-02      8.937727774589E-03
   17.400000      3.004984400020E-02      9.050753088216E-03
   17.500000      3.021371352421E-02      9.119760497309E-03
   17.600000      3.024151306345E-02      9.156315891073E-03
   17.700000      3.023632893819E-02      9.189698656725E-03
   17.800000      3.032733984846E-02      9.255109094889E-03
   17.900000      3.061991046494E-02      9.379470371877E-03
   18.000000      3.114880676780E-02      9.569493657236E-03
   18.100000      3.185585312260E-02      9.806029807305E-03
   18.200000      3.260313690154E-02      1.004675648336E-02
   18.300000      3.321323706428E-02      1.023661935818E-02
   18.400000      3.351927789374E-02      1.032302517253E-02
   18.500000      3.341027369560E-02      1.027132817084E-02
   18.600000      3.286204216297E-02      1.007606800930E-02
   18.700000      3.194822146939E-02      9.764667249073E-03
   18.800000      3.082969421700E-02      9.392447493960E-03
   18.900000      2.972385721644E-02      9.030219334232E-03
   19.000000      2.885765858746E-02      8.747675022383E-03
   19.100000      2.841138238232E-02      8.596865266514E-03
   19.200000      2.846689823498E-02      8.599948933261E-03
   19.300000      2.898212407616E-02      8.744243311886E-03
   19.400000      2.980562723980E-02      8.985704680114E-03
   19.500000      3.072221969800E-02      9.259825990929E-03
   19.600000      3.150939227074E-02      9.497082416753E-03
   19.700000      3.198759519259E-02      9.638941394895E-03
   19.800000      3.205439396212E-02      9.650365398331E-03
   19.900000      3.169834562289E-02      9.525718143021E-03
   20.000000      3.099190192922E-02      9.286811510305E-03
   20.100000      3.006563196954E-02      8.974022997560E-03
   20.200000      2.906947911511E-02      8.633345118763E-03
   20.300000      2.813038824465E-02      8.303305868595E-03
   20.400000      2.731843724971E-02      8.005571115321E-03
   20.500000      2.663310234561E-02      7.741736254805E-03
   20.600000      2.601487319254E-02      7.496756659839E-03
   20.700000      2.537653645876E-02      7.247332468471E-03
   20.800000      2.463999673050E-02      6.972063676516E-03
   20.900000      2.376472789791E-02      6.659828286392E-03
   21.000000      2.275991035271E-02      6.313720277130E-03
   21.100000      2.167857503561E-02      5.949677387812E-03
   21.200000      2.059782607106E-02      5.590949919966E-03
   21.300000      1.959451710915E-02      5.261037499555E-03
   21.400000      1.872744984431E-02      4.978092248491E-03
   21.500000      1.803241388808E-02      4.752941478890E-03
   21.600000      1.752900247071E-02      4.591201574896E-03
   21.700000      1.723407839746E-02      4.498148069760E-03
   21.800000      1.717613643590E-02      4.483814565057E-03
   21.900000      1.740413621223E-02      4.565677862189E-03
   22.000000      1.798464813281E-02      4.767257823207E-03
   22.100000      1.898534372127E-02      5.112594686230E-03
   22.200000      2.044936433199E-02      5.618203136272E-03
   22.300000      2.237096852711E-02      6.285117358688E-03
   22.400000      2.468256742151E-02      7.093683192578E-03
   22.500000      2.725595099840E-02      8.002856663657E-03
   22.600000      2.991636211699E-02      8.954314231335E-03
   22.700000      3.246786552108E-02      9.880232554860E-03
   22.800000      3.472355746509E-02      1.071267173776E-02
   22.900000      3.653046743542E-02      1.139236468731E-02
   23.000000      3.778331524761E-02      1.187530598825E-02
   23.100000      3.842791690419E-02      1.213649789983E-02
   23.200000      3.845901460272E-02      1.217110154155E-02
   23.300000      3.791666940618E-02      1.199371757523E-02
   23.400000      3.688269104359E-02      1.163648238258E-02
   23.500000      3.547689569484E-02      1.114626505841E-02
   23.600000      3.385173271495E-02      1.058079637164E-02
   23.700000      3.218322732791E-02      1.000336648389E-02
   23.800000      3.065570856113E-02      9.475965097033E-03
   23.900000      2.943774736633E-02      9.051352671912E-03
   24.000000      2.865107520771E-02      8.765285302814E-03
   24.100000      2.834202979268E-02      8.630620247271E-03
   24.200000      2.846885274540E-02      8.635025721146E-03
   24.300000      2.891211496774E-02      8.743420976951E-03
   24.400000      2.950380899513E-02      8.905214257382E-03
   24.500000      3.006528118866E-02      9.065177467518E-03
   24.600000      3.044563091983E-02      9.175740960459E-03
   24.700000      3.055379709303E-02      9.207911407224E-03
   24.800000      3.037850581428E-02      9.158103851653E-03
   24.900000      2.999179185984E-02      9.048977251751E-03
   25.000000      2.953388247946E-02      8.923734672175E-03
   25.100000      2.917982780633E-02      8.834986200942E-03
   25.200000      2.909280522935E-02      8.830751822516E-03
   25.300000      2.937597682519E-02      8.941077312994E-03
   25.400000      3.003939687521E-02      9.168752828223E-03
   25.500000      3.099436151716E-02      9.486697361480E-03
   25.600000      3.207519030144E-02      9.842903787415E-03
   25.700000      3.307880933516E-02      1.017185079839E-02
   25.800000      3.381096288859E-02      1.040951911225E-02
   25.900000      3.412844502532E-02      1.050811776793E-02
   26.000000      3.396816255112E-02      1.044667668255E-02
   26.100000      3.335753822665E-02      1.023483395914E-02
   26.200000      3.240500188093E-02      9.909118510107E-03
   26.300000      3.127288957016E-02      9.523183892028E-03
   26.400000      3.013899081724E-02      9.135077877565E-03
   26.500000      2.915822892640E-02      8.795198123277E-03
   26.600000      2.843684050062E-02      8.537940541274E-03
   26.700000      2.802251365573E-02      8.378495421781E-03
   26.800000      2.790724595179E-02      8.314411309166E-03
   26.900000      2.803965586577E-02      8.330122445328E-03
   27.000000      2.834238127508E-02      8.402115677830E-03
   27.100000      2.872772252422E-02      8.502904678460E-03
   27.200000      2.910594971199E-02      8.603171813085E-03
   27.300000      2.938709314394E-02      8.672733212153E-03
   27.400000      2.948226321589E-02      8.681751089535E-03
   27.500000      2.931051524672E-02      8.603479429820E-03
   27.600000      2.881267946491E-02      8.418839537964E-03
   27.700000      2.796808418927E-02      8.121762244287E-03
   27.800000      2.680732359617E-02      7.723200540299E-03
   27.900000      2.541468659291E-02      7.251596128475E-03
   28.000000      2.391667740665E-02      6.748563652216E-03
   28.100000      2.245715540836E-02      6.260315422595E-03
   28.200000      2.116419423034E-02      5.827174917415E-03
   28.300000      2.011951195115E-02      5.474614657460E-03
   28.400000      1.934375340218E-02      5.209055579237E-03
   28.500000      1.880356952045E-02      5.020141636904E-03
   28.600000      1.843766211696E-02      4.888871346091E-03
   28.700000      1.819199474071E-02      4.798713954629E-03
   28.800000      1.804981004013E-02      4.745568844370E-03
   28.900000      1.804594785739E-02      4.742694260867E-03
   29.000000      1.826204229174E-02      4.818490175230E-03
   29.100000      1.880312784931E-02      5.007630029470E-03
   29.200000      1.976008261585E-02      5.338513918066E-03
   29.300000      2.116858181825E-02      5.821426860530E-03
   29.400000      2.298025596607E-02      6.441608621020E-03
   29.500000      2.506135726626E-02      7.159755330166E-03
   29.600000      2.722344284482E-02      7.919907868661E-03
   29.700000      2.927252183458E-02      8.662167601432E-03
   29.800000      3.105655453210E-02      9.336101924099E-03
   29.900000      3.249674749659E-02      9.910587479809E-03
   30.000000      3.359600311253E-02      1.037718113025E-02
   30.100000      3.442343572930E-02      1.074638643811E-02
   30.200000      3.507764439157E-02      1.103856573883E-02
   30.300000      3.564005576781E-02      1.127290767361E-02
   30.400000      3.614028578193E-02      1.145827327444E-02
   30.500000      3.654806721085E-02      1.158885978953E-02
   30.600000      3.678808798099E-02      1.164584448073E-02
   30.700000      3.676690363892E-02      1.160417161504E-02
   30.800000      3.640331511584E-02      1.144209519804E-02
   30.900000      3.565528105309E-02      1.115042407559E-02
   31.000000      3.453716251260E-02      1.073872460628E-02
   31.100000      3.312523343032E-02      1.023679334972E-02
   31.200000      3.155166404463E-02      9.691110289681E-03
   31.300000      2.998675237978E-02      9.157293966326E-03
   31.400000      2.861067534718E-02      8.690480596861E-03
   31.500000      2.757882075238E-02      8.335882092043E-03
   31.600000      2.698852757721E-02      8.121550412222E-03
   31.700000      2.685977339367E-02      8.054721733810E-03
   31.800000      2.713936590398E-02      8.122236114097E-03
   31.900000      2.772331221572E-02      8.294640237616E-03
   32.000000      2.848438267165E-02      8.532861591726E-03
   32.100000      2.929679571523E-02      8.795912625506E-03
   32.200000      3.005504391851E-02      9.047999418093E-03
   32.300000      3.068589399798E-02      9.263666286426E-03
   32.400000      3.115368959766E-02      9.430142197841E-03
   32.500000      3.145927026035E-02      9.546747036747E-03
   32.600000      3.163260565961E-02      9.621901392420E-03
   32.700000      3.172018588478E-02      9.668786151733E-03
   32.800000      3.176991805371E-02      9.700881453747E-03
   32.900000      3.181766670274E-02      9.728436429553E-03
   33.000000      3.187968615213E-02      9.756462182652E-03
   33.100000      3.195300966953E-02      9.784284502921E-03
   33.200000      3.202144767121E-02      9.806258316029E-03
   33.300000      3.206166164818E-02      9.813091811496E-03
   33.400000      3.204550365218E-02      9.793376407504E-03
   33.500000      3.193977168621E-02      9.735235576603E-03
   33.600000      3.170811762818E-02      9.628263059987E-03
   33.700000      3.131877956053E-02      9.465916650576E-03
   33.800000      3.075690452670E-02      9.248210350350E-03
   33.900000      3.003677924640E-02      8.984045040948E-03
   34.000000      2.920915517182E-02      8.692120117584E-03
   34.100000      2.835951892464E-02      8.399369237940E-03
   34.200000      2.759403342867E-02      8.136412301750E-03
   34.300000      2.701285708232E-02      7.930521944148E-03
   34.400000      2.667718758036E-02      7.797736228961E-03
   34.500000      2.658330540510E-02      7.736546029321E-03
   34.600000      2.665599233487E-02      7.725624592227E-03
   34.700000      2.676469788793E-02      7.727159044393E-03
   34.800000      2.675722857054E-02      7.695659234048E-03
   34.900000      2.650086016762E-02      7.590181861556E-03
   35.000000      2.591928373085E-02      7.386430965649E-03
   35.100000      2.501570227960E-02      7.084810934013E-03
   35.200000      2.387582839659E-02      6.711494541085E-03
   35.300000      2.264847675993E-02      6.311705440083E-03
   35.400000      2.150630609599E-02      5.937024158505E-03
   35.500000      2.059578026496E-02      5.630695833122E-03
   35.600000      1.999276840735E-02      5.415822926392E-03
   35.700000      1.968276157326E-02      5.290548078183E-03
   35.800000      1.957643460943E-02      5.232047145168E-03
   35.900000      1.955454667569E-02      5.208109961280E-03
   36.000000      1.952240933858E-02      5.192360076659E-03
   36.100000      1.945332764750E-02      5.177754765922E-03
   36.200000      1.940792276765E-02      5.183451261738E-03
   36.300000      1.952445234398E-02      5.252288809078E-03
   36.400000      1.998243317667E-02      5.439263590612E-03
   36.500000      2.094747529920E-02      5.794381647333E-03
   36.600000      2.251031611840E-02      6.345152441940E-03
   36.700000      2.464102121051E-02      7.084142875433E-03
   36.800000      2.718125516688E-02      7.965457062462E-03
   36.900000      2.987764852259E-02      8.911307986689E-03
   37.000000      3.243851380780E-02      9.826904695230E-03
   37.100000      3.459464369846E-02      1.061961071673E-02
   37.200000      3.614967332681E-02      1.121736954543E-02
   37.300000      3.701114718879E-02      1.158190777177E-02
   37.400000      3.719940861243E-02      1.171390693743E-02
   37.500000      3.683564860101E-02      1.164955736000E-02
   37.600000      3.611284203187E-02      1.144998567211E-02
   37.700000      3.525434516537E-02      1.118647232813E-02
   37.800000      3.446616553582E-02      1.092493410919E-02
   37.900000      3.389246489815E-02      1.071290790238E-02
   38.000000      3.358670754018E-02      1.057146685111E-02
   38.100000      3.350731318619E-02      1.049338790526E-02
   38.200000      3.353786479232E-02      1.044767449721E-02
   38.300000      3.352362745908E-02      1.038935752109E-02
   38.400000      3.331344508579E-02      1.027246898737E-02
   38.500000      3.279833179084E-02      1.006335319242E-02
   38.600000      3.194057295239E-02      9.751236508914E-03
   38.700000      3.078864530212E-02      9.353386317865E-03
   38.800000      2.947462681256E-02      8.913297969665E-03
   38.900000      2.819256994682E-02      8.491994065841E-03
   39.000000      2.715845217658E-02      8.154324307833E-03
   39.100000      2.655657713086E-02      7.953611783775E-03
   39.200000      2.648870928419E-02      7.918631088617E-03
   39.300000      2.694616005688E-02      8.046454690639E-03
   39.400000      2.781092497774E-02      8.303212774189E-03
   39.500000      2.888731793881E-02      8.632659951144E-03
   39.600000      2.995673757982E-02      8.970250984574E-03
   39.700000      3.083425438742E-02      9.258866953089E-03
   39.800000      3.140901448862E-02      9.461895099281E-03
   39.900000      3.166152538123E-02      9.570187876923E-03
   40.000000      3.165752328542E-02      9.601242346406E-03
   40.100000      3.152187844445E-02      9.591175108938E-03
   40.200000      3.139932119842E-02      9.582040995834E-03
   40.300000      3.141112785196E-02      9.608197459362E-03
   40.400000      3.161801926476E-02      9.685477670020E-03
   40.500000      3.200018814169E-02      9.805968574248E-03
   40.600000      3.246140562244E-02      9.939541413990E-03
   40.700000      3.285482787529E-02      1.004144794777E-02
   40.800000      3.302211493918E-02      1.006377180873E-02
   40.900000      3.283441711897E-02      9.967678476722E-03
   41.000000      3.222396508441E-02      9.733398937374E-03
   41.100000      3.119990934056E-02      9.365642549186E-03
   41.200000      2.984710246956E-02      8.893403078251E-03
   41.300000      2.830978185616E-02      8.364527845768E-03
   41.400000      2.676468053468E-02      7.836591021449E-03
   41.500000      2.538974628732E-02      7.366276556701E-03
   41.600000      2.433411351995E-02      6.999530930742E-03
   41.700000      2.369300434160E-02      6.764269573137E-03
   41.800000      2.349015438352E-02      6.666630873588E-03
   41.900000      2.367215534037E-02      6.690939803875E-03
   42.000000      2.411959564850E-02      6.802899837509E-03
   42.100000      2.467214161420E-02      6.955192769139E-03
   42.200000      2.515794566090E-02      7.094606676265E-03
   42.300000      2.542038566657E-02      7.169899378471E-03
   42.400000      2.533964890238E-02      7.139672431669E-03
   42.500000      2.484892612011E-02      6.979470133449E-03
   42.600000      2.394560784340E-02      6.687141640112E-03
   42.700000      2.269722815025E-02      6.285352161861E-03
   42.800000      2.124031774058E-02      5.820208410655E-03
   42.900000      1.976904150718E-02      5.355442060106E-03
   43.000000      1.851088976607E-02      4.962495425863E-03
   43.100000      1.768900936550E-02      4.707995840465E-03
   43.200000      1.747537752367E-02      4.641132872259E-03
   43.300000      1.794643082779E-02      4.783945838274E-03
   43.400000      1.905971609482E-02      5.127173104606E-03
   43.500000      2.066616814088E-02      5.633060336119E-03
   43.600000      2.255385999875E-02      6.244665644377E-03
   43.700000      2.450383066647E-02      6.899308221385E-03
   43.800000      2.633898105772E-02      7.542535141861E-03
   43.900000      2.795525965992E-02      8.138799234819E-03
   44.000000      2.933114660025E-02      8.676039916704E-03
   44.100000      3.051573106168E-02      9.163207656056E-03
   44.200000      3.159949014632E-02      9.621852228865E-03
   44.300000      3.267581177075E-02      1.007453921551E-02
   44.400000      3.380380732545E-02      1.053359478179E-02
   44.500000      3.498234987812E-02      1.099336733031E-02
   44.600000      3.614242919448E-02      1.142803775315E-02
   44.700000      3.716008013245E-02      1.179543449414E-02
   44.800000      3.788503225527E-02      1.204579293934E-02
   44.900000      3.817551086862E-02      1.213330887416E-02
   45.000000      3.793122517047E-02      1.202784282135E-02
   45.100000      3.711948406060E-02      1.172421191247E-02
   45.200000      3.579095444347E-02      1.124701816549E-02
   45.300000      3.408272219594E-02      1.064975206112E-02
   45.400000      3.220674038662E-02      1.000787749800E-02
   45.500000      3.042186012816E-02      9.406696940510E-03
   45.600000      2.898909657416E-02      8.925938811080E-03
   45.700000      2.811477645868E-02      8.624020457069E-03
   45.800000      2.789539333242E-02      8.525511411793E-03
   45.900000      2.828592482405E-02      8.615113551485E-03
   46.000000      2.910907688733E-02      8.840294232608E-03
   46.100000      3.010339088732E-02      9.122678245435E-03
   46.200000      3.099000334901E-02      9.375915210196E-03
   46.300000      3.153657063287E-02      9.525731960212E-03
   46.400000      3.160470696893E-02      9.526988291062E-03
   46.500000      3.117389454673E-02      9.373207914864E-03
   46.600000      3.033949727032E-02      9.096164865049E-03
   46.700000      2.928662737933E-02      8.756033463611E-03
   46.800000      2.824551613963E-02      8.425371658970E-03
   46.900000      2.743759453266E-02      8.171832152238E-03
   47.000000      2.702522028781E-02      8.044419982681E-03
   47.100000      2.708113155078E-02      8.066427989793E-03
   47.200000      2.758880446992E-02      8.235595831275E-03
   47.300000      2.846746854507E-02      8.529592846767E-03
   47.400000      2.960317060861E-02      8.913549109565E-03
   47.500000      3.087188365471E-02      9.346493539587E-03
   47.600000      3.215010095560E-02      9.784993673351E-03
   47.700000      3.331527204133E-02      1.018428044685E-02
   47.800000      3.424309597393E-02      1.049872746614E-02
   47.900000      3.480987686920E-02      1.068399020073E-02
   48.000000      3.490508770225E-02      1.070218820713E-02
   48.100000      3.445325348566E-02      1.052966657011E-02
   48.200000      3.343850085648E-02      1.016499168673E-02
   48.300000      3.192257409149E-02      9.633864155276E-03
   48.400000      3.004820009873E-02      8.988120721794E-03
   48.500000      2.802311809957E-02      8.297842893358E-03
   48.600000      2.608431981089E-02      7.638066916440E-03
   48.700000      2.444710710074E-02      7.073676114504E-03
   48.800000      2.325347312435E-02      6.646881777391E-03
   48.900000      2.254420043407E-02      6.370912997260E-03
   49.000000      2.226570593356E-02      6.231443587742E-03
   49.100000      2.229954873498E-02      6.194703078500E-03
   49.200000      2.250106467762E-02      6.219135565117E-03
   49.300000      2.273755670267E-02      6.266641054289E-03
   49.400000      2.291558139453E-02      6.310089900638E-03
   49.500000      2.299083464658E-02      6.335576240180E-03
   49.600000      2.296185218559E-02      6.339985988927E-03
   49.700000      2.285391870812E-02      6.326041766272E-03
   49.800000      2.270094055326E-02      6.297483916084E-03
   49.900000      2.253135808393E-02      6.256394616080E-03
   50.000000      2.236058701751E-02      6.203302939620E-03
   50.100000      2.219102739616E-02      6.139313663494E-03
   50.200000      2.202108299185E-02      6.068701808403E-03
   50.300000      2.185791510473E-02      6.000485966068E-03
   50.400000      2.172483979999E-02      5.948276650659E-03
   50.500000      2.166065793683E-02      5.928706946372E-03
   50.600000      2.171398727075E-02      5.959438489380E-03
   50.700000      2.193723733898E-02      6.057748445127E-03
   50.800000      2.238306407060E-02      6.240066080185E-03
   50.900000      2.310245985340E-02      6.521919033736E-03
   51.000000      2.414093712437E-02      6.917111890200E-03
   51.100000      2.552954837652E-02      7.435024018982E-03
   51.200000      2.727043162488E-02      8.075769288173E-03
   51.300000      2.931965923229E-02      8.824283303233E-03
   51.400000      3.157385019459E-02      9.645582642531E-03
   51.500000      3.387017302476E-02      1.048384537769E-02
   51.600000      3.600375879010E-02      1.126723887155E-02
   51.700000      3.775965047143E-02      1.191867888620E-02
   51.800000      3.895257311278E-02      1.237051403039E-02
   51.900000      3.946491055812E-02      1.257932450968E-02
   52.000000      3.927342307700E-02      1.253637646590E-02
   52.100000      3.845753409323E-02      1.227017235925E-02
   52.200000      3.718560611576E-02      1.183980000602E-02
   52.300000      3.567999398051E-02      1.132068042934E-02
   52.400000      3.416633640648E-02      1.078682832782E-02
   52.500000      3.281867256032E-02      1.029494054506E-02
   52.600000      3.172101080403E-02      9.875041111137E-03
   52.700000      3.086387635387E-02      9.530203153451E-03
   52.800000      3.017479074103E-02      9.244794529103E-03
   52.900000      2.956752552880E-02      8.997827025513E-03
   53.000000      2.898959128796E-02      8.776329257491E-03
   53.100000      2.845037590354E-02      8.583785742172E-03
   53.200000      2.802174855276E-02      8.440538527486E-03
   53.300000      2.781196990307E-02      8.375981146926E-03
   53.400000      2.792135097579E-02      8.415367957042E-03
   53.500000      2.839396251132E-02      8.566084197517E-03
   53.600000      2.918164995536E-02      8.808581863979E-03
   53.700000      3.013626973049E-02      9.095757713427E-03
   53.800000      3.104050245688E-02      9.361804879275E-03
   53.900000      3.166741913223E-02      9.538415890455E-03
   54.000000      3.184357093315E-02      9.573690762446E-03
   54.100000      3.149651308715E-02      9.448034472388E-03
   54.200000      3.067831621410E-02      9.182056050461E-03
   54.300000      2.956189216315E-02      8.833765217386E-03
   54.400000      2.840999686566E-02      8.485474997883E-03
   54.500000      2.751913855562E-02      8.223800484433E-03
   54.600000      2.714292767470E-02      8.118111434306E-03
   54.700000      2.740975500124E-02      8.203201973813E-03
   54.800000      2.827675555068E-02      8.470711564490E-03
   54.900000      2.955507745532E-02      8.871363639347E-03
   55.000000      3.097663121808E-02      9.327112789779E-03
   55.100000      3.226293570247E-02      9.749656976753E-03
   55.200000      3.318297814935E-02      1.006020617593E-02
   55.300000      3.359284665654E-02      1.020531211035E-02
   55.400000      3.345203406805E-02      1.016493703737E-02
   55.500000      3.281541518532E-02      9.951337788806E-03
   55.600000      3.180403089216E-02      9.600039586391E-03
   55.700000      3.056194068323E-02      9.156370580307E-03
   55.800000      2.921139545411E-02      8.662082621375E-03
   55.900000      2.782290089183E-02      8.146211188564E-03
   56.000000      2.641215311905E-02      7.622680223069E-03
   56.100000      2.496161109761E-02      7.094774349063E-03
   56.200000      2.345525608494E-02      6.564239915723E-03
   56.300000      2.191370658179E-02      6.041188254004E-03
   56.400000      2.041740582477E-02      5.550676184784E-03
   56.500000      1.910800562391E-02      5.132946770431E-03
   56.600000      1.816313796164E-02      4.836490903555E-03
   56.700000      1.774790500063E-02      4.705637288223E-03
   56.800000      1.795779731362E-02      4.766449050060E-03
   56.900000      1.877670165142E-02      5.015588194357E-03
   57.000000      2.006903198594E-02      5.416170100937E-03
   57.100000      2.160833624361E-02      5.902631916073E-03
   57.200000      2.313018033453E-02      6.393897091955E-03
   57.300000      2.439190556535E-02      6.811509042415E-03
   57.400000      2.522406818524E-02      7.097780465146E-03
   57.500000      2.556327525371E-02      7.228901043494E-03
   57.600000      2.546094753452E-02      7.219406076399E-03
   57.700000      2.506677959734E-02      7.116957768195E-03
   57.800000      2.458991853908E-02      6.989204842880E-03
   57.900000      2.424636119889E-02      6.906674865046E-03
   58.000000      2.420831243990E-02      6.926558767935E-03
   58.100000      2.457259595051E-02      7.081646287618E-03
   58.200000      2.535321337231E-02      7.376828586640E-03
   58.300000      2.649290489569E-02      7.793143116391E-03
   58.400000      2.788708303694E-02      8.297094250007E-03
   58.500000      2.941472964371E-02      8.851633404449E-03
   58.600000      3.096971720126E-02      9.425092260916E-03
   58.700000      3.248194202251E-02      9.995472804849E-03
   58.800000      3.391988525424E-02      1.054936283853E-02
   58.900000      3.527536745480E-02      1.107670204325E-02
   59.000000      3.653749638287E-02      1.156402228349E-02
   59.100000      3.766564050743E-02      1.198920399139E-02
   59.200000      3.857618795337E-02      1.232015334363E-02
   59.300000      3.915417598875E-02      1.251838220657E-02
   59.400000      3.928206966453E-02      1.254676545939E-02
   59.500000      3.887172100514E-02      1.237931700336E-02
   59.600000      3.789100597923E-02      1.201010738181E-02
   59.700000      3.637977896334E-02      1.145863684907E-02
   59.800000      3.445225444276E-02      1.076997728258E-02
   59.900000      3.228580847230E-02      1.000945461977E-02
   60.000000      3.009874044014E-02      9.253088507246E-03
   60.100000      2.812098354502E-02      8.576007347769E-03
   60.200000      2.656154459888E-02      8.041365043646E-03
   60.300000      2.557513894829E-02      7.691894684453E-03
   60.400000      2.523234232865E-02      7.545357080019E-03
   60.500000      2.550546101925E-02      7.594114842796E-03
   60.600000      2.628080429691E-02      7.808218154021E-03
   60.700000      2.739098536968E-02      8.140937062942E-03
   60.800000      2.864963730926E-02      8.535639461068E-03
   60.900000      2.987726071906E-02      8.933142151653E-03
   61.000000      3.091886729435E-02      9.278922443819E-03
   61.100000      3.165736554631E-02      9.529684321002E-03
   61.200000      3.202437044806E-02      9.658684327239E-03
   61.300000      3.200736841253E-02      9.659053967879E-03
   61.400000      3.165070017115E-02      9.544313912995E-03
   61.500000      3.104807761437E-02      9.345543854600E-03
   61.600000      3.032611926339E-02      9.105304049380E-03
   61.700000      2.962098981724E-02      8.869268072619E-03
   61.800000      2.905263096341E-02      8.677325162613E-03
   61.900000      2.870241270086E-02      8.556290815529E-03
   62.000000      2.860020421345E-02      8.516072918364E-03
   62.100000      2.872461885907E-02      8.550169567386E-03
   62.200000      2.901528758961E-02      8.640011135447E-03
   62.300000      2.939284818370E-02      8.761399925350E-03
   62.400000      2.978089788200E-02      8.890655442316E-03
   62.500000      3.012200273624E-02      9.008341615209E-03
   62.600000      3.038134259703E-02      9.099575281172E-03
   62.700000      3.053737263327E-02      9.151469153974E-03
   62.800000      3.056487749820E-02      9.149607123477E-03
   62.900000      3.042042287820E-02      9.075984408487E-03
   63.000000      3.004062927649E-02      8.910276342105E-03
   63.100000      2.935733406094E-02      8.634802593462E-03
   63.200000      2.832437405943E-02      8.241736345197E-03
   63.300000      2.694427932282E-02      7.739769155291E-03
   63.400000      2.528335770977E-02      7.157220816940E-03
   63.500000      2.346905939892E-02      6.539661339265E-03
   63.600000      2.166939530438E-02      5.942113048230E-03
   63.700000      2.005921687541E-02      5.418033156984E-03
   63.800000      1.878292733558E-02      5.008655785824E-03
   63.900000      1.792670845319E-02      4.736284637250E-03
   64.000000      1.751105076918E-02      4.603698506680E-03
   64.100000      1.750461979947E-02      4.599482873442E-03
   64.200000      1.785092326675E-02      4.706765658555E-03
   64.300000      1.849591674660E-02      4.911489584626E-03
   64.400000      1.940596918237E-02      5.206600545185E-03
   64.500000      2.056828028567E-02      5.590323196242E-03
   64.600000      2.197207200582E-02      6.059326179403E-03
   64.700000      2.357891731242E-02      6.599967171258E-03
   64.800000      2.529827534552E-02      7.181941213024E-03
   64.900000      2.698446518707E-02      7.758017761824E-03
   65.000000      2.846132987844E-02      8.271337116383E-03
   65.100000      2.956567936269E-02      8.668776266308E-03
   65.200000      3.019331052349E-02      8.916326346553E-03
   65.300000      3.033350401084E-02      9.011249597350E-03
   65.400000      3.008247830283E-02      8.986482279378E-03
   65.500000      2.963133630143E-02      8.905103148114E-03
   65.600000      2.922934050327E-02      8.845871133474E-03
   65.700000      2.912811678811E-02      8.883736118544E-03
   65.800000      2.951663453651E-02      9.070848687096E-03
   65.900000      3.046269808451E-02      9.423417271464E-03
   66.000000      3.188508254737E-02      9.917904137517E-03
   66.100000      3.357893158269E-02      1.049720225301E-02
   66.200000      3.528361951483E-02      1.108456978382E-02
   66.300000      3.675256153148E-02      1.160111879068E-02
   66.400000      3.780140672818E-02      1.198208204173E-02
   66.500000      3.833218085093E-02      1.218793029005E-02
   66.600000      3.833582386986E-02      1.220825515049E-02
   66.700000      3.787666446675E-02      1.205850913582E-02
   66.800000      3.706389370761E-02      1.177155150769E-02
   66.900000      3.601707461531E-02      1.138702946730E-02
   67.000000      3.483548031848E-02      1.094175816889E-02
   67.100000      3.358158096154E-02      1.046355534285E-02
   67.200000      3.228277134684E-02      9.969733596244E-03
   67.300000      3.094690169889E-02      9.470027953110E-03
   67.400000      2.958397583509E-02      8.972485408340E-03
   67.500000      2.822699958017E-02      8.490033938928E-03
   67.600000      2.694586314520E-02      8.045248700324E-03
   67.700000      2.584941389283E-02      7.671302039493E-03
   67.800000      2.507270390867E-02      7.408147001677E-03
   67.900000      2.474923086490E-02      7.294410367551E-03
   68.000000      2.497308690910E-02      7.356892176580E-03
   68.100000      2.576247645418E-02      7.600561764169E-03
   68.200000      2.703889078996E-02      8.002160743510E-03
   68.300000      2.863058471566E-02      8.509829217282E-03
   68.400000      3.030035820373E-02      9.049691056968E-03
   68.500000      3.179048863293E-02      9.538449259568E-03
   68.600000      3.287236882144E-02      9.899291765348E-03
   68.700000      3.338884089281E-02      1.007733132941E-02
   68.800000      3.328155725547E-02      1.005076470051E-02
   68.900000      3.259979981883E-02      9.834986007754E-03
   69.000000      3.149013286074E-02      9.478720042494E-03
   69.100000      3.016850406873E-02      9.053283507859E-03
   69.200000      2.887870030778E-02      8.637709461824E-03
   69.300000      2.784494890769E-02      8.303230657150E-03
   69.400000      2.723039080001E-02      8.100389519751E-03
   69.500000      2.710957979473E-02      8.051041917962E-03
   69.600000      2.745614594700E-02      8.146171649012E-03
   69.700000      2.814924454943E-02      8.349170205431E-03
   69.800000      2.900156307775E-02      8.603354764067E-03
   69.900000      2.979990355385E-02      8.842080980622E-03
   70.000000      3.034387717192E-02      8.999767351024E-03
   70.100000      3.047528596595E-02      9.022315849457E-03
   70.200000      3.009769998050E-02      8.875639335110E-03
   70.300000      2.918745499972E-02      8.551224603623E-03
   70.400000      2.779663536346E-02      8.067904887581E-03
   70.500000      2.604779150701E-02      7.469381824220E-03
   70.600000      2.411975727233E-02      6.817603293575E-03
   70.700000      2.222397979669E-02      6.182851679498E-03
   70.800000      2.057206799343E-02      5.632171615096E-03
   70.900000      1.933870127447E-02      5.218312640421E-03
   71.000000      1.862848151177E-02      4.971436868114E-03
   71.100000      1.845701186798E-02      4.895338501281E-03
   71.200000      1.875280020198E-02      4.968939285897E-03
   71.300000      1.938063704087E-02      5.152631248270E-03
   71.400000      2.017825526208E-02      5.397965110047E-03
   71.500000      2.099382848677E-02      5.658499238124E-03
   71.600000      2.171600164915E-02      5.899468276215E-03
   71.700000      2.229248945881E-02      6.104299309060E-03
   71.800000      2.273564520043E-02      6.276776236122E-03
   71.900000      2.311523646137E-02      6.438629814612E-03
   72.000000      2.354007284264E-02      6.623278953596E-03
   72.100000      2.413112868351E-02      6.867164232618E-03
   72.200000      2.498996017130E-02      7.200479468037E-03
   72.300000      2.616930811640E-02      7.639111623710E-03
   72.400000      2.765549752172E-02      8.179311755828E-03
   72.500000      2.936766731236E-02      8.796128835934E-03
   72.600000      3.117117247837E-02      9.446013899407E-03
   72.700000      3.290056308086E-02      1.007329843020E-02
   72.800000      3.438742212144E-02      1.061953875419E-02
   72.900000      3.548834493584E-02      1.103410493125E-02
   73.000000      3.610945585678E-02      1.128400991018E-02
   73.100000      3.622457876951E-02      1.136094053626E-02
   73.200000      3.588414036442E-02      1.128383056130E-02
   73.300000      3.521222180565E-02      1.109608992193E-02
   73.400000      3.439062089801E-02      1.085766313563E-02
   73.500000      3.362981719081E-02      1.063323258109E-02
   73.600000      3.312584722559E-02      1.047885121769E-02
   73.700000      3.300527031366E-02      1.042982747356E-02
   73.800000      3.328238778688E-02      1.049261370625E-02
   73.900000      3.385914712409E-02      1.064272893928E-02
   74.000000      3.455770943616E-02      1.082949705354E-02
   74.100000      3.516363890984E-02      1.098686017553E-02
   74.200000      3.547045721025E-02      1.104807145257E-02
   74.300000      3.532017054596E-02      1.096103196672E-02
   74.400000      3.463507074674E-02      1.070070402494E-02
   74.500000      3.343577890346E-02      1.027556555142E-02
   74.600000      3.184115826947E-02      9.726425769779E-03
   74.700000      3.004819873794E-02      9.117821393132E-03
   74.800000      2.829322106298E-02      8.524167203756E-03
   74.900000      2.680053326631E-02      8.014267123793E-03
   75.000000      2.573266538147E-02      7.638222431396E-03
   75.100000      2.516146491483E-02      7.420012294828E-03
   75.200000      2.506891078351E-02      7.357267364973E-03
   75.300000      2.537146498675E-02      7.427552292463E-03
   75.400000      2.595601874853E-02      7.598524277093E-03
   75.500000      2.671453372270E-02      7.838274757142E-03
   75.600000      2.756855742667E-02      8.122342058058E-03
   75.700000      2.847741746533E-02      8.435260971902E-03
   75.800000      2.942679802091E-02      8.766651828737E-03
   75.900000      3.040108127424E-02      9.104024722884E-03
   76.000000      3.135167960622E-02      9.425893034087E-03
   76.100000      3.218068960717E-02      9.698869269860E-03
   76.200000      3.275379944113E-02      9.881027159923E-03
   76.300000      3.293702870085E-02      9.931392503840E-03
   76.400000      3.263976752791E-02      9.822851103586E-03
   76.500000      3.184973092640E-02      9.554030758169E-03
   76.600000      3.065087450772E-02      9.155537685295E-03
   76.700000      2.921907020668E-02      8.687445992343E-03
   76.800000      2.779398847019E-02      8.227667726262E-03
   76.900000      2.663012964121E-02      7.853849304821E-03
   77.000000      2.593465309022E-02      7.623721503621E-03
   77.100000      2.580264855264E-02      7.559592852799E-03
   77.200000      2.617325037703E-02      7.641641201567E-03
   77.300000      2.684090833144E-02      7.812142295776E-03
   77.400000      2.752155224547E-02      7.989586842089E-03
   77.500000      2.793411443779E-02      8.088805269415E-03
   77.600000      2.786668586863E-02      8.041630464820E-03
   77.700000      2.721741154080E-02      7.812728779389E-03
   77.800000      2.600879954068E-02      7.406885280095E-03
   77.900000      2.437729826494E-02      6.866608305720E-03
   78.000000      2.254198773199E-02      6.261545895140E-03
   78.100000      2.075741339703E-02      5.673089562427E-03
   78.200000      1.926072384882E-02      5.178232100882E-03
   78.300000      1.823251624814E-02      4.836250970806E-03
   78.400000      1.777865609765E-02      4.680489195581E-03
   78.500000      1.792264097580E-02      4.715955112745E-03
   78.600000      1.860464780817E-02      4.922153904682E-03
   78.700000      1.969320487118E-02      5.259767739506E-03
   78.800000      2.101460108491E-02      5.679524222114E-03
   78.900000      2.239314505438E-02      6.131654613760E-03
   79.000000      2.368749392520E-02      6.574521542867E-03
   79.100000      2.481372551025E-02      6.981163690598E-03
   79.200000      2.575388397145E-02      7.342691131909E-03
   79.300000      2.655143712071E-02      7.667806705832E-03
   79.400000      2.729414626319E-02      7.978346106941E-03
   79.500000      2.808294215045E-02      8.301602623241E-03
   79.600000      2.899264428307E-02      8.661127816074E-03
   79.700000      3.004944146643E-02      9.068349305906E-03
   79.800000      3.123046863289E-02      9.517402849563E-03
   79.900000      3.246862644594E-02      9.984876412091E-03
   80.000000      3.366305664780E-02      1.043480883008E-02
   80.100000      3.470002814278E-02      1.082765289831E-02
   80.200000      3.548144017624E-02      1.113055858015E-02
   80.300000      3.595184001582E-02      1.132578757703E-02
   80.400000      3.611392020159E-02      1.141460758874E-02
   80.500000      3.602706275530E-02      1.141549653220E-02
   80.600000      3.578968017372E-02      1.135739387209E-02
   80.700000      3.550950031168E-02      1.127036764005E-02
   80.800000      3.526570441512E-02      1.117682706277E-02
   80.900000      3.507781663826E-02      1.108605008797E-02
   81.000000      3.491067601255E-02      1.099349163869E-02
   81.100000      3.470389147078E-02      1.088461667066E-02
   81.200000      3.439659674473E-02      1.074151631536E-02
   81.300000      3.394342403153E-02      1.054984087550E-02
   81.400000      3.332422271104E-02      1.030381574127E-02
   81.500000      3.254823038743E-02      1.000810054548E-02
   81.600000      3.165224812374E-02      9.676529871658E-03
   81.700000      3.069334287089E-02      9.328799490437E-03
   81.800000      2.973868550643E-02      8.986576657721E-03
   81.900000      2.885561300832E-02      8.670268480295E-03
   82.000000      2.810300069828E-02      8.397019927832E-03
   82.100000      2.752374968777E-02      8.179814467046E-03
   82.200000      2.714100037652E-02      8.027146071910E-03
   82.300000      2.696014087534E-02      7.942756381286E-03
   82.400000      2.697189506458E-02      7.925283870825E-03
   82.500000      2.715303978884E-02      7.968088565265E-03
   82.600000      2.746689076139E-02      8.059716639978E-03
   82.700000      2.786668869704E-02      8.185313487773E-03
   82.800000      2.830256679303E-02      8.328858876079E-03
   82.900000      2.873001947359E-02      8.475636813241E-03
   83.000000      2.911664633105E-02      8.614147761877E-03
   83.100000      2.944469086219E-02      8.736864735175E-03
   83.200000      2.970882633037E-02      8.839742516256E-03
   83.300000      2.991060905925E-02      8.920942404829E-03
   83.400000      3.005236060810E-02      8.979532495449E-03
   83.500000      3.013439957798E-02      9.014800543698E-03
   83.600000      3.015766937035E-02      9.026338444324E-03
   83.700000      3.012705788696E-02      9.014492296247E-03
   83.800000      3.005044608301E-02      8.980454666801E-03
   83.900000      2.993312513192E-02      8.925428075897E-03
   84.000000      2.977039607316E-02      8.848885486657E-03
   84.100000      2.954237638976E-02      8.746705101792E-03
   84.200000      2.921410342456E-02      8.610433614497E-03
   84.300000      2.874246837291E-02      8.428782221599E-03
   84.400000      2.808975016692E-02      8.191613853017E-03
   84.500000      2.724063685422E-02      7.895434202545E-03
   84.600000      2.621720261965E-02      7.548317310687E-03
   84.700000      2.508646167336E-02      7.171864185834E-03
   84.800000      2.395569782414E-02      6.798528827650E-03
   84.900000      2.295115637056E-02      6.464307072796E-03
   85.000000      2.218183255220E-02      6.198767493943E-03
   85.100000      2.170028906412E-02      6.015867864889E-03
   85.200000      2.147927048772E-02      5.909222007056E-03
   85.300000      2.142098757995E-02      5.854200273672E-03
   85.400000      2.139773224643E-02      5.816833071106E-03
   85.500000      2.130231850261E-02      5.766835359910E-03
   85.600000      2.108808674009E-02      5.690248870599E-03
   85.700000      2.078824449902E-02      5.597001098685E-03
   85.800000      2.051080790958E-02      5.520278930022E-03
   85.900000      2.041048348853E-02      5.507470925117E-03
   86.000000      2.064301275575E-02      5.605494191253E-03
   86.100000      2.131311262375E-02      5.845430203586E-03
   86.200000      2.243443016739E-02      6.231732092131E-03
   86.300000      2.391988846274E-02      6.739682247343E-03
   86.400000      2.560761060340E-02      7.321857748315E-03
   86.500000      2.731014667640E-02      7.921203778081E-03
   86.600000      2.886618106456E-02      8.486109802141E-03
   86.700000      3.017720784648E-02      8.982430506316E-03
   86.800000      3.122053754736E-02      9.398792446921E-03
   86.900000      3.203840942852E-02      9.744157704781E-03
   87.000000      3.270922579846E-02      1.003941690021E-02
   87.100000      3.331186981079E-02      1.030669735420E-02
   87.200000      3.389672320430E-02      1.056045335316E-02
   87.300000      3.447361613925E-02      1.080324215373E-02
   87.400000      3.501788663312E-02      1.102695934819E-02
   87.500000      3.548786890783E-02      1.121811219850E-02
   87.600000      3.584503440465E-02      1.136430323773E-02
   87.700000      3.606951538557E-02      1.145895798147E-02
   87.800000      3.616572827895E-02      1.150240821320E-02
   87.900000      3.615562446768E-02      1.149921500707E-02
   88.000000      3.606158102897E-02      1.145332868423E-02
   88.100000      3.588623771828E-02      1.136364986017E-02
   88.200000      3.560095611126E-02      1.122241071232E-02
   88.300000      3.515267650727E-02      1.101761321446E-02
   88.400000      3.448780789932E-02      1.073901442220E-02
   88.500000      3.358167219418E-02      1.038552634447E-02
   88.600000      3.246138084885E-02      9.971044284040E-03
   88.700000      3.121390635854E-02      9.525992639426E-03
   88.800000      2.997516973965E-02      9.093222546540E-03
   88.900000      2.890061419370E-02      8.718857686368E-03
   89.000000      2.812369781793E-02      8.440578820246E-03
   89.100000      2.771481610515E-02      8.276988444869E-03
   89.200000      2.765617423973E-02      8.221666112824E-03
   89.300000      2.784468125517E-02      8.244259857405E-03
   89.400000      2.812375967435E-02      8.298819568293E-03
   89.500000      2.833185987672E-02      8.337232680876E-03
   89.600000      2.835056648595E-02      8.323840820442E-03
   89.700000      2.813874993159E-02      8.246717249919E-03
   89.800000      2.774497697789E-02      8.121924040583E-03
   89.900000      2.729557318404E-02      7.989134418235E-03
   90.000000      2.696045039443E-02      7.899674336231E-03
   90.100000      2.690330748835E-02      7.900458323933E-03
   90.200000      2.722720223186E-02      8.018668719124E-03
   90.300000      2.793220355649E-02      8.251877673228E-03
   90.400000      2.890595099877E-02      8.566659577019E-03
   90.500000      2.995589151835E-02      8.906117668829E-03
   90.600000      3.086636525768E-02      9.204017543781E-03
   90.700000      3.145493756247E-02      9.401280808080E-03
   90.800000      3.161257640062E-02      9.460056890613E-03
   90.900000      3.132197414557E-02      9.371572236474E-03
   91.000000      3.065345693341E-02      9.156041965386E-03
   91.100000      2.974164930612E-02      8.855358967825E-03
   91.200000      2.874946403664E-02      8.521237671955E-03
   91.300000      2.782864050870E-02      8.202416016779E-03
   91.400000      2.708669660505E-02      7.934258926723E-03
   91.500000      2.656823288610E-02      7.732926322705E-03
   91.600000      2.625379836039E-02      7.594699038987E-03
   91.700000      2.607339889952E-02      7.499663775755E-03
   91.800000      2.592838040751E-02      7.418136218534E-03
   91.900000      2.571517728455E-02      7.318050978889E-03
   92.000000      2.534621232889E-02      7.171891297564E-03
   92.100000      2.476579665592E-02      6.962248201184E-03
   92.200000      2.396055061253E-02      6.685505448147E-03
   92.300000      2.296421071969E-02      6.353340788482E-03
   92.400000      2.185624737969E-02      5.991813315364E-03
   92.500000      2.075339844650E-02      5.637963630533E-03
   92.600000      1.979370446253E-02      5.334220290973E-03
   92.700000      1.911429017700E-02      5.121447212556E-03
   92.800000      1.882650812302E-02      5.031980937614E-03
   92.900000      1.899348474197E-02      5.084226753709E-03
   93.000000      1.961634176479E-02      5.280117296259E-03
   93.100000      2.063662580639E-02      5.605986065192E-03
   93.200000      2.195543077173E-02      6.036397156827E-03
   93.300000      2.345885771513E-02      6.539583729809E-03
   93.400000      2.503904331370E-02      7.082758998909E-03
   93.500000      2.660586557980E-02      7.635861166549E-03
   93.600000      2.808913402148E-02      8.173157360535E-03
   93.700000      2.943421237897E-02      8.673167726732E-03
   93.800000      3.059634463334E-02      9.118093150151E-03
   93.900000      3.153912085254E-02      9.493998384228E-03
   94.000000      3.223964553167E-02      9.792390671154E-03
   94.100000      3.269849198404E-02      1.001284123147E-02
   94.200000      3.294902549033E-02      1.016540215113E-02
   94.300000      3.306001561806E-02      1.027121235653E-02
   94.400000      3.312814976021E-02      1.036007002605E-02
   94.500000      3.326150171663E-02      1.046476447444E-02
   94.600000      3.355667670003E-02      1.061322520345E-02
   94.700000      3.407271572012E-02      1.082055481107E-02
   94.800000      3.480846476053E-02      1.108334166861E-02
   94.900000      3.569293741271E-02      1.137813198902E-02
   95.000000      3.659529605838E-02      1.166474988078E-02
   95.100000      3.735285140362E-02      1.189372989402E-02
   95.200000      3.780712329130E-02      1.201599289015E-02
   95.300000      3.783608273884E-02      1.199243174761E-02
   95.400000      3.737517382520E-02      1.180136047102E-02
   95.500000      3.642515364797E-02      1.144259739983E-02
   95.600000      3.504845539017E-02      1.093790851430E-02
   95.700000      3.335800780290E-02      1.032826370915E-02
   95.800000      3.150354962177E-02      9.668677258186E-03
   95.900000      2.965893645878E-02      9.021375365181E-03
   96.000000      2.800852120592E-02      8.447894582642E-03
   96.100000      2.672574518304E-02      8.000721955303E-03
   96.200000      2.593960763967E-02      7.715357625321E-03
   96.300000      2.569908330661E-02      7.604102530549E-03
   96.400000      2.595770346287E-02      7.653147590254E-03
   96.500000      2.658567105508E-02      7.824330454047E-03
   96.600000      2.740018841860E-02      8.062058409370E-03
   96.700000      2.820509294501E-02      8.304504196016E-03
   96.800000      2.883152440715E-02      8.496708429060E-03
   96.900000      2.917077582500E-02      8.602265909849E-03
   97.000000      2.919241889109E-02      8.610326561763E-03
   97.100000      2.894446482095E-02      8.535846383135E-03
   97.200000      2.853591227495E-02      8.413055937446E-03
   97.300000      2.810512760132E-02      8.284273936101E-03
   97.400000      2.778102291240E-02      8.187672525787E-03
   97.500000      2.764826494707E-02      8.147813861137E-03
   97.600000      2.772928225705E-02      8.171617622132E-03
   97.700000      2.798957594003E-02      8.250321240318E-03
   97.800000      2.836147444192E-02      8.365775805109E-03
   97.900000      2.877328096320E-02      8.497957197780E-03
   98.000000      2.917054077071E-02      8.630440493671E-03
   98.100000      2.952207284544E-02      8.751816323158E-03
   98.200000      2.981084362912E-02      8.853080344440E-03
   98.300000      3.001618699548E-02      8.923008524697E-03
   98.400000      3.009775466687E-02      8.944571145549E-03
   98.500000      2.999147998343E-02      8.895062262454E-03
   98.600000      2.962248440266E-02      8.750959488200E-03
   98.700000      2.893124038382E-02      8.496273488680E-03
   98.800000      2.790304911529E-02      8.131267126359E-03
   98.900000      2.658932160039E-02      7.677762694534E-03
   99.000000      2.511147061297E-02      7.178169247680E-03
   99.100000      2.364307718700E-02      6.687562983776E-03
   99.200000      2.237094256313E-02      6.260811877442E-03
   99.300000      2.144109578040E-02      5.938801009096E-03
   99.400000      2.091055221190E-02      5.738432443624E-03
   99.500000      2.073569191651E-02      5.649932876614E-03
   99.600000      2.080097270326E-02      5.642482656461E-03
   99.700000      2.096728928946E-02      5.676221401864E-03
   99.800000      2.112023581319E-02      5.716424529746E-03
   99.900000      2.120484003417E-02      5.744953911186E-03
  100.000000      2.123847100226E-02      5.765215153851E-03
