# M=14, N=7, V0=0.0, V=-0.5, PBC
#  time (tJ)                 S₁(n=3)                 S₂(n=3)
    0.000000      0.000000000000E+00      1.332267629550E-15
    0.100000      7.958983294525E-03      1.818853881250E-03
    0.200000      2.568547564934E-02      6.930823679070E-03
    0.300000      4.803873144363E-02      1.439008584518E-02
    0.400000      7.099082188025E-02      2.288623478227E-02
    0.500000      9.137310307811E-02      3.105799965186E-02
    0.600000      1.070678684137E-01      3.779355995802E-02
    0.700000      1.171084745810E-01      4.243843470682E-02
    0.800000      1.216262561245E-01      4.486651886011E-02
    0.900000      1.216535265143E-01      4.541340370570E-02
    1.000000      1.188101592769E-01      4.470914705050E-02
    1.100000      1.149177465258E-01      4.346999131565E-02
    1.200000      1.115396653732E-01      4.231089347463E-02
    1.300000      1.096045576840E-01      4.162479854258E-02
    1.400000      1.094042998020E-01      4.154730800599E-02
    1.500000      1.106882942454E-01      4.199691223363E-02
    1.600000      1.127180820982E-01      4.276089608436E-02
    1.700000      1.146476804420E-01      4.359072332375E-02
    1.800000      1.158893508720E-01      4.427751381981E-02
    1.900000      1.161946187492E-01      4.469275326584E-02
    2.000000      1.156425605290E-01      4.479463594617E-02
    2.100000      1.145937600800E-01      4.461102490074E-02
    2.200000      1.135776699837E-01      4.421363662395E-02
    2.300000      1.128899029027E-01      4.369528000054E-02
    2.400000      1.124829089170E-01      4.315517329703E-02
    2.500000      1.122539554587E-01      4.268995999269E-02
    2.600000      1.121673791493E-01      4.238377711598E-02
    2.700000      1.122764124670E-01      4.229203080202E-02
    2.800000      1.126843504997E-01      4.241964664232E-02
    2.900000      1.134746879871E-01      4.270138653019E-02
    3.000000      1.145362925284E-01      4.299451302610E-02
    3.100000      1.153418849381E-01      4.309062492547E-02
    3.200000      1.152070579850E-01      4.274615180274E-02
    3.300000      1.135158535552E-01      4.172436391429E-02
    3.400000      1.098081636111E-01      3.983921091549E-02
    3.500000      1.038154816027E-01      3.699301824955E-02
    3.600000      9.548051614338E-02      3.320373416109E-02
    3.700000      8.498152434095E-02      2.862037299196E-02
    3.800000      7.276357367348E-02      2.352606946620E-02
    3.900000      5.958387232688E-02      1.832686522560E-02
    4.000000      4.656505781992E-02      1.352256765683E-02
    4.100000      3.526849946192E-02      9.656202329481E-03
    4.200000      2.776524993925E-02      7.242605715609E-03
    4.300000      2.611071964022E-02      6.684130882741E-03
    4.400000      3.080871952613E-02      8.189152177538E-03
    4.500000      4.105973494002E-02      1.171311394460E-02
    4.600000      5.533260640694E-02      1.693996913386E-02
    4.700000      7.173586402131E-02      2.331425992041E-02
    4.800000      8.835108622620E-02      3.012279873635E-02
    4.900000      1.034667022054E-01      3.661254292822E-02
    5.000000      1.157497581877E-01      4.212074585596E-02
    5.100000      1.243763453529E-01      4.618796568523E-02
    5.200000      1.291074178162E-01      4.862665104415E-02
    5.300000      1.302799580344E-01      4.952845464039E-02
    5.400000      1.286975612644E-01      4.920974627080E-02
    5.500000      1.254236159147E-01      4.811196650833E-02
    5.600000      1.215176655878E-01      4.668577967468E-02
    5.700000      1.178201620488E-01      4.529138571156E-02
    5.800000      1.148237821833E-01      4.414077176399E-02
    5.900000      1.126450331334E-01      4.329323124600E-02
    6.000000      1.111339878638E-01      4.269780353520E-02
    6.100000      1.100434281896E-01      4.226133492420E-02
    6.200000      1.092286907739E-01      4.191394016272E-02
    6.300000      1.087728600484E-01      4.164729601982E-02
    6.400000      1.089300205255E-01      4.151389249496E-02
    6.500000      1.098683503100E-01      4.159188771429E-02
    6.600000      1.115914406564E-01      4.193377380644E-02
    6.700000      1.139226903152E-01      4.252228948457E-02
    6.800000      1.164339166116E-01      4.325238430522E-02
    6.900000      1.185421047394E-01      4.394637421677E-02
    7.000000      1.196868185225E-01      4.439609333975E-02
    7.100000      1.194830386188E-01      4.441592631841E-02
    7.200000      1.178086513182E-01      4.388708279814E-02
    7.300000      1.147993794378E-01      4.277709492933E-02
    7.400000      1.107599801882E-01      4.112817894072E-02
    7.500000      1.060290329313E-01      3.902078615854E-02
    7.600000      1.008388076555E-01      3.652960032037E-02
    7.700000      9.519378833936E-02      3.369342399731E-02
    7.800000      8.882385045825E-02      3.051520405010E-02
    7.900000      8.135773874632E-02      2.699543544051E-02
    8.000000      7.259361924900E-02      2.318677208840E-02
    8.100000      6.273259454285E-02      1.924666676664E-02
    8.200000      5.250757712719E-02      1.546319641223E-02
    8.300000      4.321891355291E-02      1.223770298767E-02
    8.400000      3.661813376517E-02      1.002299270553E-02
    8.500000      3.430194018307E-02      9.231612386875E-03
    8.600000      3.696414324005E-02      1.013936639585E-02
    8.700000      4.438245513439E-02      1.281131375314E-02
    8.800000      5.577346780698E-02      1.707084964069E-02
    8.900000      6.987610230343E-02      2.251991527397E-02
    9.000000      8.506266933991E-02      2.860434228234E-02
    9.100000      9.967520771075E-02      3.470730122962E-02
    9.200000      1.123629393543E-01      4.024880921158E-02
    9.300000      1.222116125646E-01      4.477089107148E-02
    9.400000      1.287668646210E-01      4.799448057640E-02
    9.500000      1.320040029046E-01      4.984220357616E-02
    9.600000      1.322688158324E-01      5.042773225573E-02
    9.700000      1.302086041250E-01      5.001624135404E-02
    9.800000      1.266925157024E-01      4.896271563464E-02
    9.900000      1.227063427345E-01      4.763739701943E-02
   10.000000      1.191706847897E-01      4.635119058812E-02
   10.100000      1.166241272647E-01      4.529682474432E-02
   10.200000      1.150702134923E-01      4.452120128497E-02
   10.300000      1.141363095962E-01      4.393863186543E-02
   10.400000      1.133070607091E-01      4.338384446102E-02
   10.500000      1.121496998479E-01      4.269084335521E-02
   10.600000      1.104982427713E-01      4.177368589514E-02
   10.700000      1.084716539036E-01      4.068216443283E-02
   10.800000      1.063942899178E-01      3.961078478931E-02
   10.900000      1.048657368775E-01      3.885194637452E-02
   11.000000      1.046467326973E-01      3.870087764762E-02
   11.100000      1.063480224386E-01      3.933708085616E-02
   11.200000      1.099749079735E-01      4.072023657008E-02
   11.300000      1.147241413060E-01      4.254178567977E-02
   11.400000      1.192226311260E-01      4.426140845966E-02
   11.500000      1.219146960946E-01      4.523021070242E-02
   11.600000      1.214674278641E-01      4.486833386611E-02
   11.700000      1.170948183805E-01      4.283937498295E-02
   11.800000      1.087436041499E-01      3.916095949528E-02
   11.900000      9.713327474293E-02      3.421273518158E-02
   12.000000      8.364943600066E-02      2.864003650704E-02
   12.100000      7.009994084184E-02      2.318737342947E-02
   12.200000      5.836570495954E-02      1.851710775508E-02
   12.300000      4.987349444925E-02      1.506937676711E-02
   12.400000      4.503916642993E-02      1.300174174402E-02
   12.500000      4.352103343579E-02      1.221858965488E-02
   12.600000      4.465521056130E-02      1.247046241462E-02
   12.700000      4.774438896996E-02      1.348165227764E-02
   12.800000      5.221934431367E-02      1.505793158086E-02
   12.900000      5.774414834300E-02      1.713757195688E-02
   13.000000      6.430927345705E-02      1.977317036736E-02
   13.100000      7.209468990724E-02      2.305887610180E-02
   13.200000      8.120575900264E-02      2.703646480027E-02
   13.300000      9.145077153442E-02      3.161822925642E-02
   13.400000      1.022589889271E-01      3.655549960648E-02
   13.500000      1.127597724439E-01      4.146400140061E-02
   13.600000      1.219898861654E-01      4.589760802378E-02
   13.700000      1.291236931663E-01      4.944609457369E-02
   13.800000      1.336395294579E-01      5.182504290729E-02
   13.900000      1.354026022259E-01      5.292995942808E-02
   14.000000      1.346584339434E-01      5.284082124738E-02
   14.100000      1.319403931576E-01      5.178170194742E-02
   14.200000      1.279219602914E-01      5.005463856039E-02
   14.300000      1.232656942974E-01      4.797171082061E-02
   14.400000      1.185192795740E-01      4.580415071682E-02
   14.500000      1.140470936154E-01      4.375668599735E-02
   14.600000      1.100567032677E-01      4.196502491520E-02
   14.700000      1.067529644671E-01      4.050819003602E-02
   14.800000      1.044268610688E-01      3.942603148133E-02
   14.900000      1.033526105465E-01      3.873433232600E-02
   15.000000      1.034825612431E-01      3.843347276415E-02
   15.100000      1.045665185569E-01      3.850990882272E-02
   15.200000      1.063389568134E-01      3.893165475673E-02
   15.300000      1.085503745680E-01      3.963944368123E-02
   15.400000      1.109605234177E-01      4.053528972958E-02
   15.500000      1.132962542187E-01      4.147118526467E-02
   15.600000      1.151802459475E-01      4.224305570785E-02
   15.700000      1.160883164160E-01      4.259742370626E-02
   15.800000      1.154216572578E-01      4.225785424945E-02
   15.900000      1.126290321065E-01      4.097325703145E-02
   16.000000      1.073256601488E-01      3.858122436218E-02
   16.100000      9.940202396619E-02      3.507041137720E-02
   16.200000      8.912544867761E-02      3.062132134974E-02
   16.300000      7.721245316716E-02      2.560792527934E-02
   16.400000      6.481062909395E-02      2.055286968574E-02
   16.500000      5.335055262102E-02      1.604267551480E-02
   16.600000      4.431436761830E-02      1.262118903975E-02
   16.700000      3.897201679765E-02      1.068610445246E-02
   16.800000      3.818601120382E-02      1.041378066049E-02
   16.900000      4.209167149507E-02      1.173235097363E-02
   17.000000      4.980211236412E-02      1.435264333660E-02
   17.100000      5.964687531946E-02      1.785135825645E-02
   17.200000      6.999447074822E-02      2.178426753806E-02
   17.300000      7.974232340924E-02      2.579493332171E-02
   17.400000      8.840673875192E-02      2.968328228912E-02
   17.500000      9.605293293854E-02      3.341125496218E-02
   17.600000      1.031114170416E-01      3.704591527112E-02
   17.700000      1.101003146994E-01      4.066439818563E-02
   17.800000      1.172303755592E-01      4.425954318602E-02
   17.900000      1.241610639856E-01      4.768415640577E-02
   18.000000      1.302028988599E-01      5.065668663308E-02
   18.100000      1.345532529478E-01      5.282827028487E-02
   18.200000      1.365314087663E-01      5.388898988547E-02
   18.300000      1.357760951195E-01      5.367685794428E-02
   18.400000      1.323698029952E-01      5.225070262886E-02
   18.500000      1.268766382847E-01      4.989874489726E-02
   18.600000      1.202685147963E-01      4.707563080630E-02
   18.700000      1.137449584970E-01      4.428574962612E-02
   18.800000      1.084761926628E-01      4.195091461007E-02
   18.900000      1.052161060669E-01      4.030744910080E-02
   19.000000      1.039989659397E-01      3.936760249749E-02
   19.100000      1.043106473085E-01      3.895642211091E-02
   19.200000      1.052367410682E-01      3.880715785559E-02
   19.300000      1.059266476693E-01      3.867714224720E-02
   19.400000      1.059561009680E-01      3.843989803969E-02
   19.500000      1.053723972265E-01      3.811976918712E-02
   19.600000      1.045927637379E-01      3.785796643481E-02
   19.700000      1.041955648782E-01      3.782481179777E-02
   19.800000      1.046547536691E-01      3.811293233685E-02
   19.900000      1.060448709462E-01      3.865356455323E-02
   20.000000      1.078088650403E-01      3.919058501128E-02
   20.100000      1.088551519672E-01      3.932666761230E-02
   20.200000      1.080027647169E-01      3.862978351803E-02
   20.300000      1.043435010765E-01      3.676573938480E-02
   20.400000      9.746866526698E-02      3.361269222572E-02
   20.500000      8.757904747924E-02      2.932060980931E-02
   20.600000      7.547516729279E-02      2.429888197251E-02
   20.700000      6.243325457753E-02      1.913945849802E-02
   20.800000      5.002559731187E-02      1.450126619966E-02
   20.900000      3.995029340653E-02      1.098876763729E-02
   21.000000      3.386532034974E-02      9.053449037851E-03
   21.100000      3.314463255045E-02      8.935640709492E-03
   21.200000      3.829709103216E-02      1.065050617708E-02
   21.300000      4.828063607744E-02      1.401086399644E-02
   21.400000      6.129215334508E-02      1.867362107171E-02
   21.500000      7.564030820423E-02      2.419645204839E-02
   21.600000      8.993390378804E-02      3.009502920540E-02
   21.700000      1.030842760693E-01      3.589551914096E-02
   21.800000      1.142850807039E-01      4.117981915139E-02
   21.900000      1.230105946403E-01      4.562156502715E-02
   22.000000      1.290276646702E-01      4.901038560629E-02
   22.100000      1.323920193649E-01      5.126168365956E-02
   22.200000      1.334105286443E-01      5.241021713742E-02
   22.300000      1.325928299380E-01      5.258801581265E-02
   22.400000      1.305566512070E-01      5.199039887794E-02
   22.500000      1.278604604368E-01      5.083736497014E-02
   22.600000      1.248923938424E-01      4.933988209917E-02
   22.700000      1.218187571704E-01      4.767947672044E-02
   22.800000      1.186762567769E-01      4.600389104081E-02
   22.900000      1.155461858344E-01      4.443333339741E-02
   23.000000      1.126229001050E-01      4.306588972435E-02
   23.100000      1.101966613010E-01      4.197182931880E-02
   23.200000      1.085909527388E-01      4.117544616448E-02
   23.300000      1.080069331787E-01      4.063467131673E-02
   23.400000      1.081031030747E-01      4.023524723455E-02
   23.500000      1.081624773405E-01      3.981269294082E-02
   23.600000      1.075526127505E-01      3.920263119698E-02
   23.700000      1.059110842075E-01      3.830463618243E-02
   23.800000      1.032658658289E-01      3.713438221739E-02
   23.900000      1.000697051150E-01      3.583881851854E-02
   24.000000      9.709653791817E-02      3.466018486451E-02
   24.100000      9.519889607484E-02      3.385335121956E-02
   24.200000      9.486080012302E-02      3.358051034858E-02
   24.300000      9.596869069889E-02      3.381993353496E-02
   24.400000      9.787587716740E-02      3.432543932988E-02
   24.500000      9.946287167151E-02      3.465922246697E-02
   24.600000      9.936975941342E-02      3.429713676866E-02
   24.700000      9.638353188525E-02      3.278059532438E-02
   24.800000      8.978673745871E-02      2.987154984102E-02
   24.900000      7.958702112892E-02      2.566262386885E-02
   25.000000      6.661896486422E-02      2.060530091693E-02
   25.100000      5.251983073645E-02      1.544229164091E-02
   25.200000      3.959304369119E-02      1.105877821451E-02
   25.300000      3.058204554657E-02      8.291742330397E-03
   25.400000      2.830905492839E-02      7.748566212008E-03
   25.500000      3.441167061705E-02      9.681666053718E-03
   25.600000      4.732008593790E-02      1.394747326380E-02
   25.700000      6.424341743415E-02      2.005287237849E-02
   25.800000      8.259563230962E-02      2.726888268622E-02
   25.900000      1.002395379241E-01      3.477675682080E-02
   26.000000      1.155896736508E-01      4.180895862545E-02
   26.100000      1.276469541231E-01      4.775573299089E-02
   26.200000      1.359674607114E-01      5.222280422014E-02
   26.300000      1.405858218193E-01      5.504124361786E-02
   26.400000      1.418996073063E-01      5.624173225168E-02
   26.500000      1.405023363827E-01      5.600973470085E-02
   26.600000      1.370120093358E-01      5.463567458936E-02
   26.700000      1.320411443811E-01      5.246777052934E-02
   26.800000      1.262644178678E-01      4.986909784595E-02
   26.900000      1.204279621498E-01      4.717839255163E-02
   27.000000      1.152106323063E-01      4.467640683847E-02
   27.100000      1.109355106941E-01      4.256268832711E-02
   27.200000      1.076866428103E-01      4.094722214254E-02
   27.300000      1.054284282636E-01      3.985664925167E-02
   27.400000      1.041047945950E-01      3.924934295547E-02
   27.500000      1.037340789532E-01      3.903202009166E-02
   27.600000      1.043543626737E-01      3.907390878402E-02
   27.700000      1.056723042921E-01      3.921958355404E-02
   27.800000      1.070534203435E-01      3.930410254717E-02
   27.900000      1.078492895191E-01      3.917255066368E-02
   28.000000      1.075696325901E-01      3.870260109479E-02
   28.100000      1.059283060426E-01      3.782625047533E-02
   28.200000      1.028941084726E-01      3.654640115253E-02
   28.300000      9.874004404521E-02      3.494414090500E-02
   28.400000      9.404782419542E-02      3.317218419565E-02
   28.500000      8.955813936380E-02      3.142994199348E-02
   28.600000      8.592799658815E-02      2.991862727015E-02
   28.700000      8.357402865340E-02      2.878204198270E-02
   28.800000      8.255016402338E-02      2.804815344819E-02
   28.900000      8.246089836548E-02      2.759327505585E-02
   29.000000      8.242092163189E-02      2.714971102865E-02
   29.100000      8.136214646482E-02      2.636732436261E-02
   29.200000      7.833040323432E-02      2.492206938354E-02
   29.300000      7.277477785605E-02      2.264567486099E-02
   29.400000      6.481230366558E-02      1.963708524216E-02
   29.500000      5.540445017901E-02      1.631386326126E-02
   29.600000      4.639904557105E-02      1.337373929406E-02
   29.700000      4.036422611539E-02      1.166144672947E-02
   29.800000      3.998885308541E-02      1.196685946544E-02
   29.900000      4.699745700594E-02      1.480633246496E-02
   30.000000      6.115937907995E-02      2.024997527136E-02
   30.100000      8.039295848625E-02      2.784888668683E-02
   30.200000      1.016644510976E-01      3.669061664630E-02
   30.300000      1.219323147486E-01      4.557569053050E-02
   30.400000      1.386303820560E-01      5.327272598294E-02
   30.500000      1.499617958293E-01      5.878504756703E-02
   30.600000      1.550840021390E-01      6.155665788704E-02
   30.700000      1.541572940917E-01      6.156314748050E-02
   30.800000      1.482545960261E-01      5.926825989127E-02
   30.900000      1.391379943864E-01      5.546706267410E-02
   31.000000      1.288849558797E-01      5.106809858997E-02
   31.100000      1.193540688133E-01      4.687962602974E-02
   31.200000      1.117821937735E-01      4.345655826092E-02
   31.300000      1.066664909000E-01      4.103983440534E-02
   31.400000      1.038449668629E-01      3.958831138912E-02
   31.500000      1.027467164481E-01      3.887553051654E-02
   31.600000      1.026900396974E-01      3.860839107392E-02
   31.700000      1.031356692540E-01      3.852579679062E-02
   31.800000      1.037512438132E-01      3.845079763185E-02
   31.900000      1.042786357443E-01      3.829245161968E-02
   32.000000      1.045645628022E-01      3.801404594601E-02
   32.100000      1.045000924318E-01      3.759452625366E-02
   32.200000      1.039311000437E-01      3.700681029259E-02
   32.300000      1.026753834731E-01      3.622273734355E-02
   32.400000      1.006295930159E-01      3.523702968341E-02
   32.500000      9.787621669584E-02      3.409072670212E-02
   32.600000      9.472019570220E-02      3.287430466126E-02
   32.700000      9.162469930369E-02      3.170200995636E-02
   32.800000      8.903325748014E-02      3.066521427615E-02
   32.900000      8.713071934641E-02      2.978483893968E-02
   33.000000      8.571118258643E-02      2.898518487487E-02
   33.100000      8.424020422663E-02      2.810382383916E-02
   33.200000      8.204963181769E-02      2.693900926831E-02
   33.300000      7.856715507866E-02      2.532278925477E-02
   33.400000      7.352032211989E-02      2.319858529785E-02
   33.500000      6.709428638614E-02      2.067857901185E-02
   33.600000      6.001435907941E-02      1.805989562178E-02
   33.700000      5.351531611776E-02      1.578923807311E-02
   33.800000      4.916797331203E-02      1.438102130493E-02
   33.900000      4.855002300425E-02      1.430910063806E-02
   34.000000      5.258959179906E-02      1.590069703234E-02
   34.100000      6.117203576763E-02      1.925932989881E-02
   34.200000      7.341788446582E-02      2.423286848682E-02
   34.300000      8.799928151919E-02      3.042911515077E-02
   34.400000      1.033939818947E-01      3.727103316618E-02
   34.500000      1.180969921413E-01      4.407942280909E-02
   34.600000      1.307957587978E-01      5.017045961134E-02
   34.700000      1.404881552224E-01      5.495538181800E-02
   34.800000      1.465448375115E-01      5.802825799527E-02
   34.900000      1.487474669168E-01      5.922672415013E-02
   35.000000      1.473116827899E-01      5.865234991175E-02
   35.100000      1.428717803680E-01      5.664308222418E-02
   35.200000      1.364114483526E-01      5.369948599811E-02
   35.300000      1.291264130678E-01      5.037761598892E-02
   35.400000      1.221545674360E-01      4.717180334346E-02
   35.500000      1.162450689003E-01      4.441685842246E-02
   35.600000      1.116113098084E-01      4.223729115527E-02
   35.700000      1.080060085798E-01      4.055920405429E-02
   35.800000      1.049681951652E-01      3.918095820929E-02
   35.900000      1.021056173196E-01      3.787845131982E-02
   36.000000      9.928499625397E-02      3.650819878640E-02
   36.100000      9.656866885460E-02      3.507183591013E-02
   36.200000      9.414269412352E-02      3.371920452035E-02
   36.300000      9.241806474061E-02      3.268888875684E-02
   36.400000      9.191340164140E-02      3.220730560134E-02
   36.500000      9.297403704869E-02      3.238265558534E-02
   36.600000      9.542879125830E-02      3.313295999350E-02
   36.700000      9.850510819259E-02      3.417679002301E-02
   36.800000      1.011050979590E-01      3.509430556000E-02
   36.900000      1.021423057850E-01      3.544159270359E-02
   37.000000      1.008306531384E-01      3.488145777037E-02
   37.100000      9.688581226778E-02      3.328641547291E-02
   37.200000      9.060159499382E-02      3.077834784166E-02
   37.300000      8.279251309478E-02      2.769172299958E-02
   37.400000      7.462193541776E-02      2.447487032322E-02
   37.500000      6.734789468967E-02      2.156563951110E-02
   37.600000      6.196592727417E-02      1.928534805139E-02
   37.700000      5.880209078817E-02      1.778582388732E-02
   37.800000      5.758214965570E-02      1.706267924113E-02
   37.900000      5.786001860076E-02      1.702226678580E-02
   38.000000      5.930870235610E-02      1.756997205077E-02
   38.100000      6.190683037544E-02      1.868133092662E-02
   38.200000      6.588570252473E-02      2.042708563827E-02
   38.300000      7.142757299294E-02      2.294374745260E-02
   38.400000      7.867549941520E-02      2.636286413927E-02
   38.500000      8.771083444139E-02      3.072611719365E-02
   38.600000      9.844815580876E-02      3.591602454113E-02
   38.700000      1.105118962004E-01      4.162543558577E-02
   38.800000      1.230442336158E-01      4.737753869291E-02
   38.900000      1.346355239237E-01      5.259510725380E-02
   39.000000      1.438712095453E-01      5.670496337099E-02
   39.100000      1.496911591566E-01      5.925308121457E-02
   39.200000      1.515406942419E-01      6.000064697293E-02
   39.300000      1.494256955011E-01      5.897486958425E-02
   39.400000      1.438800296886E-01      5.646056459049E-02
   39.500000      1.358608055835E-01      5.293550792218E-02
   39.600000      1.265930640445E-01      4.896790226748E-02
   39.700000      1.173756014665E-01      4.510268824308E-02
   39.800000      1.093727561479E-01      4.176316559017E-02
   39.900000      1.034014527067E-01      3.918755221574E-02
   40.000000      9.968824093871E-02      3.741043806582E-02
   40.100000      9.793257528898E-02      3.628941175071E-02
   40.200000      9.753284300363E-02      3.556852713216E-02
   40.300000      9.766847614655E-02      3.496315260295E-02
   40.400000      9.747893670927E-02      3.424605529514E-02
   40.500000      9.642156615391E-02      3.331365320461E-02
   40.600000      9.443692952199E-02      3.221499838890E-02
   40.700000      9.193235116720E-02      3.113398400338E-02
   40.800000      8.964075467964E-02      3.032645195636E-02
   40.900000      8.837959823515E-02      3.002655730373E-02
   41.000000      8.873288552417E-02      3.034798974635E-02
   41.100000      9.069794025499E-02      3.121133480597E-02
   41.200000      9.354864697490E-02      3.232521201823E-02
   41.300000      9.609110024879E-02      3.323502287967E-02
   41.400000      9.701734535690E-02      3.343268607207E-02
   41.500000      9.523952063857E-02      3.250030067308E-02
   41.600000      9.017542217452E-02      3.024724049562E-02
   41.700000      8.193869683766E-02      2.679854592272E-02
   41.800000      7.141216538708E-02      2.260403364919E-02
   41.900000      6.019045721231E-02      1.835977361148E-02
   42.000000      5.036670933409E-02      1.486004538473E-02
   42.100000      4.413702267510E-02      1.281962227130E-02
   42.200000      4.327704620534E-02      1.271523473180E-02
   42.300000      4.850789537743E-02      1.468823272015E-02
   42.400000      5.896362660224E-02      1.853104023528E-02
   42.500000      7.253622308133E-02      2.375535704534E-02
   42.600000      8.706695831106E-02      2.971796140047E-02
   42.700000      1.008459794340E-01      3.576607149438E-02
   42.800000      1.127714066580E-01      4.136166113799E-02
   42.900000      1.223636589027E-01      4.615351359532E-02
   43.000000      1.296493127869E-01      4.998465268799E-02
   43.100000      1.349427599595E-01      5.284514566637E-02
   43.200000      1.385881300859E-01      5.479803282533E-02
   43.300000      1.407792000282E-01      5.591230257853E-02
   43.400000      1.415461437824E-01      5.622893029756E-02
   43.500000      1.408300001345E-01      5.576770985568E-02
   43.600000      1.385680448483E-01      5.456242129200E-02
   43.700000      1.347998862633E-01      5.269919944674E-02
   43.800000      1.297576149190E-01      5.033342711795E-02
   43.900000      1.238765467701E-01      4.767306093363E-02
   44.000000      1.177164771011E-01      4.493408823928E-02
   44.100000      1.118145156468E-01      4.228789258310E-02
   44.200000      1.065122169271E-01      3.982439793958E-02
   44.300000      1.018530481653E-01      3.754795567976E-02
   44.400000      9.766996225315E-02      3.540884125949E-02
   44.500000      9.376808061316E-02      3.335811883925E-02
   44.600000      8.997186650890E-02      3.140339900266E-02
   44.700000      8.633964652420E-02      2.964138776136E-02
   44.800000      8.327482249804E-02      2.825074247176E-02
   44.900000      8.139948183222E-02      2.744308175603E-02
   45.000000      8.129583290323E-02      2.738609744856E-02
   45.100000      8.320231932929E-02      2.812470639183E-02
   45.200000      8.685343136722E-02      2.952921408519E-02
   45.300000      9.149345458629E-02      3.129175092626E-02
   45.400000      9.598668734625E-02      3.297627224053E-02
   45.500000      9.907261062201E-02      3.410938264452E-02
   45.600000      9.970634909342E-02      3.428640027574E-02
   45.700000      9.729513839911E-02      3.326409785765E-02
   45.800000      9.180211192824E-02      3.101825150748E-02
   45.900000      8.373733320952E-02      2.775612763591E-02
   46.000000      7.404642616084E-02      2.388591667230E-02
   46.100000      6.396400252205E-02      1.995334144043E-02
   46.200000      5.490155473898E-02      1.655933615363E-02
   46.300000      4.834012585933E-02      1.427255155701E-02
   46.400000      4.565369969333E-02      1.354789000815E-02
   46.500000      4.785592064015E-02      1.465915653311E-02
   46.600000      5.532136820101E-02      1.765218106892E-02
   46.700000      6.732826084850E-02      2.232524372801E-02
   46.800000      8.221085350898E-02      2.824472507475E-02
   46.900000      9.799620899408E-02      3.480198471535E-02
   47.000000      1.128683672072E-01      4.130950272211E-02
   47.100000      1.254057430887E-01      4.712105667129E-02
   47.200000      1.347144685007E-01      5.174776244730E-02
   47.300000      1.404925153747E-01      5.493697696531E-02
   47.400000      1.430101686578E-01      5.668933371362E-02
   47.500000      1.429910003005E-01      5.720895141210E-02
   47.600000      1.413608512802E-01      5.680516687750E-02
   47.700000      1.388617971346E-01      5.578086168246E-02
   47.800000      1.358764390829E-01      5.434562448570E-02
   47.900000      1.324417777366E-01      5.258102074811E-02
   48.000000      1.283648908573E-01      5.046522348691E-02
   48.100000      1.233931788874E-01      4.794273816916E-02
   48.200000      1.173754718120E-01      4.500890947131E-02
   48.300000      1.104322452117E-01      4.177332849700E-02
   48.400000      1.030653007369E-01      3.847351446930E-02
   48.500000      9.612266095623E-02      3.542895885176E-02
   48.600000      9.065186321637E-02      3.294982656414E-02
   48.700000      8.765189912243E-02      3.123483311156E-02
   48.800000      8.713807421219E-02      3.029994298535E-02
   48.900000      8.805823385803E-02      2.996956332373E-02
   49.000000      8.923230946112E-02      2.993823971623E-02
   49.100000      8.968540177543E-02      2.988269544449E-02
   49.200000      8.887466430397E-02      2.958249388518E-02
   49.300000      8.682835222565E-02      2.900162744344E-02
   49.400000      8.414710869598E-02      2.829644233386E-02
   49.500000      8.183941288666E-02      2.774343778937E-02
   49.600000      8.093599996438E-02      2.761271020930E-02
   49.700000      8.194871585564E-02      2.803563968437E-02
   49.800000      8.458046142007E-02      2.891900279327E-02
   49.900000      8.783214103976E-02      2.994069047759E-02
   50.000000      9.034565049480E-02      3.063221142026E-02
   50.100000      9.084944502147E-02      3.052257565757E-02
   50.200000      8.847446734105E-02      2.929807634227E-02
   50.300000      8.298827503414E-02      2.692828952017E-02
   50.400000      7.490998732653E-02      2.371934515064E-02
   50.500000      6.548598039713E-02      2.027636773805E-02
   50.600000      5.654670102090E-02      1.738202521273E-02
   50.700000      5.028735062699E-02      1.582142619887E-02
   50.800000      4.905655187950E-02      1.619914244383E-02
   50.900000      5.471947175368E-02      1.879672962235E-02
   51.000000      6.695030358920E-02      2.350708577518E-02
   51.100000      8.342511714821E-02      2.985916149037E-02
   51.200000      1.014267592179E-01      3.712110245494E-02
   51.300000      1.186667923044E-01      4.445038738170E-02
   51.400000      1.334142579013E-01      5.105107371430E-02
   51.500000      1.445522789918E-01      5.630156620590E-02
   51.600000      1.515699260588E-01      5.982870835718E-02
   51.700000      1.544842703982E-01      6.152098847563E-02
   51.800000      1.537124897544E-01      6.149012783427E-02
   51.900000      1.499195537288E-01      6.000161879610E-02
   52.000000      1.438448463678E-01      5.739809779851E-02
   52.100000      1.361769202691E-01      5.403496921583E-02
   52.200000      1.275842354717E-01      5.023857129909E-02
   52.300000      1.187476863490E-01      4.628774449760E-02
   52.400000      1.103589269568E-01      4.241312378994E-02
   52.500000      1.029218630563E-01      3.880563277788E-02
   52.600000      9.658563530708E-02      3.562561554105E-02
   52.700000      9.141950880377E-02      3.300579283679E-02
   52.800000      8.758236543664E-02      3.104440260403E-02
   52.900000      8.535225422307E-02      2.978925570700E-02
   53.000000      8.492720004500E-02      2.921817158251E-02
   53.100000      8.602977036703E-02      2.922483922091E-02
   53.200000      8.803678244827E-02      2.961995094169E-02
   53.300000      9.014562687910E-02      3.015444808716E-02
   53.400000      9.156702279479E-02      3.056502696482E-02
   53.500000      9.170234646291E-02      3.063332566900E-02
   53.600000      9.028084114078E-02      3.024254863205E-02
   53.700000      8.744308884002E-02      2.941236290727E-02
   53.800000      8.376894867127E-02      2.829718868559E-02
   53.900000      8.020047656442E-02      2.714393614534E-02
   54.000000      7.766976774026E-02      2.621885519265E-02
   54.100000      7.671232775814E-02      2.572404711716E-02
   54.200000      7.738135042112E-02      2.572846822405E-02
   54.300000      7.925662382493E-02      2.613529621342E-02
   54.400000      8.151942164587E-02      2.669903241872E-02
   54.500000      8.316536983978E-02      2.709361689173E-02
   54.600000      8.328817832479E-02      2.701855490593E-02
   54.700000      8.135501825674E-02      2.631588377256E-02
   54.800000      7.742322188377E-02      2.506141783857E-02
   54.900000      7.226665343892E-02      2.359499158859E-02
   55.000000      6.738904612885E-02      2.246951923636E-02
   55.100000      6.485260389256E-02      2.232435015401E-02
   55.200000      6.674067846778E-02      2.371521055425E-02
   55.300000      7.430637872636E-02      2.695000011960E-02
   55.400000      8.699008226546E-02      3.198003440137E-02
   55.500000      1.027796504173E-01      3.838018704519E-02
   55.600000      1.193572777476E-01      4.542479908198E-02
   55.700000      1.345694492820E-01      5.223788378831E-02
   55.800000      1.466912986391E-01      5.797482507424E-02
   55.900000      1.546031872047E-01      6.198524328124E-02
   56.000000      1.578556196610E-01      6.391555965243E-02
   56.100000      1.566288147155E-01      6.373169417633E-02
   56.200000      1.516090947150E-01      6.166883295610E-02
   56.300000      1.438015039216E-01      5.813628514522E-02
   56.400000      1.342645162786E-01      5.361386633382E-02
   56.500000      1.238430231602E-01      4.857040026500E-02
   56.600000      1.132088745118E-01      4.341915510487E-02
   56.700000      1.029804344328E-01      3.850718439012E-02
   56.800000      9.374349567346E-02      3.412312417674E-02
   56.900000      8.605642724744E-02      3.050489369314E-02
   57.000000      8.043455155272E-02      2.783432551625E-02
   57.100000      7.730538772382E-02      2.621625194567E-02
   57.200000      7.678211953395E-02      2.565029292414E-02
   57.300000      7.843799429845E-02      2.601044203743E-02
   57.400000      8.159842054373E-02      2.704781580855E-02
   57.500000      8.545479256181E-02      2.842493360852E-02
   57.600000      8.913206302471E-02      2.977776644590E-02
   57.700000      9.180410146141E-02      3.078945378500E-02
   57.800000      9.291655674909E-02      3.125291638169E-02
   57.900000      9.229558935759E-02      3.110238137594E-02
   58.000000      9.013654965079E-02      3.040544602893E-02
   58.100000      8.691661730090E-02      2.932257840285E-02
   58.200000      8.325971511412E-02      2.805255961932E-02
   58.300000      7.980003760730E-02      2.678465089840E-02
   58.400000      7.703709705950E-02      2.567060487773E-02
   58.500000      7.522135616588E-02      2.481710010250E-02
   58.600000      7.442667373192E-02      2.428942998471E-02
   58.700000      7.458124684157E-02      2.411563490102E-02
   58.800000      7.545179476378E-02      2.428641523543E-02
   58.900000      7.673124042986E-02      2.475490913260E-02
   59.000000      7.816266412939E-02      2.544549159030E-02
   59.100000      7.959373591193E-02      2.627862621964E-02
   59.200000      8.102906457606E-02      2.721024194947E-02
   59.300000      8.266195889992E-02      2.827334446952E-02
   59.400000      8.480027615463E-02      2.960225201043E-02
   59.500000      8.794895914094E-02      3.142063874688E-02
   59.600000      9.276794449135E-02      3.398493622026E-02
   59.700000      9.984443485241E-02      3.749159847238E-02
   59.800000      1.093825636004E-01      4.197369716705E-02
   59.900000      1.208908435868E-01      4.722200146091E-02
   60.000000      1.331529288204E-01      5.276343524808E-02
   60.100000      1.445213067150E-01      5.791531546951E-02
   60.200000      1.532983089369E-01      6.191106143071E-02
   60.300000      1.580813499359E-01      6.406909221474E-02
   60.400000      1.580211220306E-01      6.395938122352E-02
   60.500000      1.529766057107E-01      6.151821625670E-02
   60.600000      1.435556297076E-01      5.707400841836E-02
   60.700000      1.310359874501E-01      5.127315510443E-02
   60.800000      1.171585595757E-01      4.492712725301E-02
   60.900000      1.037609549719E-01      3.882832756809E-02
   61.000000      9.230788021204E-02      3.359150363502E-02
   61.100000      8.361053568871E-02      2.956486209510E-02
   61.200000      7.787747094532E-02      2.682621754487E-02
   61.300000      7.493126682621E-02      2.524815583478E-02
   61.400000      7.433060906643E-02      2.459599955752E-02
   61.500000      7.533282759811E-02      2.461959341152E-02
   61.600000      7.724417428801E-02      2.511155834200E-02
   61.700000      7.963670365298E-02      2.592259600030E-02
   61.800000      8.229110148179E-02      2.694125649223E-02
   61.900000      8.502551813796E-02      2.805719417244E-02
   62.000000      8.752605554971E-02      2.913132321728E-02
   62.100000      8.935270148407E-02      2.999207467246E-02
   62.200000      9.008434767121E-02      3.046444573218E-02
   62.300000      8.947515523949E-02      3.042189682617E-02
   62.400000      8.757720852708E-02      2.983812206862E-02
   62.500000      8.478311297668E-02      2.881339129842E-02
   62.600000      8.169997891580E-02      2.756009409350E-02
   62.700000      7.895226332801E-02      2.634915561334E-02
   62.800000      7.709406105761E-02      2.543487635738E-02
   62.900000      7.649201041417E-02      2.498411049771E-02
   63.000000      7.715715359661E-02      2.503454033600E-02
   63.100000      7.869133979197E-02      2.549759094649E-02
   63.200000      8.049564969035E-02      2.620719387919E-02
   63.300000      8.207606243422E-02      2.699976551680E-02
   63.400000      8.327336761696E-02      2.779805085149E-02
   63.500000      8.436915195663E-02      2.866711295121E-02
   63.600000      8.599321788513E-02      2.981808974949E-02
   63.700000      8.890180063643E-02      3.155294906829E-02
   63.800000      9.380545220195E-02      3.416461996384E-02
   63.900000      1.011413300340E-01      3.782286649309E-02
   64.000000      1.108650840274E-01      4.248127616248E-02
   64.100000      1.223001704041E-01      4.783434898843E-02
   64.200000      1.341161936612E-01      5.333959366762E-02
   64.300000      1.446865166192E-01      5.830250549329E-02
   64.400000      1.524968668171E-01      6.200630238022E-02
   64.500000      1.564087813104E-01      6.385669515691E-02
   64.600000      1.558186552228E-01      6.350771101110E-02
   64.700000      1.507190466718E-01      6.093906421881E-02
   64.800000      1.416750455353E-01      5.646730832096E-02
   64.900000      1.297487154269E-01      5.068827487808E-02
   65.000000      1.163875251792E-01      4.436329968173E-02
   65.100000      1.032528610526E-01      3.827388791815E-02
   65.200000      9.195740745738E-02      3.307678568701E-02
   65.300000      8.364766261514E-02      2.919175912080E-02
   65.400000      7.871084577135E-02      2.674651606519E-02
   65.500000      7.685265172722E-02      2.558874598288E-02
   65.600000      7.724373144761E-02      2.535871961058E-02
   65.700000      7.867507934631E-02      2.560230733454E-02
   65.800000      7.997801910871E-02      2.589649667198E-02
   65.900000      8.039179545116E-02      2.595771908478E-02
   66.000000      7.969429772834E-02      2.570681112194E-02
   66.100000      7.821486018273E-02      2.527316669741E-02
   66.200000      7.672042746290E-02      2.493469747888E-02
   66.300000      7.618502442301E-02      2.500794451242E-02
   66.400000      7.744472686329E-02      2.571950930026E-02
   66.500000      8.073651109821E-02      2.709960911888E-02
   66.600000      8.554300178023E-02      2.893585401584E-02
   66.700000      9.069243678538E-02      3.080897661169E-02
   66.800000      9.470516848762E-02      3.220601615800E-02
   66.900000      9.631574807875E-02      3.267872759336E-02
   67.000000      9.483767683146E-02      3.199621568619E-02
   67.100000      9.034907130885E-02      3.023939703477E-02
   67.200000      8.371895865056E-02      2.780294248407E-02
   67.300000      7.647801166920E-02      2.530174641310E-02
   67.400000      7.054927278542E-02      2.341168599618E-02
   67.500000      6.783607868709E-02      2.269591332142E-02
   67.600000      6.950773219473E-02      2.347058657295E-02
   67.700000      7.546958917446E-02      2.574797399773E-02
   67.800000      8.461677715008E-02      2.926725062281E-02
   67.900000      9.534808847878E-02      3.359437757265E-02
   68.000000      1.061757024690E-01      3.825192655309E-02
   68.100000      1.160167186237E-01      4.283375051592E-02
   68.200000      1.242923891113E-01      4.706909990436E-02
   68.300000      1.308853199127E-01      5.082210996218E-02
   68.400000      1.359938283120E-01      5.403768235027E-02
   68.500000      1.399312428139E-01      5.666444661477E-02
   68.600000      1.429158356144E-01      5.859241310855E-02
   68.700000      1.448255846628E-01      5.963477616628E-02
   68.800000      1.451452116999E-01      5.956387699163E-02
   68.900000      1.432606540927E-01      5.818868472564E-02
   69.000000      1.387513488140E-01      5.544394443348E-02
   69.100000      1.315618298986E-01      5.145532734526E-02
   69.200000      1.220829873180E-01      4.655242475456E-02
   69.300000      1.111429987675E-01      4.121993014181E-02
   69.400000      9.988266797426E-02      3.600038262919E-02
   69.500000      8.951797360158E-02      3.138016102033E-02
   69.600000      8.103806509421E-02      2.769584959445E-02
   69.700000      7.501673061336E-02      2.508827177907E-02
   69.800000      7.159472759635E-02      2.351171044569E-02
   69.900000      7.051546289432E-02      2.278602997424E-02
   70.000000      7.105082059087E-02      2.266819833770E-02
   70.100000      7.236223957943E-02      2.291988002320E-02
   70.200000      7.383021040591E-02      2.335600411812E-02
   70.300000      7.512631952678E-02      2.386926861407E-02
   70.400000      7.620536132626E-02      2.443236753826E-02
   70.500000      7.726406677278E-02      2.508197323053E-02
   70.600000      7.865649892979E-02      2.588836231623E-02
   70.700000      8.074012828827E-02      2.691528684030E-02
   70.800000      8.368756822743E-02      2.817761804461E-02
   70.900000      8.735262918837E-02      2.960782042343E-02
   71.000000      9.124710433152E-02      3.104341188173E-02
   71.100000      9.466137044497E-02      3.224427007805E-02
   71.200000      9.684582691577E-02      3.294129078757E-02
   71.300000      9.716419497218E-02      3.290854077087E-02
   71.400000      9.524695802252E-02      3.204229535211E-02
   71.500000      9.114015071771E-02      3.042482184957E-02
   71.600000      8.540621558704E-02      2.835081015633E-02
   71.700000      7.914382551713E-02      2.630130253356E-02
   71.800000      7.390833642291E-02      2.486306952731E-02
   71.900000      7.151713893836E-02      2.460734724103E-02
   72.000000      7.362391925501E-02      2.595585551678E-02
   72.100000      8.080288499344E-02      2.906928176726E-02
   72.200000      9.217317665855E-02      3.379060591119E-02
   72.300000      1.060155387092E-01      3.966198422141E-02
   72.400000      1.203930663371E-01      4.601240179989E-02
   72.500000      1.335388004005E-01      5.209110963794E-02
   72.600000      1.440805121229E-01      5.720810189792E-02
   72.700000      1.511515030553E-01      6.084382965758E-02
   72.800000      1.544074830829E-01      6.270522292235E-02
   72.900000      1.539544456709E-01      6.272627784485E-02
   73.000000      1.502030363734E-01      6.102917515537E-02
   73.100000      1.436955150243E-01      5.786964363739E-02
   73.200000      1.350013670396E-01      5.358724072223E-02
   73.300000      1.247328980010E-01      4.857094145176E-02
   73.400000      1.136021130475E-01      4.323822268093E-02
   73.500000      1.024396010531E-01      3.801685213565E-02
   73.600000      9.213018765644E-02      3.331660182514E-02
   73.700000      8.351412306309E-02      2.948421421907E-02
   73.800000      7.730432979352E-02      2.674664924276E-02
   73.900000      7.394223236495E-02      2.515931944742E-02
   74.000000      7.339892545459E-02      2.458146633513E-02
   74.100000      7.498570551181E-02      2.469651401079E-02
   74.200000      7.734636238610E-02      2.508219547861E-02
   74.300000      7.902408095027E-02      2.531829281236E-02
   74.400000      7.900049955499E-02      2.510500226088E-02
   74.500000      7.693397894128E-02      2.435726381583E-02
   74.600000      7.323145855599E-02      2.324293803653E-02
   74.700000      6.898386180402E-02      2.214608363241E-02
   74.800000      6.577642811506E-02      2.155825222957E-02
   74.900000      6.541739102546E-02      2.192462066293E-02
   75.000000      6.911651404228E-02      2.348958428794E-02
   75.100000      7.657785874516E-02      2.619067445758E-02
   75.200000      8.630383500037E-02      2.963747248537E-02
   75.300000      9.620048517793E-02      3.318714261096E-02
   75.400000      1.041895676236E-01      3.609883628573E-02
   75.500000      1.086536054279E-01      3.772525905566E-02
   75.600000      1.087038581531E-01      3.768845764644E-02
   75.700000      1.043202196719E-01      3.599139469588E-02
   75.800000      9.636345281748E-02      3.303543492072E-02
   75.900000      8.645667987223E-02      2.954052978407E-02
   76.000000      7.675075606950E-02      2.639105935040E-02
   76.100000      6.965195962730E-02      2.444773207143E-02
   76.200000      6.754692075323E-02      2.437024095330E-02
   76.300000      7.189926001360E-02      2.648763700141E-02
   76.400000      8.237000684098E-02      3.073870712827E-02
   76.500000      9.713347621610E-02      3.668847973822E-02
   76.600000      1.137273576036E-01      4.361247041557E-02
   76.700000      1.298013271991E-01      5.062858304962E-02
   76.800000      1.434316221409E-01      5.684884735600E-02
   76.900000      1.532334323021E-01      6.152123759221E-02
   77.000000      1.584054403499E-01      6.413667802833E-02
   77.100000      1.587355076091E-01      6.448641744932E-02
   77.200000      1.545729168767E-01      6.266641658743E-02
   77.300000      1.467547934360E-01      5.903448335408E-02
   77.400000      1.364477678051E-01      5.413119569428E-02
   77.500000      1.248569872678E-01      4.857847086755E-02
   77.600000      1.130697983289E-01      4.297221376471E-02
   77.700000      1.020070140594E-01      3.778837186835E-02
   77.800000      9.236349457400E-02      3.332253940351E-02
   77.900000      8.457636918041E-02      2.967815953100E-02
   78.000000      7.857797783985E-02      2.680572148046E-02
   78.100000      7.394700921938E-02      2.457841610465E-02
   78.200000      7.033195444035E-02      2.287590248754E-02
   78.300000      6.766663562867E-02      2.164444559144E-02
   78.400000      6.614632110780E-02      2.091128456428E-02
   78.500000      6.603830674318E-02      2.074995053067E-02
   78.600000      6.753115958300E-02      2.121356598345E-02
   78.700000      7.048804472888E-02      2.226691531209E-02
   78.800000      7.439991807376E-02      2.374995610835E-02
   78.900000      7.848228393574E-02      2.539411829319E-02
   79.000000      8.188164862170E-02      2.689146268802E-02
   79.100000      8.398015597930E-02      2.799325059622E-02
   79.200000      8.464393606998E-02      2.859880311704E-02
   79.300000      8.431217997269E-02      2.879574616029E-02
   79.400000      8.390271743995E-02      2.883020294936E-02
   79.500000      8.431952302960E-02      2.901339706930E-02
   79.600000      8.609318174570E-02      2.959758872315E-02
   79.700000      8.929550796690E-02      3.066816166712E-02
   79.800000      9.340906061220E-02      3.209457997656E-02
   79.900000      9.743994088238E-02      3.356271323093E-02
   80.000000      1.002754697991E-01      3.468219774965E-02
   80.100000      1.010547914162E-01      3.513503176754E-02
   80.200000      9.946007796935E-02      3.481479790880E-02
   80.300000      9.589841612654E-02      3.390585185240E-02
   80.400000      9.154305560121E-02      3.286943819313E-02
   80.500000      8.813517479616E-02      3.233388449953E-02
   80.600000      8.752293425882E-02      3.291869999693E-02
   80.700000      9.122823369089E-02      3.504588481561E-02
   80.800000      9.974665207416E-02      3.879737010681E-02
   80.900000      1.119768570133E-01      4.386315911166E-02
   81.000000      1.257691021652E-01      4.959560639584E-02
   81.100000      1.388669627498E-01      5.515172682111E-02
   81.200000      1.493472122338E-01      5.967928708220E-02
   81.300000      1.558532032397E-01      6.249265154820E-02
   81.400000      1.576981940093E-01      6.319337377191E-02
   81.500000      1.548517230340E-01      6.171317230007E-02
   81.600000      1.478298212108E-01      5.828296881338E-02
   81.700000      1.375213745026E-01      5.335093556153E-02
   81.800000      1.249955152434E-01      4.747969070082E-02
   81.900000      1.113435304298E-01      4.124898655585E-02
   82.000000      9.761212847536E-02      3.518059830234E-02
   82.100000      8.479165554862E-02      2.969190059555E-02
   82.200000      7.379391539570E-02      2.507680491871E-02
   82.300000      6.535448882704E-02      2.150808365703E-02
   82.400000      5.990146695125E-02      1.905324491581E-02
   82.500000      5.744491606544E-02      1.769626590998E-02
   82.600000      5.754120410117E-02      1.735883702922E-02
   82.700000      5.960010096629E-02      1.791681861570E-02
   82.800000      6.315419951013E-02      1.921029522949E-02
   82.900000      6.783906554645E-02      2.104881067524E-02
   83.000000      7.325378401364E-02      2.321621792129E-02
   83.100000      7.884059871319E-02      2.548051993584E-02
   83.200000      8.396608750843E-02      2.761207804506E-02
   83.300000      8.806889034875E-02      2.940941697875E-02
   83.400000      9.079452855766E-02      3.072786167096E-02
   83.500000      9.209061638134E-02      3.150426856944E-02
   83.600000      9.220294937839E-02      3.177116102662E-02
   83.700000      9.160262799796E-02      3.165456592028E-02
   83.800000      9.084845264463E-02      3.135163322619E-02
   83.900000      9.046121237334E-02      3.108806317534E-02
   84.000000      9.076944245713E-02      3.106240603812E-02
   84.100000      9.185569866080E-02      3.139247263389E-02
   84.200000      9.355962700920E-02      3.208349639367E-02
   84.300000      9.552837306564E-02      3.303373216647E-02
   84.400000      9.734993037035E-02      3.408055831185E-02
   84.500000      9.871753085778E-02      3.507385760080E-02
   84.600000      9.958316595357E-02      3.595085109689E-02
   84.700000      1.002231211827E-01      3.678319628188E-02
   84.800000      1.010981831267E-01      3.777454293519E-02
   84.900000      1.029163011253E-01      3.920261309578E-02
   85.000000      1.065003104408E-01      4.131940345721E-02
   85.100000      1.124643290732E-01      4.423994381503E-02
   85.200000      1.207730636372E-01      4.785775454038E-02
   85.300000      1.304059212156E-01      5.181964067533E-02
   85.400000      1.397472439282E-01      5.557445643517E-02
   85.500000      1.471632862806E-01      5.848608920636E-02
   85.600000      1.513311287232E-01      5.997930116336E-02
   85.700000      1.514347813717E-01      5.967618241989E-02
   85.800000      1.472638263840E-01      5.748412852131E-02
   85.900000      1.392125492805E-01      5.361150828142E-02
   86.000000      1.281850688615E-01      4.850911261157E-02
   86.100000      1.154232384601E-01      4.275741012197E-02
   86.200000      1.022874303434E-01      3.693514646932E-02
   86.300000      8.997839262097E-02      3.150891652817E-02
   86.400000      7.920827448089E-02      2.677419171626E-02
   86.500000      7.020821485734E-02      2.285878869464E-02
   86.600000      6.298000683138E-02      1.977712113403E-02
   86.700000      5.756789370570E-02      1.750640476667E-02
   86.800000      5.415936136946E-02      1.605052394060E-02
   86.900000      5.284158391944E-02      1.546493055078E-02
   87.000000      5.369077679386E-02      1.583327001789E-02
   87.100000      5.688501795238E-02      1.720676906563E-02
   87.200000      6.248418938039E-02      1.953329920638E-02
   87.300000      7.014762159744E-02      2.260851756498E-02
   87.400000      7.895508961768E-02      2.607428286431E-02
   87.500000      8.760812335961E-02      2.947213922602E-02
   87.600000      9.483686362021E-02      3.233874035692E-02
   87.700000      9.973179988346E-02      3.431394526994E-02
   87.800000      1.019082772265E-01      3.522721482320E-02
   87.900000      1.015371945694E-01      3.513530457467E-02
   88.000000      9.925712830574E-02      3.430041504453E-02
   88.100000      9.600227919043E-02      3.311652280614E-02
   88.200000      9.279296258030E-02      3.200659697341E-02
   88.300000      9.052437144486E-02      3.132100907319E-02
   88.400000      8.977767019225E-02      3.126599785632E-02
   88.500000      9.068086576645E-02      3.188069437024E-02
   88.600000      9.294860209709E-02      3.306456153018E-02
   88.700000      9.611626276556E-02      3.463985472374E-02
   88.800000      9.976637627593E-02      3.642306173903E-02
   88.900000      1.036489939386E-01      3.827995594963E-02
   89.000000      1.076228773526E-01      4.014970978747E-02
   89.100000      1.116043994011E-01      4.203784974695E-02
   89.200000      1.156095224521E-01      4.398816137533E-02
   89.300000      1.197081959156E-01      4.604643108460E-02
   89.400000      1.239677621026E-01      4.822592183763E-02
   89.500000      1.284057961563E-01      5.048008879867E-02
   89.600000      1.329346772257E-01      5.268541903582E-02
   89.700000      1.372585116208E-01      5.463681889638E-02
   89.800000      1.408082662833E-01      5.605836451565E-02
   89.900000      1.428421696028E-01      5.663212755178E-02
   90.000000      1.425869768966E-01      5.604624057192E-02
   90.100000      1.393829581922E-01      5.405943730706E-02
   90.200000      1.328280734009E-01      5.057250822388E-02
   90.300000      1.229152327656E-01      4.568901687386E-02
   90.400000      1.101352234098E-01      3.974268479406E-02
   90.500000      9.550417195753E-02      3.327244863562E-02
   90.600000      8.049332579294E-02      2.694039166777E-02
   90.700000      6.683276764178E-02      2.140824475748E-02
   90.800000      5.613919937285E-02      1.720562793914E-02
   90.900000      4.952502523163E-02      1.462885593786E-02
   91.000000      4.735695720525E-02      1.370008380446E-02
   91.100000      4.908581662618E-02      1.419696705459E-02
   91.200000      5.348690111889E-02      1.574068187878E-02
   91.300000      5.930565039637E-02      1.791248487792E-02
   91.400000      6.553813502307E-02      2.036100112287E-02
   91.500000      7.161231540344E-02      2.286656486102E-02
   91.600000      7.740592298116E-02      2.534467934988E-02
   91.700000      8.308036600277E-02      2.779355375927E-02
   91.800000      8.880738895763E-02      3.021253488993E-02
   91.900000      9.447225506674E-02      3.252998722489E-02
   92.000000      9.959107732519E-02      3.457518718168E-02
   92.100000      1.034799465290E-01      3.611014031966E-02
   92.200000      1.055022811647E-01      3.691138912806E-02
   92.300000      1.053064128406E-01      3.686944894788E-02
   92.400000      1.029903998397E-01      3.606378234001E-02
   92.500000      9.915067730282E-02      3.477857133069E-02
   92.600000      9.479517474269E-02      3.344660802699E-02
   92.700000      9.113274875088E-02      3.253683975751E-02
   92.800000      8.931209666925E-02      3.242389764309E-02
   92.900000      9.015626724670E-02      3.328568651553E-02
   93.000000      9.385656832247E-02      3.506462138155E-02
   93.100000      9.974131140006E-02      3.750397973957E-02
   93.200000      1.065628988485E-01      4.024312610817E-02
   93.300000      1.131069296111E-01      4.293492083283E-02
   93.400000      1.186405176148E-01      4.534282616061E-02
   93.500000      1.229673699390E-01      4.738539539860E-02
   93.600000      1.263346008191E-01      4.911706824802E-02
   93.700000      1.292290321662E-01      5.065765499189E-02
   93.800000      1.321112220928E-01      5.209979104707E-02
   93.900000      1.351613072250E-01      5.342894087780E-02
   94.000000      1.381074392894E-01      5.448422713610E-02
   94.100000      1.401657768771E-01      5.497409398999E-02
   94.200000      1.403187779625E-01      5.454346080675E-02
   94.300000      1.376802727291E-01      5.287323170014E-02
   94.400000      1.317159193547E-01      4.978289928801E-02
   94.500000      1.223743596817E-01      4.530566002138E-02
   94.600000      1.101290468325E-01      3.971380530557E-02
   94.700000      9.593455599261E-02      3.348744155132E-02
   94.800000      8.111378396918E-02      2.723600523044E-02
   94.900000      6.719182147542E-02      2.159345271063E-02
   95.000000      5.569522991305E-02      1.711132203177E-02
   95.100000      4.796254681141E-02      1.417033850647E-02
   95.200000      4.487165570383E-02      1.292476112722E-02
   95.300000      4.633875705710E-02      1.328748070245E-02
   95.400000      5.129526710138E-02      1.495842511991E-02
   95.500000      5.831192523985E-02      1.749247385503E-02
   95.600000      6.592024661236E-02      2.039491919144E-02
   95.700000      7.292215323623E-02      2.322442012082E-02
   95.800000      7.860313661104E-02      2.567923473202E-02
   95.900000      8.280647887080E-02      2.764511315844E-02
   96.000000      8.589187834875E-02      2.919227609777E-02
   96.100000      8.857052338359E-02      3.052167861037E-02
   96.200000      9.162198008098E-02      3.187423531548E-02
   96.300000      9.554792604659E-02      3.342825421529E-02
   96.400000      1.003030127621E-01      3.521688062912E-02
   96.500000      1.052961297594E-01      3.709505153626E-02
   96.600000      1.096179290878E-01      3.877201866121E-02
   96.700000      1.123103623558E-01      3.990348582217E-02
   96.800000      1.126273661650E-01      4.021492693151E-02
   96.900000      1.102690802174E-01      3.961458249200E-02
   97.000000      1.055427843044E-01      3.825688520952E-02
   97.100000      9.941774037464E-02      3.653338355421E-02
   97.200000      9.346712794666E-02      3.499160267383E-02
   97.300000      8.968513671431E-02      3.420411808759E-02
   97.400000      8.992696664938E-02      3.462399511252E-02
   97.500000      9.479468535524E-02      3.646587013896E-02
   97.600000      1.034408748585E-01      3.964457720281E-02
   97.700000      1.143086887283E-01      4.378751637450E-02
   97.800000      1.256191264643E-01      4.831653594258E-02
   97.900000      1.357171860563E-01      5.257519641298E-02
   98.000000      1.433221005445E-01      5.596423789868E-02
   98.100000      1.476541989931E-01      5.804716098456E-02
   98.200000      1.484535293180E-01      5.860028158615E-02
   98.300000      1.459112060092E-01      5.760296146320E-02
   98.400000      1.405237198214E-01      5.518516274537E-02
   98.500000      1.328774572188E-01      5.156200068451E-02
   98.600000      1.234465128989E-01      4.698378982656E-02
   98.700000      1.125908396479E-01      4.171688937354E-02
   98.800000      1.006794165992E-01      3.605241996112E-02
   98.900000      8.821842804345E-02      3.032520900669E-02
   99.000000      7.592577298419E-02      2.492029468567E-02
   99.100000      6.472180560902E-02      2.025031745244E-02
   99.200000      5.566491035362E-02      1.670068842980E-02
   99.300000      4.980598649134E-02      1.455452641350E-02
   99.400000      4.793244105392E-02      1.392036569337E-02
   99.500000      5.014846639868E-02      1.468904791402E-02
   99.600000      5.547715171218E-02      1.654069745972E-02
   99.700000      6.231039602340E-02      1.900883702428E-02
   99.800000      6.908155418665E-02      2.158969449125E-02
   99.900000      7.467572457272E-02      2.386690883083E-02
  100.000000      7.859467985315E-02      2.561297118701E-02
