# M=16, N=8, max=1, V0=0.0, V=0.25, PBC
#  time (tJ)                 S₁(n=1)                 S₂(n=1)
    0.000000      1.332267629550E-15     -2.664535259100E-15
    0.100000      1.130414325003E-03      2.264142250010E-04
    0.200000      3.731915265174E-03      8.637269883529E-04
    0.300000      7.094311713324E-03      1.795951659065E-03
    0.400000      1.061152980314E-02      2.859803521350E-03
    0.500000      1.376975927453E-02      3.881261940224E-03
    0.600000      1.619413903743E-02      4.712419005272E-03
    0.700000      1.768181584865E-02      5.259506699287E-03
    0.800000      1.820931597596E-02      5.495928692606E-03
    0.900000      1.791329774153E-02      5.458563920099E-03
    1.000000      1.704923755275E-02      5.230141683598E-03
    1.100000      1.593614974762E-02      4.913780891981E-03
    1.200000      1.489596277806E-02      4.607013132300E-03
    1.300000      1.418223123864E-02      4.381668904502E-03
    1.400000      1.390223631154E-02      4.273473825016E-03
    1.500000      1.401645938422E-02      4.282052918103E-03
    1.600000      1.439794641809E-02      4.379276238599E-03
    1.700000      1.489221240097E-02      4.522200120774E-03
    1.800000      1.535882198292E-02      4.666509482391E-03
    1.900000      1.569689750293E-02      4.777155926834E-03
    2.000000      1.585671222646E-02      4.834339471579E-03
    2.100000      1.583829008569E-02      4.834547082142E-03
    2.200000      1.568009750038E-02      4.787592725602E-03
    2.300000      1.544248191772E-02      4.711268911405E-03
    2.400000      1.519016374585E-02      4.625314276433E-03
    2.500000      1.497560564433E-02      4.546084927896E-03
    2.600000      1.482461628614E-02      4.482809462301E-03
    2.700000      1.473193678314E-02      4.435798410849E-03
    2.800000      1.466942206771E-02      4.396577927029E-03
    2.900000      1.459491466518E-02      4.349654208931E-03
    3.000000      1.445537723887E-02      4.275469270130E-03
    3.100000      1.418889262401E-02      4.154046054625E-03
    3.200000      1.373338008527E-02      3.968814910517E-03
    3.300000      1.304148777767E-02      3.710148594791E-03
    3.400000      1.209461644078E-02      3.378197948167E-03
    3.500000      1.091282353166E-02      2.984701376058E-03
    3.600000      9.560668037646E-03      2.553522639351E-03
    3.700000      8.148702469284E-03      2.119743324047E-03
    3.800000      6.829148522856E-03      1.727203856349E-03
    3.900000      5.784659639909E-03      1.424473799491E-03
    4.000000      5.206488977520E-03      1.259373941018E-03
    4.100000      5.248752640691E-03      1.272399164818E-03
    4.200000      5.971632382128E-03      1.489702684445E-03
    4.300000      7.339310982201E-03      1.916648851533E-03
    4.400000      9.256239035922E-03      2.533217178911E-03
    4.500000      1.155878835331E-02      3.292603148823E-03
    4.600000      1.400888464942E-02      4.124085806107E-03
    4.700000      1.634415831795E-02      4.940570989900E-03
    4.800000      1.832123448264E-02      5.650251045021E-03
    4.900000      1.974012047189E-02      6.170753744807E-03
    5.000000      2.046310920498E-02      6.443271294452E-03
    5.100000      2.043160895485E-02      6.443749525495E-03
    5.200000      1.967909546856E-02      6.188475539104E-03
    5.300000      1.833494308399E-02      5.732370371166E-03
    5.400000      1.661487885377E-02      5.159816349738E-03
    5.500000      1.479737770514E-02      4.569580822080E-03
    5.600000      1.318752891066E-02      4.056874797471E-03
    5.700000      1.206691023247E-02      3.696362505535E-03
    5.800000      1.161786133799E-02      3.529751736546E-03
    5.900000      1.184400374862E-02      3.560470749650E-03
    6.000000      1.258821869247E-02      3.756192783592E-03
    6.100000      1.362308288952E-02      4.058104260066E-03
    6.200000      1.471397943783E-02      4.394343111680E-03
    6.300000      1.565534336090E-02      4.694329734201E-03
    6.400000      1.629437827910E-02      4.900899331651E-03
    6.500000      1.654299794705E-02      4.978079806963E-03
    6.600000      1.637769501920E-02      4.913698078154E-03
    6.700000      1.582957328843E-02      4.717311380138E-03
    6.800000      1.496882988478E-02      4.414883487003E-03
    6.900000      1.388873017542E-02      4.041974623955E-03
    7.000000      1.269304062082E-02      3.637027820866E-03
    7.100000      1.148773598649E-02      3.235827109835E-03
    7.200000      1.037274690362E-02      2.867643869810E-03
    7.300000      9.425645391295E-03      2.553175616593E-03
    7.400000      8.683826658154E-03      2.304171393972E-03
    7.500000      8.150349478065E-03      2.124552841114E-03
    7.600000      7.814526590603E-03      2.012754028524E-03
    7.700000      7.664945469146E-03      1.964838633961E-03
    7.800000      7.696361762965E-03      1.977734079844E-03
    7.900000      7.915221468940E-03      2.051758109231E-03
    8.000000      8.340873303159E-03      2.191631563207E-03
    8.100000      8.995967074932E-03      2.405445955261E-03
    8.200000      9.888813751843E-03      2.701564713830E-03
    8.300000      1.100529452317E-02      3.084064128677E-03
    8.400000      1.231356776727E-02      3.547878038265E-03
    8.500000      1.376586644767E-02      4.075100267948E-03
    8.600000      1.528971552602E-02      4.633780168513E-03
    8.700000      1.677655765480E-02      5.180003055024E-03
    8.800000      1.809061335177E-02      5.663213254344E-03
    8.900000      1.909891748084E-02      6.033859282635E-03
    9.000000      1.969701460811E-02      6.251784590267E-03
    9.100000      1.982176350065E-02      6.293539881168E-03
    9.200000      1.945755462763E-02      6.157005548965E-03
    9.300000      1.864089737998E-02      5.862307802597E-03
    9.400000      1.746164874490E-02      5.448829479767E-03
    9.500000      1.605757758312E-02      4.968962542709E-03
    9.600000      1.460210036052E-02      4.479930619572E-03
    9.700000      1.328484702780E-02      4.035363854677E-03
    9.800000      1.227384248147E-02      3.678241712146E-03
    9.900000      1.165425133362E-02      3.436350299965E-03
   10.000000      1.141916797511E-02      3.320672423253E-03
   10.100000      1.152241537150E-02      3.326372248156E-03
   10.200000      1.190495222302E-02      3.435490909445E-03
   10.300000      1.249537815740E-02      3.620293105417E-03
   10.400000      1.320609554375E-02      3.846421780044E-03
   10.500000      1.393268547310E-02      4.075515949267E-03
   10.600000      1.455938851687E-02      4.267518071293E-03
   10.700000      1.496910779865E-02      4.383304465452E-03
   10.800000      1.505514490931E-02      4.388320650722E-03
   10.900000      1.473443736595E-02      4.257513236943E-03
   11.000000      1.396281714089E-02      3.981108629941E-03
   11.100000      1.275122217364E-02      3.569955443573E-03
   11.200000      1.117981091498E-02      3.058583111792E-03
   11.300000      9.405709617547E-03      2.504159174320E-03
   11.400000      7.659721980557E-03      1.980289310491E-03
   11.500000      6.225873187917E-03      1.565955004672E-03
   11.600000      5.391907975180E-03      1.331425656125E-03
   11.700000      5.361448428586E-03      1.324196912490E-03
   11.800000      6.170525436348E-03      1.558444870687E-03
   11.900000      7.686068262785E-03      2.010926308910E-03
   12.000000      9.665692556422E-03      2.624787160833E-03
   12.100000      1.182173605371E-02      3.320741870894E-03
   12.200000      1.387885105205E-02      4.013112481110E-03
   12.300000      1.561953316630E-02      4.626845066654E-03
   12.400000      1.691258208476E-02      5.111276595830E-03
   12.500000      1.772344091160E-02      5.447245268801E-03
   12.600000      1.810703209334E-02      5.645921750126E-03
   12.700000      1.818536355520E-02      5.740000333800E-03
   12.800000      1.811335310296E-02      5.769993037108E-03
   12.900000      1.803297957704E-02      5.769715938065E-03
   13.000000      1.801547485831E-02      5.755251650959E-03
   13.100000      1.802731106593E-02      5.720638793830E-03
   13.200000      1.795397430989E-02      5.641547930681E-03
   13.300000      1.765557813657E-02      5.485803965603E-03
   13.400000      1.702112374193E-02      5.227496062938E-03
   13.500000      1.600862892007E-02      4.860215230198E-03
   13.600000      1.466914000178E-02      4.405071867802E-03
   13.700000      1.315296802398E-02      3.910588404246E-03
   13.800000      1.169546195378E-02      3.443945703046E-03
   13.900000      1.056850866879E-02      3.075687184261E-03
   14.000000      9.978031260354E-03      2.862049336715E-03
   14.100000      9.990483833896E-03      2.829938603953E-03
   14.200000      1.054112096197E-02      2.968924538232E-03
   14.300000      1.145580267694E-02      3.232647767377E-03
   14.400000      1.249756254419E-02      3.549347529382E-03
   14.500000      1.342203326710E-02      3.838624967873E-03
   14.600000      1.402642525357E-02      4.029863796585E-03
   14.700000      1.418508256877E-02      4.077425081108E-03
   14.800000      1.386629195487E-02      3.968866663921E-03
   14.900000      1.312919810433E-02      3.724607604271E-03
   15.000000      1.210348710205E-02      3.389951315300E-03
   15.100000      1.095791794446E-02      3.022414205756E-03
   15.200000      9.866255468160E-03      2.678284319118E-03
   15.300000      8.978183114311E-03      2.402042212311E-03
   15.400000      8.396847942834E-03      2.220933044488E-03
   15.500000      8.164345959033E-03      2.145127243502E-03
   15.600000      8.267446704159E-03      2.172190980678E-03
   15.700000      8.661567391840E-03      2.293517597181E-03
   15.800000      9.296442927728E-03      2.500175284287E-03
   15.900000      1.013521033422E-02      2.786227738460E-03
   16.000000      1.116086234451E-02      3.148682266551E-03
   16.100000      1.236682068590E-02      3.584420292678E-03
   16.200000      1.373573068529E-02      4.085412895049E-03
   16.300000      1.522021267637E-02      4.633997168663E-03
   16.400000      1.673927956713E-02      5.199938432928E-03
   16.500000      1.818795008987E-02      5.740525192146E-03
   16.600000      1.944641520747E-02      6.204208481708E-03
   16.700000      2.038136008725E-02      6.537473200856E-03
   16.800000      2.085937866383E-02      6.693848003886E-03
   16.900000      2.078119604416E-02      6.643332690631E-03
   17.000000      2.011022086004E-02      6.380169148137E-03
   17.100000      1.888711298472E-02      5.926937003982E-03
   17.200000      1.723204133120E-02      5.333511768448E-03
   17.300000      1.533396989474E-02      4.670457348649E-03
   17.400000      1.342573810416E-02      4.017745575049E-03
   17.500000      1.174529610331E-02      3.450966611938E-03
   17.600000      1.049076256855E-02      3.028028498347E-03
   17.700000      9.783842550475E-03      2.779434564654E-03
   17.800000      9.643945194748E-03      2.704465897835E-03
   17.900000      9.976989088774E-03      2.774134639846E-03
   18.000000      1.060708478121E-02      2.940003946294E-03
   18.100000      1.133727390025E-02      3.146415199648E-03
   18.200000      1.199812873936E-02      3.342811992865E-03
   18.300000      1.247503852760E-02      3.492987642871E-03
   18.400000      1.271756944221E-02      3.579175447859E-03
   18.500000      1.273387450850E-02      3.600594581429E-03
   18.600000      1.257359624843E-02      3.567798224556E-03
   18.700000      1.230352300290E-02      3.495368498663E-03
   18.800000      1.198151468991E-02      3.395776067504E-03
   18.900000      1.163742886594E-02      3.276505471288E-03
   19.000000      1.127130082423E-02      3.141121136318E-03
   19.100000      1.087040892938E-02      2.993341691687E-03
   19.200000      1.043427863216E-02      2.841990883615E-03
   19.300000      9.994738247401E-03      2.704341863431E-03
   19.400000      9.624377711834E-03      2.605996478263E-03
   19.500000      9.431592526542E-03      2.576805474236E-03
   19.600000      9.539869989746E-03      2.643917378546E-03
   19.700000      1.004052878347E-02      2.824231054718E-03
   19.800000      1.093105012475E-02      3.118855618191E-03
   19.900000      1.211751252880E-02      3.511521902915E-03
   20.000000      1.346796635084E-02      3.971498807560E-03
   20.100000      1.484899990379E-02      4.459984058955E-03
   20.200000      1.614725118649E-02      4.937766948490E-03
   20.300000      1.728291301144E-02      5.371637111424E-03
   20.400000      1.821284928030E-02      5.737644669575E-03
   20.500000      1.892195037035E-02      6.020643629195E-03
   20.600000      1.940629494384E-02      6.211046947028E-03
   20.700000      1.965611454834E-02      6.300796624075E-03
   20.800000      1.964643035515E-02      6.280779299327E-03
   20.900000      1.933921930009E-02      6.141211005553E-03
   21.000000      1.869643095797E-02      5.875168903386E-03
   21.100000      1.769902067067E-02      5.484018677989E-03
   21.200000      1.636516696795E-02      4.982557231167E-03
   21.300000      1.476187741023E-02      4.401629534858E-03
   21.400000      1.300654243500E-02      3.786793467637E-03
   21.500000      1.125739061296E-02      3.192953830891E-03
   21.600000      9.693741417966E-03      2.676226816683E-03
   21.700000      8.488252125245E-03      2.285122181548E-03
   21.800000      7.774992989871E-03      2.053175200535E-03
   21.900000      7.620782823230E-03      1.994493189041E-03
   22.000000      8.010116751947E-03      2.102653050383E-03
   22.100000      8.850338565826E-03      2.352454954516E-03
   22.200000      9.994055307429E-03      2.703557652037E-03
   22.300000      1.126718024099E-02      3.105096225415E-03
   22.400000      1.249214550295E-02      3.500838473582E-03
   22.500000      1.350455580447E-02      3.834917959793E-03
   22.600000      1.416710954903E-02      4.058336268849E-03
   22.700000      1.438415763474E-02      4.136083449124E-03
   22.800000      1.411710984143E-02      4.054000802435E-03
   22.900000      1.339774432216E-02      3.823775496219E-03
   23.000000      1.233453373410E-02      3.484167719747E-03
   23.100000      1.110672917287E-02      3.097037182714E-03
   23.200000      9.942075992840E-03      2.737944392617E-03
   23.300000      9.077058041300E-03      2.482696363097E-03
   23.400000      8.706717935157E-03      2.392623709693E-03
   23.500000      8.946354310801E-03      2.502078279246E-03
   23.600000      9.824879028893E-03      2.811325619860E-03
   23.700000      1.126907679060E-02      3.286719098559E-03
   23.800000      1.305778927522E-02      3.868152830944E-03
   23.900000      1.490304113843E-02      4.481868182392E-03
   24.000000      1.655872269901E-02      5.055316605151E-03
   24.100000      1.785750803658E-02      5.530370089083E-03
   24.200000      1.872027638849E-02      5.871822524156E-03
   24.300000      1.915117675161E-02      6.069602469004E-03
   24.400000      1.921893328784E-02      6.134927576579E-03
   24.500000      1.902529807505E-02      6.092208115049E-03
   24.600000      1.866864887644E-02      5.969415007439E-03
   24.700000      1.821838931815E-02      5.789690508750E-03
   24.800000      1.770039051466E-02      5.566296080997E-03
   24.900000      1.709446659468E-02      5.301850750700E-03
   25.000000      1.635373417681E-02      4.991567898559E-03
   25.100000      1.543315817744E-02      4.629163864940E-03
   25.200000      1.431256909428E-02      4.213505248635E-03
   25.300000      1.301178252538E-02      3.753981698225E-03
   25.400000      1.159752534164E-02      3.273015238940E-03
   25.500000      1.018078113922E-02      2.804914540074E-03
   25.600000      8.902860318065E-03      2.391242034254E-03
   25.700000      7.909119437163E-03      2.073743329200E-03
   25.800000      7.318081976032E-03      1.886483460539E-03
   25.900000      7.202284161012E-03      1.849015656623E-03
   26.000000      7.576358203238E-03      1.962150118999E-03
   26.100000      8.383767118879E-03      2.207265281779E-03
   26.200000      9.496630619637E-03      2.549264358451E-03
   26.300000      1.074542011557E-02      2.942432433208E-03
   26.400000      1.196201211379E-02      3.337814769961E-03
   26.500000      1.300955319713E-02      3.690489671131E-03
   26.600000      1.379552173794E-02      3.965311836748E-03
   26.700000      1.427324236168E-02      4.140272265384E-03
   26.800000      1.443581353263E-02      4.207355769113E-03
   26.900000      1.430617024077E-02      4.171431219071E-03
   27.000000      1.392815807179E-02      4.048082620602E-03
   27.100000      1.336217437168E-02      3.861288525274E-03
   27.200000      1.268435813382E-02      3.641516695957E-03
   27.300000      1.198654609798E-02      3.424262629895E-03
   27.400000      1.137572097875E-02      3.248533748302E-03
   27.500000      1.097230569240E-02      3.154482171006E-03
   27.600000      1.090546109761E-02      3.179472361762E-03
   27.700000      1.129762921771E-02      3.352367971329E-03
   27.800000      1.222000310371E-02      3.686618136241E-03
   27.900000      1.363647183422E-02      4.173570625970E-03
   28.000000      1.540560639401E-02      4.778025467921E-03
   28.100000      1.731941499034E-02      5.438085991832E-03
   28.200000      1.913439216033E-02      6.070715814291E-03
   28.300000      2.060007908482E-02      6.583132497175E-03
   28.400000      2.149131828020E-02      6.888552051917E-03
   28.500000      2.164213072119E-02      6.923297484687E-03
   28.600000      2.097557109343E-02      6.661384700595E-03
   28.700000      1.952367636356E-02      6.122761828975E-03
   28.800000      1.743329530478E-02      5.372516569676E-03
   28.900000      1.495574639659E-02      4.510387298127E-03
   29.000000      1.241986875510E-02      3.652339552347E-03
   29.100000      1.018248410250E-02      2.908142356446E-03
   29.200000      8.537785844742E-03      2.360140626293E-03
   29.300000      7.637546803501E-03      2.048328394748E-03
   29.400000      7.478492384796E-03      1.965330175459E-03
   29.500000      7.898272622040E-03      2.062379203388E-03
   29.600000      8.632741262799E-03      2.264550354822E-03
   29.700000      9.411726675830E-03      2.491163468928E-03
   29.800000      1.002535361043E-02      2.676058999688E-03
   29.900000      1.036017880637E-02      2.782658374995E-03
   30.000000      1.041191876061E-02      2.810249459974E-03
   30.100000      1.027606365865E-02      2.790332978147E-03
   30.200000      1.011930289749E-02      2.774474328109E-03
   30.300000      1.013737189885E-02      2.817244025820E-03
   30.400000      1.049957350897E-02      2.958961558090E-03
   30.500000      1.126692075127E-02      3.212825831481E-03
   30.600000      1.235059951017E-02      3.559707144638E-03
   30.700000      1.357028722428E-02      3.951782825554E-03
   30.800000      1.471276431135E-02      4.323895979114E-03
   30.900000      1.557614976207E-02      4.609596373318E-03
   31.000000      1.601040692803E-02      4.757742470202E-03
   31.100000      1.594739906011E-02      4.745528369120E-03
   31.200000      1.541555596597E-02      4.584804572577E-03
   31.300000      1.453785914916E-02      4.320297899976E-03
   31.400000      1.351405780018E-02      4.020343383912E-03
   31.500000      1.258933249230E-02      3.762501720211E-03
   31.600000      1.201089501047E-02      3.617509510567E-03
   31.700000      1.197110385980E-02      3.635156579722E-03
   31.800000      1.254589284535E-02      3.834934468982E-03
   31.900000      1.366929108103E-02      4.202934445234E-03
   32.000000      1.516711468843E-02      4.694926810756E-03
   32.100000      1.681294617334E-02      5.244268310683E-03
   32.200000      1.837222774757E-02      5.772570802667E-03
   32.300000      1.963086164915E-02      6.201011537590E-03
   32.400000      2.041319480081E-02      6.460634314477E-03
   32.500000      2.059295514012E-02      6.500686629179E-03
   32.600000      2.009989802315E-02      6.294638221434E-03
   32.700000      1.892437807790E-02      5.843815465504E-03
   32.800000      1.712095958646E-02      5.178540283650E-03
   32.900000      1.481067972565E-02      4.356447574130E-03
   33.000000      1.218028074189E-02      3.457536640334E-03
   33.100000      9.476200322228E-03      2.575718576038E-03
   33.200000      6.991535886085E-03      1.807227809695E-03
   33.300000      5.044525689190E-03      1.237144918965E-03
   33.400000      3.940564219341E-03      9.261395944931E-04
   33.500000      3.878431276426E-03      9.000415901603E-04
   33.600000      4.809829874322E-03      1.144713849995E-03
   33.700000      6.464598321368E-03      1.607850738480E-03
   33.800000      8.491815814957E-03      2.207903140529E-03
   33.900000      1.055128652484E-02      2.848690160405E-03
   34.000000      1.236013506199E-02      3.436841710313E-03
   34.100000      1.371981998866E-02      3.898433716474E-03
   34.200000      1.453117991249E-02      4.191266504571E-03
   34.300000      1.479726943106E-02      4.310198342516E-03
   34.400000      1.461338422657E-02      4.284548685645E-03
   34.500000      1.414529420119E-02      4.168431861319E-03
   34.600000      1.359847619138E-02      4.026509590097E-03
   34.700000      1.318094416514E-02      3.918646618461E-03
   34.800000      1.305235883945E-02      3.887061689861E-03
   34.900000      1.325993443640E-02      3.948766705786E-03
   35.000000      1.373812179022E-02      4.094616554946E-03
   35.100000      1.436521353541E-02      4.294578434779E-03
   35.200000      1.500411256674E-02      4.507355366074E-03
   35.300000      1.553139168224E-02      4.691643642457E-03
   35.400000      1.586060924324E-02      4.816229416463E-03
   35.500000      1.595699491155E-02      4.866749923880E-03
   35.600000      1.584131002798E-02      4.847987587863E-03
   35.700000      1.558262633707E-02      4.781685339110E-03
   35.800000      1.528169083125E-02      4.700772316417E-03
   35.900000      1.504881530016E-02      4.641409896143E-03
   36.000000      1.498160809709E-02      4.634410854498E-03
   36.100000      1.514557435915E-02      4.697473857019E-03
   36.200000      1.555499800163E-02      4.829468480898E-03
   36.300000      1.615274301831E-02      5.007797004433E-03
   36.400000      1.680577904090E-02      5.189628519376E-03
   36.500000      1.732978022414E-02      5.317435567517E-03
   36.600000      1.752609423464E-02      5.328641811700E-03
   36.700000      1.721791598599E-02      5.168288980002E-03
   36.800000      1.628414498468E-02      4.802606879389E-03
   36.900000      1.468878425668E-02      4.230550138166E-03
   37.000000      1.250171695427E-02      3.490148223126E-03
   37.100000      9.906808605702E-03      2.657192521501E-03
   37.200000      7.195175758250E-03      1.835366565641E-03
   37.300000      4.744753294837E-03      1.139069204296E-03
   37.400000      2.989420073348E-03      6.722686074827E-04
   37.500000      2.349965714339E-03      5.080782856237E-04
   37.600000      3.011140324597E-03      6.738750495923E-04
   37.700000      4.776534179037E-03      1.145568672825E-03
   37.800000      7.247900468923E-03      1.852396307038E-03
   37.900000      9.995731108519E-03      2.690994534687E-03
   38.000000      1.263748619442E-02      3.545265044080E-03
   38.100000      1.487399513908E-02      4.307336163046E-03
   38.200000      1.651024061113E-02      4.895033536766E-03
   38.300000      1.746232079898E-02      5.262577473621E-03
   38.400000      1.774983086851E-02      5.403220743313E-03
   38.500000      1.747513314353E-02      5.344560678586E-03
   38.600000      1.679341329114E-02      5.138723791961E-03
   38.700000      1.588249622496E-02      4.850234108673E-03
   38.800000      1.492200621575E-02      4.544179372956E-03
   38.900000      1.407864100077E-02      4.276567612691E-03
   39.000000      1.348775920022E-02      4.087879554417E-03
   39.100000      1.322825078394E-02      4.000049347731E-03
   39.200000      1.330477212750E-02      4.016571975840E-03
   39.300000      1.365990088299E-02      4.125125972542E-03
   39.400000      1.420477991394E-02      4.301931128270E-03
   39.500000      1.484434275401E-02      4.516960274158E-03
   39.600000      1.549218611669E-02      4.739080458620E-03
   39.700000      1.607724879262E-02      4.940261123306E-03
   39.800000      1.654484424840E-02      5.098218606068E-03
   39.900000      1.685482176954E-02      5.197279143010E-03
   40.000000      1.697881086150E-02      5.227752100544E-03
   40.100000      1.689772814977E-02      5.184540864206E-03
   40.200000      1.660081465800E-02      5.065893007630E-03
   40.300000      1.608702380653E-02      4.872997198989E-03
   40.400000      1.536825823673E-02      4.610619578238E-03
   40.500000      1.447254526633E-02      4.288342937460E-03
   40.600000      1.344459275334E-02      3.921512988259E-03
   40.700000      1.234229415796E-02      3.530943474257E-03
   40.800000      1.123003109326E-02      3.140857818719E-03
   40.900000      1.017024221901E-02      2.775310206137E-03
   41.000000      9.214709272534E-03      2.454126297417E-03
   41.100000      8.399066251702E-03      2.189873658623E-03
   41.200000      7.744638592527E-03      1.987247892550E-03
   41.300000      7.267365785211E-03      1.845491938574E-03
   41.400000      6.987197669102E-03      1.763270541510E-03
   41.500000      6.929662263838E-03      1.744233714785E-03
   41.600000      7.122212294772E-03      1.800823433541E-03
   41.700000      7.597281295337E-03      1.954077322480E-03
   41.800000      8.397779726003E-03      2.228334522540E-03
   41.900000      9.571972013402E-03      2.641561468670E-03
   42.000000      1.115049683220E-02      3.193901147580E-03
   42.100000      1.308641531586E-02      3.858306569210E-03
   42.200000      1.519825329487E-02      4.577178337027E-03
   42.300000      1.721637944108E-02      5.267582507531E-03
   42.400000      1.885804363521E-02      5.835165452646E-03
   42.500000      1.988198441751E-02      6.194039540231E-03
   42.600000      2.013319522426E-02      6.287636431862E-03
   42.700000      1.957550320694E-02      6.104645330706E-03
   42.800000      1.830607001953E-02      5.685076347079E-03
   42.900000      1.654827163582E-02      5.114030679185E-03
   43.000000      1.462282355237E-02      4.504189827055E-03
   43.100000      1.290000584807E-02      3.971304596890E-03
   43.200000      1.173300778211E-02      3.609034163280E-03
   43.300000      1.135559832881E-02      3.469678724880E-03
   43.400000      1.176854874688E-02      3.555591688217E-03
   43.500000      1.275722894482E-02      3.822917437216E-03
   43.600000      1.402153146286E-02      4.195796898701E-03
   43.700000      1.527244085438E-02      4.586423592386E-03
   43.800000      1.628151794426E-02      4.915132588241E-03
   43.900000      1.690604510615E-02      5.125326066338E-03
   44.000000      1.709385056263E-02      5.190141611675E-03
   44.100000      1.686904537618E-02      5.110566264076E-03
   44.200000      1.630365347487E-02      4.907247255519E-03
   44.300000      1.548423635466E-02      4.609767899311E-03
   44.400000      1.448493504229E-02      4.247270588333E-03
   44.500000      1.335567938745E-02      3.843147658605E-03
   44.600000      1.212694966158E-02      3.414631616319E-03
   44.700000      1.082589605663E-02      2.976231221438E-03
   44.800000      9.495887216061E-03      2.544715727397E-03
   44.900000      8.211828710117E-03      2.143072526026E-03
   45.000000      7.085126945590E-03      1.801502349164E-03
   45.100000      6.252745189648E-03      1.554727516697E-03
   45.200000      5.846672726494E-03      1.436209853805E-03
   45.300000      5.956570685266E-03      1.470895576107E-03
   45.400000      6.610658278455E-03      1.668573013929E-03
   45.500000      7.765933553757E-03      2.019780361720E-03
   45.600000      9.299500484449E-03      2.495529736597E-03
   45.700000      1.103212823793E-02      3.051126138643E-03
   45.800000      1.277413520040E-02      3.633315428849E-03
   45.900000      1.436082459470E-02      4.189152433706E-03
   46.000000      1.567355231278E-02      4.674542640163E-03
   46.100000      1.665048263271E-02      5.060486712262E-03
   46.200000      1.728786795206E-02      5.335635581937E-03
   46.300000      1.763137468995E-02      5.504714466749E-03
   46.400000      1.775673651521E-02      5.583466437580E-03
   46.500000      1.774040812073E-02      5.591712706253E-03
   46.600000      1.762943089645E-02      5.546649244773E-03
   46.700000      1.742936041985E-02      5.458410999488E-03
   46.800000      1.711597945757E-02      5.329217638294E-03
   46.900000      1.665773320714E-02      5.156254166544E-03
   47.000000      1.603831222173E-02      4.937188698442E-03
   47.100000      1.527509813183E-02      4.676297812754E-03
   47.200000      1.442892975468E-02      4.388878440917E-03
   47.300000      1.359780248333E-02      4.102088385908E-03
   47.400000      1.289170498483E-02      3.851441368893E-03
   47.500000      1.240747298079E-02      3.673552220205E-03
   47.600000      1.221920867567E-02      3.596958927801E-03
   47.700000      1.236735560605E-02      3.633559405822E-03
   47.800000      1.283603204189E-02      3.773170359327E-03
   47.900000      1.353287624071E-02      3.982949793035E-03
   48.000000      1.429855702981E-02      4.212155135237E-03
   48.100000      1.494595757011E-02      4.401314950650E-03
   48.200000      1.530160389749E-02      4.493773804204E-03
   48.300000      1.523648218830E-02      4.447020263855E-03
   48.400000      1.468593509050E-02      4.241334294233E-03
   48.500000      1.365909584171E-02      3.884003913658E-03
   48.600000      1.223823717013E-02      3.408429156138E-03
   48.700000      1.056920988852E-02      2.868559673663E-03
   48.800000      8.844984279552E-03      2.330029265515E-03
   48.900000      7.284459008307E-03      1.859872537240E-03
   49.000000      6.107021200091E-03      1.516771863666E-03
   49.100000      5.498605268892E-03      1.343438272956E-03
   49.200000      5.564699556579E-03      1.362111573895E-03
   49.300000      6.293866731272E-03      1.573444538156E-03
   49.400000      7.574152206887E-03      1.958381493806E-03
   49.500000      9.243189830634E-03      2.482186505093E-03
   49.600000      1.112717645180E-02      3.099593924840E-03
   49.700000      1.306180147033E-02      3.760141881935E-03
   49.800000      1.490298362176E-02      4.413028930301E-03
   49.900000      1.653244086608E-02      5.011177710514E-03
   50.000000      1.786035600136E-02      5.514466907358E-03
   50.100000      1.882599100687E-02      5.892221448020E-03
   50.200000      1.939649876344E-02      6.125024738831E-03
   50.300000      1.956473848313E-02      6.205801307624E-03
   50.400000      1.934810675163E-02      6.140014668229E-03
   50.500000      1.878919263009E-02      5.944819595035E-03
   50.600000      1.795539124293E-02      5.647128025880E-03
   50.700000      1.693374300582E-02      5.280748539345E-03
   50.800000      1.582051943930E-02      4.882947351001E-03
   50.900000      1.471027226942E-02      4.490864778997E-03
   51.000000      1.369122781676E-02      4.138171903410E-03
   51.100000      1.284696676042E-02      3.852209782283E-03
   51.200000      1.225602448024E-02      3.651709567285E-03
   51.300000      1.197780325575E-02      3.545131743791E-03
   51.400000      1.202030807608E-02      3.529714988391E-03
   51.500000      1.232395131813E-02      3.591442885315E-03
   51.600000      1.278536897431E-02      3.706220213405E-03
   51.700000      1.328608812495E-02      3.842497516380E-03
   51.800000      1.371090686871E-02      3.965343158849E-03
   51.900000      1.396207286851E-02      4.041573152938E-03
   52.000000      1.397146489340E-02      4.045133709776E-03
   52.100000      1.370954953652E-02      3.961657051591E-03
   52.200000      1.318897156844E-02      3.791120375008E-03
   52.300000      1.246090012363E-02      3.547882123319E-03
   52.400000      1.160397865389E-02      3.257975505845E-03
   52.500000      1.070905146233E-02      2.954229213191E-03
   52.600000      9.865070321965E-03      2.670344785209E-03
   52.700000      9.149633682576E-03      2.435317403037E-03
   52.800000      8.624255331131E-03      2.269470471681E-03
   52.900000      8.332651417081E-03      2.182925431160E-03
   53.000000      8.298232359706E-03      2.176673792338E-03
   53.100000      8.517476782014E-03      2.245727349058E-03
   53.200000      8.958155836240E-03      2.383265209986E-03
   53.300000      9.576908899963E-03      2.584413175012E-03
   53.400000      1.034402003942E-02      2.848365722676E-03
   53.500000      1.125460827930E-02      3.177996755599E-03
   53.600000      1.232389778436E-02      3.576814215562E-03
   53.700000      1.356979261154E-02      4.043929558176E-03
   53.800000      1.498429892560E-02      4.568429036875E-03
   53.900000      1.650696368834E-02      5.124950573928E-03
   54.000000      1.802190143551E-02      5.672240432784E-03
   54.100000      1.937516218986E-02      6.155928424285E-03
   54.200000      2.039886295650E-02      6.515776552449E-03
   54.300000      2.093892025528E-02      6.696416075432E-03
   54.400000      2.088398238222E-02      6.659405207006E-03
   54.500000      2.019070257047E-02      6.393683327664E-03
   54.600000      1.890031903866E-02      5.921478467581E-03
   54.700000      1.714268088606E-02      5.297568574382E-03
   54.800000      1.512571975194E-02      4.601361657570E-03
   54.900000      1.311044153566E-02      3.923144213889E-03
   55.000000      1.137260833460E-02      3.347500088152E-03
   55.100000      1.015017711124E-02      2.937797366388E-03
   55.200000      9.577809649396E-03      2.725460095275E-03
   55.300000      9.642741459433E-03      2.706493744750E-03
   55.400000      1.020482122104E-02      2.845770398606E-03
   55.500000      1.105809352980E-02      3.087493557509E-03
   55.600000      1.199077776731E-02      3.368694617987E-03
   55.700000      1.282619425155E-02      3.632040927832E-03
   55.800000      1.344378098872E-02      3.834810747589E-03
   55.900000      1.378268637097E-02      3.952388988977E-03
   56.000000      1.383171913071E-02      3.976535505368E-03
   56.100000      1.361149662479E-02      3.910329312606E-03
   56.200000      1.315604847345E-02      3.762547168009E-03
   56.300000      1.250048165424E-02      3.544024979507E-03
   56.400000      1.167856616304E-02      3.267382908132E-03
   56.500000      1.073084313512E-02      2.949819612823E-03
   56.600000      9.719767219819E-03      2.617135275895E-03
   56.700000      8.743024410733E-03      2.306325741399E-03
   56.800000      7.935278008792E-03      2.064344865365E-03
   56.900000      7.456116775707E-03      1.941918186174E-03
   57.000000      7.469913257818E-03      1.983186756489E-03
   57.100000      8.114903843212E-03      2.213797626939E-03
   57.200000      9.418317626699E-03      2.631145586572E-03
   57.300000      1.121550161808E-02      3.200337445588E-03
   57.400000      1.323768972594E-02      3.858028267693E-03
   57.500000      1.520704750295E-02      4.523962156111E-03
   57.600000      1.688309342708E-02      5.117582778924E-03
   57.700000      1.809736892778E-02      5.575304101485E-03
   57.800000      1.877700125898E-02      5.863588269489E-03
   57.900000      1.895187949462E-02      5.984063382261E-03
   58.000000      1.874297074072E-02      5.969213027914E-03
   58.100000      1.833117127664E-02      5.869962090304E-03
   58.200000      1.790492271218E-02      5.738889641137E-03
   58.300000      1.759145131615E-02      5.614067920562E-03
   58.400000      1.741048354332E-02      5.508272852572E-03
   58.500000      1.728434840125E-02      5.406638823727E-03
   58.600000      1.707758765595E-02      5.273284037278E-03
   58.700000      1.664053603979E-02      5.064809542834E-03
   58.800000      1.585293281990E-02      4.746653909593E-03
   58.900000      1.466237720566E-02      4.307580887384E-03
   59.000000      1.310988497241E-02      3.768203035189E-03
   59.100000      1.133734183785E-02      3.181123757365E-03
   59.200000      9.575063597582E-03      2.622480680984E-03
   59.300000      8.109159668418E-03      2.176797050707E-03
   59.400000      7.227933024543E-03      1.918604747953E-03
   59.500000      7.145190021490E-03      1.895009878898E-03
   59.600000      7.904768764242E-03      2.113167235946E-03
   59.700000      9.338221677458E-03      2.535624096498E-03
   59.800000      1.113851236456E-02      3.084906882789E-03
   59.900000      1.295202013523E-02      3.656838696423E-03
   60.000000      1.444340665696E-02      4.140213666840E-03
   60.100000      1.534537950994E-02      4.438961078463E-03
   60.200000      1.549646582868E-02      4.492144142774E-03
   60.300000      1.486470176228E-02      4.287314648308E-03
   60.400000      1.355466384632E-02      3.863977169675E-03
   60.500000      1.179615262009E-02      3.306044029695E-03
   60.600000      9.914222626601E-03      2.724742259375E-03
   60.700000      8.280715776901E-03      2.235811571170E-03
   60.800000      7.242849019894E-03      1.936315471189E-03
   60.900000      7.029919413140E-03      1.886480220247E-03
   61.000000      7.693099919934E-03      2.100581780828E-03
   61.100000      9.117477428033E-03      2.548397850673E-03
   61.200000      1.105519697700E-02      3.165884990900E-03
   61.300000      1.319704990165E-02      3.871411339103E-03
   61.400000      1.526584189949E-02      4.582777777296E-03
   61.500000      1.706112118063E-02      5.230677691198E-03
   61.600000      1.846715837169E-02      5.765946311980E-03
   61.700000      1.944309444538E-02      6.160279235420E-03
   61.800000      2.000252085750E-02      6.402215043383E-03
   61.900000      2.018545787937E-02      6.491358343600E-03
   62.000000      2.002535601827E-02      6.433729090120E-03
   62.100000      1.953586497905E-02      6.239923938246E-03
   62.200000      1.873177983215E-02      5.926047709760E-03
   62.300000      1.765238709179E-02      5.515871491307E-03
   62.400000      1.637210330568E-02      5.042013024792E-03
   62.500000      1.499798253689E-02      4.544349392502E-03
   62.600000      1.365442555819E-02      4.065140749055E-03
   62.700000      1.245961116688E-02      3.641902096121E-03
   62.800000      1.150026725106E-02      3.300242027454E-03
   62.900000      1.081176668161E-02      3.049198525842E-03
   63.000000      1.037395325695E-02      2.880909516160E-03
   63.100000      1.012500356952E-02      2.775023689839E-03
   63.200000      9.982388958981E-03      2.706621265434E-03
   63.300000      9.871531086330E-03      2.655167084121E-03
   63.400000      9.755291054554E-03      2.611595577548E-03
   63.500000      9.646648563316E-03      2.581173126523E-03
   63.600000      9.603457714661E-03      2.581120283894E-03
   63.700000      9.709590337933E-03      2.633668791819E-03
   63.800000      1.004338432090E-02      2.756722428721E-03
   63.900000      1.063421081315E-02      2.955096115953E-03
   64.000000      1.143222964908E-02      3.215167874292E-03
   64.100000      1.232356399288E-02      3.504760644692E-03
   64.200000      1.316543934393E-02      3.778532258268E-03
   64.300000      1.381442529282E-02      3.987592200408E-03
   64.400000      1.415012356996E-02      4.090941356823E-03
   64.500000      1.409843658324E-02      4.065917436442E-03
   64.600000      1.365110016864E-02      3.915155362924E-03
   64.700000      1.287544153080E-02      3.668463570736E-03
   64.800000      1.191215239034E-02      3.379182131374E-03
   64.900000      1.096229703362E-02      3.115722151469E-03
   65.000000      1.026581814794E-02      2.949854897801E-03
   65.100000      1.006890567713E-02      2.943807838223E-03
   65.200000      1.055511386012E-02      3.138332699576E-03
   65.300000      1.175073752468E-02      3.543710659651E-03
   65.400000      1.352414848959E-02      4.135240305514E-03
   65.500000      1.564904862924E-02      4.854174936944E-03
   65.600000      1.785228338898E-02      5.614360573381E-03
   65.700000      1.984834769021E-02      6.313990778714E-03
   65.800000      2.137139891729E-02      6.850995047001E-03
   65.900000      2.220667761507E-02      7.139744047296E-03
   66.000000      2.221791892120E-02      7.126187634395E-03
   66.100000      2.136700280508E-02      6.798459208749E-03
   66.200000      1.972303611023E-02      6.190536200405E-03
   66.300000      1.745905915258E-02      5.377743692403E-03
   66.400000      1.483585624471E-02      4.464531229832E-03
   66.500000      1.217384586361E-02      3.566670455050E-03
   66.600000      9.813904405493E-03      2.791361832076E-03
   66.700000      8.060912555960E-03      2.219312055980E-03
   66.800000      7.105407761392E-03      1.892455062217E-03
   66.900000      6.963125826752E-03      1.809712803471E-03
   67.000000      7.478731004557E-03      1.931352578220E-03
   67.100000      8.401824184933E-03      2.190573155246E-03
   67.200000      9.468151977716E-03      2.509427490772E-03
   67.300000      1.045115309721E-02      2.815418832404E-03
   67.400000      1.119430140871E-02      3.055220909034E-03
   67.500000      1.162671601912E-02      3.202867833805E-03
   67.600000      1.176219765967E-02      3.261156576813E-03
   67.700000      1.168429131814E-02      3.256552085772E-03
   67.800000      1.152122393055E-02      3.229251814950E-03
   67.900000      1.141481869178E-02      3.221001543328E-03
   68.000000      1.148586443112E-02      3.263606260084E-03
   68.100000      1.179513167516E-02      3.370799712453E-03
   68.200000      1.231430511258E-02      3.535282721026E-03
   68.300000      1.294131533318E-02      3.731484004250E-03
   68.400000      1.354508065693E-02      3.923206480153E-03
   68.500000      1.400424687742E-02      4.074118287098E-03
   68.600000      1.423515894917E-02      4.158332010635E-03
   68.700000      1.421064529387E-02      4.168286158178E-03
   68.800000      1.396868261162E-02      4.117831855271E-03
   68.900000      1.360987796234E-02      4.039677196226E-03
   69.000000      1.328270451484E-02      3.977830458629E-03
   69.100000      1.315283927013E-02      3.977002867651E-03
   69.200000      1.335215327048E-02      4.071699668847E-03
   69.300000      1.392825798459E-02      4.277714591383E-03
   69.400000      1.483656024372E-02      4.587961175785E-03
   69.500000      1.596618577376E-02      4.973294689251E-03
   69.600000      1.717043619316E-02      5.387635733083E-03
   69.700000      1.829366858617E-02      5.775737331859E-03
   69.800000      1.919061102981E-02      6.081611121508E-03
   69.900000      1.973753722639E-02      6.255955573874E-03
   70.000000      1.983870572252E-02      6.261680058826E-03
   70.100000      1.943075049991E-02      6.077436054786E-03
   70.200000      1.848630393621E-02      5.699617448947E-03
   70.300000      1.701825541317E-02      5.143391025975E-03
   70.400000      1.508561488154E-02      4.442989939554E-03
   70.500000      1.280031098757E-02      3.650959236276E-03
   70.600000      1.033260398942E-02      2.835592588478E-03
   70.700000      7.911996747702E-03      2.075721405531E-03
   70.800000      5.819638685046E-03      1.452442375032E-03
   70.900000      4.362192530199E-03      1.038224708764E-03
   71.000000      3.806111273974E-03      8.848714789020E-04
   71.100000      4.275937031843E-03      1.012674148845E-03
   71.200000      5.676589821206E-03      1.403465407576E-03
   71.300000      7.725064827479E-03      1.999927529336E-03
   71.400000      1.005975768211E-02      2.712422177723E-03
   71.500000      1.232051899758E-02      3.432960115680E-03
   71.600000      1.419598926112E-02      4.054107730326E-03
   71.700000      1.545915269845E-02      4.489123270275E-03
   71.800000      1.599380207803E-02      4.688894090525E-03
   71.900000      1.580832554787E-02      4.651599077252E-03
   72.000000      1.503351557772E-02      4.422463814281E-03
   72.100000      1.390287906043E-02      4.083223874543E-03
   72.200000      1.271614255526E-02      3.733430937255E-03
   72.300000      1.178865995966E-02      3.467869736676E-03
   72.400000      1.138595991981E-02      3.355488312290E-03
   72.500000      1.162505446935E-02      3.424995742429E-03
   72.600000      1.241208883370E-02      3.660639910056E-03
   72.700000      1.352504687935E-02      4.009045919167E-03
   72.800000      1.470488357760E-02      4.395091106814E-03
   72.900000      1.571651110601E-02      4.742432400850E-03
   73.000000      1.639656855064E-02      4.993149396619E-03
   73.100000      1.668252742336E-02      5.121331521130E-03
   73.200000      1.661823674644E-02      5.137194321773E-03
   73.300000      1.633522216100E-02      5.080949036214E-03
   73.400000      1.601375324868E-02      5.008434171162E-03
   73.500000      1.583303813915E-02      4.972691771842E-03
   73.600000      1.591899969835E-02      5.006665537119E-03
   73.700000      1.629310728981E-02      5.111781969548E-03
   73.800000      1.684916210436E-02      5.255508367371E-03
   73.900000      1.738325849370E-02      5.378549081413E-03
   74.000000      1.765809818247E-02      5.409804954271E-03
   74.100000      1.746617965846E-02      5.285228913058E-03
   74.200000      1.667497260848E-02      4.965740098783E-03
   74.300000      1.525463073954E-02      4.449618809205E-03
   74.400000      1.328876515600E-02      3.776209041024E-03
   74.500000      1.096812919279E-02      3.019951153736E-03
   74.600000      8.569020567594E-03      2.276205239810E-03
   74.700000      6.421073485639E-03      1.642378671614E-03
   74.800000      4.866689807637E-03      1.198989249132E-03
   74.900000      4.175763281036E-03      9.951688754475E-04
   75.000000      4.408536394134E-03      1.041781985102E-03
   75.100000      5.423780308835E-03      1.313191722884E-03
   75.200000      6.973760187615E-03      1.756388255150E-03
   75.300000      8.785945300922E-03      2.304375821653E-03
   75.400000      1.062514810042E-02      2.889912443677E-03
   75.500000      1.231974626217E-02      3.456100997482E-03
   75.600000      1.376407492562E-02      3.961753910020E-03
   75.700000      1.490788305876E-02      4.381385331233E-03
   75.800000      1.573997823519E-02      4.701457045600E-03
   75.900000      1.627190597759E-02      4.915519369975E-03
   76.000000      1.652286016348E-02      5.020828344006E-03
   76.100000      1.650119420555E-02      5.017966335409E-03
   76.200000      1.620261905963E-02      4.913393723367E-03
   76.300000      1.564235250776E-02      4.723359133116E-03
   76.400000      1.488165217147E-02      4.476785982974E-03
   76.500000      1.403471809202E-02      4.214946576734E-03
   76.600000      1.325982594732E-02      3.986852224334E-03
   76.700000      1.273322606295E-02      3.840895612981E-03
   76.800000      1.260221534117E-02      3.814764620485E-03
   76.900000      1.292865720540E-02      3.926446695625E-03
   77.000000      1.366868235250E-02      4.168971856660E-03
   77.100000      1.470305592783E-02      4.510484129248E-03
   77.200000      1.587422494538E-02      4.899689862519E-03
   77.300000      1.700761097657E-02      5.275253844564E-03
   77.400000      1.793030821164E-02      5.576773200800E-03
   77.500000      1.849914177611E-02      5.754791609880E-03
   77.600000      1.862270140494E-02      5.777873632692E-03
   77.700000      1.826911034993E-02      5.635764921405E-03
   77.800000      1.746354204863E-02      5.338739978416E-03
   77.900000      1.627923193512E-02      4.914044055284E-03
   78.000000      1.482411429336E-02      4.400681010679E-03
   78.100000      1.322417991686E-02      3.843699800760E-03
   78.200000      1.160619243618E-02      3.288774206851E-03
   78.300000      1.008679336446E-02      2.777500008176E-03
   78.400000      8.769726416773E-03      2.343628619558E-03
   78.500000      7.739322077141E-03      2.010444512484E-03
   78.600000      7.046451078812E-03      1.789565177332E-03
   78.700000      6.705231323127E-03      1.681432880404E-03
   78.800000      6.702721464818E-03      1.677561776039E-03
   78.900000      7.006071244373E-03      1.764201933321E-03
   79.000000      7.563760494050E-03      1.926605624195E-03
   79.100000      8.312325124213E-03      2.152729387022E-03
   79.200000      9.196085073309E-03      2.435174374407E-03
   79.300000      1.018290460729E-02      2.770564837561E-03
   79.400000      1.126402458834E-02      3.156343553540E-03
   79.500000      1.244067412465E-02      3.585908705777E-03
   79.600000      1.370096139873E-02      4.043800569526E-03
   79.700000      1.499240418315E-02      4.502938890351E-03
   79.800000      1.620923944035E-02      4.925516845229E-03
   79.900000      1.721212165927E-02      5.268113985874E-03
   80.000000      1.786631193401E-02      5.490194075363E-03
   80.100000      1.807662959584E-02      5.563873511989E-03
   80.200000      1.781166497828E-02      5.482158273410E-03
   80.300000      1.711559071330E-02      5.263046651459E-03
   80.400000      1.610664417336E-02      4.947966060841E-03
   80.500000      1.496257297787E-02      4.594621160457E-03
   80.600000      1.389426924047E-02      4.265944507028E-03
   80.700000      1.310595941842E-02      4.017925184939E-03
   80.800000      1.273840618477E-02      3.889304127385E-03
   80.900000      1.282557369428E-02      3.895437736413E-03
   81.000000      1.330833020195E-02      4.027324710125E-03
   81.100000      1.407088426019E-02      4.255338640653E-03
   81.200000      1.496957878666E-02      4.536094026408E-03
   81.300000      1.585732951052E-02      4.820410774405E-03
   81.400000      1.660239628224E-02      5.060577390333E-03
   81.500000      1.709876764499E-02      5.215832163580E-03
   81.600000      1.726946869382E-02      5.255824226114E-03
   81.700000      1.706639204988E-02      5.162437412451E-03
   81.800000      1.646997826546E-02      4.930571046137E-03
   81.900000      1.549014683556E-02      4.568300391285E-03
   82.000000      1.416789263240E-02      4.096483299058E-03
   82.100000      1.257614889894E-02      3.547586989939E-03
   82.200000      1.081884495826E-02      2.963449846017E-03
   82.300000      9.027893465214E-03      2.391885480570E-03
   82.400000      7.358563431004E-03      1.882358817355E-03
   82.500000      5.983619756096E-03      1.481237804407E-03
   82.600000      5.082729697941E-03      1.227216245426E-03
   82.700000      4.807651399653E-03      1.147394054976E-03
   82.800000      5.211008686289E-03      1.254289699592E-03
   82.900000      6.229485837798E-03      1.543899647911E-03
   83.000000      7.737657939249E-03      1.994924722355E-03
   83.100000      9.575589964652E-03      2.569446398067E-03
   83.200000      1.155949774947E-02      3.215512510177E-03
   83.300000      1.349798117179E-02      3.872063774073E-03
   83.400000      1.521255362485E-02      4.476235544862E-03
   83.500000      1.655896273074E-02      4.972317191108E-03
   83.600000      1.744631460604E-02      5.320783657685E-03
   83.700000      1.785023455214E-02      5.505219913521E-03
   83.800000      1.781603862491E-02      5.535005542128E-03
   83.900000      1.744903720866E-02      5.442470163794E-03
   84.000000      1.689318816354E-02      5.274711435525E-03
   84.100000      1.630240917879E-02      5.081937259261E-03
   84.200000      1.580150983436E-02      4.905461212452E-03
   84.300000      1.544413080692E-02      4.768826617017E-03
   84.400000      1.520957674629E-02      4.674726225479E-03
   84.500000      1.503864330168E-02      4.608600210794E-03
   84.600000      1.486896234159E-02      4.547603442814E-03
   84.700000      1.465738632778E-02      4.471800716019E-03
   84.800000      1.439063894719E-02      4.373648366713E-03
   84.900000      1.409120115974E-02      4.262365655011E-03
   85.000000      1.381971861900E-02      4.161523147863E-03
   85.100000      1.366155329686E-02      4.100500520562E-03
   85.200000      1.369213815857E-02      4.102613210904E-03
   85.300000      1.393974598588E-02      4.173956727461E-03
   85.400000      1.436672479382E-02      4.296940949198E-03
   85.500000      1.485945611287E-02      4.431087582813E-03
   85.600000      1.524141127692E-02      4.521383519093E-03
   85.700000      1.532582274454E-02      4.512061623146E-03
   85.800000      1.497246925137E-02      4.361908687228E-03
   85.900000      1.412333042112E-02      4.056646790991E-03
   86.000000      1.281744062352E-02      3.614759219791E-03
   86.100000      1.118758660337E-02      3.085050531909E-03
   86.200000      9.440958942074E-03      2.536627442797E-03
   86.300000      7.826213926855E-03      2.044126370931E-03
   86.400000      6.585969112703E-03      1.672263135992E-03
   86.500000      5.896769246048E-03      1.463795627048E-03
   86.600000      5.826800121893E-03      1.433807451528E-03
   86.700000      6.329939159856E-03      1.571238293685E-03
   86.800000      7.275497516181E-03      1.846436139070E-03
   86.900000      8.502494674318E-03      2.221847675058E-03
   87.000000      9.869234109919E-03      2.662276166052E-03
   87.100000      1.127996291223E-02      3.141580069423E-03
   87.200000      1.268811052746E-02      3.644069087014E-03
   87.300000      1.408219105156E-02      4.160714636022E-03
   87.400000      1.546168730277E-02      4.682045649459E-03
   87.500000      1.681013509574E-02      5.190715615723E-03
   87.600000      1.807035099380E-02      5.656869878067E-03
   87.700000      1.913262438698E-02      6.038573539257E-03
   87.800000      1.985466145816E-02      6.287945785239E-03
   87.900000      2.010149101402E-02      6.361779396811E-03
   88.000000      1.978266315788E-02      6.233873277859E-03
   88.100000      1.888064808073E-02      5.905537901263E-03
   88.200000      1.746766128932E-02      5.410974994083E-03
   88.300000      1.570811132182E-02      4.815415328276E-03
   88.400000      1.384508636814E-02      4.205698631447E-03
   88.500000      1.216977313019E-02      3.674923094242E-03
   88.600000      1.097237354126E-02      3.304381627763E-03
   88.700000      1.048034596328E-02      3.146836103720E-03
   88.800000      1.078437949714E-02      3.215042108681E-03
   88.900000      1.176246518654E-02      3.478341525500E-03
   89.000000      1.313064033918E-02      3.868336689743E-03
   89.100000      1.455875110006E-02      4.292572556702E-03
   89.200000      1.574016988601E-02      4.653283610202E-03
   89.300000      1.643479375185E-02      4.867067809899E-03
   89.400000      1.649888448798E-02      4.881132822329E-03
   89.500000      1.590079825952E-02      4.682589010194E-03
   89.600000      1.472106937710E-02      4.298948203743E-03
   89.700000      1.313732095357E-02      3.790109829521E-03
   89.800000      1.139547116656E-02      3.234128633302E-03
   89.900000      9.763715973410E-03      2.710428856399E-03
   90.000000      8.462145839975E-03      2.284502520401E-03
   90.100000      7.612598565930E-03      1.997441953560E-03
   90.200000      7.243738302413E-03      1.862159532936E-03
   90.300000      7.306933046260E-03      1.866313412052E-03
   90.400000      7.705725194623E-03      1.980317001452E-03
   90.500000      8.328557130604E-03      2.167781414287E-03
   90.600000      9.070155381324E-03      2.395520054373E-03
   90.700000      9.845745159824E-03      2.640778077760E-03
   90.800000      1.060574797584E-02      2.894381418018E-03
   90.900000      1.134388252866E-02      3.159678133787E-03
   91.000000      1.209139011594E-02      3.448139306872E-03
   91.100000      1.290096813979E-02      3.773087380618E-03
   91.200000      1.382609472853E-02      4.143177167595E-03
   91.300000      1.489768475356E-02      4.557054880338E-03
   91.400000      1.609798054220E-02      5.000214597233E-03
   91.500000      1.734485961660E-02      5.444600557546E-03
   91.600000      1.851019315375E-02      5.851053771045E-03
   91.700000      1.945335047149E-02      6.174300296673E-03
   91.800000      2.004487216225E-02      6.369820202347E-03
   91.900000      2.018307213089E-02      6.401615217366E-03
   92.000000      1.980802321319E-02      6.249633175542E-03
   92.100000      1.891332570950E-02      5.915473334296E-03
   92.200000      1.755431399296E-02      5.425079313365E-03
   92.300000      1.585058614746E-02      4.827498112896E-03
   92.400000      1.398063388597E-02      4.189442102845E-03
   92.500000      1.216666044197E-02      3.586225500846E-03
   92.600000      1.064747485047E-02      3.090458055864E-03
   92.700000      9.638084377935E-03      2.760447036869E-03
   92.800000      9.282266903557E-03      2.630427324017E-03
   92.900000      9.607990432648E-03      2.704464537957E-03
   93.000000      1.050684806600E-02      2.955226304317E-03
   93.100000      1.176662348933E-02      3.327936605031E-03
   93.200000      1.312979274697E-02      3.748895145416E-03
   93.300000      1.434254111590E-02      4.137134375870E-03
   93.400000      1.518980889112E-02      4.417250967650E-03
   93.500000      1.551919275834E-02      4.531282906259E-03
   93.600000      1.525500346528E-02      4.447728154641E-03
   93.700000      1.440324533054E-02      4.166351621099E-03
   93.800000      1.304855787165E-02      3.718172579418E-03
   93.900000      1.134471165861E-02      3.160806261020E-03
   94.000000      9.500704260234E-03      2.570010603809E-03
   94.100000      7.763300784127E-03      2.028771320859E-03
   94.200000      6.392140732708E-03      1.615512856060E-03
   94.300000      5.619280744080E-03      1.393061985394E-03
   94.400000      5.600037419327E-03      1.399848797642E-03
   94.500000      6.385722257163E-03      1.644539838935E-03
   94.600000      7.894392171076E-03      2.104882327130E-03
   94.700000      9.898742738369E-03      2.731011827299E-03
   94.800000      1.211846264915E-02      3.452863474054E-03
   94.900000      1.429221023713E-02      4.190682186925E-03
   95.000000      1.620272956706E-02      4.867043482307E-03
   95.100000      1.769183447432E-02      5.418400054638E-03
   95.200000      1.867105897483E-02      5.804092592709E-03
   95.300000      1.912595382273E-02      6.011098902174E-03
   95.400000      1.911231221507E-02      6.053547283496E-03
   95.500000      1.874394199047E-02      5.967072861595E-03
   95.600000      1.817281436379E-02      5.799222251695E-03
   95.700000      1.756075074408E-02      5.598027962724E-03
   95.800000      1.703492077802E-02      5.401323218782E-03
   95.900000      1.664141916478E-02      5.229209383662E-03
   96.000000      1.634871602344E-02      5.081346411385E-03
   96.100000      1.607935469578E-02      4.939595214215E-03
   96.200000      1.573458692154E-02      4.775283566003E-03
   96.300000      1.521906032950E-02      4.559294759495E-03
   96.400000      1.446802995283E-02      4.272529683538E-03
   96.500000      1.347089522795E-02      3.914194772232E-03
   96.600000      1.228441420404E-02      3.505819479078E-03
   96.700000      1.103180729410E-02      3.089798004844E-03
   96.800000      9.886706280537E-03      2.722403380847E-03
   96.900000      9.043057060683E-03      2.462433855393E-03
   97.000000      8.675238967885E-03      2.357715593984E-03
   97.100000      8.896156862440E-03      2.432397976387E-03
   97.200000      9.704671945602E-03      2.678144501130E-03
   97.300000      1.093522976581E-02      3.051799208740E-03
   97.400000      1.231587276979E-02      3.480874523513E-03
   97.500000      1.355654535496E-02      3.876436736965E-03
   97.600000      1.440177267603E-02      4.151048678242E-03
   97.700000      1.467018912885E-02      4.237890839014E-03
   97.800000      1.428339758232E-02      4.106524695852E-03
   97.900000      1.328000690396E-02      3.771281356685E-03
   98.000000      1.181189329941E-02      3.289916130471E-03
   98.100000      1.012248916851E-02      2.752571146630E-03
   98.200000      8.511331425030E-03      2.263581353981E-03
   98.300000      7.292409515017E-03      1.920518231057E-03
   98.400000      6.751760022445E-03      1.795515003877E-03
   98.500000      7.090483085286E-03      1.923133446509E-03
   98.600000      8.305383315566E-03      2.297049142013E-03
   98.700000      1.015804313008E-02      2.875290501864E-03
   98.800000      1.234529327673E-02      3.591503097061E-03
   98.900000      1.459914951934E-02      4.368452131203E-03
   99.000000      1.671099639000E-02      5.130068447999E-03
   99.100000      1.853415478910E-02      5.809629731339E-03
   99.200000      1.997016420111E-02      6.353563527633E-03
   99.300000      2.094546033334E-02      6.722089316364E-03
   99.400000      2.140017128843E-02      6.888824738957E-03
   99.500000      2.129486556252E-02      6.841272182542E-03
   99.600000      2.062263435745E-02      6.582950115893E-03
   99.700000      1.942197810028E-02      6.136399765862E-03
   99.800000      1.778826190251E-02      5.545094257253E-03
   99.900000      1.587871964952E-02      4.871972659150E-03
  100.000000      1.390526315078E-02      4.193107842939E-03
