# M=20, N=10, max=1, V0=0.0, V=0.765, PBC
#  time (tJ)                S₁(ℓ=10)                S₂(ℓ=10)
    0.000000      1.344029514838E+00      1.023174538959E+00
    0.100000      1.345997657749E+00      1.023339118796E+00
    0.200000      1.350984208712E+00      1.023796359719E+00
    0.300000      1.357292514369E+00      1.024465132835E+00
    0.400000      1.363711646688E+00      1.025284057951E+00
    0.500000      1.369882266978E+00      1.026265180262E+00
    0.600000      1.376041986547E+00      1.027498487325E+00
    0.700000      1.382561454486E+00      1.029103628961E+00
    0.800000      1.389624171877E+00      1.031159645163E+00
    0.900000      1.397173679433E+00      1.033653728469E+00
    1.000000      1.405049891695E+00      1.036472962316E+00
    1.100000      1.413124542274E+00      1.039435054068E+00
    1.200000      1.421324634169E+00      1.042335489383E+00
    1.300000      1.429579865629E+00      1.044988165965E+00
    1.400000      1.437770247951E+00      1.047248965338E+00
    1.500000      1.445709655385E+00      1.049025003005E+00
    1.600000      1.453165458340E+00      1.050278197675E+00
    1.700000      1.459903895926E+00      1.051029869831E+00
    1.800000      1.465755203155E+00      1.051367747072E+00
    1.900000      1.470677306698E+00      1.051452005968E+00
    2.000000      1.474812853394E+00      1.051513879474E+00
    2.100000      1.478537620304E+00      1.051838568555E+00
    2.200000      1.482465936036E+00      1.052724715254E+00
    2.300000      1.487323200930E+00      1.054418284732E+00
    2.400000      1.493545847849E+00      1.057031023058E+00
    2.500000      1.500740409017E+00      1.060469388343E+00
    2.600000      1.507671109750E+00      1.064409588415E+00
    2.700000      1.512844491399E+00      1.068346730392E+00
    2.800000      1.515080025208E+00      1.071716575131E+00
    2.900000      1.513869782493E+00      1.074048001768E+00
    3.000000      1.509518630717E+00      1.075079018983E+00
    3.100000      1.503019690126E+00      1.074783269527E+00
    3.200000      1.495665748810E+00      1.073305713739E+00
    3.300000      1.488504327854E+00      1.070861111062E+00
    3.400000      1.481944506985E+00      1.067665166890E+00
    3.500000      1.475787461601E+00      1.063932903712E+00
    3.600000      1.469609466285E+00      1.059920253575E+00
    3.700000      1.463154443541E+00      1.055949480592E+00
    3.800000      1.456453652687E+00      1.052373791859E+00
    3.900000      1.449732242570E+00      1.049487664940E+00
    4.000000      1.443273236693E+00      1.047435219327E+00
    4.100000      1.437329905524E+00      1.046174484320E+00
    4.200000      1.432090080929E+00      1.045518660821E+00
    4.300000      1.427676761194E+00      1.045225123803E+00
    4.400000      1.424197005569E+00      1.045075302245E+00
    4.500000      1.421790392979E+00      1.044902337581E+00
    4.600000      1.420569140700E+00      1.044566934451E+00
    4.700000      1.420470926048E+00      1.043921859457E+00
    4.800000      1.421160819161E+00      1.042812402121E+00
    4.900000      1.422093419752E+00      1.041129752247E+00
    5.000000      1.422747690770E+00      1.038890142890E+00
    5.100000      1.422901051622E+00      1.036287380023E+00
    5.200000      1.422741864698E+00      1.033677748579E+00
    5.300000      1.422752114517E+00      1.031494724759E+00
    5.400000      1.423443616901E+00      1.030128694332E+00
    5.500000      1.425091862994E+00      1.029820780201E+00
    5.600000      1.427608827992E+00      1.030607081144E+00
    5.700000      1.430610063695E+00      1.032324154621E+00
    5.800000      1.433613803696E+00      1.034664576776E+00
    5.900000      1.436266198208E+00      1.037260493645E+00
    6.000000      1.438492422681E+00      1.039771926243E+00
    6.100000      1.440513702690E+00      1.041960380554E+00
    6.200000      1.442772048200E+00      1.043733514157E+00
    6.300000      1.445828686940E+00      1.045152433092E+00
    6.400000      1.450161614932E+00      1.046400406399E+00
    6.500000      1.455823589058E+00      1.047720750398E+00
    6.600000      1.462346492602E+00      1.049340738277E+00
    6.700000      1.469064230965E+00      1.051403829326E+00
    6.800000      1.475382905876E+00      1.053930285118E+00
    6.900000      1.480842299692E+00      1.056815673045E+00
    7.000000      1.485117117607E+00      1.059862496801E+00
    7.100000      1.487998329271E+00      1.062829788034E+00
    7.200000      1.489358936527E+00      1.065483678649E+00
    7.300000      1.489165094135E+00      1.067636941503E+00
    7.400000      1.487539770008E+00      1.069171508844E+00
    7.500000      1.484809406341E+00      1.070041912799E+00
    7.600000      1.481453654795E+00      1.070261396055E+00
    7.700000      1.477942091918E+00      1.069878122556E+00
    7.800000      1.474571951690E+00      1.068953003068E+00
    7.900000      1.471451001497E+00      1.067547431679E+00
    8.000000      1.468607037822E+00      1.065720106511E+00
    8.100000      1.466076214168E+00      1.063527233008E+00
    8.200000      1.463853145925E+00      1.061026536129E+00
    8.300000      1.461748085711E+00      1.058294004088E+00
    8.400000      1.459449838864E+00      1.055456272159E+00
    8.500000      1.456785263788E+00      1.052718726732E+00
    8.600000      1.453943746013E+00      1.050352555118E+00
    8.700000      1.451499499132E+00      1.048619950782E+00
    8.800000      1.450119101783E+00      1.047662968531E+00
    8.900000      1.450068280555E+00      1.047420498894E+00
    9.000000      1.450971406506E+00      1.047630658471E+00
    9.100000      1.452130091631E+00      1.047921721281E+00
    9.200000      1.453022222093E+00      1.047935367862E+00
    9.300000      1.453530041863E+00      1.047411332921E+00
    9.400000      1.453856914110E+00      1.046205474439E+00
    9.500000      1.454266244087E+00      1.044274773294E+00
    9.600000      1.454800083119E+00      1.041684968624E+00
    9.700000      1.455195285035E+00      1.038657511939E+00
    9.800000      1.455122044712E+00      1.035609209662E+00
    9.900000      1.454494976459E+00      1.033113322786E+00
   10.000000      1.453569740357E+00      1.031754833807E+00
   10.100000      1.452770958805E+00      1.031932156745E+00
   10.200000      1.452411924124E+00      1.033707224121E+00
   10.300000      1.452564817676E+00      1.036786145530E+00
   10.400000      1.453179038560E+00      1.040639080982E+00
   10.500000      1.454277601555E+00      1.044692439491E+00
   10.600000      1.456054636941E+00      1.048497281670E+00
   10.700000      1.458789445056E+00      1.051808213954E+00
   10.800000      1.462624756803E+00      1.054568922794E+00
   10.900000      1.467398025588E+00      1.056847895265E+00
   11.000000      1.472651398471E+00      1.058774047986E+00
   11.100000      1.477795922879E+00      1.060495943594E+00
   11.200000      1.482313608552E+00      1.062158831257E+00
   11.300000      1.485878590914E+00      1.063882480443E+00
   11.400000      1.488345455193E+00      1.065731366379E+00
   11.500000      1.489648897397E+00      1.067684922699E+00
   11.600000      1.489719853452E+00      1.069625622833E+00
   11.700000      1.488500458378E+00      1.071359667135E+00
   11.800000      1.486052371991E+00      1.072670351214E+00
   11.900000      1.482676015364E+00      1.073385464845E+00
   12.000000      1.478924575834E+00      1.073428378258E+00
   12.100000      1.475431514633E+00      1.072827042076E+00
   12.200000      1.472625074559E+00      1.071676408346E+00
   12.300000      1.470566297718E+00      1.070076350728E+00
   12.400000      1.469024660485E+00      1.068082000446E+00
   12.500000      1.467663417259E+00      1.065696155172E+00
   12.600000      1.466205962768E+00      1.062908095613E+00
   12.700000      1.464529719396E+00      1.059755231909E+00
   12.800000      1.462670795585E+00      1.056370124545E+00
   12.900000      1.460765511637E+00      1.052983281365E+00
   13.000000      1.458979989229E+00      1.049876339202E+00
   13.100000      1.457458405297E+00      1.047306191232E+00
   13.200000      1.456281287206E+00      1.045433838019E+00
   13.300000      1.455426096724E+00      1.044286341087E+00
   13.400000      1.454759984959E+00      1.043761310512E+00
   13.500000      1.454112330094E+00      1.043662828158E+00
   13.600000      1.453394085064E+00      1.043747238950E+00
   13.700000      1.452656071301E+00      1.043761457154E+00
   13.800000      1.452040569944E+00      1.043470269003E+00
   13.900000      1.451676960832E+00      1.042681437753E+00
   14.000000      1.451602099927E+00      1.041279039067E+00
   14.100000      1.451745287215E+00      1.039265505771E+00
   14.200000      1.451960484949E+00      1.036798778795E+00
   14.300000      1.452106513693E+00      1.034202825777E+00
   14.400000      1.452160498491E+00      1.031933769057E+00
   14.500000      1.452266758732E+00      1.030498972449E+00
   14.600000      1.452666077031E+00      1.030345729642E+00
   14.700000      1.453548234724E+00      1.031750810356E+00
   14.800000      1.454943721671E+00      1.034745430775E+00
   14.900000      1.456738079947E+00      1.039100298560E+00
   15.000000      1.458767035699E+00      1.044375511170E+00
   15.100000      1.460890606331E+00      1.050017768260E+00
   15.200000      1.463015129044E+00      1.055472004644E+00
   15.300000      1.465083015216E+00      1.060273491673E+00
   15.400000      1.467022906078E+00      1.064100319455E+00
   15.500000      1.468691569780E+00      1.066786929498E+00
   15.600000      1.469873562984E+00      1.068314358806E+00
   15.700000      1.470332176925E+00      1.068793485716E+00
   15.800000      1.469911043608E+00      1.068445959148E+00
   15.900000      1.468650745797E+00      1.067574994202E+00
   16.000000      1.466829888647E+00      1.066516420967E+00
   16.100000      1.464903791941E+00      1.065571824196E+00
   16.200000      1.463351921111E+00      1.064941761906E+00
   16.300000      1.462387782409E+00      1.064685038255E+00
   16.400000      1.461814779850E+00      1.064722461029E+00
   16.500000      1.461308741569E+00      1.064883696936E+00
   16.600000      1.460666688473E+00      1.064975183048E+00
   16.700000      1.459897559322E+00      1.064837862585E+00
   16.800000      1.459198528566E+00      1.064371463291E+00
   16.900000      1.458849418647E+00      1.063522516671E+00
   17.000000      1.459083514917E+00      1.062254049359E+00
   17.100000      1.459973157448E+00      1.060523694926E+00
   17.200000      1.461348905117E+00      1.058289458361E+00
   17.300000      1.462804301843E+00      1.055543893509E+00
   17.400000      1.463849944152E+00      1.052358932785E+00
   17.500000      1.464159306811E+00      1.048914849723E+00
   17.600000      1.463740161184E+00      1.045491881930E+00
   17.700000      1.462920177181E+00      1.042419146173E+00
   17.800000      1.462155482632E+00      1.039995126509E+00
   17.900000      1.461777039307E+00      1.038408493772E+00
   18.000000      1.461845327569E+00      1.037690778161E+00
   18.100000      1.462211151305E+00      1.037721193640E+00
   18.200000      1.462718525403E+00      1.038281761637E+00
   18.300000      1.463389397102E+00      1.039136762701E+00
   18.400000      1.464448706261E+00      1.040097809197E+00
   18.500000      1.466165952406E+00      1.041045618779E+00
   18.600000      1.468659931322E+00      1.041910487377E+00
   18.700000      1.471795884346E+00      1.042646561480E+00
   18.800000      1.475176170105E+00      1.043243155261E+00
   18.900000      1.478282928071E+00      1.043785428903E+00
   19.000000      1.480794625260E+00      1.044523002832E+00
   19.100000      1.482904734867E+00      1.045870865719E+00
   19.200000      1.485393474238E+00      1.048290004117E+00
   19.300000      1.489223552985E+00      1.052072398039E+00
   19.400000      1.494562876585E+00      1.057136209833E+00
   19.500000      1.500236862869E+00      1.062960355765E+00
   19.600000      1.504491731764E+00      1.068725443388E+00
   19.700000      1.505957898888E+00      1.073608100917E+00
   19.800000      1.504184587275E+00      1.077072482495E+00
   19.900000      1.499760097571E+00      1.078996551249E+00
   20.000000      1.493994660607E+00      1.079580698486E+00
   20.100000      1.488275392282E+00      1.079133823612E+00
   20.200000      1.483422991552E+00      1.077899645336E+00
   20.300000      1.479451350605E+00      1.076025582151E+00
   20.400000      1.475900901279E+00      1.073649134157E+00
   20.500000      1.472393773523E+00      1.070990321284E+00
   20.600000      1.468917183071E+00      1.068355209747E+00
   20.700000      1.465739701772E+00      1.066045655872E+00
   20.800000      1.463128720444E+00      1.064248458638E+00
   20.900000      1.461067279010E+00      1.062981832926E+00
   21.000000      1.459258719764E+00      1.062120284497E+00
   21.100000      1.457373484233E+00      1.061460545712E+00
   21.200000      1.455173814314E+00      1.060777945523E+00
   21.300000      1.452511221359E+00      1.059852024100E+00
   21.400000      1.449328491372E+00      1.058474867908E+00
   21.500000      1.445734282119E+00      1.056464372438E+00
   21.600000      1.442105189171E+00      1.053689114092E+00
   21.700000      1.439040755593E+00      1.050095754928E+00
   21.800000      1.436971641870E+00      1.045730103133E+00
   21.900000      1.435657615450E+00      1.040752102548E+00
   22.000000      1.434335577650E+00      1.035446147972E+00
   22.100000      1.432408602949E+00      1.030217153762E+00
   22.200000      1.429893673197E+00      1.025553874889E+00
   22.300000      1.427403715177E+00      1.021949540735E+00
   22.400000      1.425792439276E+00      1.019794392342E+00
   22.500000      1.425654385214E+00      1.019277283791E+00
   22.600000      1.426981069054E+00      1.020336645990E+00
   22.700000      1.429259568082E+00      1.022682006283E+00
   22.800000      1.431894889089E+00      1.025877463314E+00
   22.900000      1.434597486667E+00      1.029454130354E+00
   23.000000      1.437508079821E+00      1.033011068163E+00
   23.100000      1.441035492040E+00      1.036275915842E+00
   23.200000      1.445520981514E+00      1.039119702733E+00
   23.300000      1.450938665544E+00      1.041541285516E+00
   23.400000      1.456874519847E+00      1.043643295171E+00
   23.500000      1.462781990123E+00      1.045611235615E+00
   23.600000      1.468262145145E+00      1.047690232079E+00
   23.700000      1.473198840639E+00      1.050144510844E+00
   23.800000      1.477727555344E+00      1.053191591103E+00
   23.900000      1.482079215692E+00      1.056922744536E+00
   24.000000      1.486365132725E+00      1.061240441482E+00
   24.100000      1.490383199398E+00      1.065848444538E+00
   24.200000      1.493610359763E+00      1.070314400306E+00
   24.300000      1.495480593762E+00      1.074192415794E+00
   24.400000      1.495728932430E+00      1.077158663680E+00
   24.500000      1.494621683432E+00      1.079096989795E+00
   24.600000      1.492982161568E+00      1.080089536952E+00
   24.700000      1.491928586644E+00      1.080316536710E+00
   24.800000      1.492347565979E+00      1.079923474695E+00
   24.900000      1.494339103648E+00      1.078937794944E+00
   25.000000      1.497071796744E+00      1.077291108671E+00
   25.100000      1.499229838542E+00      1.074936736254E+00
   25.200000      1.499667026023E+00      1.071984984162E+00
   25.300000      1.497852419759E+00      1.068757034228E+00
   25.400000      1.493976268658E+00      1.065705066190E+00
   25.500000      1.488753756578E+00      1.063234065729E+00
   25.600000      1.483064785768E+00      1.061527400228E+00
   25.700000      1.477586945601E+00      1.060475478582E+00
   25.800000      1.472582083594E+00      1.059738620105E+00
   25.900000      1.467990967808E+00      1.058892075259E+00
   26.000000      1.463746363102E+00      1.057561663379E+00
   26.100000      1.459935788413E+00      1.055487700611E+00
   26.200000      1.456642708616E+00      1.052524363802E+00
   26.300000      1.453707847991E+00      1.048631099248E+00
   26.400000      1.450745553718E+00      1.043901616730E+00
   26.500000      1.447429466107E+00      1.038619149881E+00
   26.600000      1.443780446202E+00      1.033278897435E+00
   26.700000      1.440232366888E+00      1.028524390522E+00
   26.800000      1.437439487799E+00      1.024999411138E+00
   26.900000      1.435957187736E+00      1.023175073240E+00
   27.000000      1.435999514597E+00      1.023229016704E+00
   27.100000      1.437379568639E+00      1.025023433565E+00
   27.200000      1.439611783515E+00      1.028177442488E+00
   27.300000      1.442113984162E+00      1.032190191620E+00
   27.400000      1.444419331765E+00      1.036561671437E+00
   27.500000      1.446318054618E+00      1.040875597609E+00
   27.600000      1.447907236927E+00      1.044836322711E+00
   27.700000      1.449552684068E+00      1.048272022343E+00
   27.800000      1.451729405138E+00      1.051121670301E+00
   27.900000      1.454747040785E+00      1.053417539024E+00
   28.000000      1.458585934826E+00      1.055266740600E+00
   28.100000      1.462939684154E+00      1.056830100907E+00
   28.200000      1.467300897922E+00      1.058295062678E+00
   28.300000      1.471115862818E+00      1.059840478515E+00
   28.400000      1.473975428847E+00      1.061595265371E+00
   28.500000      1.475694663431E+00      1.063599886164E+00
   28.600000      1.476284452636E+00      1.065786201086E+00
   28.700000      1.475936542824E+00      1.067990608753E+00
   28.800000      1.475052942552E+00      1.070002382693E+00
   28.900000      1.474218797126E+00      1.071627714468E+00
   29.000000      1.474014842934E+00      1.072735320595E+00
   29.100000      1.474789335561E+00      1.073257444069E+00
   29.200000      1.476604038089E+00      1.073150786078E+00
   29.300000      1.479216965689E+00      1.072354218495E+00
   29.400000      1.482060650848E+00      1.070786967837E+00
   29.500000      1.484372277397E+00      1.068402941126E+00
   29.600000      1.485454613265E+00      1.065272322018E+00
   29.700000      1.484907588624E+00      1.061633687777E+00
   29.800000      1.482713914164E+00      1.057871021650E+00
   29.900000      1.479152584180E+00      1.054413512438E+00
   30.000000      1.474611136994E+00      1.051601602842E+00
   30.100000      1.469427042855E+00      1.049580696404E+00
   30.200000      1.463854918701E+00      1.048266526896E+00
   30.300000      1.458142491410E+00      1.047388739891E+00
   30.400000      1.452602915252E+00      1.046585296403E+00
   30.500000      1.447579921185E+00      1.045506232638E+00
   30.600000      1.443287922691E+00      1.043893339550E+00
   30.700000      1.439678336258E+00      1.041622697272E+00
   30.800000      1.436563260931E+00      1.038715662588E+00
   30.900000      1.433798959025E+00      1.035331239836E+00
   31.000000      1.431311806938E+00      1.031748408684E+00
   31.100000      1.429100915698E+00      1.028338210275E+00
   31.200000      1.427315004171E+00      1.025520780061E+00
   31.300000      1.426310749967E+00      1.023705823205E+00
   31.400000      1.426498835876E+00      1.023223565302E+00
   31.500000      1.427964982343E+00      1.024260976125E+00
   31.600000      1.430328539126E+00      1.026820313920E+00
   31.700000      1.432994389337E+00      1.030712712017E+00
   31.800000      1.435450858902E+00      1.035590653216E+00
   31.900000      1.437472421403E+00      1.041012777267E+00
   32.000000      1.439161043495E+00      1.046525091413E+00
   32.100000      1.440804305578E+00      1.051736629254E+00
   32.200000      1.442671095039E+00      1.056367985490E+00
   32.300000      1.444916118181E+00      1.060260646526E+00
   32.400000      1.447594983528E+00      1.063352153085E+00
   32.500000      1.450675600947E+00      1.065638714725E+00
   32.600000      1.454032332404E+00      1.067151853924E+00
   32.700000      1.457483835082E+00      1.067963519506E+00
   32.800000      1.460878783000E+00      1.068211022252E+00
   32.900000      1.464173853022E+00      1.068114367540E+00
   33.000000      1.467455931206E+00      1.067958338286E+00
   33.100000      1.470889808257E+00      1.068032393659E+00
   33.200000      1.474607127775E+00      1.068550344294E+00
   33.300000      1.478627237922E+00      1.069588806442E+00
   33.400000      1.482895307945E+00      1.071075175068E+00
   33.500000      1.487369225230E+00      1.072825662258E+00
   33.600000      1.492054964615E+00      1.074601800745E+00
   33.700000      1.496957400834E+00      1.076144486364E+00
   33.800000      1.501958089726E+00      1.077169223972E+00
   33.900000      1.506666302257E+00      1.077349388445E+00
   34.000000      1.510372915626E+00      1.076340855714E+00
   34.100000      1.512236162027E+00      1.073882457011E+00
   34.200000      1.511659062138E+00      1.069946685215E+00
   34.300000      1.508668452864E+00      1.064855763631E+00
   34.400000      1.504089005005E+00      1.059270966483E+00
   34.500000      1.499349652096E+00      1.054024680910E+00
   34.600000      1.495791497741E+00      1.049856716655E+00
   34.700000      1.493744328106E+00      1.047175122081E+00
   34.800000      1.492458944583E+00      1.045950409265E+00
   34.900000      1.490944484649E+00      1.045782473331E+00
   35.000000      1.488648527207E+00      1.046094045555E+00
   35.100000      1.485664690163E+00      1.046348803682E+00
   35.200000      1.482532120893E+00      1.046195374118E+00
   35.300000      1.479809859824E+00      1.045497305106E+00
   35.400000      1.477720155018E+00      1.044283850458E+00
   35.500000      1.476070456660E+00      1.042693932214E+00
   35.600000      1.474477509710E+00      1.040960884630E+00
   35.700000      1.472710484442E+00      1.039423695025E+00
   35.800000      1.470904080227E+00      1.038507081085E+00
   35.900000      1.469476100539E+00      1.038627616804E+00
   36.000000      1.468767119207E+00      1.040045588972E+00
   36.100000      1.468680960331E+00      1.042739736849E+00
   36.200000      1.468694970525E+00      1.046385201947E+00
   36.300000      1.468234030812E+00      1.050458355390E+00
   36.400000      1.467030791964E+00      1.054416217009E+00
   36.500000      1.465206812727E+00      1.057857388161E+00
   36.600000      1.463106159565E+00      1.060593018788E+00
   36.700000      1.461087126899E+00      1.062619242189E+00
   36.800000      1.459428235238E+00      1.064036341047E+00
   36.900000      1.458318294614E+00      1.064970163902E+00
   37.000000      1.457839215085E+00      1.065525649009E+00
   37.100000      1.457921391368E+00      1.065772973563E+00
   37.200000      1.458336731853E+00      1.065754941299E+00
   37.300000      1.458803889355E+00      1.065505713252E+00
   37.400000      1.459181951246E+00      1.065072109586E+00
   37.500000      1.459606972838E+00      1.064526097058E+00
   37.600000      1.460410425836E+00      1.063958924331E+00
   37.700000      1.461839403362E+00      1.063458393318E+00
   37.800000      1.463804694278E+00      1.063082775726E+00
   37.900000      1.465869346386E+00      1.062845649243E+00
   38.000000      1.467478005516E+00      1.062714523297E+00
   38.100000      1.468199149339E+00      1.062614882191E+00
   38.200000      1.467841384681E+00      1.062431579061E+00
   38.300000      1.466480412700E+00      1.062009181329E+00
   38.400000      1.464425983549E+00      1.061160273912E+00
   38.500000      1.462097275723E+00      1.059689314736E+00
   38.600000      1.459833522564E+00      1.057433704066E+00
   38.700000      1.457775147876E+00      1.054319152638E+00
   38.800000      1.455916926182E+00      1.050420983261E+00
   38.900000      1.454275127060E+00      1.046011410627E+00
   39.000000      1.452995073953E+00      1.041560413926E+00
   39.100000      1.452292394265E+00      1.037661578941E+00
   39.200000      1.452303787037E+00      1.034884889806E+00
   39.300000      1.453028322279E+00      1.033602832358E+00
   39.400000      1.454340514358E+00      1.033863801113E+00
   39.500000      1.455973208935E+00      1.035374651208E+00
   39.600000      1.457535573200E+00      1.037605208967E+00
   39.700000      1.458652281300E+00      1.039968509002E+00
   39.800000      1.459170993897E+00      1.041995824446E+00
   39.900000      1.459256980085E+00      1.043436269741E+00
   40.000000      1.459283788683E+00      1.044259240063E+00
   40.100000      1.459599846327E+00      1.044590869623E+00
   40.200000      1.460322472584E+00      1.044638652974E+00
   40.300000      1.461299289141E+00      1.044642286020E+00
   40.400000      1.462256492697E+00      1.044853446327E+00
   40.500000      1.463003478624E+00      1.045521586299E+00
   40.600000      1.463566328268E+00      1.046862505686E+00
   40.700000      1.464185809848E+00      1.049006328699E+00
   40.800000      1.465179981102E+00      1.051944161910E+00
   40.900000      1.466735107418E+00      1.055502651996E+00
   41.000000      1.468751156426E+00      1.059367613424E+00
   41.100000      1.470887376697E+00      1.063156500532E+00
   41.200000      1.472794338854E+00      1.066515151684E+00
   41.300000      1.474356187893E+00      1.069199283439E+00
   41.400000      1.475783446927E+00      1.071105640458E+00
   41.500000      1.477511747670E+00      1.072242726623E+00
   41.600000      1.479945799119E+00      1.072664726393E+00
   41.700000      1.483142870311E+00      1.072413995171E+00
   41.800000      1.486722721821E+00      1.071511307190E+00
   41.900000      1.490073541618E+00      1.069999861885E+00
   42.000000      1.492597742004E+00      1.068008877121E+00
   42.100000      1.493867588782E+00      1.065783292075E+00
   42.200000      1.493689084115E+00      1.063643936843E+00
   42.300000      1.492089866440E+00      1.061887594567E+00
   42.400000      1.489231647126E+00      1.060677420205E+00
   42.500000      1.485297339281E+00      1.059982230582E+00
   42.600000      1.480449291304E+00      1.059593816364E+00
   42.700000      1.474884315859E+00      1.059206595510E+00
   42.800000      1.468906880417E+00      1.058514355515E+00
   42.900000      1.462909723945E+00      1.057281762021E+00
   43.000000      1.457245224031E+00      1.055375936400E+00
   43.100000      1.452126613507E+00      1.052770742876E+00
   43.200000      1.447670544073E+00      1.049543271860E+00
   43.300000      1.443999265168E+00      1.045869297159E+00
   43.400000      1.441251900927E+00      1.042009706931E+00
   43.500000      1.439448347896E+00      1.038278113959E+00
   43.600000      1.438333187130E+00      1.034990697477E+00
   43.700000      1.437458014031E+00      1.032411216383E+00
   43.800000      1.436454696573E+00      1.030707460031E+00
   43.900000      1.435193492648E+00      1.029930020357E+00
   44.000000      1.433708022090E+00      1.030016034916E+00
   44.100000      1.432052999468E+00      1.030814070649E+00
   44.200000      1.430262506601E+00      1.032122240880E+00
   44.300000      1.428348547671E+00      1.033729219015E+00
   44.400000      1.426291707273E+00      1.035447613880E+00
   44.500000      1.424077665681E+00      1.037132529277E+00
   44.600000      1.421794910744E+00      1.038684682134E+00
   44.700000      1.419690718673E+00      1.040044254173E+00
   44.800000      1.418141590048E+00      1.041184807059E+00
   44.900000      1.417540614985E+00      1.042113867747E+00
   45.000000      1.418131514878E+00      1.042879388927E+00
   45.100000      1.419881455654E+00      1.043573712455E+00
   45.200000      1.422526796961E+00      1.044324390789E+00
   45.300000      1.425745145342E+00      1.045267076569E+00
   45.400000      1.429287783021E+00      1.046507073661E+00
   45.500000      1.433002718103E+00      1.048085549133E+00
   45.600000      1.436796899276E+00      1.049966156386E+00
   45.700000      1.440640510109E+00      1.052046538795E+00
   45.800000      1.444619481761E+00      1.054184502799E+00
   45.900000      1.448927663054E+00      1.056222172675E+00
   46.000000      1.453752866347E+00      1.057998794488E+00
   46.100000      1.459125258237E+00      1.059357662850E+00
   46.200000      1.464849739689E+00      1.060161145700E+00
   46.300000      1.470590275725E+00      1.060321152784E+00
   46.400000      1.476027659399E+00      1.059835511065E+00
   46.500000      1.480924446137E+00      1.058808535501E+00
   46.600000      1.485027433871E+00      1.057438286291E+00
   46.700000      1.487962442779E+00      1.055971262258E+00
   46.800000      1.489289921165E+00      1.054643486605E+00
   46.900000      1.488668175935E+00      1.053631791369E+00
   47.000000      1.486027225715E+00      1.053028773715E+00
   47.100000      1.481705776035E+00      1.052838982313E+00
   47.200000      1.476495967057E+00      1.052984744829E+00
   47.300000      1.471515637536E+00      1.053313461648E+00
   47.400000      1.467844040526E+00      1.053609626800E+00
   47.500000      1.465904707239E+00      1.053622946872E+00
   47.600000      1.465063137808E+00      1.053119320206E+00
   47.700000      1.464187752411E+00      1.051945135748E+00
   47.800000      1.462452561443E+00      1.050079914637E+00
   47.900000      1.459604612917E+00      1.047652430296E+00
   48.000000      1.455863420970E+00      1.044914012392E+00
   48.100000      1.451687414285E+00      1.042185790505E+00
   48.200000      1.447544719901E+00      1.039804727323E+00
   48.300000      1.443782158376E+00      1.038080325758E+00
   48.400000      1.440607405429E+00      1.037254254399E+00
   48.500000      1.438088286602E+00      1.037450701727E+00
   48.600000      1.436114594608E+00      1.038623815424E+00
   48.700000      1.434389284827E+00      1.040533942579E+00
   48.800000      1.432518836589E+00      1.042788661885E+00
   48.900000      1.430199086630E+00      1.044953469577E+00
   49.000000      1.427406060167E+00      1.046687285057E+00
   49.100000      1.424460606911E+00      1.047830096341E+00
   49.200000      1.421893159843E+00      1.048394990654E+00
   49.300000      1.420184448850E+00      1.048482540220E+00
   49.400000      1.419575388086E+00      1.048190023884E+00
   49.500000      1.420081104631E+00      1.047584083885E+00
   49.600000      1.421659652134E+00      1.046745471781E+00
   49.700000      1.424337130841E+00      1.045829948951E+00
   49.800000      1.428129558061E+00      1.045075769957E+00
   49.900000      1.432843529036E+00      1.044736150000E+00
   50.000000      1.438017667196E+00      1.044980981202E+00
   50.100000      1.443111081667E+00      1.045838038151E+00
   50.200000      1.447803312149E+00      1.047210060990E+00
   50.300000      1.452203529539E+00      1.048942779057E+00
   50.400000      1.456815036148E+00      1.050883209396E+00
   50.500000      1.462206514399E+00      1.052885633388E+00
   50.600000      1.468422090404E+00      1.054775825213E+00
   50.700000      1.474687188636E+00      1.056324851340E+00
   50.800000      1.479895056549E+00      1.057277628416E+00
   50.900000      1.483137086013E+00      1.057435401606E+00
   51.000000      1.484043860282E+00      1.056745139102E+00
   51.100000      1.482924032399E+00      1.055339849873E+00
   51.200000      1.480662271078E+00      1.053506188579E+00
   51.300000      1.478257640423E+00      1.051600030215E+00
   51.400000      1.476215786799E+00      1.049953082823E+00
   51.500000      1.474623232528E+00      1.048804748945E+00
   51.600000      1.473485642826E+00      1.048270099036E+00
   51.700000      1.472713211497E+00      1.048337997053E+00
   51.800000      1.472036577860E+00      1.048889781237E+00
   51.900000      1.471082760650E+00      1.049731405336E+00
   52.000000      1.469546027386E+00      1.050632618143E+00
   52.100000      1.467337960694E+00      1.051365313498E+00
   52.200000      1.464576582481E+00      1.051734237741E+00
   52.300000      1.461386825563E+00      1.051598451432E+00
   52.400000      1.457698207784E+00      1.050887052714E+00
   52.500000      1.453279699468E+00      1.049612235127E+00
   52.600000      1.447998755493E+00      1.047876576772E+00
   52.700000      1.442015301335E+00      1.045865639730E+00
   52.800000      1.435774497301E+00      1.043818433679E+00
   52.900000      1.429838792277E+00      1.041978183081E+00
   53.000000      1.424622132479E+00      1.040537890321E+00
   53.100000      1.420163088583E+00      1.039600701435E+00
   53.200000      1.416144594148E+00      1.039169612787E+00
   53.300000      1.412133483669E+00      1.039167487372E+00
   53.400000      1.407894280497E+00      1.039474753693E+00
   53.500000      1.403621416071E+00      1.039966499797E+00
   53.600000      1.399952881085E+00      1.040535457879E+00
   53.700000      1.397724700999E+00      1.041097895144E+00
   53.800000      1.397573219300E+00      1.041587827886E+00
   53.900000      1.399621233884E+00      1.041947211297E+00
   54.000000      1.403473777022E+00      1.042118389724E+00
   54.100000      1.408466957747E+00      1.042044648484E+00
   54.200000      1.413932257003E+00      1.041684996403E+00
   54.300000      1.419363393890E+00      1.041045042167E+00
   54.400000      1.424486762761E+00      1.040213976641E+00
   54.500000      1.429268655783E+00      1.039384572785E+00
   54.600000      1.433872920856E+00      1.038831909697E+00
   54.700000      1.438554076796E+00      1.038844816417E+00
   54.800000      1.443522707886E+00      1.039633371466E+00
   54.900000      1.448865212832E+00      1.041255405359E+00
   55.000000      1.454549481856E+00      1.043598193916E+00
   55.100000      1.460493150893E+00      1.046420511039E+00
   55.200000      1.466621301669E+00      1.049425965183E+00
   55.300000      1.472836057382E+00      1.052326345759E+00
   55.400000      1.478926892036E+00      1.054873169479E+00
   55.500000      1.484542038281E+00      1.056870275804E+00
   55.600000      1.489277418362E+00      1.058198376299E+00
   55.700000      1.492883702967E+00      1.058864276464E+00
   55.800000      1.495521170752E+00      1.059046753167E+00
   55.900000      1.497857167336E+00      1.059086965022E+00
   56.000000      1.500780854852E+00      1.059393416351E+00
   56.100000      1.504771122040E+00      1.060288832030E+00
   56.200000      1.509444406004E+00      1.061873593662E+00
   56.300000      1.513749297178E+00      1.063978772745E+00
   56.400000      1.516518980514E+00      1.066232100357E+00
   56.500000      1.516919305969E+00      1.068198558118E+00
   56.600000      1.514660404899E+00      1.069523806352E+00
   56.700000      1.509987340160E+00      1.070019370707E+00
   56.800000      1.503515306267E+00      1.069668954971E+00
   56.900000      1.496016452040E+00      1.068576141559E+00
   57.000000      1.488216626632E+00      1.066893365325E+00
   57.100000      1.480627682007E+00      1.064767437341E+00
   57.200000      1.473471916855E+00      1.062318552151E+00
   57.300000      1.466719152459E+00      1.059649999740E+00
   57.400000      1.460214130322E+00      1.056872359117E+00
   57.500000      1.453822467034E+00      1.054121711949E+00
   57.600000      1.447503342669E+00      1.051556483217E+00
   57.700000      1.441297114220E+00      1.049329590326E+00
   57.800000      1.435292194258E+00      1.047546643092E+00
   57.900000      1.429611671253E+00      1.046230170535E+00
   58.000000      1.424414425658E+00      1.045308559556E+00
   58.100000      1.419893761714E+00      1.044635836921E+00
   58.200000      1.416256312079E+00      1.044031082859E+00
   58.300000      1.413681267012E+00      1.043315587922E+00
   58.400000      1.412265060587E+00      1.042330872959E+00
   58.500000      1.411963612522E+00      1.040939595064E+00
   58.600000      1.412550879866E+00      1.039030017130E+00
   58.700000      1.413613925307E+00      1.036546061869E+00
   58.800000      1.414629504001E+00      1.033543706597E+00
   58.900000      1.415185250015E+00      1.030244494483E+00
   59.000000      1.415241153731E+00      1.027042844183E+00
   59.100000      1.415161918129E+00      1.024440914724E+00
   59.200000      1.415499737842E+00      1.022924262279E+00
   59.300000      1.416672640584E+00      1.022826415239E+00
   59.400000      1.418756234596E+00      1.024237679962E+00
   59.500000      1.421533561173E+00      1.026990852976E+00
   59.600000      1.424699466210E+00      1.030720834897E+00
   59.700000      1.428056978148E+00      1.034967161995E+00
   59.800000      1.431565307170E+00      1.039279835786E+00
   59.900000      1.435303508623E+00      1.043298366745E+00
   60.000000      1.439481235664E+00      1.046792042679E+00
   60.100000      1.444410785262E+00      1.049665516997E+00
   60.200000      1.450333291563E+00      1.051941892681E+00
   60.300000      1.457195270100E+00      1.053735277616E+00
   60.400000      1.464603041425E+00      1.055219722103E+00
   60.500000      1.471996815504E+00      1.056595990736E+00
   60.600000      1.478864487384E+00      1.058055300143E+00
   60.700000      1.484844500191E+00      1.059741229303E+00
   60.800000      1.489692184710E+00      1.061715911307E+00
   60.900000      1.493194616760E+00      1.063940670316E+00
   61.000000      1.495154922070E+00      1.066280724369E+00
   61.100000      1.495468657656E+00      1.068536955515E+00
   61.200000      1.494221880568E+00      1.070497136874E+00
   61.300000      1.491734045261E+00      1.071989461820E+00
   61.400000      1.488497609538E+00      1.072918346925E+00
   61.500000      1.485032088347E+00      1.073269066068E+00
   61.600000      1.481743443955E+00      1.073081486709E+00
   61.700000      1.478865491807E+00      1.072407340649E+00
   61.800000      1.476471923517E+00      1.071272848139E+00
   61.900000      1.474500303259E+00      1.069665529485E+00
   62.000000      1.472759786342E+00      1.067552312897E+00
   62.100000      1.470963870063E+00      1.064920998506E+00
   62.200000      1.468834628403E+00      1.061825278880E+00
   62.300000      1.466240065301E+00      1.058410089541E+00
   62.400000      1.463286892415E+00      1.054901201168E+00
   62.500000      1.460312601178E+00      1.051558419041E+00
   62.600000      1.457759553880E+00      1.048609037910E+00
   62.700000      1.455951751691E+00      1.046188851091E+00
   62.800000      1.454888201045E+00      1.044315535671E+00
   62.900000      1.454244139081E+00      1.042903226882E+00
   63.000000      1.453623300165E+00      1.041805346354E+00
   63.100000      1.452851358570E+00      1.040858809529E+00
   63.200000      1.452076551739E+00      1.039907860577E+00
   63.300000      1.451603785979E+00      1.038808827189E+00
   63.400000      1.451570068315E+00      1.037441015909E+00
   63.500000      1.451783648599E+00      1.035750934638E+00
   63.600000      1.451894609510E+00      1.033827921215E+00
   63.700000      1.451658512051E+00      1.031966982637E+00
   63.800000      1.451100368205E+00      1.030655657675E+00
   63.900000      1.450518555277E+00      1.030451443989E+00
   64.000000      1.450324540113E+00      1.031782477750E+00
   64.100000      1.450828728763E+00      1.034761598397E+00
   64.200000      1.452125335785E+00      1.039110167671E+00
   64.300000      1.454104704314E+00      1.044235326238E+00
   64.400000      1.456546187206E+00      1.049423495809E+00
   64.500000      1.459293358793E+00      1.054053385004E+00
   64.600000      1.462377913755E+00      1.057732322888E+00
   64.700000      1.465894574216E+00      1.060319811552E+00
   64.800000      1.469770890424E+00      1.061875707863E+00
   64.900000      1.473719511478E+00      1.062600206833E+00
   65.000000      1.477388533630E+00      1.062800966572E+00
   65.100000      1.480533867956E+00      1.062866843302E+00
   65.200000      1.483080452804E+00      1.063204621813E+00
   65.300000      1.485035569912E+00      1.064127687478E+00
   65.400000      1.486325991974E+00      1.065742320380E+00
   65.500000      1.486746980338E+00      1.067902923584E+00
   65.600000      1.486140104073E+00      1.070274000153E+00
   65.700000      1.484649298609E+00      1.072467743808E+00
   65.800000      1.482785925638E+00      1.074176682653E+00
   65.900000      1.481190162615E+00      1.075231058377E+00
   66.000000      1.480224638285E+00      1.075570888716E+00
   66.100000      1.479784540623E+00      1.075181507348E+00
   66.200000      1.479466387681E+00      1.074052762489E+00
   66.300000      1.478854999485E+00      1.072185624889E+00
   66.400000      1.477740049736E+00      1.069624785396E+00
   66.500000      1.476172770658E+00      1.066479761656E+00
   66.600000      1.474372395932E+00      1.062915223482E+00
   66.700000      1.472562318685E+00      1.059119792556E+00
   66.800000      1.470844666756E+00      1.055276037380E+00
   66.900000      1.469209338729E+00      1.051546916425E+00
   67.000000      1.467603681351E+00      1.048077370840E+00
   67.100000      1.465956876822E+00      1.044998408289E+00
   67.200000      1.464220090817E+00      1.042421026063E+00
   67.300000      1.462430321225E+00      1.040416584340E+00
   67.400000      1.460689036939E+00      1.038992208595E+00
   67.500000      1.459081683078E+00      1.038076603700E+00
   67.600000      1.457646455271E+00      1.037527961955E+00
   67.700000      1.456421071707E+00      1.037163506468E+00
   67.800000      1.455490625860E+00      1.036799459571E+00
   67.900000      1.454960861804E+00      1.036290159881E+00
   68.000000      1.454886254422E+00      1.035563936937E+00
   68.100000      1.455247462134E+00      1.034658541656E+00
   68.200000      1.455975503054E+00      1.033750576284E+00
   68.300000      1.456960557059E+00      1.033157707005E+00
   68.400000      1.458085828857E+00      1.033288269115E+00
   68.500000      1.459318695142E+00      1.034532658920E+00
   68.600000      1.460768535720E+00      1.037126097919E+00
   68.700000      1.462629080580E+00      1.041038733031E+00
   68.800000      1.465033709322E+00      1.045946338241E+00
   68.900000      1.467907369034E+00      1.051301646316E+00
   69.000000      1.470879832745E+00      1.056479874884E+00
   69.100000      1.473410756402E+00      1.060937951147E+00
   69.200000      1.475108521081E+00      1.064325187726E+00
   69.300000      1.475840253432E+00      1.066514796101E+00
   69.400000      1.475583637354E+00      1.067569337840E+00
   69.500000      1.474305574345E+00      1.067679421651E+00
   69.600000      1.472043042535E+00      1.067109454566E+00
   69.700000      1.469065522969E+00      1.066159137512E+00
   69.800000      1.465904078341E+00      1.065129781106E+00
   69.900000      1.463156531495E+00      1.064284990466E+00
   70.000000      1.461164170334E+00      1.063809330873E+00
   70.100000      1.459883680899E+00      1.063779173940E+00
   70.200000      1.459011634356E+00      1.064157402235E+00
   70.300000      1.458189838239E+00      1.064812579026E+00
   70.400000      1.457248531956E+00      1.065553803393E+00
   70.500000      1.456289315124E+00      1.066169270484E+00
   70.600000      1.455572895245E+00      1.066456939007E+00
   70.700000      1.455353315426E+00      1.066237771828E+00
   70.800000      1.455729249467E+00      1.065349278795E+00
   70.900000      1.456553151893E+00      1.063632142883E+00
   71.000000      1.457434621976E+00      1.060937284321E+00
   71.100000      1.457852198369E+00      1.057177473334E+00
   71.200000      1.457359162802E+00      1.052417408275E+00
   71.300000      1.455810308882E+00      1.046954807782E+00
   71.400000      1.453486215655E+00      1.041327547410E+00
   71.500000      1.451005550723E+00      1.036212102726E+00
   71.600000      1.449010901837E+00      1.032241972542E+00
   71.700000      1.447824489076E+00      1.029826310582E+00
   71.800000      1.447403243767E+00      1.029051616314E+00
   71.900000      1.447527523599E+00      1.029702959684E+00
   72.000000      1.447964109720E+00      1.031378015269E+00
   72.100000      1.448633493251E+00      1.033626299942E+00
   72.200000      1.449708890843E+00      1.036049725914E+00
   72.300000      1.451471045672E+00      1.038341683712E+00
   72.400000      1.453984857461E+00      1.040288072088E+00
   72.500000      1.456926688004E+00      1.041770844622E+00
   72.600000      1.459796115565E+00      1.042793412780E+00
   72.700000      1.462335878065E+00      1.043509569743E+00
   72.800000      1.464750969929E+00      1.044216907333E+00
   72.900000      1.467589741820E+00      1.045289194564E+00
   73.000000      1.471456404736E+00      1.047058961299E+00
   73.100000      1.476470984558E+00      1.049694570440E+00
   73.200000      1.481937530941E+00      1.053124572681E+00
   73.300000      1.486748800038E+00      1.057043656254E+00
   73.400000      1.489909981949E+00      1.061000648710E+00
   73.500000      1.490819540071E+00      1.064535324555E+00
   73.600000      1.489392892653E+00      1.067310628426E+00
   73.700000      1.486062180152E+00      1.069189061721E+00
   73.800000      1.481641773720E+00      1.070226983752E+00
   73.900000      1.477086192678E+00      1.070598149456E+00
   74.000000      1.473194501740E+00      1.070490003224E+00
   74.100000      1.470350484299E+00      1.070026610802E+00
   74.200000      1.468446128050E+00      1.069254444429E+00
   74.300000      1.467057988178E+00      1.068189392078E+00
   74.400000      1.465753616719E+00      1.066885383651E+00
   74.500000      1.464340811650E+00      1.065470655261E+00
   74.600000      1.462922999757E+00      1.064119235849E+00
   74.700000      1.461703242122E+00      1.062970888143E+00
   74.800000      1.460631620248E+00      1.062050669420E+00
   74.900000      1.459218754495E+00      1.061240971130E+00
   75.000000      1.456788677757E+00      1.060322602779E+00
   75.100000      1.452979397376E+00      1.059054746403E+00
   75.200000      1.448070145621E+00      1.057242094785E+00
   75.300000      1.442936977687E+00      1.054756679412E+00
   75.400000      1.438650927831E+00      1.051524160636E+00
   75.500000      1.435870470835E+00      1.047513586646E+00
   75.600000      1.434378493431E+00      1.042762082534E+00
   75.700000      1.433253112546E+00      1.037429600452E+00
   75.800000      1.431614012966E+00      1.031844771362E+00
   75.900000      1.429198731623E+00      1.026498231417E+00
   76.000000      1.426407786203E+00      1.021967037759E+00
   76.100000      1.423981986553E+00      1.018791988686E+00
   76.200000      1.422593274278E+00      1.017353548240E+00
   76.300000      1.422582739562E+00      1.017790309944E+00
   76.400000      1.423921636590E+00      1.019982539777E+00
   76.500000      1.426329705169E+00      1.023596782094E+00
   76.600000      1.429460058056E+00      1.028168501797E+00
   76.700000      1.433065717821E+00      1.033194027652E+00
   76.800000      1.437072045391E+00      1.038208995757E+00
   76.900000      1.441521916698E+00      1.042841716414E+00
   77.000000      1.446452260420E+00      1.046840054641E+00
   77.100000      1.451811014658E+00      1.050077016392E+00
   77.200000      1.457453007225E+00      1.052544152084E+00
   77.300000      1.463185187089E+00      1.054343129156E+00
   77.400000      1.468840457461E+00      1.055681149615E+00
   77.500000      1.474371611622E+00      1.056863312260E+00
   77.600000      1.479907272878E+00      1.058261319191E+00
   77.700000      1.485666479819E+00      1.060238209668E+00
   77.800000      1.491694574891E+00      1.063033302438E+00
   77.900000      1.497605914669E+00      1.066650475942E+00
   78.000000      1.502619623985E+00      1.070816894823E+00
   78.100000      1.505901793686E+00      1.075059529518E+00
   78.200000      1.507012570545E+00      1.078881656709E+00
   78.300000      1.506242190147E+00      1.081948542586E+00
   78.400000      1.504661757626E+00      1.084169162427E+00
   78.500000      1.503768795204E+00      1.085621218895E+00
   78.600000      1.504746936305E+00      1.086376247481E+00
   78.700000      1.507671611250E+00      1.086358068598E+00
   78.800000      1.511345837518E+00      1.085348439663E+00
   78.900000      1.514048999511E+00      1.083147846951E+00
   79.000000      1.514489324316E+00      1.079781903378E+00
   79.100000      1.512310541308E+00      1.075602085770E+00
   79.200000      1.508064606585E+00      1.071198155716E+00
   79.300000      1.502797372272E+00      1.067168021899E+00
   79.400000      1.497445347427E+00      1.063881997991E+00
   79.500000      1.492337594211E+00      1.061370900048E+00
   79.600000      1.487218346605E+00      1.059378685431E+00
   79.700000      1.481735013562E+00      1.057519733511E+00
   79.800000      1.475886512332E+00      1.055434690187E+00
   79.900000      1.470088500699E+00      1.052869838365E+00
   80.000000      1.464865440397E+00      1.049680705654E+00
   80.100000      1.460404993342E+00      1.045817719980E+00
   80.200000      1.456383609347E+00      1.041346643928E+00
   80.300000      1.452295818691E+00      1.036501069523E+00
   80.400000      1.447919581652E+00      1.031712279872E+00
   80.500000      1.443525291060E+00      1.027560222217E+00
   80.600000      1.439767289170E+00      1.024638694968E+00
   80.700000      1.437342456871E+00      1.023386238824E+00
   80.800000      1.436566745654E+00      1.023957599271E+00
   80.900000      1.437197230338E+00      1.026187924382E+00
   81.000000      1.438633475263E+00      1.029655083671E+00
   81.100000      1.440218215099E+00      1.033805215029E+00
   81.200000      1.441459545393E+00      1.038090664098E+00
   81.300000      1.442175751461E+00      1.042077754809E+00
   81.400000      1.442541954236E+00      1.045502913496E+00
   81.500000      1.442983744077E+00      1.048276881562E+00
   81.600000      1.443960819945E+00      1.050450859033E+00
   81.700000      1.445783424371E+00      1.052164208431E+00
   81.800000      1.448502313229E+00      1.053592346589E+00
   81.900000      1.451855755593E+00      1.054907508080E+00
   82.000000      1.455400850303E+00      1.056256495987E+00
   82.100000      1.458745359438E+00      1.057751701864E+00
   82.200000      1.461656311579E+00      1.059467872523E+00
   82.300000      1.464059512521E+00      1.061438590489E+00
   82.400000      1.466038419570E+00      1.063651590154E+00
   82.500000      1.467823923425E+00      1.066047142633E+00
   82.600000      1.469699201598E+00      1.068524909065E+00
   82.700000      1.471850949641E+00      1.070960260947E+00
   82.800000      1.474367838416E+00      1.073223629656E+00
   82.900000      1.477352698742E+00      1.075191817732E+00
   83.000000      1.480925276417E+00      1.076743403069E+00
   83.100000      1.485084401392E+00      1.077741197136E+00
   83.200000      1.489553197243E+00      1.078017070446E+00
   83.300000      1.493757389014E+00      1.077379947647E+00
   83.400000      1.496970309343E+00      1.075660762303E+00
   83.500000      1.498540997478E+00      1.072789199435E+00
   83.600000      1.498105930273E+00      1.068873856693E+00
   83.700000      1.495712267718E+00      1.064242988280E+00
   83.800000      1.491805094506E+00      1.059409510709E+00
   83.900000      1.487069635123E+00      1.054954019420E+00
   84.000000      1.482197872407E+00      1.051360604952E+00
   84.100000      1.477687376216E+00      1.048869665174E+00
   84.200000      1.473740875818E+00      1.047411017167E+00
   84.300000      1.470276894941E+00      1.046646885762E+00
   84.400000      1.467052257970E+00      1.046103887392E+00
   84.500000      1.463864724767E+00      1.045333321840E+00
   84.600000      1.460669705423E+00      1.044033797557E+00
   84.700000      1.457548141107E+00      1.042102536133E+00
   84.800000      1.454634849627E+00      1.039627483062E+00
   84.900000      1.452092729331E+00      1.036856700253E+00
   85.000000      1.450092084326E+00      1.034168500015E+00
   85.100000      1.448732921550E+00      1.032033050797E+00
   85.200000      1.448004866634E+00      1.030938682088E+00
   85.300000      1.447855641782E+00      1.031273913609E+00
   85.400000      1.448230137156E+00      1.033196585887E+00
   85.500000      1.449011153531E+00      1.036550606553E+00
   85.600000      1.449950688668E+00      1.040882588746E+00
   85.700000      1.450706766284E+00      1.045565980143E+00
   85.800000      1.451004451454E+00      1.049985172007E+00
   85.900000      1.450824788401E+00      1.053700433708E+00
   86.000000      1.450483326622E+00      1.056526824677E+00
   86.100000      1.450509197999E+00      1.058508863787E+00
   86.200000      1.451370724629E+00      1.059825840158E+00
   86.300000      1.453221116151E+00      1.060687807075E+00
   86.400000      1.455832739026E+00      1.061270142218E+00
   86.500000      1.458747109922E+00      1.061700908168E+00
   86.600000      1.461533346860E+00      1.062083999904E+00
   86.700000      1.464017718748E+00      1.062527323035E+00
   86.800000      1.466370976660E+00      1.063150736905E+00
   86.900000      1.468978499348E+00      1.064065954152E+00
   87.000000      1.472138916023E+00      1.065339446282E+00
   87.100000      1.475825046972E+00      1.066959963263E+00
   87.200000      1.479743254316E+00      1.068829158594E+00
   87.300000      1.483603252870E+00      1.070778784099E+00
   87.400000      1.487311081376E+00      1.072600241926E+00
   87.500000      1.490933225849E+00      1.074064700493E+00
   87.600000      1.494487384634E+00      1.074922635183E+00
   87.700000      1.497743144132E+00      1.074896094447E+00
   87.800000      1.500189999841E+00      1.073697265059E+00
   87.900000      1.501206616876E+00      1.071101958749E+00
   88.000000      1.500359868296E+00      1.067069909048E+00
   88.100000      1.497685612260E+00      1.061855339902E+00
   88.200000      1.493797064732E+00      1.056029939619E+00
   88.300000      1.489724512459E+00      1.050373260341E+00
   88.400000      1.486427210438E+00      1.045658667382E+00
   88.500000      1.484171236256E+00      1.042426575603E+00
   88.600000      1.482519562260E+00      1.040846281297E+00
   88.700000      1.480846422686E+00      1.040719006725E+00
   88.800000      1.478696426553E+00      1.041601827067E+00
   88.900000      1.475930079705E+00      1.042979163932E+00
   89.000000      1.472728139246E+00      1.044402571424E+00
   89.100000      1.469463030399E+00      1.045556885385E+00
   89.200000      1.466484474622E+00      1.046261551994E+00
   89.300000      1.463932609988E+00      1.046446026545E+00
   89.400000      1.461711818886E+00      1.046133588889E+00
   89.500000      1.459620953422E+00      1.045441202760E+00
   89.600000      1.457496254738E+00      1.044578424467E+00
   89.700000      1.455283621131E+00      1.043822674031E+00
   89.800000      1.453033663811E+00      1.043462079956E+00
   89.900000      1.450844452637E+00      1.043719024218E+00
   90.000000      1.448787039941E+00      1.044683281179E+00
   90.100000      1.446844078825E+00      1.046284369814E+00
   90.200000      1.444894081883E+00      1.048317753740E+00
   90.300000      1.442781158576E+00      1.050515608778E+00
   90.400000      1.440468826202E+00      1.052631666787E+00
   90.500000      1.438169513140E+00      1.054503002057E+00
   90.600000      1.436311826088E+00      1.056064801120E+00
   90.700000      1.435333074836E+00      1.057320578757E+00
   90.800000      1.435433014114E+00      1.058294088873E+00
   90.900000      1.436473529905E+00      1.058995643462E+00
   91.000000      1.438101516434E+00      1.059421560826E+00
   91.100000      1.439988107216E+00      1.059581124190E+00
   91.200000      1.442007972699E+00      1.059526652529E+00
   91.300000      1.444250576638E+00      1.059360405511E+00
   91.400000      1.446854978002E+00      1.059207224246E+00
   91.500000      1.449794369700E+00      1.059163720344E+00
   91.600000      1.452823497023E+00      1.059249786444E+00
   91.700000      1.455575016177E+00      1.059387797906E+00
   91.800000      1.457658944951E+00      1.059420382595E+00
   91.900000      1.458739237691E+00      1.059158184258E+00
   92.000000      1.458621997489E+00      1.058435669623E+00
   92.100000      1.457360552344E+00      1.057152312944E+00
   92.200000      1.455317231163E+00      1.055287176949E+00
   92.300000      1.453098441502E+00      1.052889476872E+00
   92.400000      1.451338927180E+00      1.050057850793E+00
   92.500000      1.450424858401E+00      1.046922779387E+00
   92.600000      1.450346071315E+00      1.043641266327E+00
   92.700000      1.450812764426E+00      1.040404397839E+00
   92.800000      1.451540108120E+00      1.037449903581E+00
   92.900000      1.452473205153E+00      1.035065111154E+00
   93.000000      1.453817306447E+00      1.033563157345E+00
   93.100000      1.455871471931E+00      1.033221533027E+00
   93.200000      1.458753835586E+00      1.034190418791E+00
   93.300000      1.462212156685E+00      1.036404009204E+00
   93.400000      1.465673206466E+00      1.039544880753E+00
   93.500000      1.468465237650E+00      1.043100102644E+00
   93.600000      1.470093815704E+00      1.046503349846E+00
   93.700000      1.470467215154E+00      1.049302252622E+00
   93.800000      1.469956027557E+00      1.051266126207E+00
   93.900000      1.469207388363E+00      1.052383737865E+00
   94.000000      1.468749570405E+00      1.052775390980E+00
   94.100000      1.468606356354E+00      1.052600347320E+00
   94.200000      1.468360457346E+00      1.052031127805E+00
   94.300000      1.467629197331E+00      1.051297008543E+00
   94.400000      1.466451249219E+00      1.050728290488E+00
   94.500000      1.465381250820E+00      1.050722567429E+00
   94.600000      1.465215093667E+00      1.051616751069E+00
   94.700000      1.466416703600E+00      1.053533837571E+00
   94.800000      1.468692176882E+00      1.056309685740E+00
   94.900000      1.471204985450E+00      1.059559310967E+00
   95.000000      1.473188934365E+00      1.062846184639E+00
   95.100000      1.474408391852E+00      1.065844739490E+00
   95.200000      1.475232781507E+00      1.068395122748E+00
   95.300000      1.476336788263E+00      1.070435504543E+00
   95.400000      1.478216083983E+00      1.071890237170E+00
   95.500000      1.480832296312E+00      1.072615821742E+00
   95.600000      1.483646057067E+00      1.072447660453E+00
   95.700000      1.485930607855E+00      1.071305158773E+00
   95.800000      1.487073747046E+00      1.069271470774E+00
   95.900000      1.486775535639E+00      1.066592060394E+00
   96.000000      1.485071325881E+00      1.063599137232E+00
   96.100000      1.482201285783E+00      1.060612364374E+00
   96.200000      1.478449910741E+00      1.057864674355E+00
   96.300000      1.474047962157E+00      1.055472063560E+00
   96.400000      1.469130758237E+00      1.053439111034E+00
   96.500000      1.463740448823E+00      1.051683635574E+00
   96.600000      1.457869852454E+00      1.050069275835E+00
   96.700000      1.451548623891E+00      1.048441218985E+00
   96.800000      1.444970608197E+00      1.046661205159E+00
   96.900000      1.438617734962E+00      1.044635667107E+00
   97.000000      1.433255723208E+00      1.042331257729E+00
   97.100000      1.429623076822E+00      1.039777510843E+00
   97.200000      1.427881486890E+00      1.037063220671E+00
   97.300000      1.427385564646E+00      1.034334406346E+00
   97.400000      1.427103190451E+00      1.031794105895E+00
   97.500000      1.426248144412E+00      1.029692775075E+00
   97.600000      1.424612867365E+00      1.028293788372E+00
   97.700000      1.422525442802E+00      1.027809218824E+00
   97.800000      1.420541553541E+00      1.028322795263E+00
   97.900000      1.419053109783E+00      1.029734956067E+00
   98.000000      1.418060784390E+00      1.031764139757E+00
   98.100000      1.417241388794E+00      1.034015212460E+00
   98.200000      1.416215477910E+00      1.036092069404E+00
   98.300000      1.414818909608E+00      1.037707549325E+00
   98.400000      1.413239586194E+00      1.038745519272E+00
   98.500000      1.411960033255E+00      1.039256571881E+00
   98.600000      1.411517455004E+00      1.039403068927E+00
   98.700000      1.412227461292E+00      1.039390021333E+00
   98.800000      1.414080779345E+00      1.039414974535E+00
   98.900000      1.416865029632E+00      1.039648678588E+00
   99.000000      1.420367582293E+00      1.040235460485E+00
   99.100000      1.424484483220E+00      1.041292962005E+00
   99.200000      1.429166376701E+00      1.042898934890E+00
   99.300000      1.434306936208E+00      1.045069056087E+00
   99.400000      1.439758667194E+00      1.047740618895E+00
   99.500000      1.445432797841E+00      1.050775214160E+00
   99.600000      1.451321402274E+00      1.053982507900E+00
   99.700000      1.457426450525E+00      1.057155728572E+00
   99.800000      1.463709054801E+00      1.060103869254E+00
   99.900000      1.470145231039E+00      1.062667369047E+00
  100.000000      1.476811580903E+00      1.064712369303E+00
