# M=24, N=12, V0=0.0, V=-0.5, PBC
#  time (tJ)                S₁(ℓ=12)                S₂(ℓ=12)
    0.000000      1.404509022984E+00      1.071424665818E+00
    0.100000      1.405375105359E+00      1.072536238787E+00
    0.200000      1.407791110211E+00      1.075702419171E+00
    0.300000      1.411295527972E+00      1.080457484978E+00
    0.400000      1.415357736224E+00      1.086145590934E+00
    0.500000      1.419582527878E+00      1.092062345102E+00
    0.600000      1.423767825909E+00      1.097591158321E+00
    0.700000      1.427820560660E+00      1.102301695050E+00
    0.800000      1.431689415582E+00      1.105993816829E+00
    0.900000      1.435372743910E+00      1.108687642401E+00
    1.000000      1.438925446143E+00      1.110572821428E+00
    1.100000      1.442447138165E+00      1.111935892526E+00
    1.200000      1.446055634595E+00      1.113084721908E+00
    1.300000      1.449851628209E+00      1.114285406374E+00
    1.400000      1.453889535855E+00      1.115721269772E+00
    1.500000      1.458164941629E+00      1.117477037164E+00
    1.600000      1.462622760368E+00      1.119545356082E+00
    1.700000      1.467181999040E+00      1.121848854488E+00
    1.800000      1.471763510607E+00      1.124269553249E+00
    1.900000      1.476308764502E+00      1.126678432999E+00
    2.000000      1.480785577437E+00      1.128960307325E+00
    2.100000      1.485183458227E+00      1.131031688754E+00
    2.200000      1.489504364136E+00      1.132851175835E+00
    2.300000      1.493754376649E+00      1.134422746185E+00
    2.400000      1.497938776003E+00      1.135792471734E+00
    2.500000      1.502059497461E+00      1.137039135335E+00
    2.600000      1.506112712457E+00      1.138259530656E+00
    2.700000      1.510085146450E+00      1.139550049216E+00
    2.800000      1.513949075770E+00      1.140987259036E+00
    2.900000      1.517657412731E+00      1.142611037178E+00
    3.000000      1.521142103580E+00      1.144413919139E+00
    3.100000      1.524320326839E+00      1.146339429818E+00
    3.200000      1.527112189668E+00      1.148290380694E+00
    3.300000      1.529469972162E+00      1.150145823337E+00
    3.400000      1.531412492255E+00      1.151783014595E+00
    3.500000      1.533049310806E+00      1.153098950826E+00
    3.600000      1.534571318274E+00      1.154025535883E+00
    3.700000      1.536188316578E+00      1.154534067516E+00
    3.800000      1.538025857213E+00      1.154628650246E+00
    3.900000      1.540035861058E+00      1.154333113656E+00
    4.000000      1.541978787381E+00      1.153679287881E+00
    4.100000      1.543495266720E+00      1.152703316007E+00
    4.200000      1.544236124209E+00      1.151450749222E+00
    4.300000      1.543990591943E+00      1.149983924633E+00
    4.400000      1.542752250659E+00      1.148382077480E+00
    4.500000      1.540690224133E+00      1.146729028842E+00
    4.600000      1.538048921469E+00      1.145092599693E+00
    4.700000      1.535048473193E+00      1.143507057328E+00
    4.800000      1.531841079922E+00      1.141969020164E+00
    4.900000      1.528519798414E+00      1.140448903934E+00
    5.000000      1.525142188246E+00      1.138910746563E+00
    5.100000      1.521738400877E+00      1.137329747396E+00
    5.200000      1.518307401576E+00      1.135700301088E+00
    5.300000      1.514825045614E+00      1.134033562832E+00
    5.400000      1.511271913761E+00      1.132348031092E+00
    5.500000      1.507661216245E+00      1.130658023992E+00
    5.600000      1.504039978061E+00      1.128964582281E+00
    5.700000      1.500458826233E+00      1.127252172042E+00
    5.800000      1.496937376082E+00      1.125492337758E+00
    5.900000      1.493459755689E+00      1.123652508670E+00
    6.000000      1.490000207806E+00      1.121706120429E+00
    6.100000      1.486544246201E+00      1.119640202775E+00
    6.200000      1.483087828324E+00      1.117457804513E+00
    6.300000      1.479627965039E+00      1.115173880530E+00
    6.400000      1.476159717378E+00      1.112805092287E+00
    6.500000      1.472682295772E+00      1.110357511194E+00
    6.600000      1.469204243375E+00      1.107819905409E+00
    6.700000      1.465742121383E+00      1.105169924289E+00
    6.800000      1.462327913311E+00      1.102394145963E+00
    6.900000      1.459027258538E+00      1.099514698979E+00
    7.000000      1.455948021609E+00      1.096611607364E+00
    7.100000      1.453226550376E+00      1.093832960398E+00
    7.200000      1.451003363323E+00      1.091389822588E+00
    7.300000      1.449404909162E+00      1.089534883643E+00
    7.400000      1.448528689162E+00      1.088524700702E+00
    7.500000      1.448419604597E+00      1.088569686402E+00
    7.600000      1.449042758171E+00      1.089783721871E+00
    7.700000      1.450277201199E+00      1.092149930179E+00
    7.800000      1.451948478399E+00      1.095514942936E+00
    7.900000      1.453888780408E+00      1.099612815413E+00
    8.000000      1.455987275538E+00      1.104109399030E+00
    8.100000      1.458192369929E+00      1.108654352690E+00
    8.200000      1.460478264009E+00      1.112930383154E+00
    8.300000      1.462828166586E+00      1.116693212547E+00
    8.400000      1.465232830661E+00      1.119798217354E+00
    8.500000      1.467687708327E+00      1.122211047079E+00
    8.600000      1.470198323679E+00      1.124001193113E+00
    8.700000      1.472793100291E+00      1.125319672905E+00
    8.800000      1.475525680765E+00      1.126364190578E+00
    8.900000      1.478455167027E+00      1.127337167111E+00
    9.000000      1.481613767169E+00      1.128403972779E+00
    9.100000      1.484983366666E+00      1.129660052500E+00
    9.200000      1.488495173988E+00      1.131115272045E+00
    9.300000      1.492050632575E+00      1.132700650498E+00
    9.400000      1.495552118751E+00      1.134296597333E+00
    9.500000      1.498932456919E+00      1.135774545708E+00
    9.600000      1.502171849068E+00      1.137038828396E+00
    9.700000      1.505291988586E+00      1.138055832769E+00
    9.800000      1.508330140325E+00      1.138862919004E+00
    9.900000      1.511310767163E+00      1.139556872817E+00
   10.000000      1.514231392178E+00      1.140266990145E+00
   10.100000      1.517063677490E+00      1.141120317735E+00
   10.200000      1.519759930980E+00      1.142207586375E+00
   10.300000      1.522261349853E+00      1.143558721839E+00
   10.400000      1.524512674624E+00      1.145135139722E+00
   10.500000      1.526481242741E+00      1.146841031771E+00
   10.600000      1.528171364574E+00      1.148548915993E+00
   10.700000      1.529630783617E+00      1.150129479224E+00
   10.800000      1.530950521268E+00      1.151475138749E+00
   10.900000      1.532252256297E+00      1.152510853982E+00
   11.000000      1.533655946501E+00      1.153192026404E+00
   11.100000      1.535234210481E+00      1.153494672807E+00
   11.200000      1.536971841053E+00      1.153405367443E+00
   11.300000      1.538745225593E+00      1.152917394709E+00
   11.400000      1.540329986920E+00      1.152036051538E+00
   11.500000      1.541445050698E+00      1.150791219633E+00
   11.600000      1.541829883929E+00      1.149250290529E+00
   11.700000      1.541330916838E+00      1.147521313976E+00
   11.800000      1.539959033493E+00      1.145738075407E+00
   11.900000      1.537882934991E+00      1.144027368679E+00
   12.000000      1.535353653695E+00      1.142470404569E+00
   12.100000      1.532600220582E+00      1.141076852439E+00
   12.200000      1.529758961438E+00      1.139785295917E+00
   12.300000      1.526873120679E+00      1.138490270245E+00
   12.400000      1.523942390958E+00      1.137083095327E+00
   12.500000      1.520968856347E+00      1.135489656332E+00
   12.600000      1.517967520230E+00      1.133693200310E+00
   12.700000      1.514953591120E+00      1.131737873533E+00
   12.800000      1.511933980634E+00      1.129714035090E+00
   12.900000      1.508911704104E+00      1.127729552600E+00
   13.000000      1.505893779110E+00      1.125874728828E+00
   13.100000      1.502891517652E+00      1.124191869902E+00
   13.200000      1.499912316527E+00      1.122660473082E+00
   13.300000      1.496952950520E+00      1.121203533787E+00
   13.400000      1.494003031503E+00      1.119711745384E+00
   13.500000      1.491056005571E+00      1.118075317403E+00
   13.600000      1.488117993612E+00      1.116211541297E+00
   13.700000      1.485207882967E+00      1.114080325136E+00
   13.800000      1.482348930228E+00      1.111686874973E+00
   13.900000      1.479557489467E+00      1.109076623785E+00
   14.000000      1.476837647532E+00      1.106329332172E+00
   14.100000      1.474189860600E+00      1.103556180787E+00
   14.200000      1.471636990885E+00      1.100897880160E+00
   14.300000      1.469252635290E+00      1.098517901957E+00
   14.400000      1.467156786823E+00      1.096586627104E+00
   14.500000      1.465472012815E+00      1.095258668413E+00
   14.600000      1.464278292716E+00      1.094651210854E+00
   14.700000      1.463604233539E+00      1.094830518395E+00
   14.800000      1.463449558523E+00      1.095807479944E+00
   14.900000      1.463801849721E+00      1.097537795725E+00
   15.000000      1.464626680305E+00      1.099923543899E+00
   15.100000      1.465849316047E+00      1.102818363367E+00
   15.200000      1.467359458175E+00      1.106041078740E+00
   15.300000      1.469044379295E+00      1.109398424334E+00
   15.400000      1.470824597778E+00      1.112710836227E+00
   15.500000      1.472663966773E+00      1.115833277844E+00
   15.600000      1.474549836026E+00      1.118667317244E+00
   15.700000      1.476470586480E+00      1.121165788446E+00
   15.800000      1.478417539985E+00      1.123332155286E+00
   15.900000      1.480399207042E+00      1.125214216382E+00
   16.000000      1.482440211670E+00      1.126890858453E+00
   16.100000      1.484571092676E+00      1.128453034745E+00
   16.200000      1.486830154747E+00      1.129983133511E+00
   16.300000      1.489267615214E+00      1.131537315546E+00
   16.400000      1.491924901975E+00      1.133133729685E+00
   16.500000      1.494791782225E+00      1.134748186387E+00
   16.600000      1.497782020497E+00      1.136318535405E+00
   16.700000      1.500756887400E+00      1.137758146883E+00
   16.800000      1.503578823469E+00      1.138976600175E+00
   16.900000      1.506157582012E+00      1.139903090625E+00
   17.000000      1.508466067551E+00      1.140506904786E+00
   17.100000      1.510527234800E+00      1.140809988228E+00
   17.200000      1.512391356409E+00      1.140888390479E+00
   17.300000      1.514120752320E+00      1.140861678099E+00
   17.400000      1.515778932479E+00      1.140872180057E+00
   17.500000      1.517416635660E+00      1.141058665004E+00
   17.600000      1.519061431978E+00      1.141530571743E+00
   17.700000      1.520720327154E+00      1.142348378575E+00
   17.800000      1.522393229915E+00      1.143513489511E+00
   17.900000      1.524085793664E+00      1.144968378859E+00
   18.000000      1.525810694212E+00      1.146605689130E+00
   18.100000      1.527575535187E+00      1.148283768774E+00
   18.200000      1.529368584227E+00      1.149845548494E+00
   18.300000      1.531156955027E+00      1.151137528580E+00
   18.400000      1.532895909429E+00      1.152026069109E+00
   18.500000      1.534531989789E+00      1.152409307339E+00
   18.600000      1.535991452182E+00      1.152224794677E+00
   18.700000      1.537166216334E+00      1.151454682839E+00
   18.800000      1.537916496386E+00      1.150130717685E+00
   18.900000      1.538100104816E+00      1.148339294226E+00
   19.000000      1.537620945819E+00      1.146222810105E+00
   19.100000      1.536473684345E+00      1.143970267856E+00
   19.200000      1.534758393450E+00      1.141791242119E+00
   19.300000      1.532651862226E+00      1.139874435228E+00
   19.400000      1.530344837153E+00      1.138341894244E+00
   19.500000      1.527975660888E+00      1.137215931755E+00
   19.600000      1.525598475127E+00      1.136412704291E+00
   19.700000      1.523204231026E+00      1.135765146875E+00
   19.800000      1.520770048852E+00      1.135065560335E+00
   19.900000      1.518290720717E+00      1.134112535910E+00
   20.000000      1.515772323237E+00      1.132750464788E+00
   20.100000      1.513209206361E+00      1.130897561234E+00
   20.200000      1.510578799662E+00      1.128562608875E+00
   20.300000      1.507864756876E+00      1.125848931890E+00
   20.400000      1.505086207806E+00      1.122940969210E+00
   20.500000      1.502302349402E+00      1.120070622272E+00
   20.600000      1.499582791611E+00      1.117468214913E+00
   20.700000      1.496970131419E+00      1.115310951416E+00
   20.800000      1.494468510956E+00      1.113683928345E+00
   20.900000      1.492060137171E+00      1.112563824207E+00
   21.000000      1.489727672195E+00      1.111827290603E+00
   21.100000      1.487466692822E+00      1.111279537225E+00
   21.200000      1.485288167921E+00      1.110695597176E+00
   21.300000      1.483216640098E+00      1.109866422503E+00
   21.400000      1.481285531508E+00      1.108642658855E+00
   21.500000      1.479526926003E+00      1.106969763429E+00
   21.600000      1.477961406051E+00      1.104908969767E+00
   21.700000      1.476605577226E+00      1.102639687409E+00
   21.800000      1.475495734162E+00      1.100440486743E+00
   21.900000      1.474699985036E+00      1.098648264310E+00
   22.000000      1.474302890058E+00      1.097599263313E+00
   22.100000      1.474369205908E+00      1.097561720214E+00
   22.200000      1.474905566486E+00      1.098676343657E+00
   22.300000      1.475843399224E+00      1.100923196908E+00
   22.400000      1.477059080628E+00      1.104127407030E+00
   22.500000      1.478424940650E+00      1.108001938858E+00
   22.600000      1.479857545065E+00      1.112210874243E+00
   22.700000      1.481323578530E+00      1.116430776570E+00
   22.800000      1.482807779692E+00      1.120394043730E+00
   22.900000      1.484300968507E+00      1.123910372136E+00
   23.000000      1.485823257753E+00      1.126871107006E+00
   23.100000      1.487426197725E+00      1.129242821498E+00
   23.200000      1.489149018837E+00      1.131054729307E+00
   23.300000      1.490975731980E+00      1.132383689835E+00
   23.400000      1.492849960715E+00      1.133340113402E+00
   23.500000      1.494737988500E+00      1.134055691356E+00
   23.600000      1.496671188269E+00      1.134670579740E+00
   23.700000      1.498724480855E+00      1.135317101822E+00
   23.800000      1.500959213750E+00      1.136100296610E+00
   23.900000      1.503387169923E+00      1.137079578632E+00
   24.000000      1.505972988152E+00      1.138257031914E+00
   24.100000      1.508645944616E+00      1.139576453754E+00
   24.200000      1.511295587797E+00      1.140935046549E+00
   24.300000      1.513767943378E+00      1.142207044242E+00
   24.400000      1.515899845966E+00      1.143274814230E+00
   24.500000      1.517587384222E+00      1.144059073991E+00
   24.600000      1.518835334503E+00      1.144538802088E+00
   24.700000      1.519750277142E+00      1.144754899203E+00
   24.800000      1.520491170686E+00      1.144797725413E+00
   24.900000      1.521216576064E+00      1.144783651406E+00
   25.000000      1.522052328034E+00      1.144827807529E+00
   25.100000      1.523079239577E+00      1.145019836671E+00
   25.200000      1.524332679313E+00      1.145407725114E+00
   25.300000      1.525807631457E+00      1.145992112748E+00
   25.400000      1.527463516860E+00      1.146730345108E+00
   25.500000      1.529225666497E+00      1.147547087315E+00
   25.600000      1.530988349928E+00      1.148347605665E+00
   25.700000      1.532627254827E+00      1.149030711584E+00
   25.800000      1.534020637016E+00      1.149499835409E+00
   25.900000      1.535069358417E+00      1.149671883606E+00
   26.000000      1.535707698753E+00      1.149484162793E+00
   26.100000      1.535904875994E+00      1.148899755500E+00
   26.200000      1.535661558618E+00      1.147911395704E+00
   26.300000      1.535003753209E+00      1.146543348934E+00
   26.400000      1.533972889485E+00      1.144850403024E+00
   26.500000      1.532613500020E+00      1.142913091500E+00
   26.600000      1.530964464533E+00      1.140828836414E+00
   26.700000      1.529056586434E+00      1.138699822282E+00
   26.800000      1.526917360994E+00      1.136619766732E+00
   26.900000      1.524579950927E+00      1.134662518473E+00
   27.000000      1.522090056869E+00      1.132874801960E+00
   27.100000      1.519505533587E+00      1.131273569388E+00
   27.200000      1.516888701011E+00      1.129846530365E+00
   27.300000      1.514296507149E+00      1.128553877614E+00
   27.400000      1.511772296905E+00      1.127330407643E+00
   27.500000      1.509337721787E+00      1.126089289082E+00
   27.600000      1.506984803469E+00      1.124730178629E+00
   27.700000      1.504675229131E+00      1.123154036233E+00
   27.800000      1.502353173482E+00      1.121284606978E+00
   27.900000      1.499969038266E+00      1.119092961225E+00
   28.000000      1.497502719076E+00      1.116618204947E+00
   28.100000      1.494971798896E+00      1.113975990086E+00
   28.200000      1.492420953995E+00      1.111347955460E+00
   28.300000      1.489912839292E+00      1.108950296878E+00
   28.400000      1.487529464626E+00      1.106987393567E+00
   28.500000      1.485364193156E+00      1.105603580428E+00
   28.600000      1.483508735711E+00      1.104848415188E+00
   28.700000      1.482044180928E+00      1.104666175141E+00
   28.800000      1.481028721507E+00      1.104911630413E+00
   28.900000      1.480475235169E+00      1.105386798560E+00
   29.000000      1.480327864371E+00      1.105890207648E+00
   29.100000      1.480464390660E+00      1.106269082151E+00
   29.200000      1.480742448051E+00      1.106462688004E+00
   29.300000      1.481065880172E+00      1.106523160399E+00
   29.400000      1.481420439021E+00      1.106603710384E+00
   29.500000      1.481850162369E+00      1.106915307622E+00
   29.600000      1.482402331831E+00      1.107666210402E+00
   29.700000      1.483103514909E+00      1.109005163368E+00
   29.800000      1.483974673824E+00      1.110985047059E+00
   29.900000      1.485042099177E+00      1.113553595264E+00
   30.000000      1.486317193054E+00      1.116568537734E+00
   30.100000      1.487763619260E+00      1.119829594703E+00
   30.200000      1.489297351174E+00      1.123118172525E+00
   30.300000      1.490825960828E+00      1.126235590420E+00
   30.400000      1.492289897160E+00      1.129032031770E+00
   30.500000      1.493678796559E+00      1.131421604610E+00
   30.600000      1.495024052014E+00      1.133383123499E+00
   30.700000      1.496380780071E+00      1.134949668893E+00
   30.800000      1.497809263436E+00      1.136191487801E+00
   30.900000      1.499359542580E+00      1.137196636847E+00
   31.000000      1.501060876545E+00      1.138052820950E+00
   31.100000      1.502917902770E+00      1.138832760364E+00
   31.200000      1.504911837506E+00      1.139584407681E+00
   31.300000      1.507002521934E+00      1.140326598745E+00
   31.400000      1.509130596050E+00      1.141050245921E+00
   31.500000      1.511223736481E+00      1.141724755050E+00
   31.600000      1.513209063415E+00      1.142308774973E+00
   31.700000      1.515027179834E+00      1.142763613285E+00
   31.800000      1.516641567750E+00      1.143066696884E+00
   31.900000      1.518040887196E+00      1.143221635208E+00
   32.000000      1.519234744049E+00      1.143261647716E+00
   32.100000      1.520247283070E+00      1.143245160884E+00
   32.200000      1.521119303023E+00      1.143245528382E+00
   32.300000      1.521926762491E+00      1.143338606047E+00
   32.400000      1.522801733224E+00      1.143590564109E+00
   32.500000      1.523920701558E+00      1.144045500977E+00
   32.600000      1.525436969646E+00      1.144712112341E+00
   32.700000      1.527380486697E+00      1.145552390641E+00
   32.800000      1.529594037655E+00      1.146479258852E+00
   32.900000      1.531767462828E+00      1.147368511139E+00
   33.000000      1.533559687003E+00      1.148082746180E+00
   33.100000      1.534731117551E+00      1.148497443937E+00
   33.200000      1.535210510074E+00      1.148519142278E+00
   33.300000      1.535072047092E+00      1.148092968426E+00
   33.400000      1.534454143600E+00      1.147204229269E+00
   33.500000      1.533483196517E+00      1.145879444209E+00
   33.600000      1.532248162403E+00      1.144186832816E+00
   33.700000      1.530815786744E+00      1.142231580286E+00
   33.800000      1.529249327414E+00      1.140142104898E+00
   33.900000      1.527612355986E+00      1.138048547272E+00
   34.000000      1.525958285299E+00      1.136058946280E+00
   34.100000      1.524310820348E+00      1.134239483976E+00
   34.200000      1.522646152706E+00      1.132603828304E+00
   34.300000      1.520896545101E+00      1.131114650641E+00
   34.400000      1.518986772141E+00      1.129697841502E+00
   34.500000      1.516884181316E+00      1.128266281418E+00
   34.600000      1.514622761177E+00      1.126746320040E+00
   34.700000      1.512280183435E+00      1.125098660638E+00
   34.800000      1.509928432543E+00      1.123327280707E+00
   34.900000      1.507601923505E+00      1.121474216047E+00
   35.000000      1.505304797016E+00      1.119602501951E+00
   35.100000      1.503037131137E+00      1.117773174246E+00
   35.200000      1.500807963807E+00      1.116024526905E+00
   35.300000      1.498624969578E+00      1.114361809304E+00
   35.400000      1.496476634273E+00      1.112762014638E+00
   35.500000      1.494331681852E+00      1.111191921126E+00
   35.600000      1.492166614843E+00      1.109631336913E+00
   35.700000      1.490003526026E+00      1.108091404501E+00
   35.800000      1.487922636630E+00      1.106620982609E+00
   35.900000      1.486034845369E+00      1.105300029966E+00
   36.000000      1.484440709841E+00      1.104223820903E+00
   36.100000      1.483207350604E+00      1.103483828879E+00
   36.200000      1.482364323617E+00      1.103150780754E+00
   36.300000      1.481909357785E+00      1.103263953420E+00
   36.400000      1.481821949577E+00      1.103828705037E+00
   36.500000      1.482076241121E+00      1.104821591750E+00
   36.600000      1.482640434011E+00      1.106200017053E+00
   36.700000      1.483464864256E+00      1.107912464601E+00
   36.800000      1.484478045963E+00      1.109906307716E+00
   36.900000      1.485601101602E+00      1.112131811145E+00
   37.000000      1.486771533440E+00      1.114541910492E+00
   37.100000      1.487961911842E+00      1.117087788555E+00
   37.200000      1.489178791682E+00      1.119711440775E+00
   37.300000      1.490435347474E+00      1.122338712044E+00
   37.400000      1.491714856267E+00      1.124877945394E+00
   37.500000      1.492960666322E+00      1.127228027765E+00
   37.600000      1.494104239830E+00      1.129295079753E+00
   37.700000      1.495104385082E+00      1.131012252405E+00
   37.800000      1.495971082319E+00      1.132355639000E+00
   37.900000      1.496766008613E+00      1.133351930167E+00
   38.000000      1.497582715597E+00      1.134077333225E+00
   38.100000      1.498514782236E+00      1.134649018285E+00
   38.200000      1.499623204451E+00      1.135209392903E+00
   38.300000      1.500916436878E+00      1.135902503309E+00
   38.400000      1.502353611068E+00      1.136843646060E+00
   38.500000      1.503867843511E+00      1.138087748479E+00
   38.600000      1.505393169732E+00      1.139606116208E+00
   38.700000      1.506878480093E+00      1.141281319517E+00
   38.800000      1.508283153294E+00      1.142925310488E+00
   38.900000      1.509564376721E+00      1.144318334145E+00
   39.000000      1.510672479507E+00      1.145259220057E+00
   39.100000      1.511562081332E+00      1.145613939593E+00
   39.200000      1.512217378383E+00      1.145349815355E+00
   39.300000      1.512679451094E+00      1.144546764113E+00
   39.400000      1.513052785237E+00      1.143382926765E+00
   39.500000      1.513483131205E+00      1.142098386666E+00
   39.600000      1.514123330174E+00      1.140945980632E+00
   39.700000      1.515105936674E+00      1.140141235902E+00
   39.800000      1.516523010740E+00      1.139823331774E+00
   39.900000      1.518401188558E+00      1.140035536207E+00
   40.000000      1.520668142113E+00      1.140727733972E+00
   40.100000      1.523128933123E+00      1.141777316027E+00
   40.200000      1.525491326057E+00      1.143019981174E+00
   40.300000      1.527453033366E+00      1.144280467421E+00
   40.400000      1.528798558652E+00      1.145395251069E+00
   40.500000      1.529448077784E+00      1.146223866494E+00
   40.600000      1.529445883913E+00      1.146650759318E+00
   40.700000      1.528906570776E+00      1.146583319381E+00
   40.800000      1.527950443810E+00      1.145952496859E+00
   40.900000      1.526661089520E+00      1.144720058511E+00
   41.000000      1.525081581473E+00      1.142892167522E+00
   41.100000      1.523239859893E+00      1.140534238051E+00
   41.200000      1.521180769670E+00      1.137778725322E+00
   41.300000      1.518984054361E+00      1.134817437456E+00
   41.400000      1.516756214105E+00      1.131874301780E+00
   41.500000      1.514599396932E+00      1.129162609154E+00
   41.600000      1.512576074467E+00      1.126839106396E+00
   41.700000      1.510691855869E+00      1.124970916412E+00
   41.800000      1.508906356697E+00      1.123527136839E+00
   41.900000      1.507163036026E+00      1.122396917831E+00
   42.000000      1.505417929029E+00      1.121425628316E+00
   42.100000      1.503651874484E+00      1.120455867217E+00
   42.200000      1.501866005720E+00      1.119361787629E+00
   42.300000      1.500072566646E+00      1.118070380754E+00
   42.400000      1.498292194845E+00      1.116568119506E+00
   42.500000      1.496556494107E+00      1.114894271467E+00
   42.600000      1.494905651488E+00      1.113124216177E+00
   42.700000      1.493376336630E+00      1.111348087633E+00
   42.800000      1.491986933276E+00      1.109651252459E+00
   42.900000      1.490730851659E+00      1.108102191123E+00
   43.000000      1.489582375234E+00      1.106750171890E+00
   43.100000      1.488511636501E+00      1.105631186444E+00
   43.200000      1.487503512133E+00      1.104777796327E+00
   43.300000      1.486579349780E+00      1.104227693899E+00
   43.400000      1.485815618033E+00      1.104026600099E+00
   43.500000      1.485340590672E+00      1.104222929804E+00
   43.600000      1.485298528936E+00      1.104854287128E+00
   43.700000      1.485791600077E+00      1.105929491545E+00
   43.800000      1.486825387617E+00      1.107413707892E+00
   43.900000      1.488290384490E+00      1.109225732792E+00
   44.000000      1.489998042969E+00      1.111252647625E+00
   44.100000      1.491756393335E+00      1.113378219321E+00
   44.200000      1.493441860220E+00      1.115512936759E+00
   44.300000      1.495025413647E+00      1.117612173824E+00
   44.400000      1.496541893297E+00      1.119676311683E+00
   44.500000      1.498030821829E+00      1.121736815484E+00
   44.600000      1.499499222307E+00      1.123837227618E+00
   44.700000      1.500932516676E+00      1.126015570896E+00
   44.800000      1.502320887172E+00      1.128289662730E+00
   44.900000      1.503663794141E+00      1.130645087112E+00
   45.000000      1.504962829694E+00      1.133027605237E+00
   45.100000      1.506221948733E+00      1.135343758984E+00
   45.200000      1.507448360892E+00      1.137472341634E+00
   45.300000      1.508644444031E+00      1.139285925141E+00
   45.400000      1.509802966219E+00      1.140678162996E+00
   45.500000      1.510912565148E+00      1.141590576409E+00
   45.600000      1.511962845070E+00      1.142032078084E+00
   45.700000      1.512945435356E+00      1.142085407202E+00
   45.800000      1.513856831442E+00      1.141896904829E+00
   45.900000      1.514704676559E+00      1.141649594540E+00
   46.000000      1.515509937624E+00      1.141524156742E+00
   46.100000      1.516297800747E+00      1.141657231401E+00
   46.200000      1.517082851175E+00      1.142109262250E+00
   46.300000      1.517864822518E+00      1.142852088013E+00
   46.400000      1.518639162892E+00      1.143779563627E+00
   46.500000      1.519407358225E+00      1.144736496310E+00
   46.600000      1.520173031981E+00      1.145556707857E+00
   46.700000      1.520930800785E+00      1.146100897231E+00
   46.800000      1.521672630266E+00      1.146286391242E+00
   46.900000      1.522410500289E+00      1.146102265356E+00
   47.000000      1.523184496720E+00      1.145606519672E+00
   47.100000      1.524053351899E+00      1.144908072207E+00
   47.200000      1.525087180072E+00      1.144141582599E+00
   47.300000      1.526365359336E+00      1.143442669300E+00
   47.400000      1.527952646710E+00      1.142925976699E+00
   47.500000      1.529828576017E+00      1.142665513361E+00
   47.600000      1.531803854183E+00      1.142679441725E+00
   47.700000      1.533517641885E+00      1.142925329941E+00
   47.800000      1.534561647209E+00      1.143309645467E+00
   47.900000      1.534653577630E+00      1.143707371172E+00
   48.000000      1.533744847212E+00      1.143982313615E+00
   48.100000      1.532008508548E+00      1.144001917708E+00
   48.200000      1.529731060999E+00      1.143648336318E+00
   48.300000      1.527181188805E+00      1.142831112653E+00
   48.400000      1.524531081187E+00      1.141502612067E+00
   48.500000      1.521857362937E+00      1.139670673543E+00
   48.600000      1.519186084943E+00      1.137401141026E+00
   48.700000      1.516531409437E+00      1.134807372465E+00
   48.800000      1.513911523073E+00      1.132029987613E+00
   48.900000      1.511353644002E+00      1.129213378813E+00
   49.000000      1.508896960145E+00      1.126485058369E+00
   49.100000      1.506587875874E+00      1.123941614653E+00
   49.200000      1.504460481012E+00      1.121642565383E+00
   49.300000      1.502511831284E+00      1.119611257760E+00
   49.400000      1.500697379555E+00      1.117840397046E+00
   49.500000      1.498955472315E+00      1.116299281677E+00
   49.600000      1.497238672238E+00      1.114940705441E+00
   49.700000      1.495529318461E+00      1.113707309221E+00
   49.800000      1.493835902863E+00      1.112538784592E+00
   49.900000      1.492181155730E+00      1.111381593666E+00
   50.000000      1.490595811125E+00      1.110201354840E+00
   50.100000      1.489122161058E+00      1.108995432605E+00
   50.200000      1.487816888348E+00      1.107801114444E+00
   50.300000      1.486737768299E+00      1.106694696445E+00
   50.400000      1.485912670925E+00      1.105779480570E+00
   50.500000      1.485322361793E+00      1.105165047665E+00
   50.600000      1.484920953752E+00      1.104943839493E+00
   50.700000      1.484674800607E+00      1.105172011652E+00
   50.800000      1.484588758907E+00      1.105859574388E+00
   50.900000      1.484697252063E+00      1.106971656384E+00
   51.000000      1.485026809040E+00      1.108439846243E+00
   51.100000      1.485564798700E+00      1.110180099461E+00
   51.200000      1.486264607004E+00      1.112111333309E+00
   51.300000      1.487081549174E+00      1.114167708090E+00
   51.400000      1.488004199472E+00      1.116299868536E+00
   51.500000      1.489052241863E+00      1.118466277681E+00
   51.600000      1.490245389959E+00      1.120621753895E+00
   51.700000      1.491573298541E+00      1.122711938790E+00
   51.800000      1.492991059032E+00      1.124678553760E+00
   51.900000      1.494439879537E+00      1.126474083547E+00
   52.000000      1.495872210494E+00      1.128079874039E+00
   52.100000      1.497261689637E+00      1.129519913639E+00
   52.200000      1.498600854783E+00      1.130863137952E+00
   52.300000      1.499903193265E+00      1.132209814570E+00
   52.400000      1.501207992453E+00      1.133662997987E+00
   52.500000      1.502571088977E+00      1.135293084661E+00
   52.600000      1.504039338506E+00      1.137108369508E+00
   52.700000      1.505627100125E+00      1.139043489507E+00
   52.800000      1.507311837885E+00      1.140970698978E+00
   52.900000      1.509047124302E+00      1.142730023322E+00
   53.000000      1.510777988590E+00      1.144168189614E+00
   53.100000      1.512445409524E+00      1.145174902819E+00
   53.200000      1.513983463157E+00      1.145707452948E+00
   53.300000      1.515330816450E+00      1.145798578034E+00
   53.400000      1.516459988453E+00      1.145546581284E+00
   53.500000      1.517399189893E+00      1.145090625333E+00
   53.600000      1.518227017751E+00      1.144577714701E+00
   53.700000      1.519039822158E+00      1.144130266002E+00
   53.800000      1.519910407609E+00      1.143823154063E+00
   53.900000      1.520864537014E+00      1.143676178334E+00
   54.000000      1.521888061323E+00      1.143662793194E+00
   54.100000      1.522953822256E+00      1.143730524700E+00
   54.200000      1.524047664011E+00      1.143824818361E+00
   54.300000      1.525181170933E+00      1.143907564432E+00
   54.400000      1.526388959258E+00      1.143964439701E+00
   54.500000      1.527711876910E+00      1.144000246025E+00
   54.600000      1.529172196615E+00      1.144026330683E+00
   54.700000      1.530752733651E+00      1.144046749614E+00
   54.800000      1.532389803911E+00      1.144049225077E+00
   54.900000      1.533982213928E+00      1.144003989367E+00
   55.000000      1.535409036805E+00      1.143870033800E+00
   55.100000      1.536544454987E+00      1.143605612627E+00
   55.200000      1.537265220108E+00      1.143178820852E+00
   55.300000      1.537456849505E+00      1.142574678648E+00
   55.400000      1.537028246568E+00      1.141796864020E+00
   55.500000      1.535941747908E+00      1.140864136861E+00
   55.600000      1.534251423273E+00      1.139802820147E+00
   55.700000      1.532119705421E+00      1.138637354872E+00
   55.800000      1.529783732861E+00      1.137381398516E+00
   55.900000      1.527472703709E+00      1.136032362146E+00
   56.000000      1.525316725120E+00      1.134571975477E+00
   56.100000      1.523309924559E+00      1.132973577756E+00
   56.200000      1.521358359231E+00      1.131213746198E+00
   56.300000      1.519371709802E+00      1.129283530667E+00
   56.400000      1.517326470092E+00      1.127194894633E+00
   56.500000      1.515262474656E+00      1.124980910900E+00
   56.600000      1.513227931937E+00      1.122691559427E+00
   56.700000      1.511224956785E+00      1.120388132666E+00
   56.800000      1.509209423627E+00      1.118137836571E+00
   56.900000      1.507148014248E+00      1.116008106856E+00
   57.000000      1.505071996852E+00      1.114059762357E+00
   57.100000      1.503073390012E+00      1.112339824524E+00
   57.200000      1.501252849117E+00      1.110876788918E+00
   57.300000      1.499670168295E+00      1.109681056343E+00
   57.400000      1.498334368931E+00      1.108750712706E+00
   57.500000      1.497228069848E+00      1.108079832347E+00
   57.600000      1.496335039938E+00      1.107665381392E+00
   57.700000      1.495649053859E+00      1.107510170099E+00
   57.800000      1.495167823013E+00      1.107621540586E+00
   57.900000      1.494887129267E+00      1.108006826472E+00
   58.000000      1.494799849641E+00      1.108667073730E+00
   58.100000      1.494892879086E+00      1.109591195033E+00
   58.200000      1.495139994228E+00      1.110753657308E+00
   58.300000      1.495502877793E+00      1.112118259555E+00
   58.400000      1.495949663914E+00      1.113647445212E+00
   58.500000      1.496474940028E+00      1.115312762741E+00
   58.600000      1.497096044025E+00      1.117100999723E+00
   58.700000      1.497828907875E+00      1.119013224044E+00
   58.800000      1.498676174540E+00      1.121057628106E+00
   58.900000      1.499643857873E+00      1.123238460433E+00
   59.000000      1.500756822985E+00      1.125542947861E+00
   59.100000      1.502034127659E+00      1.127929070004E+00
   59.200000      1.503431735092E+00      1.130319854725E+00
   59.300000      1.504815176889E+00      1.132610526200E+00
   59.400000      1.506013419461E+00      1.134689744363E+00
   59.500000      1.506918099779E+00      1.136467758849E+00
   59.600000      1.507539833201E+00      1.137899569543E+00
   59.700000      1.507981871573E+00      1.138994217321E+00
   59.800000      1.508371150594E+00      1.139808934585E+00
   59.900000      1.508810861724E+00      1.140432680968E+00
   60.000000      1.509374128264E+00      1.140964884641E+00
   60.100000      1.510110480989E+00      1.141494233808E+00
   60.200000      1.511040565034E+00      1.142081718516E+00
   60.300000      1.512145670876E+00      1.142751522403E+00
   60.400000      1.513369382691E+00      1.143491339471E+00
   60.500000      1.514633298577E+00      1.144260573802E+00
   60.600000      1.515856436112E+00      1.145002664124E+00
   60.700000      1.516972109819E+00      1.145657723947E+00
   60.800000      1.517942730008E+00      1.146173200584E+00
   60.900000      1.518771397422E+00      1.146511855338E+00
   61.000000      1.519504135415E+00      1.146657008770E+00
   61.100000      1.520217474901E+00      1.146614603919E+00
   61.200000      1.520993809724E+00      1.146411123502E+00
   61.300000      1.521892662165E+00      1.146086992878E+00
   61.400000      1.522929267906E+00      1.145686948147E+00
   61.500000      1.524073135693E+00      1.145250348529E+00
   61.600000      1.525268735922E+00      1.144803954881E+00
   61.700000      1.526463324574E+00      1.144357982830E+00
   61.800000      1.527622103203E+00      1.143905593071E+00
   61.900000      1.528724974778E+00      1.143426926123E+00
   62.000000      1.529756138731E+00      1.142898793176E+00
   62.100000      1.530698404351E+00      1.142308096467E+00
   62.200000      1.531530499644E+00      1.141663035384E+00
   62.300000      1.532217828489E+00      1.140995612035E+00
   62.400000      1.532699871943E+00      1.140353160733E+00
   62.500000      1.532893905076E+00      1.139781901691E+00
   62.600000      1.532724588963E+00      1.139307851298E+00
   62.700000      1.532160434005E+00      1.138920114045E+00
   62.800000      1.531226837914E+00      1.138561493023E+00
   62.900000      1.529984574071E+00      1.138131718463E+00
   63.000000      1.528492403774E+00      1.137506282642E+00
   63.100000      1.526786942731E+00      1.136567385822E+00
   63.200000      1.524896052993E+00      1.135236534620E+00
   63.300000      1.522866560112E+00      1.133496581551E+00
   63.400000      1.520776747354E+00      1.131396015558E+00
   63.500000      1.518724142055E+00      1.129036121753E+00
   63.600000      1.516797151695E+00      1.126547220753E+00
   63.700000      1.515046908892E+00      1.124061943165E+00
   63.800000      1.513475799582E+00      1.121692694980E+00
   63.900000      1.512049101722E+00      1.119518359602E+00
   64.000000      1.510719123680E+00      1.117582055027E+00
   64.100000      1.509439911683E+00      1.115897953462E+00
   64.200000      1.508163739602E+00      1.114462330022E+00
   64.300000      1.506842659585E+00      1.113263498683E+00
   64.400000      1.505458802510E+00      1.112287071045E+00
   64.500000      1.504061425030E+00      1.111515904990E+00
   64.600000      1.502766400105E+00      1.110926971505E+00
   64.700000      1.501703961070E+00      1.110489168076E+00
   64.800000      1.500951641794E+00      1.110166001475E+00
   64.900000      1.500502722715E+00      1.109924758101E+00
   65.000000      1.500280111162E+00      1.109750157745E+00
   65.100000      1.500180863988E+00      1.109657389816E+00
   65.200000      1.500124218629E+00      1.109698512081E+00
   65.300000      1.500077778202E+00      1.109957906554E+00
   65.400000      1.500055431995E+00      1.110536060605E+00
   65.500000      1.500097031662E+00      1.111524995010E+00
   65.600000      1.500243460680E+00      1.112981792395E+00
   65.700000      1.500517847522E+00      1.114907810103E+00
   65.800000      1.500919038566E+00      1.117239844715E+00
   65.900000      1.501427021687E+00      1.119856171781E+00
   66.000000      1.502013491588E+00      1.122596184264E+00
   66.100000      1.502650314882E+00      1.125288709368E+00
   66.200000      1.503314765808E+00      1.127782072695E+00
   66.300000      1.503992911843E+00      1.129969025561E+00
   66.400000      1.504681370461E+00      1.131801520429E+00
   66.500000      1.505386791853E+00      1.133293255145E+00
   66.600000      1.506121749072E+00      1.134510835135E+00
   66.700000      1.506896758603E+00      1.135556318804E+00
   66.800000      1.507710389536E+00      1.136544490171E+00
   66.900000      1.508541055362E+00      1.137578159453E+00
   67.000000      1.509345476165E+00      1.138725260498E+00
   67.100000      1.510069896131E+00      1.140002603645E+00
   67.200000      1.510674916384E+00      1.141371266313E+00
   67.300000      1.511160685435E+00      1.142745960948E+00
   67.400000      1.511571595496E+00      1.144015805829E+00
   67.500000      1.511972938661E+00      1.145069911406E+00
   67.600000      1.512416978821E+00      1.145820929933E+00
   67.700000      1.512928344988E+00      1.146222482818E+00
   67.800000      1.513520921235E+00      1.146278730944E+00
   67.900000      1.514220311065E+00      1.146044489255E+00
   68.000000      1.515047532858E+00      1.145614354120E+00
   68.100000      1.515970123423E+00      1.145102168324E+00
   68.200000      1.516900696224E+00      1.144616720944E+00
   68.300000      1.517768900606E+00      1.144241452263E+00
   68.400000      1.518596130559E+00      1.144022911899E+00
   68.500000      1.519496890419E+00      1.143967938419E+00
   68.600000      1.520583815749E+00      1.144047602158E+00
   68.700000      1.521844448967E+00      1.144207088731E+00
   68.800000      1.523113996485E+00      1.144380801293E+00
   68.900000      1.524183456474E+00      1.144508758077E+00
   69.000000      1.524934941131E+00      1.144547265097E+00
   69.100000      1.525389231124E+00      1.144468883817E+00
   69.200000      1.525656186589E+00      1.144253654935E+00
   69.300000      1.525850800161E+00      1.143879373718E+00
   69.400000      1.526037721342E+00      1.143318422712E+00
   69.500000      1.526221294540E+00      1.142543533294E+00
   69.600000      1.526358031039E+00      1.141539871845E+00
   69.700000      1.526369669855E+00      1.140318599935E+00
   69.800000      1.526160754985E+00      1.138926286212E+00
   69.900000      1.525655326282E+00      1.137444298060E+00
   70.000000      1.524841959281E+00      1.135974464894E+00
   70.100000      1.523784687019E+00      1.134613406685E+00
   70.200000      1.522584954618E+00      1.133424998510E+00
   70.300000      1.521329196933E+00      1.132422694530E+00
   70.400000      1.520062768993E+00      1.131568365641E+00
   70.500000      1.518798201424E+00      1.130785742720E+00
   70.600000      1.517536356719E+00      1.129980850819E+00
   70.700000      1.516279434653E+00      1.129061844716E+00
   70.800000      1.515031825534E+00      1.127954210412E+00
   70.900000      1.513796337100E+00      1.126610582149E+00
   71.000000      1.512573244981E+00      1.125015791915E+00
   71.100000      1.511363661217E+00      1.123187970015E+00
   71.200000      1.510173571101E+00      1.121176590320E+00
   71.300000      1.509013889427E+00      1.119058363061E+00
   71.400000      1.507895396314E+00      1.116931444218E+00
   71.500000      1.506823233288E+00      1.114907636364E+00
   71.600000      1.505797872408E+00      1.113101753138E+00
   71.700000      1.504823195734E+00      1.111617864761E+00
   71.800000      1.503912669318E+00      1.110533991194E+00
   71.900000      1.503085739112E+00      1.109889124214E+00
   72.000000      1.502362652166E+00      1.109677338751E+00
   72.100000      1.501770662623E+00      1.109851644393E+00
   72.200000      1.501355912800E+00      1.110335916052E+00
   72.300000      1.501182392127E+00      1.111039987077E+00
   72.400000      1.501305929903E+00      1.111873651750E+00
   72.500000      1.501731753556E+00      1.112759051612E+00
   72.600000      1.502384967869E+00      1.113643428274E+00
   72.700000      1.503124586932E+00      1.114512221433E+00
   72.800000      1.503802762369E+00      1.115397652139E+00
   72.900000      1.504331270519E+00      1.116375673636E+00
   73.000000      1.504710561407E+00      1.117548048883E+00
   73.100000      1.505007632316E+00      1.119014022520E+00
   73.200000      1.505306114525E+00      1.120841487107E+00
   73.300000      1.505669190455E+00      1.123046687665E+00
   73.400000      1.506134967262E+00      1.125585955030E+00
   73.500000      1.506725600174E+00      1.128357751807E+00
   73.600000      1.507447104246E+00      1.131211986426E+00
   73.700000      1.508279197403E+00      1.133965446642E+00
   73.800000      1.509167340783E+00      1.136424045988E+00
   73.900000      1.510026414811E+00      1.138411877504E+00
   74.000000      1.510756323079E+00      1.139803969064E+00
   74.100000      1.511263942888E+00      1.140556138823E+00
   74.200000      1.511486966396E+00      1.140723516697E+00
   74.300000      1.511416876716E+00      1.140460190674E+00
   74.400000      1.511113338124E+00      1.139996131185E+00
   74.500000      1.510698060615E+00      1.139593387755E+00
   74.600000      1.510323252035E+00      1.139490118044E+00
   74.700000      1.510123696070E+00      1.139846113261E+00
   74.800000      1.510172933178E+00      1.140704776239E+00
   74.900000      1.510465338174E+00      1.141982677765E+00
   75.000000      1.510931883403E+00      1.143489688409E+00
   75.100000      1.511476819341E+00      1.144973315973E+00
   75.200000      1.512013318884E+00      1.146174219303E+00
   75.300000      1.512483052902E+00      1.146878514130E+00
   75.400000      1.512858469089E+00      1.146956077437E+00
   75.500000      1.513136613619E+00      1.146379754172E+00
   75.600000      1.513334259116E+00      1.145225188891E+00
   75.700000      1.513488444871E+00      1.143653888033E+00
   75.800000      1.513660739747E+00      1.141883798119E+00
   75.900000      1.513939581201E+00      1.140152886964E+00
   76.000000      1.514428066964E+00      1.138681646651E+00
   76.100000      1.515205098000E+00      1.137639714025E+00
   76.200000      1.516274092749E+00      1.137120614055E+00
   76.300000      1.517532648422E+00      1.137128040042E+00
   76.400000      1.518784270013E+00      1.137576735620E+00
   76.500000      1.519792007534E+00      1.138309093398E+00
   76.600000      1.520354647436E+00      1.139124231022E+00
   76.700000      1.520370573676E+00      1.139811888746E+00
   76.800000      1.519857626472E+00      1.140182813633E+00
   76.900000      1.518924338846E+00      1.140091276023E+00
   77.000000      1.517716931460E+00      1.139450254013E+00
   77.100000      1.516374646632E+00      1.138240915606E+00
   77.200000      1.515010107738E+00      1.136515070103E+00
   77.300000      1.513704005892E+00      1.134386917184E+00
   77.400000      1.512497593609E+00      1.132012815415E+00
   77.500000      1.511390252682E+00      1.129563526739E+00
   77.600000      1.510355839461E+00      1.127197107517E+00
   77.700000      1.509369699757E+00      1.125039048887E+00
   77.800000      1.508423696914E+00      1.123171517446E+00
   77.900000      1.507518359374E+00      1.121630112091E+00
   78.000000      1.506644407379E+00      1.120406338389E+00
   78.100000      1.505776888569E+00      1.119455114833E+00
   78.200000      1.504892471822E+00      1.118706517791E+00
   78.300000      1.503993584453E+00      1.118079533951E+00
   78.400000      1.503110308800E+00      1.117494757029E+00
   78.500000      1.502272804779E+00      1.116884018115E+00
   78.600000      1.501486862642E+00      1.116196981827E+00
   78.700000      1.500746653246E+00      1.115405857658E+00
   78.800000      1.500068576392E+00      1.114508737627E+00
   78.900000      1.499503937077E+00      1.113530641599E+00
   79.000000      1.499115904173E+00      1.112520759663E+00
   79.100000      1.498941262563E+00      1.111545372865E+00
   79.200000      1.498964548672E+00      1.110677842390E+00
   79.300000      1.499120298078E+00      1.109988494867E+00
   79.400000      1.499326678346E+00      1.109537203140E+00
   79.500000      1.499534417000E+00      1.109370013648E+00
   79.600000      1.499760141121E+00      1.109519227240E+00
   79.700000      1.500077513308E+00      1.110004983907E+00
   79.800000      1.500564991202E+00      1.110836187855E+00
   79.900000      1.501252453288E+00      1.112009392781E+00
   80.000000      1.502115964486E+00      1.113505578453E+00
   80.100000      1.503105365255E+00      1.115286203558E+00
   80.200000      1.504167428583E+00      1.117291170054E+00
   80.300000      1.505255804979E+00      1.119441774182E+00
   80.400000      1.506333342193E+00      1.121650633691E+00
   80.500000      1.507373992439E+00      1.123837874697E+00
   80.600000      1.508367881011E+00      1.125949485929E+00
   80.700000      1.509330422422E+00      1.127971158983E+00
   80.800000      1.510311670553E+00      1.129930322720E+00
   80.900000      1.511386333064E+00      1.131881398125E+00
   81.000000      1.512608747940E+00      1.133875320820E+00
   81.100000      1.513952851287E+00      1.135923194322E+00
   81.200000      1.515282652763E+00      1.137970973561E+00
   81.300000      1.516389882142E+00      1.139900657473E+00
   81.400000      1.517086680907E+00      1.141561134872E+00
   81.500000      1.517294861176E+00      1.142815453224E+00
   81.600000      1.517075009452E+00      1.143583169181E+00
   81.700000      1.516583878488E+00      1.143862714608E+00
   81.800000      1.515998432719E+00      1.143732306760E+00
   81.900000      1.515457451777E+00      1.143335854028E+00
   82.000000      1.515039748245E+00      1.142857985409E+00
   82.100000      1.514770164983E+00      1.142487795967E+00
   82.200000      1.514642394570E+00      1.142373719532E+00
   82.300000      1.514638876375E+00      1.142581078224E+00
   82.400000      1.514736538630E+00      1.143069256101E+00
   82.500000      1.514903263165E+00      1.143700036487E+00
   82.600000      1.515091786914E+00      1.144275640292E+00
   82.700000      1.515242244755E+00      1.144593390824E+00
   82.800000      1.515304826722E+00      1.144499668830E+00
   82.900000      1.515270985650E+00      1.143928583806E+00
   83.000000      1.515179402280E+00      1.142917039613E+00
   83.100000      1.515099507605E+00      1.141594580934E+00
   83.200000      1.515124593316E+00      1.140152059598E+00
   83.300000      1.515359901613E+00      1.138797311804E+00
   83.400000      1.515885092590E+00      1.137708706255E+00
   83.500000      1.516699281116E+00      1.136998145683E+00
   83.600000      1.517686462504E+00      1.136692554100E+00
   83.700000      1.518641245921E+00      1.136736594123E+00
   83.800000      1.519346196323E+00      1.137011950626E+00
   83.900000      1.519646489700E+00      1.137364514962E+00
   84.000000      1.519479070441E+00      1.137632116860E+00
   84.100000      1.518857183580E+00      1.137669100662E+00
   84.200000      1.517841151137E+00      1.137365839701E+00
   84.300000      1.516515988071E+00      1.136660949810E+00
   84.400000      1.514974512028E+00      1.135544604830E+00
   84.500000      1.513305198555E+00      1.134054117960E+00
   84.600000      1.511590964267E+00      1.132264931996E+00
   84.700000      1.509917409269E+00      1.130278871335E+00
   84.800000      1.508371597899E+00      1.128209118576E+00
   84.900000      1.507011833677E+00      1.126162032322E+00
   85.000000      1.505828069150E+00      1.124219731105E+00
   85.100000      1.504747314595E+00      1.122429740653E+00
   85.200000      1.503687808979E+00      1.120805392308E+00
   85.300000      1.502607126617E+00      1.119334974115E+00
   85.400000      1.501514601401E+00      1.117993857895E+00
   85.500000      1.500459607439E+00      1.116754537227E+00
   85.600000      1.499510684218E+00      1.115592999904E+00
   85.700000      1.498728968619E+00      1.114492858316E+00
   85.800000      1.498143638400E+00      1.113449435225E+00
   85.900000      1.497745989990E+00      1.112474776663E+00
   86.000000      1.497508901708E+00      1.111602417930E+00
   86.100000      1.497414881373E+00      1.110888861434E+00
   86.200000      1.497467224995E+00      1.110408177240E+00
   86.300000      1.497679908323E+00      1.110237479297E+00
   86.400000      1.498067167456E+00      1.110434255790E+00
   86.500000      1.498641521987E+00      1.111011086651E+00
   86.600000      1.499399472787E+00      1.111917559090E+00
   86.700000      1.500284684790E+00      1.113040118838E+00
   86.800000      1.501174301181E+00      1.114225285963E+00
   86.900000      1.501940019704E+00      1.115320998016E+00
   87.000000      1.502537308923E+00      1.116220924147E+00
   87.100000      1.503037432330E+00      1.116894649384E+00
   87.200000      1.503571128807E+00      1.117394222493E+00
   87.300000      1.504237701411E+00      1.117838598218E+00
   87.400000      1.505050726666E+00      1.118384092334E+00
   87.500000      1.505946257469E+00      1.119188919438E+00
   87.600000      1.506837407756E+00      1.120377487134E+00
   87.700000      1.507669926382E+00      1.122010001088E+00
   87.800000      1.508444543372E+00      1.124064746067E+00
   87.900000      1.509201677176E+00      1.126440028639E+00
   88.000000      1.509984852752E+00      1.128977568374E+00
   88.100000      1.510807582747E+00      1.131501040021E+00
   88.200000      1.511644371203E+00      1.133857249116E+00
   88.300000      1.512448982028E+00      1.135946673671E+00
   88.400000      1.513182322635E+00      1.137734926243E+00
   88.500000      1.513827252579E+00      1.139244244334E+00
   88.600000      1.514382341404E+00      1.140530822650E+00
   88.700000      1.514843976508E+00      1.141657275751E+00
   88.800000      1.515192183648E+00      1.142669286331E+00
   88.900000      1.515390584348E+00      1.143582563863E+00
   89.000000      1.515401425594E+00      1.144382182376E+00
   89.100000      1.515207984561E+00      1.145032518329E+00
   89.200000      1.514832139542E+00      1.145493199751E+00
   89.300000      1.514336569510E+00      1.145735223791E+00
   89.400000      1.513808913872E+00      1.145752030903E+00
   89.500000      1.513335423571E+00      1.145562665699E+00
   89.600000      1.512977682785E+00      1.145207175019E+00
   89.700000      1.512762744377E+00      1.144736603525E+00
   89.800000      1.512686573808E+00      1.144200540686E+00
   89.900000      1.512722771735E+00      1.143634727221E+00
   90.000000      1.512829898235E+00      1.143050978812E+00
   90.100000      1.512957158540E+00      1.142432062841E+00
   90.200000      1.513050389990E+00      1.141734308694E+00
   90.300000      1.513056720768E+00      1.140899535735E+00
   90.400000      1.512925455218E+00      1.139875247091E+00
   90.500000      1.512608921415E+00      1.138638907572E+00
   90.600000      1.512071452667E+00      1.137219602828E+00
   90.700000      1.511308170255E+00      1.135709265367E+00
   90.800000      1.510363458407E+00      1.134256717935E+00
   90.900000      1.509335747762E+00      1.133041683490E+00
   91.000000      1.508357079727E+00      1.132232253968E+00
   91.100000      1.507545025034E+00      1.131935982918E+00
   91.200000      1.506948532443E+00      1.132158762665E+00
   91.300000      1.506518376823E+00      1.132784913952E+00
   91.400000      1.506118897575E+00      1.133586547967E+00
   91.500000      1.505576598302E+00      1.134262202027E+00
   91.600000      1.504744308567E+00      1.134496673704E+00
   91.700000      1.503552726974E+00      1.134028250561E+00
   91.800000      1.502027738571E+00      1.132707546519E+00
   91.900000      1.500270208776E+00      1.130534047551E+00
   92.000000      1.498412771104E+00      1.127661392168E+00
   92.100000      1.496576727718E+00      1.124369229675E+00
   92.200000      1.494853843238E+00      1.121007162959E+00
   92.300000      1.493314819493E+00      1.117923452240E+00
   92.400000      1.492014722869E+00      1.115395777083E+00
   92.500000      1.490978895657E+00      1.113581262596E+00
   92.600000      1.490185794673E+00      1.112497397771E+00
   92.700000      1.489568953282E+00      1.112036045842E+00
   92.800000      1.489043112744E+00      1.112003010920E+00
   92.900000      1.488541237141E+00      1.112169309122E+00
   93.000000      1.488041822828E+00      1.112319516421E+00
   93.100000      1.487572289766E+00      1.112286947415E+00
   93.200000      1.487189911208E+00      1.111972404604E+00
   93.300000      1.486954858669E+00      1.111349420588E+00
   93.400000      1.486911237369E+00      1.110461688224E+00
   93.500000      1.487083867005E+00      1.109417079573E+00
   93.600000      1.487487436074E+00      1.108378715061E+00
   93.700000      1.488136424085E+00      1.107549654212E+00
   93.800000      1.489046232420E+00      1.107146660914E+00
   93.900000      1.490225320206E+00      1.107361664739E+00
   94.000000      1.491661245112E+00      1.108316337383E+00
   94.100000      1.493304568680E+00      1.110022482143E+00
   94.200000      1.495061793039E+00      1.112364022892E+00
   94.300000      1.496812507223E+00      1.115111647526E+00
   94.400000      1.498455479953E+00      1.117969174137E+00
   94.500000      1.499964168025E+00      1.120637416423E+00
   94.600000      1.501401244494E+00      1.122874954532E+00
   94.700000      1.502846789152E+00      1.124539866974E+00
   94.800000      1.504309497897E+00      1.125607858179E+00
   94.900000      1.505718708178E+00      1.126170868647E+00
   95.000000      1.506980547975E+00      1.126420449996E+00
   95.100000      1.508055375419E+00      1.126615478529E+00
   95.200000      1.509010153043E+00      1.127032821759E+00
   95.300000      1.510008115941E+00      1.127906521778E+00
   95.400000      1.511230017715E+00      1.129371000436E+00
   95.500000      1.512759477948E+00      1.131427665573E+00
   95.600000      1.514504280488E+00      1.133947485923E+00
   95.700000      1.516223104825E+00      1.136708079709E+00
   95.800000      1.517640156472E+00      1.139450764113E+00
   95.900000      1.518561716599E+00      1.141937554824E+00
   96.000000      1.518936061338E+00      1.143991849789E+00
   96.100000      1.518847100307E+00      1.145516076085E+00
   96.200000      1.518458369937E+00      1.146489321378E+00
   96.300000      1.517938179316E+00      1.146953340686E+00
   96.400000      1.517402849213E+00      1.146994913546E+00
   96.500000      1.516904373910E+00      1.146728382918E+00
   96.600000      1.516459554603E+00      1.146278291848E+00
   96.700000      1.516087818424E+00      1.145761400934E+00
   96.800000      1.515823919377E+00      1.145269808971E+00
   96.900000      1.515701244620E+00      1.144859157625E+00
   97.000000      1.515732666005E+00      1.144544916261E+00
   97.100000      1.515918254923E+00      1.144306041531E+00
   97.200000      1.516262293978E+00      1.144092630333E+00
   97.300000      1.516756472736E+00      1.143835160958E+00
   97.400000      1.517335517116E+00      1.143455689207E+00
   97.500000      1.517856960795E+00      1.142881778915E+00
   97.600000      1.518141885790E+00      1.142061047817E+00
   97.700000      1.518051303686E+00      1.140971856374E+00
   97.800000      1.517536694468E+00      1.139627509222E+00
   97.900000      1.516636612449E+00      1.138075585458E+00
   98.000000      1.515440849368E+00      1.136395432466E+00
   98.100000      1.514055171112E+00      1.134693790669E+00
   98.200000      1.512577289847E+00      1.133095307881E+00
   98.300000      1.511075698130E+00      1.131725934018E+00
   98.400000      1.509574124802E+00      1.130691614258E+00
   98.500000      1.508057065342E+00      1.130057268913E+00
   98.600000      1.506493948726E+00      1.129829910544E+00
   98.700000      1.504858768605E+00      1.129948206031E+00
   98.800000      1.503131750130E+00      1.130281709036E+00
   98.900000      1.501295629455E+00      1.130644073733E+00
   99.000000      1.499346461513E+00      1.130821501439E+00
   99.100000      1.497316976786E+00      1.130610755466E+00
   99.200000      1.495284639505E+00      1.129855912742E+00
   99.300000      1.493342136136E+00      1.128474131587E+00
   99.400000      1.491549048779E+00      1.126466478695E+00
   99.500000      1.489912354777E+00      1.123915059388E+00
   99.600000      1.488406869862E+00      1.120969626888E+00
   99.700000      1.487003298422E+00      1.117826943459E+00
   99.800000      1.485688545204E+00      1.114706392602E+00
   99.900000      1.484481677743E+00      1.111825452171E+00
  100.000000      1.483438736487E+00      1.109377600688E+00
