# M=24, N=12, V0=0.0, V=-1.9, PBC
#  time (tJ)                S₁(ℓ=12)                S₂(ℓ=12)
    0.000000      1.404509022984E+00      1.071424665818E+00
    0.100000      1.417024270838E+00      1.080869403484E+00
    0.200000      1.452246288396E+00      1.107840583940E+00
    0.300000      1.504615969398E+00      1.148653417492E+00
    0.400000      1.567632604754E+00      1.198356097367E+00
    0.500000      1.635692844761E+00      1.252024038761E+00
    0.600000      1.705050646609E+00      1.305813169836E+00
    0.700000      1.773872459289E+00      1.357454951894E+00
    0.800000      1.841711236440E+00      1.406172110033E+00
    0.900000      1.908810151531E+00      1.452230866052E+00
    1.000000      1.975543587820E+00      1.496405275850E+00
    1.100000      2.042124678691E+00      1.539546857530E+00
    1.200000      2.108556254918E+00      1.582333086726E+00
    1.300000      2.174723382855E+00      1.625181589808E+00
    1.400000      2.240517228980E+00      1.668275386168E+00
    1.500000      2.305914603104E+00      1.711636022569E+00
    1.600000      2.370986157722E+00      1.755194613959E+00
    1.700000      2.435847907049E+00      1.798836509646E+00
    1.800000      2.500593960389E+00      1.842421353623E+00
    1.900000      2.565248712477E+00      1.885794455805E+00
    2.000000      2.629757933138E+00      1.928803113194E+00
    2.100000      2.694012956039E+00      1.971318824931E+00
    2.200000      2.757885629278E+00      2.013254606262E+00
    2.300000      2.821251792743E+00      2.054564420845E+00
    2.400000      2.883994266105E+00      2.095220078127E+00
    2.500000      2.945990938263E+00      2.135173818881E+00
    2.600000      3.007097995810E+00      2.174323902310E+00
    2.700000      3.067130644804E+00      2.212500113683E+00
    2.800000      3.125834466777E+00      2.249476022351E+00
    2.900000      3.182843664588E+00      2.285000565121E+00
    3.000000      3.237639679613E+00      2.318832231339E+00
    3.100000      3.289539829871E+00      2.350761764832E+00
    3.200000      3.337741844369E+00      2.380621030047E+00
    3.300000      3.381423792559E+00      2.408283877200E+00
    3.400000      3.419869437726E+00      2.433661483736E+00
    3.500000      3.452581843724E+00      2.456690021857E+00
    3.600000      3.479370039714E+00      2.477319298924E+00
    3.700000      3.500420238193E+00      2.495530867200E+00
    3.800000      3.516356479676E+00      2.511410141736E+00
    3.900000      3.528251170353E+00      2.525250638319E+00
    4.000000      3.537513596263E+00      2.537612581630E+00
    4.100000      3.545618179809E+00      2.549254048968E+00
    4.200000      3.553728085853E+00      2.560921545953E+00
    4.300000      3.562357959767E+00      2.573079636961E+00
    4.400000      3.571233970068E+00      2.585706844818E+00
    4.500000      3.579433389746E+00      2.598262159994E+00
    4.600000      3.585760968514E+00      2.609855751437E+00
    4.700000      3.589212768447E+00      2.619572121494E+00
    4.800000      3.589343762611E+00      2.626820772876E+00
    4.900000      3.586403602856E+00      2.631559401868E+00
    5.000000      3.581203309356E+00      2.634278891576E+00
    5.100000      3.574780988450E+00      2.635753239592E+00
    5.200000      3.568012254389E+00      2.636679077931E+00
    5.300000      3.561331023409E+00      2.637381655301E+00
    5.400000      3.554675697542E+00      2.637722200331E+00
    5.500000      3.547676577085E+00      2.637243573460E+00
    5.600000      3.539999146182E+00      2.635489700099E+00
    5.700000      3.531694834092E+00      2.632359879022E+00
    5.800000      3.523402167016E+00      2.628330364540E+00
    5.900000      3.516288308549E+00      2.624416341576E+00
    6.000000      3.511720185137E+00      2.621862255732E+00
    6.100000      3.510781417334E+00      2.621687519771E+00
    6.200000      3.513848294667E+00      2.624294669777E+00
    6.300000      3.520441940617E+00      2.629319474774E+00
    6.400000      3.529448872604E+00      2.635787235332E+00
    6.500000      3.539595578885E+00      2.642499574306E+00
    6.600000      3.549920492084E+00      2.648477524784E+00
    6.700000      3.560020494140E+00      2.653271499124E+00
    6.800000      3.570005192466E+00      2.657018004935E+00
    6.900000      3.580235405427E+00      2.660239930105E+00
    7.000000      3.590995062346E+00      2.663499773060E+00
    7.100000      3.602257040704E+00      2.667077376590E+00
    7.200000      3.613652916769E+00      2.670827403293E+00
    7.300000      3.624651950100E+00      2.674280234630E+00
    7.400000      3.634847314487E+00      2.676926391857E+00
    7.500000      3.644198657702E+00      2.678534422944E+00
    7.600000      3.653109466967E+00      2.679342137761E+00
    7.700000      3.662299196473E+00      2.680028998556E+00
    7.800000      3.672521831293E+00      2.681481793778E+00
    7.900000      3.684252815109E+00      2.684457525575E+00
    8.000000      3.697487365661E+00      2.689290246773E+00
    8.100000      3.711742114120E+00      2.695764405107E+00
    8.200000      3.726244076163E+00      2.703195565983E+00
    8.300000      3.740193943483E+00      2.710661178616E+00
    8.400000      3.752968500914E+00      2.717263545907E+00
    8.500000      3.764184320113E+00      2.722316561875E+00
    8.600000      3.773632045412E+00      2.725412945616E+00
    8.700000      3.781154203964E+00      2.726400685341E+00
    8.800000      3.786557297320E+00      2.725331578461E+00
    8.900000      3.789619516466E+00      2.722430382004E+00
    9.000000      3.790190836622E+00      2.718091484892E+00
    9.100000      3.788320651380E+00      2.712873305533E+00
    9.200000      3.784329001617E+00      2.707451378822E+00
    9.300000      3.778769495689E+00      2.702511702492E+00
    9.400000      3.772286714401E+00      2.698600257421E+00
    9.500000      3.765416139112E+00      2.695971827316E+00
    9.600000      3.758402648763E+00      2.694491141689E+00
    9.700000      3.751118595271E+00      2.693633632282E+00
    9.800000      3.743130528059E+00      2.692612072694E+00
    9.900000      3.733899879913E+00      2.690613387732E+00
   10.000000      3.723036651119E+00      2.687072936384E+00
   10.100000      3.710494237381E+00      2.681874652898E+00
   10.200000      3.696620162875E+00      2.675383682615E+00
   10.300000      3.682046025801E+00      2.668294409172E+00
   10.400000      3.667469303962E+00      2.661362752399E+00
   10.500000      3.653417906528E+00      2.655133601810E+00
   10.600000      3.640085769879E+00      2.649759049899E+00
   10.700000      3.627292418867E+00      2.644955225848E+00
   10.800000      3.614570111613E+00      2.640093984655E+00
   10.900000      3.601335806792E+00      2.634385956522E+00
   11.000000      3.587076907466E+00      2.627090633812E+00
   11.100000      3.571484022785E+00      2.617691860856E+00
   11.200000      3.554499741143E+00      2.606000914152E+00
   11.300000      3.536297759134E+00      2.592180851411E+00
   11.400000      3.517234164848E+00      2.576707479111E+00
   11.500000      3.497805182179E+00      2.560286019870E+00
   11.600000      3.478612579937E+00      2.543735914912E+00
   11.700000      3.460309440074E+00      2.527854947126E+00
   11.800000      3.443505746231E+00      2.513286070656E+00
   11.900000      3.428657172841E+00      2.500425922899E+00
   12.000000      3.416004097336E+00      2.489412515265E+00
   12.100000      3.405610194208E+00      2.480201198486E+00
   12.200000      3.397480209179E+00      2.472695760479E+00
   12.300000      3.391685268788E+00      2.466871857946E+00
   12.400000      3.388417805163E+00      2.462832218115E+00
   12.500000      3.387933647722E+00      2.460766859297E+00
   12.600000      3.390408302299E+00      2.460838972593E+00
   12.700000      3.395783194682E+00      2.463053758081E+00
   12.800000      3.403686212714E+00      2.467175786160E+00
   12.900000      3.413471703158E+00      2.472737599173E+00
   13.000000      3.424366265821E+00      2.479140327253E+00
   13.100000      3.435661062640E+00      2.485806051443E+00
   13.200000      3.446875832093E+00      2.492319999691E+00
   13.300000      3.457835843944E+00      2.498507190149E+00
   13.400000      3.468639412373E+00      2.504418271366E+00
   13.500000      3.479537446753E+00      2.510238371330E+00
   13.600000      3.490782047636E+00      2.516163778164E+00
   13.700000      3.502507519082E+00      2.522301846269E+00
   13.800000      3.514682366624E+00      2.528635665708E+00
   13.900000      3.527136578162E+00      2.535062742742E+00
   14.000000      3.539640446589E+00      2.541480493862E+00
   14.100000      3.551990202384E+00      2.547867502812E+00
   14.200000      3.564050267686E+00      2.554310186553E+00
   14.300000      3.575726087215E+00      2.560951347554E+00
   14.400000      3.586887496378E+00      2.567879087524E+00
   14.500000      3.597292439664E+00      2.575011368198E+00
   14.600000      3.606562898873E+00      2.582042597458E+00
   14.700000      3.614242957104E+00      2.588494816519E+00
   14.800000      3.619930800765E+00      2.593866410246E+00
   14.900000      3.623438058020E+00      2.597819990797E+00
   15.000000      3.624905796514E+00      2.600325474210E+00
   15.100000      3.624815913594E+00      2.601689896922E+00
   15.200000      3.623879833524E+00      2.602456531830E+00
   15.300000      3.622843764994E+00      2.603216816828E+00
   15.400000      3.622287534171E+00      2.604417261790E+00
   15.500000      3.622490425338E+00      2.606239957153E+00
   15.600000      3.623404407412E+00      2.608594137239E+00
   15.700000      3.624728218226E+00      2.611202253721E+00
   15.800000      3.626037008360E+00      2.613725613876E+00
   15.900000      3.626906966595E+00      2.615867929344E+00
   16.000000      3.626988920051E+00      2.617418308954E+00
   16.100000      3.626022127723E+00      2.618233480777E+00
   16.200000      3.623815625890E+00      2.618192969173E+00
   16.300000      3.620237131325E+00      2.617173904824E+00
   16.400000      3.615235160375E+00      2.615076650367E+00
   16.500000      3.608889763698E+00      2.611895494152E+00
   16.600000      3.601458407804E+00      2.607790784044E+00
   16.700000      3.593372799946E+00      2.603103968925E+00
   16.800000      3.585157681015E+00      2.598278055336E+00
   16.900000      3.577280605501E+00      2.593695741673E+00
   17.000000      3.569987282611E+00      2.589501302832E+00
   17.100000      3.563205296379E+00      2.585500454346E+00
   17.200000      3.556586852309E+00      2.581214197659E+00
   17.300000      3.549701754133E+00      2.576097201570E+00
   17.400000      3.542309570789E+00      2.569843173885E+00
   17.500000      3.534581713790E+00      2.562633600231E+00
   17.600000      3.527148260622E+00      2.555186442971E+00
   17.700000      3.520917613117E+00      2.548542922939E+00
   17.800000      3.516728330516E+00      2.543660815001E+00
   17.900000      3.514990271629E+00      2.540992052739E+00
   18.000000      3.515494973763E+00      2.540244772175E+00
   18.100000      3.517488888552E+00      2.540449055632E+00
   18.200000      3.519964299766E+00      2.540307778664E+00
   18.300000      3.522034840372E+00      2.538692771234E+00
   18.400000      3.523259122272E+00      2.535092675953E+00
   18.500000      3.523809205831E+00      2.529840236716E+00
   18.600000      3.524416475368E+00      2.524027488717E+00
   18.700000      3.526091420076E+00      2.519135885724E+00
   18.800000      3.529717644951E+00      2.516526477762E+00
   18.900000      3.535704684803E+00      2.516995763916E+00
   19.000000      3.543864910377E+00      2.520569139193E+00
   19.100000      3.553554244187E+00      2.526594812836E+00
   19.200000      3.563981412152E+00      2.534074711860E+00
   19.300000      3.574529092986E+00      2.542080687384E+00
   19.400000      3.584952250065E+00      2.550084639137E+00
   19.500000      3.595390846465E+00      2.558082676734E+00
   19.600000      3.606218223342E+00      2.566491679479E+00
   19.700000      3.617811701394E+00      2.575895151262E+00
   19.800000      3.630353115846E+00      2.586766959226E+00
   19.900000      3.643736314770E+00      2.599287181591E+00
   20.000000      3.657597295814E+00      2.613302145257E+00
   20.100000      3.671428855879E+00      2.628408498781E+00
   20.200000      3.684716989977E+00      2.644091516268E+00
   20.300000      3.697039199751E+00      2.659837510506E+00
   20.400000      3.708089329849E+00      2.675169014609E+00
   20.500000      3.717632433344E+00      2.689602282563E+00
   20.600000      3.725427891293E+00      2.702572416325E+00
   20.700000      3.731171494120E+00      2.713390123828E+00
   20.800000      3.734495002697E+00      2.721280517742E+00
   20.900000      3.735034577370E+00      2.725517377855E+00
   21.000000      3.732549932024E+00      2.725620722227E+00
   21.100000      3.727052648723E+00      2.721547545186E+00
   21.200000      3.718892189885E+00      2.713790991753E+00
   21.300000      3.708757808327E+00      2.703325144866E+00
   21.400000      3.697581204859E+00      2.691392723528E+00
   21.500000      3.686359477360E+00      2.679206493922E+00
   21.600000      3.675947376121E+00      2.667675131716E+00
   21.700000      3.666878047407E+00      2.657242698075E+00
   21.800000      3.659261656288E+00      2.647870955590E+00
   21.900000      3.652790237996E+00      2.639142815418E+00
   22.000000      3.646847673932E+00      2.630443002522E+00
   22.100000      3.640689690990E+00      2.621163070444E+00
   22.200000      3.633636452557E+00      2.610869550502E+00
   22.300000      3.625221308908E+00      2.599380146798E+00
   22.400000      3.615260827525E+00      2.586730743022E+00
   22.500000      3.603844133533E+00      2.573071476883E+00
   22.600000      3.591267454147E+00      2.558562276152E+00
   22.700000      3.577945744310E+00      2.543321247163E+00
   22.800000      3.564320824492E+00      2.527431315103E+00
   22.900000      3.550775109109E+00      2.510974538980E+00
   23.000000      3.537563078015E+00      2.494063548155E+00
   23.100000      3.524780178395E+00      2.476861480195E+00
   23.200000      3.512387960423E+00      2.459596294266E+00
   23.300000      3.500296386277E+00      2.442570664354E+00
   23.400000      3.488469559551E+00      2.426156758165E+00
   23.500000      3.476997530694E+00      2.410762528817E+00
   23.600000      3.466094377440E+00      2.396766607157E+00
   23.700000      3.456026846764E+00      2.384433915517E+00
   23.800000      3.447011577946E+00      2.373833604972E+00
   23.900000      3.439124877130E+00      2.364782212079E+00
   24.000000      3.432256125964E+00      2.356832111522E+00
   24.100000      3.426119606496E+00      2.349320871583E+00
   24.200000      3.420324024985E+00      2.341486953145E+00
   24.300000      3.414481116004E+00      2.332636539480E+00
   24.400000      3.408317406969E+00      2.322319630526E+00
   24.500000      3.401747784166E+00      2.310456139217E+00
   24.600000      3.394883763518E+00      2.297359855185E+00
   24.700000      3.387976539082E+00      2.283641892075E+00
   24.800000      3.381318239080E+00      2.270021450879E+00
   24.900000      3.375136455562E+00      2.257108897224E+00
   25.000000      3.369518375840E+00      2.245237633134E+00
   25.100000      3.364390128867E+00      2.234402692270E+00
   25.200000      3.359556527627E+00      2.224323753356E+00
   25.300000      3.354783341847E+00      2.214604154895E+00
   25.400000      3.349887003042E+00      2.204921461972E+00
   25.500000      3.344793235753E+00      2.195171046410E+00
   25.600000      3.339540646215E+00      2.185499255301E+00
   25.700000      3.334233636025E+00      2.176206926228E+00
   25.800000      3.328971975260E+00      2.167562790015E+00
   25.900000      3.323787320681E+00      2.159610569898E+00
   26.000000      3.318605937999E+00      2.152055806235E+00
   26.100000      3.313243433827E+00      2.144275851161E+00
   26.200000      3.307427807285E+00      2.135438243987E+00
   26.300000      3.300840590995E+00      2.124678213594E+00
   26.400000      3.293164333702E+00      2.111289522626E+00
   26.500000      3.284132374477E+00      2.094900264788E+00
   26.600000      3.273586011693E+00      2.075604098188E+00
   26.700000      3.261536356572E+00      2.053999102662E+00
   26.800000      3.248205711574E+00      2.031088745412E+00
   26.900000      3.234010496400E+00      2.008050331851E+00
   27.000000      3.219471054159E+00      1.985950847418E+00
   27.100000      3.205080457532E+00      1.965526034239E+00
   27.200000      3.191189638762E+00      1.947100269823E+00
   27.300000      3.177948352923E+00      1.930642805935E+00
   27.400000      3.165306681225E+00      1.915895657759E+00
   27.500000      3.153066890774E+00      1.902505896749E+00
   27.600000      3.140977322167E+00      1.890131105358E+00
   27.700000      3.128855532573E+00      1.878519428842E+00
   27.800000      3.116713455575E+00      1.867572702891E+00
   27.900000      3.104839237585E+00      1.857388351859E+00
   28.000000      3.093782948129E+00      1.848262172049E+00
   28.100000      3.084219515082E+00      1.840636917961E+00
   28.200000      3.076728613288E+00      1.835002654333E+00
   28.300000      3.071590993573E+00      1.831776065158E+00
   28.400000      3.068697832129E+00      1.831188613367E+00
   28.500000      3.067602769468E+00      1.833203818860E+00
   28.600000      3.067665860579E+00      1.837485445076E+00
   28.700000      3.068232709428E+00      1.843452606336E+00
   28.800000      3.068839934425E+00      1.850448309667E+00
   28.900000      3.069413488680E+00      1.857985186802E+00
   29.000000      3.070348683293E+00      1.865953643285E+00
   29.100000      3.072376485215E+00      1.874669989052E+00
   29.200000      3.076260246363E+00      1.884736216715E+00
   29.300000      3.082489561460E+00      1.896796873731E+00
   29.400000      3.091119646751E+00      1.911309437075E+00
   29.500000      3.101788354770E+00      1.928392780980E+00
   29.600000      3.113856021323E+00      1.947765288504E+00
   29.700000      3.126596802529E+00      1.968775211524E+00
   29.800000      3.139383494800E+00      1.990529156142E+00
   29.900000      3.151820023669E+00      2.012098410584E+00
   30.000000      3.163787052348E+00      2.032737470617E+00
   30.100000      3.175394274939E+00      2.052030144480E+00
   30.200000      3.186871813334E+00      2.069911804085E+00
   30.300000      3.198456215925E+00      2.086581206619E+00
   30.400000      3.210320184561E+00      2.102366193145E+00
   30.500000      3.222565911346E+00      2.117613870792E+00
   30.600000      3.235266556610E+00      2.132642946720E+00
   30.700000      3.248518140206E+00      2.147752526635E+00
   30.800000      3.262466126071E+00      2.163253733647E+00
   30.900000      3.277292805374E+00      2.179486526733E+00
   31.000000      3.293175723007E+00      2.196798557560E+00
   31.100000      3.310235988602E+00      2.215485190240E+00
   31.200000      3.328491558120E+00      2.235710269917E+00
   31.300000      3.347830085269E+00      2.257439288947E+00
   31.400000      3.368013596306E+00      2.280416919787E+00
   31.500000      3.388713866522E+00      2.304208712994E+00
   31.600000      3.409576334278E+00      2.328304141324E+00
   31.700000      3.430292455671E+00      2.352252021052E+00
   31.800000      3.450653494285E+00      2.375781973175E+00
   31.900000      3.470573225321E+00      2.398868299370E+00
   32.000000      3.490086776201E+00      2.421715199823E+00
   32.100000      3.509334408957E+00      2.444671142563E+00
   32.200000      3.528520860962E+00      2.468101175348E+00
   32.300000      3.547834808459E+00      2.492255896845E+00
   32.400000      3.567344069672E+00      2.517177765415E+00
   32.500000      3.586923291245E+00      2.542676775565E+00
   32.600000      3.606262714583E+00      2.568382432046E+00
   32.700000      3.624948315345E+00      2.593843952038E+00
   32.800000      3.642553006819E+00      2.618627920527E+00
   32.900000      3.658692635374E+00      2.642369801518E+00
   33.000000      3.673045215257E+00      2.664765982343E+00
   33.100000      3.685350400909E+00      2.685523172973E+00
   33.200000      3.695396462921E+00      2.704297063900E+00
   33.300000      3.702997963602E+00      2.720653863002E+00
   33.400000      3.707982785606E+00      2.734082045541E+00
   33.500000      3.710211625719E+00      2.744067171800E+00
   33.600000      3.709633163875E+00      2.750219873691E+00
   33.700000      3.706354693050E+00      2.752422318376E+00
   33.800000      3.700696281744E+00      2.750941126769E+00
   33.900000      3.693198380864E+00      2.746453231953E+00
   34.000000      3.684566449429E+00      2.739952370833E+00
   34.100000      3.675559799110E+00      2.732548151271E+00
   34.200000      3.666856830059E+00      2.725220103102E+00
   34.300000      3.658941541132E+00      2.718615209375E+00
   34.400000      3.652047365133E+00      2.712959533044E+00
   34.500000      3.646168441197E+00      2.708103214936E+00
   34.600000      3.641119373311E+00      2.703664309023E+00
   34.700000      3.636614013604E+00      2.699207352542E+00
   34.800000      3.632343293119E+00      2.694395030293E+00
   34.900000      3.628045457179E+00      2.689076517312E+00
   35.000000      3.623567182585E+00      2.683307599583E+00
   35.100000      3.618904642770E+00      2.677320770413E+00
   35.200000      3.614208850181E+00      2.671469846577E+00
   35.300000      3.609748138485E+00      2.666163379612E+00
   35.400000      3.605828207114E+00      2.661784400756E+00
   35.500000      3.602684740793E+00      2.658587766978E+00
   35.600000      3.600376418236E+00      2.656582020986E+00
   35.700000      3.598715525057E+00      2.655433216126E+00
   35.800000      3.597275463857E+00      2.654449586233E+00
   35.900000      3.595497190536E+00      2.652694960513E+00
   36.000000      3.592875103084E+00      2.649231616489E+00
   36.100000      3.589159085971E+00      2.643430536855E+00
   36.200000      3.584496229960E+00      2.635241959326E+00
   36.300000      3.579458671599E+00      2.625316113389E+00
   36.400000      3.574939017925E+00      2.614905438783E+00
   36.500000      3.571925478856E+00      2.605551315057E+00
   36.600000      3.571207365379E+00      2.598641271669E+00
   36.700000      3.573116141162E+00      2.594990649624E+00
   36.800000      3.577437192066E+00      2.594619488767E+00
   36.900000      3.583564923178E+00      2.596832970229E+00
   37.000000      3.590827870569E+00      2.600582593113E+00
   37.100000      3.598800980086E+00      2.604946544673E+00
   37.200000      3.607443771004E+00      2.609505307571E+00
   37.300000      3.617019935488E+00      2.614447158859E+00
   37.400000      3.627866758634E+00      2.620379992336E+00
   37.500000      3.640134300723E+00      2.627961765795E+00
   37.600000      3.653609691351E+00      2.637526175959E+00
   37.700000      3.667704256853E+00      2.648862808933E+00
   37.800000      3.681612596382E+00      2.661234995948E+00
   37.900000      3.694567536604E+00      2.673616826776E+00
   38.000000      3.706069196962E+00      2.685041468272E+00
   38.100000      3.715996252708E+00      2.694912224330E+00
   38.200000      3.724579425661E+00      2.703152576999E+00
   38.300000      3.732274879741E+00      2.710148597836E+00
   38.400000      3.739598728730E+00      2.716529794025E+00
   38.500000      3.746983770081E+00      2.722900773091E+00
   38.600000      3.754702493255E+00      2.729647825557E+00
   38.700000      3.762868205930E+00      2.736897805953E+00
   38.800000      3.771490723241E+00      2.744623772168E+00
   38.900000      3.780541542325E+00      2.752813673510E+00
   39.000000      3.789984953883E+00      2.761586064517E+00
   39.100000      3.799752472874E+00      2.771167782167E+00
   39.200000      3.809670856806E+00      2.781726246596E+00
   39.300000      3.819384615741E+00      2.793134859811E+00
   39.400000      3.828328313989E+00      2.804801456500E+00
   39.500000      3.835785278883E+00      2.815674748005E+00
   39.600000      3.841023714012E+00      2.824458673813E+00
   39.700000      3.843457428529E+00      2.829952865315E+00
   39.800000      3.842767752615E+00      2.831373023067E+00
   39.900000      3.838951838003E+00      2.828530348101E+00
   40.000000      3.832301452824E+00      2.821830301932E+00
   40.100000      3.823334663565E+00      2.812119339471E+00
   40.200000      3.812699663307E+00      2.800438828609E+00
   40.300000      3.801063340736E+00      2.787760216811E+00
   40.400000      3.789002545601E+00      2.774783746449E+00
   40.500000      3.776925231195E+00      2.761863222151E+00
   40.600000      3.765043718797E+00      2.749063249590E+00
   40.700000      3.753399417961E+00      2.736294416236E+00
   40.800000      3.741917576499E+00      2.723447721690E+00
   40.900000      3.730469462417E+00      2.710472406288E+00
   41.000000      3.718929481185E+00      2.697386107329E+00
   41.100000      3.707219606846E+00      2.684241952893E+00
   41.200000      3.695333043556E+00      2.671089832524E+00
   41.300000      3.683332150394E+00      2.657960792764E+00
   41.400000      3.671325888448E+00      2.644883001061E+00
   41.500000      3.659441624337E+00      2.631916034276E+00
   41.600000      3.647805544338E+00      2.619178030972E+00
   41.700000      3.636535241378E+00      2.606843029348E+00
   41.800000      3.625736493969E+00      2.595101649191E+00
   41.900000      3.615493876936E+00      2.584099537375E+00
   42.000000      3.605853738211E+00      2.573883926880E+00
   42.100000      3.596810406034E+00      2.564389035534E+00
   42.200000      3.588310739362E+00      2.555473198955E+00
   42.300000      3.580282796935E+00      2.546994006200E+00
   42.400000      3.572676799550E+00      2.538887507015E+00
   42.500000      3.565494414718E+00      2.531213206557E+00
   42.600000      3.558785411995E+00      2.524138459401E+00
   42.700000      3.552610322172E+00      2.517860848380E+00
   42.800000      3.546991216705E+00      2.512499249408E+00
   42.900000      3.541882122836E+00      2.508008847802E+00
   43.000000      3.537178381314E+00      2.504172091052E+00
   43.100000      3.532759707798E+00      2.500679919504E+00
   43.200000      3.528544461675E+00      2.497267219779E+00
   43.300000      3.524531838913E+00      2.493837616060E+00
   43.400000      3.520815211405E+00      2.490519753017E+00
   43.500000      3.517556296650E+00      2.487626071261E+00
   43.600000      3.514921394587E+00      2.485519090919E+00
   43.700000      3.513000536681E+00      2.484426968443E+00
   43.800000      3.511746048976E+00      2.484283400185E+00
   43.900000      3.510963092419E+00      2.484672426008E+00
   44.000000      3.510360875888E+00      2.484917883426E+00
   44.100000      3.509644544460E+00      2.484288861574E+00
   44.200000      3.508613323381E+00      2.482241881442E+00
   44.300000      3.507236847325E+00      2.478615689374E+00
   44.400000      3.505694914785E+00      2.473722382414E+00
   44.500000      3.504369471746E+00      2.468310168439E+00
   44.600000      3.503779396678E+00      2.463400987566E+00
   44.700000      3.504463163979E+00      2.460040832739E+00
   44.800000      3.506837170758E+00      2.459036761999E+00
   44.900000      3.511072281129E+00      2.460766166739E+00
   45.000000      3.517027708944E+00      2.465115186235E+00
   45.100000      3.524262926636E+00      2.471549496077E+00
   45.200000      3.532123030051E+00      2.479273137082E+00
   45.300000      3.539868071349E+00      2.487410962465E+00
   45.400000      3.546804947267E+00      2.495159559160E+00
   45.500000      3.552387951873E+00      2.501878293671E+00
   45.600000      3.556273105102E+00      2.507120895580E+00
   45.700000      3.558328283763E+00      2.510627058487E+00
   45.800000      3.558609430600E+00      2.512298331580E+00
   45.900000      3.557314186969E+00      2.512175083332E+00
   46.000000      3.554724257692E+00      2.510417929810E+00
   46.100000      3.551149052727E+00      2.507286211468E+00
   46.200000      3.546882422057E+00      2.503105085730E+00
   46.300000      3.542180744937E+00      2.498222558693E+00
   46.400000      3.537265375951E+00      2.492970748309E+00
   46.500000      3.532346782579E+00      2.487650783431E+00
   46.600000      3.527660062156E+00      2.482552249158E+00
   46.700000      3.523495012364E+00      2.477999644688E+00
   46.800000      3.520203964965E+00      2.474399741549E+00
   46.900000      3.518178585691E+00      2.472255274783E+00
   47.000000      3.517799218574E+00      2.472118641899E+00
   47.100000      3.519371927063E+00      2.474483938076E+00
   47.200000      3.523071969766E+00      2.479647202387E+00
   47.300000      3.528905388144E+00      2.487586783248E+00
   47.400000      3.536691848675E+00      2.497914164760E+00
   47.500000      3.546070315409E+00      2.509919395646E+00
   47.600000      3.556533119860E+00      2.522698839727E+00
   47.700000      3.567492806357E+00      2.535325407422E+00
   47.800000      3.578371331326E+00      2.547012196064E+00
   47.900000      3.588684481725E+00      2.557227547993E+00
   48.000000      3.598095690197E+00      2.565738310584E+00
   48.100000      3.606432352883E+00      2.572583297876E+00
   48.200000      3.613673650062E+00      2.577999412284E+00
   48.300000      3.619917646649E+00      2.582327335998E+00
   48.400000      3.625326777570E+00      2.585915149166E+00
   48.500000      3.630053455786E+00      2.589031621038E+00
   48.600000      3.634164922960E+00      2.591803646243E+00
   48.700000      3.637601247745E+00      2.594195606732E+00
   48.800000      3.640193556245E+00      2.596040514200E+00
   48.900000      3.641742135512E+00      2.597113687985E+00
   49.000000      3.642123924278E+00      2.597220831129E+00
   49.100000      3.641381620086E+00      2.596265565852E+00
   49.200000      3.639748912183E+00      2.594270919896E+00
   49.300000      3.637591669552E+00      2.591349955482E+00
   49.400000      3.635287402091E+00      2.587642425097E+00
   49.500000      3.633100672030E+00      2.583247462472E+00
   49.600000      3.631115089219E+00      2.578182026627E+00
   49.700000      3.629241456873E+00      2.572381140489E+00
   49.800000      3.627283177666E+00      2.565733753205E+00
   49.900000      3.625017731736E+00      2.558128191239E+00
   50.000000      3.622257695845E+00      2.549477201119E+00
   50.100000      3.618874667585E+00      2.539710439275E+00
   50.200000      3.614788727746E+00      2.528752343049E+00
   50.300000      3.609941169792E+00      2.516524225934E+00
   50.400000      3.604280875084E+00      2.503001491280E+00
   50.500000      3.597794526614E+00      2.488318295557E+00
   50.600000      3.590582596976E+00      2.472867415938E+00
   50.700000      3.582942873027E+00      2.457329794908E+00
   50.800000      3.575405782377E+00      2.442601706258E+00
   50.900000      3.568685570002E+00      2.429640123746E+00
   51.000000      3.563547636005E+00      2.419274632560E+00
   51.100000      3.560615713469E+00      2.412026942311E+00
   51.200000      3.560157077368E+00      2.407968402443E+00
   51.300000      3.561915566147E+00      2.406656491789E+00
   51.400000      3.565093731724E+00      2.407201047544E+00
   51.500000      3.568548968879E+00      2.408477461626E+00
   51.600000      3.571146054582E+00      2.409425510216E+00
   51.700000      3.572094559276E+00      2.409307865321E+00
   51.800000      3.571105868128E+00      2.407816924799E+00
   51.900000      3.568329410610E+00      2.405009167429E+00
   52.000000      3.564159575083E+00      2.401137906555E+00
   52.100000      3.559042880806E+00      2.396482164471E+00
   52.200000      3.553355061555E+00      2.391236394381E+00
   52.300000      3.547342455019E+00      2.385479259282E+00
   52.400000      3.541106046055E+00      2.379207014479E+00
   52.500000      3.534625915155E+00      2.372398347610E+00
   52.600000      3.527821597470E+00      2.365073173242E+00
   52.700000      3.520620281992E+00      2.357322411776E+00
   52.800000      3.513002853468E+00      2.349308718452E+00
   52.900000      3.505024268078E+00      2.341246910837E+00
   53.000000      3.496817065245E+00      2.333362813370E+00
   53.100000      3.488569929668E+00      2.325823515470E+00
   53.200000      3.480469173837E+00      2.318649887116E+00
   53.300000      3.472619775806E+00      2.311649132916E+00
   53.400000      3.464987723692E+00      2.304409198225E+00
   53.500000      3.457392970367E+00      2.296369238635E+00
   53.600000      3.449551434515E+00      2.286945452057E+00
   53.700000      3.441151270875E+00      2.275675275060E+00
   53.800000      3.431948742680E+00      2.262345515668E+00
   53.900000      3.421860547197E+00      2.247076397603E+00
   54.000000      3.411019087399E+00      2.230338186768E+00
   54.100000      3.399763507340E+00      2.212886383888E+00
   54.200000      3.388562605253E+00      2.195619559990E+00
   54.300000      3.377891790859E+00      2.179387674593E+00
   54.400000      3.368103562860E+00      2.164800532640E+00
   54.500000      3.359332554735E+00      2.152094647313E+00
   54.600000      3.351468024163E+00      2.141102768486E+00
   54.700000      3.344205765426E+00      2.131336699319E+00
   54.800000      3.337159093633E+00      2.122156336707E+00
   54.900000      3.329981984713E+00      2.112971269121E+00
   55.000000      3.322456875966E+00      2.103411393364E+00
   55.100000      3.314522330290E+00      2.093410520517E+00
   55.200000      3.306239530405E+00      2.083173603173E+00
   55.300000      3.297714616138E+00      2.073041504911E+00
   55.400000      3.289010105429E+00      2.063310912215E+00
   55.500000      3.280085491808E+00      2.054086504860E+00
   55.600000      3.270794486342E+00      2.045225494283E+00
   55.700000      3.260940747073E+00      2.036392969205E+00
   55.800000      3.250373743882E+00      2.027204295664E+00
   55.900000      3.239098396969E+00      2.017403992961E+00
   56.000000      3.227366583569E+00      2.007021242896E+00
   56.100000      3.215713000194E+00      1.996448528553E+00
   56.200000      3.204903458552E+00      1.986411981020E+00
   56.300000      3.195789874466E+00      1.977836995124E+00
   56.400000      3.189106817795E+00      1.971648512831E+00
   56.500000      3.185279466907E+00      1.968565582084E+00
   56.600000      3.184315948637E+00      1.968946981012E+00
   56.700000      3.185823089785E+00      1.972726780743E+00
   56.800000      3.189139602143E+00      1.979457714806E+00
   56.900000      3.193546941421E+00      1.988456762519E+00
   57.000000      3.198492456899E+00      1.999014278038E+00
   57.100000      3.203743475567E+00      2.010592277752E+00
   57.200000      3.209409856970E+00      2.022928590986E+00
   57.300000      3.215826541806E+00      2.036005399658E+00
   57.400000      3.223353330630E+00      2.049915170347E+00
   57.500000      3.232188461333E+00      2.064710889632E+00
   57.600000      3.242281014876E+00      2.080322506065E+00
   57.700000      3.253369244889E+00      2.096568192110E+00
   57.800000      3.265101067066E+00      2.113229803388E+00
   57.900000      3.277154727304E+00      2.130132084988E+00
   58.000000      3.289296991644E+00      2.147174406061E+00
   58.100000      3.301374550872E+00      2.164300763549E+00
   58.200000      3.313280460485E+00      2.181436391867E+00
   58.300000      3.324937068998E+00      2.198443100409E+00
   58.400000      3.336308579189E+00      2.215134373943E+00
   58.500000      3.347430747455E+00      2.231350014712E+00
   58.600000      3.358431614650E+00      2.247046463500E+00
   58.700000      3.369518294169E+00      2.262345358438E+00
   58.800000      3.380921450177E+00      2.277508325092E+00
   58.900000      3.392814057771E+00      2.292848193853E+00
   59.000000      3.405240437034E+00      2.308616110729E+00
   59.100000      3.418092799783E+00      2.324909578256E+00
   59.200000      3.431152921314E+00      2.341635746584E+00
   59.300000      3.444183781646E+00      2.358544829585E+00
   59.400000      3.457029929150E+00      2.375322304836E+00
   59.500000      3.469677857882E+00      2.391702874783E+00
   59.600000      3.482252749258E+00      2.407560402062E+00
   59.700000      3.494966702475E+00      2.422945321951E+00
   59.800000      3.508056065673E+00      2.438071573393E+00
   59.900000      3.521739801215E+00      2.453275602807E+00
   60.000000      3.536207370389E+00      2.468970400029E+00
   60.100000      3.551622218947E+00      2.485604684094E+00
   60.200000      3.568114727336E+00      2.503620818378E+00
   60.300000      3.585741367961E+00      2.523392593356E+00
   60.400000      3.604411169500E+00      2.545127729634E+00
   60.500000      3.623816738182E+00      2.568747822533E+00
   60.600000      3.643423577226E+00      2.593795389412E+00
   60.700000      3.662545961843E+00      2.619430261816E+00
   60.800000      3.680487041664E+00      2.644547712996E+00
   60.900000      3.696686916393E+00      2.667997448543E+00
   61.000000      3.710827057509E+00      2.688841710897E+00
   61.100000      3.722869136976E+00      2.706577225360E+00
   61.200000      3.733030620385E+00      2.721248869562E+00
   61.300000      3.741701066086E+00      2.733398933991E+00
   61.400000      3.749301768870E+00      2.743841135219E+00
   61.500000      3.756116873073E+00      2.753325357468E+00
   61.600000      3.762163920519E+00      2.762227959527E+00
   61.700000      3.767179613417E+00      2.770411158106E+00
   61.800000      3.770748772171E+00      2.777326443578E+00
   61.900000      3.772526470241E+00      2.782322555761E+00
   62.000000      3.772449935786E+00      2.785017681843E+00
   62.100000      3.770844735973E+00      2.785563280320E+00
   62.200000      3.768384832015E+00      2.784680231117E+00
   62.300000      3.765921008872E+00      2.783452283285E+00
   62.400000      3.764224360160E+00      2.782958820666E+00
   62.500000      3.763717262147E+00      2.783882079115E+00
   62.600000      3.764287824618E+00      2.786230088456E+00
   62.700000      3.765279818473E+00      2.789282425930E+00
   62.800000      3.765684435684E+00      2.791792801935E+00
   62.900000      3.764458660993E+00      2.792382748967E+00
   63.000000      3.760833574549E+00      2.789975002342E+00
   63.100000      3.754497258833E+00      2.784096499542E+00
   63.200000      3.745612377426E+00      2.774948401737E+00
   63.300000      3.734701944436E+00      2.763253202564E+00
   63.400000      3.722473418950E+00      2.749977787853E+00
   63.500000      3.709648203033E+00      2.736056371649E+00
   63.600000      3.696840206496E+00      2.722206349094E+00
   63.700000      3.684502022248E+00      2.708873188486E+00
   63.800000      3.672934028682E+00      2.696284263247E+00
   63.900000      3.662332667593E+00      2.684554170466E+00
   64.000000      3.652843700333E+00      2.673775697222E+00
   64.100000      3.644589962083E+00      2.664051140128E+00
   64.200000      3.637660266011E+00      2.655458052857E+00
   64.300000      3.632069460546E+00      2.647984423121E+00
   64.400000      3.627720711339E+00      2.641490042746E+00
   64.500000      3.624405594237E+00      2.635738111939E+00
   64.600000      3.621856718427E+00      2.630497698175E+00
   64.700000      3.619833969076E+00      2.625669703512E+00
   64.800000      3.618202060091E+00      2.621367028953E+00
   64.900000      3.616957720195E+00      2.617895700167E+00
   65.000000      3.616188005102E+00      2.615628130993E+00
   65.100000      3.615977688560E+00      2.614813076645E+00
   65.200000      3.616314989453E+00      2.615405936340E+00
   65.300000      3.617049335571E+00      2.617004054852E+00
   65.400000      3.617924707173E+00      2.618926617809E+00
   65.500000      3.618667323518E+00      2.620410769256E+00
   65.600000      3.619082794775E+00      2.620845883933E+00
   65.700000      3.619129465274E+00      2.619961917727E+00
   65.800000      3.618957015682E+00      2.617916215067E+00
   65.900000      3.618905136940E+00      2.615259320224E+00
   66.000000      3.619454282241E+00      2.612791473217E+00
   66.100000      3.621127639322E+00      2.611352674350E+00
   66.200000      3.624370413334E+00      2.611617257260E+00
   66.300000      3.629451016146E+00      2.613967239857E+00
   66.400000      3.636418660788E+00      2.618483409013E+00
   66.500000      3.645121206413E+00      2.625035509512E+00
   66.600000      3.655260358827E+00      2.633407367771E+00
   66.700000      3.666452445208E+00      2.643384101676E+00
   66.800000      3.678271318783E+00      2.654758854648E+00
   66.900000      3.690266673340E+00      2.667267843517E+00
   67.000000      3.701967854638E+00      2.680506241087E+00
   67.100000      3.712893393385E+00      2.693888800469E+00
   67.200000      3.722584437851E+00      2.706693608330E+00
   67.300000      3.730663333371E+00      2.718182960530E+00
   67.400000      3.736897842488E+00      2.727756677062E+00
   67.500000      3.741242838282E+00      2.735075431480E+00
   67.600000      3.743837131645E+00      2.740100052818E+00
   67.700000      3.744949224653E+00      2.743026626951E+00
   67.800000      3.744886576971E+00      2.744145525908E+00
   67.900000      3.743898599984E+00      2.743690676610E+00
   68.000000      3.742107274960E+00      2.741749828881E+00
   68.100000      3.739492788417E+00      2.738275358562E+00
   68.200000      3.735946381988E+00      2.733188650784E+00
   68.300000      3.731377799185E+00      2.726531495969E+00
   68.400000      3.725835453612E+00      2.718594991463E+00
   68.500000      3.719580512225E+00      2.709955775750E+00
   68.600000      3.713069264524E+00      2.701380836694E+00
   68.700000      3.706841481818E+00      2.693623764924E+00
   68.800000      3.701360163878E+00      2.687195256012E+00
   68.900000      3.696868190182E+00      2.682206191316E+00
   69.000000      3.693315553181E+00      2.678342074739E+00
   69.100000      3.690380287462E+00      2.674965063907E+00
   69.200000      3.687568752450E+00      2.671294839597E+00
   69.300000      3.684351528583E+00      2.666606908413E+00
   69.400000      3.680286850249E+00      2.660396520757E+00
   69.500000      3.675101972003E+00      2.652474291232E+00
   69.600000      3.668728634734E+00      2.642979449461E+00
   69.700000      3.661302450927E+00      2.632316480706E+00
   69.800000      3.653133258504E+00      2.621038676637E+00
   69.900000      3.644649488931E+00      2.609714508188E+00
   70.000000      3.636322632192E+00      2.598815381101E+00
   70.100000      3.628583427922E+00      2.588653580851E+00
   70.200000      3.621747557751E+00      2.579380043625E+00
   70.300000      3.615970417343E+00      2.571030386593E+00
   70.400000      3.611242130782E+00      2.563591211095E+00
   70.500000      3.607421062367E+00      2.557052425099E+00
   70.600000      3.604293377650E+00      2.551420187218E+00
   70.700000      3.601639360173E+00      2.546688186225E+00
   70.800000      3.599284862874E+00      2.542789466862E+00
   70.900000      3.597119860125E+00      2.539559884608E+00
   71.000000      3.595078096855E+00      2.536733375209E+00
   71.100000      3.593090504631E+00      2.533970921827E+00
   71.200000      3.591041854329E+00      2.530913484287E+00
   71.300000      3.588761989622E+00      2.527246693770E+00
   71.400000      3.586065612787E+00      2.522764940336E+00
   71.500000      3.582826556189E+00      2.517419339685E+00
   71.600000      3.579047823438E+00      2.511331170775E+00
   71.700000      3.574881996605E+00      2.504758184191E+00
   71.800000      3.570578495109E+00      2.498018622475E+00
   71.900000      3.566378163703E+00      2.491397658130E+00
   72.000000      3.562411025767E+00      2.485069481003E+00
   72.100000      3.558652005411E+00      2.479060698252E+00
   72.200000      3.554954378310E+00      2.473264052596E+00
   72.300000      3.551140717570E+00      2.467495382389E+00
   72.400000      3.547110587801E+00      2.461575732945E+00
   72.500000      3.542923483398E+00      2.455414646294E+00
   72.600000      3.538826580525E+00      2.449070220929E+00
   72.700000      3.535216527951E+00      2.442768271355E+00
   72.800000      3.532546050356E+00      2.436876102440E+00
   72.900000      3.531204724031E+00      2.431839879202E+00
   73.000000      3.531415561042E+00      2.428100777118E+00
   73.100000      3.533183742568E+00      2.426003171416E+00
   73.200000      3.536310258785E+00      2.425705511961E+00
   73.300000      3.540452468901E+00      2.427108350496E+00
   73.400000      3.545196758770E+00      2.429821769520E+00
   73.500000      3.550114830769E+00      2.433196097503E+00
   73.600000      3.554792538356E+00      2.436428505546E+00
   73.700000      3.558853100460E+00      2.438736455517E+00
   73.800000      3.562008315089E+00      2.439563990726E+00
   73.900000      3.564145067977E+00      2.438764407765E+00
   74.000000      3.565408939157E+00      2.436691467565E+00
   74.100000      3.566224427224E+00      2.434145736762E+00
   74.200000      3.567215252175E+00      2.432171240394E+00
   74.300000      3.569040584337E+00      2.431763244634E+00
   74.400000      3.572206228971E+00      2.433592766766E+00
   74.500000      3.576923757530E+00      2.437849100798E+00
   74.600000      3.583071630717E+00      2.444250674682E+00
   74.700000      3.590269045657E+00      2.452202719495E+00
   74.800000      3.598023704358E+00      2.461020094863E+00
   74.900000      3.605879361519E+00      2.470113277187E+00
   75.000000      3.613494163090E+00      2.479066158879E+00
   75.100000      3.620629306639E+00      2.487599207037E+00
   75.200000      3.627085940985E+00      2.495474259194E+00
   75.300000      3.632656210166E+00      2.502426501138E+00
   75.400000      3.637143678725E+00      2.508192849600E+00
   75.500000      3.640467402846E+00      2.512646820114E+00
   75.600000      3.642797765164E+00      2.515968238846E+00
   75.700000      3.644614462714E+00      2.518721534371E+00
   75.800000      3.646592609829E+00      2.521745895773E+00
   75.900000      3.649337847171E+00      2.525874450564E+00
   76.000000      3.653119940309E+00      2.531616247232E+00
   76.100000      3.657764334796E+00      2.538962998400E+00
   76.200000      3.662743087043E+00      2.547409565142E+00
   76.300000      3.667391217069E+00      2.556167218738E+00
   76.400000      3.671146278973E+00      2.564470447073E+00
   76.500000      3.673736191171E+00      2.571853651181E+00
   76.600000      3.675266876736E+00      2.578290913910E+00
   76.700000      3.676175527121E+00      2.584140168936E+00
   76.800000      3.677048152080E+00      2.589909626112E+00
   76.900000      3.678363128806E+00      2.595945253614E+00
   77.000000      3.680273337395E+00      2.602178002678E+00
   77.100000      3.682527365371E+00      2.608042402701E+00
   77.200000      3.684555139478E+00      2.612601779447E+00
   77.300000      3.685661012609E+00      2.614829845301E+00
   77.400000      3.685232947719E+00      2.613937892869E+00
   77.500000      3.682894124389E+00      2.609620899011E+00
   77.600000      3.678562778040E+00      2.602130541400E+00
   77.700000      3.672421573654E+00      2.592157164010E+00
   77.800000      3.664821112161E+00      2.580584042684E+00
   77.900000      3.656157360282E+00      2.568224548248E+00
   78.000000      3.646768767224E+00      2.555642155593E+00
   78.100000      3.636884790496E+00      2.543096626929E+00
   78.200000      3.626627759212E+00      2.530594834744E+00
   78.300000      3.616045648121E+00      2.517987537871E+00
   78.400000      3.605148172128E+00      2.505056974840E+00
   78.500000      3.593929730083E+00      2.491571754744E+00
   78.600000      3.582378738943E+00      2.477319620831E+00
   78.700000      3.570484789195E+00      2.462143927404E+00
   78.800000      3.558259106215E+00      2.446000199337E+00
   78.900000      3.545776448651E+00      2.429024406037E+00
   79.000000      3.533228614154E+00      2.411580999455E+00
   79.100000      3.520959269529E+00      2.394250909595E+00
   79.200000      3.509442157162E+00      2.377735616422E+00
   79.300000      3.499183350368E+00      2.362690836314E+00
   79.400000      3.490571899241E+00      2.349545592821E+00
   79.500000      3.483747100392E+00      2.338382733645E+00
   79.600000      3.478555250702E+00      2.328936395269E+00
   79.700000      3.474619365475E+00      2.320708168897E+00
   79.800000      3.471477988096E+00      2.313149951789E+00
   79.900000      3.468716895219E+00      2.305840842704E+00
   80.000000      3.466049891446E+00      2.298602821846E+00
   80.100000      3.463351742036E+00      2.291531448006E+00
   80.200000      3.460660099375E+00      2.284940637453E+00
   80.300000      3.458146254581E+00      2.279235898230E+00
   80.400000      3.456045273629E+00      2.274749683944E+00
   80.500000      3.454555053536E+00      2.271591626443E+00
   80.600000      3.453740014295E+00      2.269567592665E+00
   80.700000      3.453481252770E+00      2.268198525100E+00
   80.800000      3.453497792402E+00      2.266836566005E+00
   80.900000      3.453436677140E+00      2.264847118346E+00
   81.000000      3.453002174074E+00      2.261803321358E+00
   81.100000      3.452072467664E+00      2.257624581893E+00
   81.200000      3.450747745000E+00      2.252597264634E+00
   81.300000      3.449302818864E+00      2.247256931836E+00
   81.400000      3.448067961346E+00      2.242174430697E+00
   81.500000      3.447296007032E+00      2.237736291372E+00
   81.600000      3.447069185361E+00      2.234015604802E+00
   81.700000      3.447277291408E+00      2.230791569666E+00
   81.800000      3.447675697416E+00      2.227710668606E+00
   81.900000      3.448001654701E+00      2.224514455589E+00
   82.000000      3.448092877401E+00      2.221219782239E+00
   82.100000      3.447944296957E+00      2.218154107854E+00
   82.200000      3.447675172490E+00      2.215819934460E+00
   82.300000      3.447432000906E+00      2.214651301132E+00
   82.400000      3.447285145050E+00      2.214782716955E+00
   82.500000      3.447174107280E+00      2.215946145296E+00
   82.600000      3.446924834870E+00      2.217546392910E+00
   82.700000      3.446321055992E+00      2.218873703839E+00
   82.800000      3.445186176285E+00      2.219346056555E+00
   82.900000      3.443436172508E+00      2.218669964056E+00
   83.000000      3.441087776825E+00      2.216863798804E+00
   83.100000      3.438231660932E+00      2.214162559364E+00
   83.200000      3.434998328651E+00      2.210875822842E+00
   83.300000      3.431545845629E+00      2.207281767028E+00
   83.400000      3.428074269255E+00      2.203610162914E+00
   83.500000      3.424838477573E+00      2.200109794466E+00
   83.600000      3.422127455464E+00      2.197138882573E+00
   83.700000      3.420205143232E+00      2.195193636630E+00
   83.800000      3.419226938774E+00      2.194815192664E+00
   83.900000      3.419145313961E+00      2.196379430518E+00
   84.000000      3.419632755835E+00      2.199853354278E+00
   84.100000      3.420088740716E+00      2.204658021049E+00
   84.200000      3.419793850802E+00      2.209761960181E+00
   84.300000      3.418180237191E+00      2.214016027756E+00
   84.400000      3.415076850730E+00      2.216583055629E+00
   84.500000      3.410781518843E+00      2.217234923335E+00
   84.600000      3.405921340131E+00      2.216368576095E+00
   84.700000      3.401187090544E+00      2.214769069032E+00
   84.800000      3.397077581401E+00      2.213271345054E+00
   84.900000      3.393757997470E+00      2.212473790672E+00
   85.000000      3.391070360931E+00      2.212595339866E+00
   85.100000      3.388679723765E+00      2.213512558771E+00
   85.200000      3.386299201104E+00      2.214957625732E+00
   85.300000      3.383898528612E+00      2.216781865410E+00
   85.400000      3.381787635065E+00      2.219135892089E+00
   85.500000      3.380517107544E+00      2.222455730158E+00
   85.600000      3.380638779703E+00      2.227266948785E+00
   85.700000      3.382454203318E+00      2.233929591505E+00
   85.800000      3.385881668052E+00      2.242464148414E+00
   85.900000      3.390496512172E+00      2.252532942991E+00
   86.000000      3.395706830558E+00      2.263566172250E+00
   86.100000      3.400970808310E+00      2.274963192336E+00
   86.200000      3.405956357201E+00      2.286277787348E+00
   86.300000      3.410581260432E+00      2.297310224263E+00
   86.400000      3.414935411052E+00      2.308075626520E+00
   86.500000      3.419145744677E+00      2.318679028773E+00
   86.600000      3.423266512754E+00      2.329170666372E+00
   86.700000      3.427252068042E+00      2.339459486231E+00
   86.800000      3.431018229171E+00      2.349330043587E+00
   86.900000      3.434551431621E+00      2.358553396092E+00
   87.000000      3.438001691029E+00      2.367030613529E+00
   87.100000      3.441703200676E+00      2.374888435886E+00
   87.200000      3.446103595817E+00      2.382475924692E+00
   87.300000      3.451631367573E+00      2.390267413774E+00
   87.400000      3.458561027269E+00      2.398718991636E+00
   87.500000      3.466931835401E+00      2.408133286857E+00
   87.600000      3.476546413627E+00      2.418574838084E+00
   87.700000      3.487042703236E+00      2.429863806608E+00
   87.800000      3.498012476569E+00      2.441656646383E+00
   87.900000      3.509128751504E+00      2.453591032500E+00
   88.000000      3.520241959802E+00      2.465441176811E+00
   88.100000      3.531414464448E+00      2.477222685243E+00
   88.200000      3.542885910850E+00      2.489209947603E+00
   88.300000      3.554987073426E+00      2.501865644613E+00
   88.400000      3.568031525211E+00      2.515709881206E+00
   88.500000      3.582212732051E+00      2.531168654411E+00
   88.600000      3.597531003246E+00      2.548442221887E+00
   88.700000      3.613772455684E+00      2.567428406541E+00
   88.800000      3.630552965868E+00      2.587724311441E+00
   88.900000      3.647421371712E+00      2.608710342635E+00
   89.000000      3.663991914171E+00      2.629695024688E+00
   89.100000      3.680055606717E+00      2.650077976625E+00
   89.200000      3.695622672693E+00      2.669483531513E+00
   89.300000      3.710878076265E+00      2.687831085610E+00
   89.400000      3.726074956805E+00      2.705330069065E+00
   89.500000      3.741417495530E+00      2.722404562142E+00
   89.600000      3.756974558845E+00      2.739561084969E+00
   89.700000      3.772633980210E+00      2.757219465262E+00
   89.800000      3.788092797331E+00      2.775538722625E+00
   89.900000      3.802878203108E+00      2.794285355944E+00
   90.000000      3.816402231374E+00      2.812796381504E+00
   90.100000      3.828046807487E+00      2.830070375558E+00
   90.200000      3.837263736085E+00      2.844977235797E+00
   90.300000      3.843668454799E+00      2.856528417632E+00
   90.400000      3.847108303875E+00      2.864119300209E+00
   90.500000      3.847692138908E+00      2.867664221987E+00
   90.600000      3.845773255603E+00      2.867589856285E+00
   90.700000      3.841882592969E+00      2.864703132402E+00
   90.800000      3.836616227082E+00      2.859976053176E+00
   90.900000      3.830501045074E+00      2.854297108933E+00
   91.000000      3.823885402102E+00      2.848251158197E+00
   91.100000      3.816898864240E+00      2.842000871413E+00
   91.200000      3.809492594083E+00      2.835321011759E+00
   91.300000      3.801532501952E+00      2.827775309816E+00
   91.400000      3.792898603774E+00      2.818961788193E+00
   91.500000      3.783556503771E+00      2.808728395144E+00
   91.600000      3.773590318612E+00      2.797284332133E+00
   91.700000      3.763202732452E+00      2.785178688817E+00
   91.800000      3.752689100695E+00      2.773160315488E+00
   91.900000      3.742385374856E+00      2.761964228756E+00
   92.000000      3.732591973509E+00      2.752093297108E+00
   92.100000      3.723492296820E+00      2.743671357879E+00
   92.200000      3.715098662277E+00      2.736420066961E+00
   92.300000      3.707251408643E+00      2.729760559311E+00
   92.400000      3.699670707352E+00      2.722991804437E+00
   92.500000      3.692038730142E+00      2.715478897987E+00
   92.600000      3.684088025391E+00      2.706798754642E+00
   92.700000      3.675680026619E+00      2.696817850386E+00
   92.800000      3.666855626759E+00      2.685697675549E+00
   92.900000      3.657833833718E+00      2.673835255525E+00
   93.000000      3.648948329650E+00      2.661756717047E+00
   93.100000      3.640543581040E+00      2.649995873373E+00
   93.200000      3.632880216276E+00      2.638999356906E+00
   93.300000      3.626101655358E+00      2.629091947050E+00
   93.400000      3.620280106547E+00      2.620507158961E+00
   93.500000      3.615510245381E+00      2.613452281448E+00
   93.600000      3.611984660594E+00      2.608155781035E+00
   93.700000      3.609990598505E+00      2.604852921569E+00
   93.800000      3.609811421613E+00      2.603699939970E+00
   93.900000      3.611571878678E+00      2.604651067854E+00
   94.000000      3.615106820735E+00      2.607364706674E+00
   94.100000      3.619936365675E+00      2.611207805390E+00
   94.200000      3.625384221718E+00      2.615393354076E+00
   94.300000      3.630802646898E+00      2.619223639820E+00
   94.400000      3.635812030368E+00      2.622349121312E+00
   94.500000      3.640452514399E+00      2.624925190027E+00
   94.600000      3.645178205969E+00      2.627578962095E+00
   94.700000      3.650682024298E+00      2.631177376404E+00
   94.800000      3.657603141264E+00      2.636478935091E+00
   94.900000      3.666227316217E+00      2.643808256177E+00
   95.000000      3.676317666018E+00      2.652887077991E+00
   95.100000      3.687170917699E+00      2.662893067016E+00
   95.200000      3.697881873387E+00      2.672730875958E+00
   95.300000      3.707692010155E+00      2.681422765410E+00
   95.400000      3.716270621818E+00      2.688477879483E+00
   95.500000      3.723820908216E+00      2.694091197892E+00
   95.600000      3.730969967213E+00      2.699072068344E+00
   95.700000      3.738476760012E+00      2.704512522220E+00
   95.800000      3.746877008612E+00      2.711333875132E+00
   95.900000      3.756234541425E+00      2.719916746441E+00
   96.000000      3.766124454858E+00      2.729976105297E+00
   96.100000      3.775842265005E+00      2.740716828039E+00
   96.200000      3.784708760747E+00      2.751173248898E+00
   96.300000      3.792310478112E+00      2.760565344729E+00
   96.400000      3.798577966113E+00      2.768517417217E+00
   96.500000      3.803694205318E+00      2.775063398289E+00
   96.600000      3.807895565187E+00      2.780465065057E+00
   96.700000      3.811265510913E+00      2.784950905962E+00
   96.800000      3.813623578391E+00      2.788510358168E+00
   96.900000      3.814568275106E+00      2.790840675194E+00
   97.000000      3.813651749143E+00      2.791461814525E+00
   97.100000      3.810594170102E+00      2.789929663793E+00
   97.200000      3.805431780566E+00      2.786031332911E+00
   97.300000      3.798526612733E+00      2.779860636277E+00
   97.400000      3.790423171540E+00      2.771740723379E+00
   97.500000      3.781614518579E+00      2.762048529186E+00
   97.600000      3.772340974065E+00      2.751051295186E+00
   97.700000      3.762536626199E+00      2.738853043665E+00
   97.800000      3.751952256947E+00      2.725476437813E+00
   97.900000      3.740378985986E+00      2.711020487013E+00
   98.000000      3.727845776765E+00      2.695788836807E+00
   98.100000      3.714686875558E+00      2.680299428598E+00
   98.200000      3.701445833331E+00      2.665150629188E+00
   98.300000      3.688662532782E+00      2.650796891152E+00
   98.400000      3.676645356499E+00      2.637341704313E+00
   98.500000      3.665339190507E+00      2.624461261580E+00
   98.600000      3.654358270771E+00      2.611521731353E+00
   98.700000      3.643181042588E+00      2.597861512407E+00
   98.800000      3.631425567012E+00      2.583116489837E+00
   98.900000      3.619072647148E+00      2.567425929067E+00
   99.000000      3.606520069454E+00      2.551407621543E+00
   99.100000      3.594437625439E+00      2.535913055765E+00
   99.200000      3.583497214350E+00      2.521688495121E+00
   99.300000      3.574111458733E+00      2.509102801692E+00
   99.400000      3.566296346884E+00      2.498050105209E+00
   99.500000      3.559700723959E+00      2.488043790584E+00
   99.600000      3.553769019029E+00      2.478439835980E+00
   99.700000      3.547955484415E+00      2.468686891111E+00
   99.800000      3.541895217363E+00      2.458501244959E+00
   99.900000      3.535464974306E+00      2.447902615693E+00
  100.000000      3.528727331867E+00      2.437109245096E+00
