# M=14, N=7, V0=0.0, V=-0.5, PBC
#  time (tJ)                 S₁(ℓ=7)                 S₂(ℓ=7)
    0.000000      1.226143807842E+00      9.783680249733E-01
    0.100000      1.227012842011E+00      9.791964093036E-01
    0.200000      1.229427000231E+00      9.815478481373E-01
    0.300000      1.232897347886E+00      9.850531709135E-01
    0.400000      1.236862959005E+00      9.891938565045E-01
    0.500000      1.240918600605E+00      9.934166624888E-01
    0.600000      1.244847809812E+00      9.972449787773E-01
    0.700000      1.248568910116E+00      1.000359797696E+00
    0.800000      1.252093241191E+00      1.002635362110E+00
    0.900000      1.255443143778E+00      1.004128543222E+00
    1.000000      1.258634696489E+00      1.005032082940E+00
    1.100000      1.261707886213E+00      1.005607929234E+00
    1.200000      1.264735729172E+00      1.006118126963E+00
    1.300000      1.267786696852E+00      1.006768128734E+00
    1.400000      1.270846029380E+00      1.007672165349E+00
    1.500000      1.273781065475E+00      1.008843893911E+00
    1.600000      1.276390195547E+00      1.010209609798E+00
    1.700000      1.278472830583E+00      1.011637313061E+00
    1.800000      1.279911955461E+00      1.012973351034E+00
    1.900000      1.280757741541E+00      1.014078538292E+00
    2.000000      1.281273574187E+00      1.014856503146E+00
    2.100000      1.281886101420E+00      1.015268370755E+00
    2.200000      1.282993428747E+00      1.015330929039E+00
    2.300000      1.284706898391E+00      1.015100902610E+00
    2.400000      1.286740228812E+00      1.014653762988E+00
    2.500000      1.288535761377E+00      1.014066916217E+00
    2.600000      1.289516025152E+00      1.013411379409E+00
    2.700000      1.289321041373E+00      1.012747008867E+00
    2.800000      1.287925191804E+00      1.012112574720E+00
    2.900000      1.285586654205E+00      1.011508389279E+00
    3.000000      1.282669132634E+00      1.010880532023E+00
    3.100000      1.279480373316E+00      1.010120691645E+00
    3.200000      1.276235062158E+00      1.009088528932E+00
    3.300000      1.273059460355E+00      1.007650215373E+00
    3.400000      1.269972690032E+00      1.005718580965E+00
    3.500000      1.266897405170E+00      1.003282029381E+00
    3.600000      1.263720509241E+00      1.000416532644E+00
    3.700000      1.260375883888E+00      9.972808893085E-01
    3.800000      1.256917721076E+00      9.940981796364E-01
    3.900000      1.253542635346E+00      9.911277520679E-01
    4.000000      1.250547686430E+00      9.886326908748E-01
    4.100000      1.248224850495E+00      9.868468333196E-01
    4.200000      1.246745713700E+00      9.859442184864E-01
    4.300000      1.246175747064E+00      9.860145909062E-01
    4.400000      1.246512319895E+00      9.870501926350E-01
    4.500000      1.247668454290E+00      9.889474997522E-01
    4.600000      1.249472616666E+00      9.915220497917E-01
    4.700000      1.251705316801E+00      9.945305198767E-01
    4.800000      1.254152759731E+00      9.976966932166E-01
    4.900000      1.256652276561E+00      1.000743347426E+00
    5.000000      1.259093184196E+00      1.003431531966E+00
    5.100000      1.261401470201E+00      1.005599983278E+00
    5.200000      1.263558490603E+00      1.007189833091E+00
    5.300000      1.265606525733E+00      1.008243500423E+00
    5.400000      1.267611650233E+00      1.008879771502E+00
    5.500000      1.269608702171E+00      1.009257312551E+00
    5.600000      1.271572797656E+00      1.009538329031E+00
    5.700000      1.273425855453E+00      1.009857526990E+00
    5.800000      1.275061567912E+00      1.010298451554E+00
    5.900000      1.276382880275E+00      1.010881650399E+00
    6.000000      1.277352183724E+00      1.011570360777E+00
    6.100000      1.278040132174E+00      1.012294033898E+00
    6.200000      1.278639062879E+00      1.012980623534E+00
    6.300000      1.279418429627E+00      1.013582903686E+00
    6.400000      1.280618820824E+00      1.014086994461E+00
    6.500000      1.282333304162E+00      1.014500865196E+00
    6.600000      1.284451588608E+00      1.014830828118E+00
    6.700000      1.286670083101E+00      1.015059581959E+00
    6.800000      1.288552789433E+00      1.015138029443E+00
    6.900000      1.289640697952E+00      1.014995729039E+00
    7.000000      1.289590987556E+00      1.014564657821E+00
    7.100000      1.288298284975E+00      1.013803053895E+00
    7.200000      1.285944315081E+00      1.012705735890E+00
    7.300000      1.282945143358E+00      1.011296050998E+00
    7.400000      1.279783419894E+00      1.009607271207E+00
    7.500000      1.276760276447E+00      1.007668221886E+00
    7.600000      1.273885390385E+00      1.005503269126E+00
    7.700000      1.271034652305E+00      1.003144662437E+00
    7.800000      1.268124976943E+00      1.000646566090E+00
    7.900000      1.265158844656E+00      9.980917791905E-01
    8.000000      1.262202231215E+00      9.955901817337E-01
    8.100000      1.259367541268E+00      9.932728961204E-01
    8.200000      1.256811369823E+00      9.912841129797E-01
    8.300000      1.254720502418E+00      9.897685321449E-01
    8.400000      1.253272430080E+00      9.888528324287E-01
    8.500000      1.252586588893E+00      9.886243130108E-01
    8.600000      1.252696912698E+00      9.891133815837E-01
    8.700000      1.253555566757E+00      9.902855410675E-01
    8.800000      1.255052831786E+00      9.920448616597E-01
    8.900000      1.257015536306E+00      9.942479064482E-01
    9.000000      1.259211778011E+00      9.967251982234E-01
    9.100000      1.261409842949E+00      9.993053844359E-01
    9.200000      1.263480434915E+00      1.001835848084E+00
    9.300000      1.265470635513E+00      1.004194834374E+00
    9.400000      1.267526831541E+00      1.006294508315E+00
    9.500000      1.269637738818E+00      1.008078607823E+00
    9.600000      1.271573873140E+00      1.009519092579E+00
    9.700000      1.273119457146E+00      1.010613457882E+00
    9.800000      1.274206790086E+00      1.011381414171E+00
    9.900000      1.274902299293E+00      1.011859219661E+00
   10.000000      1.275339679560E+00      1.012091948988E+00
   10.100000      1.275659852120E+00      1.012126180839E+00
   10.200000      1.275982081178E+00      1.012006137693E+00
   10.300000      1.276399792329E+00      1.011774925489E+00
   10.400000      1.276978048021E+00      1.011480044595E+00
   10.500000      1.277762482839E+00      1.011179903580E+00
   10.600000      1.278796953973E+00      1.010946662393E+00
   10.700000      1.280103925725E+00      1.010861069604E+00
   10.800000      1.281658436964E+00      1.010997230122E+00
   10.900000      1.283370699869E+00      1.011398961197E+00
   11.000000      1.285071331874E+00      1.012053522540E+00
   11.100000      1.286520782684E+00      1.012871702277E+00
   11.200000      1.287448941052E+00      1.013684061049E+00
   11.300000      1.287608154523E+00      1.014260314652E+00
   11.400000      1.286829540699E+00      1.014352038615E+00
   11.500000      1.285081938210E+00      1.013749787594E+00
   11.600000      1.282493206326E+00      1.012338281010E+00
   11.700000      1.279341310909E+00      1.010131929129E+00
   11.800000      1.276024050376E+00      1.007279310059E+00
   11.900000      1.272835393476E+00      1.004036230407E+00
   12.000000      1.269891788222E+00      1.000716814816E+00
   12.100000      1.267235654021E+00      9.976362987156E-01
   12.200000      1.264845561214E+00      9.950579278126E-01
   12.300000      1.262737800937E+00      9.931529676464E-01
   12.400000      1.260983298437E+00      9.919801985151E-01
   12.500000      1.259700731093E+00      9.914892937597E-01
   12.600000      1.259026528644E+00      9.915488409847E-01
   12.700000      1.259002930386E+00      9.919930959762E-01
   12.800000      1.259513355128E+00      9.926738862283E-01
   12.900000      1.260368904804E+00      9.935002324820E-01
   13.000000      1.261421349618E+00      9.944522157327E-01
   13.100000      1.262607985056E+00      9.955666019899E-01
   13.200000      1.263931601586E+00      9.969037465263E-01
   13.300000      1.265420669205E+00      9.985113156823E-01
   13.400000      1.267095457711E+00      1.000397835831E+00
   13.500000      1.268943931135E+00      1.002521536983E+00
   13.600000      1.270918625920E+00      1.004793260923E+00
   13.700000      1.272935311603E+00      1.007089350047E+00
   13.800000      1.274891782178E+00      1.009270159249E+00
   13.900000      1.276690517050E+00      1.011199802583E+00
   14.000000      1.278221975765E+00      1.012762932137E+00
   14.100000      1.279344774969E+00      1.013876313379E+00
   14.200000      1.279933710097E+00      1.014496361695E+00
   14.300000      1.279992123714E+00      1.014625473285E+00
   14.400000      1.279724397931E+00      1.014317644378E+00
   14.500000      1.279452964654E+00      1.013679674257E+00
   14.600000      1.279413288563E+00      1.012862829702E+00
   14.700000      1.279689167628E+00      1.012042981103E+00
   14.800000      1.280284689099E+00      1.011392035965E+00
   14.900000      1.281177037162E+00      1.011046415151E+00
   15.000000      1.282317616401E+00      1.011078910545E+00
   15.100000      1.283594467291E+00      1.011480060441E+00
   15.200000      1.284802288011E+00      1.012154328685E+00
   15.300000      1.285691983437E+00      1.012933667588E+00
   15.400000      1.286047419952E+00      1.013606677137E+00
   15.500000      1.285718992229E+00      1.013957521967E+00
   15.600000      1.284627563694E+00      1.013806232539E+00
   15.700000      1.282758345425E+00      1.013040837034E+00
   15.800000      1.280200929364E+00      1.011633025643E+00
   15.900000      1.277228494325E+00      1.009635012096E+00
   16.000000      1.274232109401E+00      1.007164236074E+00
   16.100000      1.271428003193E+00      1.004386802891E+00
   16.200000      1.268719964086E+00      1.001504371380E+00
   16.300000      1.265999491084E+00      9.987384686272E-01
   16.400000      1.263348853753E+00      9.963041281139E-01
   16.500000      1.260982876668E+00      9.943755024520E-01
   16.600000      1.259115422339E+00      9.930576244585E-01
   16.700000      1.257879320926E+00      9.923764457823E-01
   16.800000      1.257337572776E+00      9.922857357118E-01
   16.900000      1.257510138548E+00      9.926809672700E-01
   17.000000      1.258343700811E+00      9.934165479213E-01
   17.100000      1.259663441022E+00      9.943329776009E-01
   17.200000      1.261202505126E+00      9.952973612503E-01
   17.300000      1.262726107033E+00      9.962439854322E-01
   17.400000      1.264141790950E+00      9.971909797995E-01
   17.500000      1.265482553355E+00      9.982201710399E-01
   17.600000      1.266808553622E+00      9.994317150248E-01
   17.700000      1.268149979808E+00      1.000899454113E+00
   17.800000      1.269543169650E+00      1.002645315928E+00
   17.900000      1.271099299382E+00      1.004632728454E+00
   18.000000      1.272974123498E+00      1.006769238595E+00
   18.100000      1.275170218494E+00      1.008913533221E+00
   18.200000      1.277398357808E+00      1.010891625493E+00
   18.300000      1.279211275938E+00      1.012528153572E+00
   18.400000      1.280263163820E+00      1.013689240611E+00
   18.500000      1.280497223594E+00      1.014321790845E+00
   18.600000      1.280177471622E+00      1.014470604801E+00
   18.700000      1.279765060174E+00      1.014262749766E+00
   18.800000      1.279719630603E+00      1.013863715695E+00
   18.900000      1.280321388700E+00      1.013423562572E+00
   19.000000      1.281561119439E+00      1.013036088472E+00
   19.100000      1.283144833645E+00      1.012727100344E+00
   19.200000      1.284617663549E+00      1.012472354529E+00
   19.300000      1.285541859649E+00      1.012230201369E+00
   19.400000      1.285651119660E+00      1.011968036131E+00
   19.500000      1.284912535628E+00      1.011669209151E+00
   19.600000      1.283488240559E+00      1.011322145263E+00
   19.700000      1.281610670051E+00      1.010904405978E+00
   19.800000      1.279438785994E+00      1.010374040566E+00
   19.900000      1.277036936006E+00      1.009672147050E+00
   20.000000      1.274415775265E+00      1.008733396420E+00
   20.100000      1.271576685130E+00      1.007500414662E+00
   20.200000      1.268560824145E+00      1.005940075456E+00
   20.300000      1.265487953902E+00      1.004059358050E+00
   20.400000      1.262525491809E+00      1.001915426025E+00
   20.500000      1.259759086770E+00      9.996140671828E-01
   20.600000      1.257157752967E+00      9.972954136165E-01
   20.700000      1.254707033335E+00      9.951123031057E-01
   20.800000      1.252496090946E+00      9.932090311829E-01
   20.900000      1.250697927396E+00      9.917054422606E-01
   21.000000      1.249504978520E+00      9.906872208102E-01
   21.100000      1.249059238290E+00      9.902014798006E-01
   21.200000      1.249409895261E+00      9.902569798905E-01
   21.300000      1.250492609678E+00      9.908282340913E-01
   21.400000      1.252101087309E+00      9.918617622574E-01
   21.500000      1.253971622691E+00      9.932823623211E-01
   21.600000      1.255888534847E+00      9.949984369010E-01
   21.700000      1.257727713666E+00      9.969070967116E-01
   21.800000      1.259460210867E+00      9.989003097383E-01
   21.900000      1.261123685315E+00      1.000872568559E+00
   22.000000      1.262777296178E+00      1.002729549955E+00
   22.100000      1.264463688569E+00      1.004396842571E+00
   22.200000      1.266196681663E+00      1.005827640774E+00
   22.300000      1.267970822112E+00      1.007007742196E+00
   22.400000      1.269768229678E+00      1.007955651102E+00
   22.500000      1.271551970686E+00      1.008716278431E+00
   22.600000      1.273254896521E+00      1.009349134203E+00
   22.700000      1.274784673154E+00      1.009914769416E+00
   22.800000      1.276066216948E+00      1.010464224212E+00
   22.900000      1.277114501110E+00      1.011033998092E+00
   23.000000      1.278089429412E+00      1.011644744022E+00
   23.100000      1.279274127893E+00      1.012298871441E+00
   23.200000      1.280943898523E+00      1.012973638789E+00
   23.300000      1.283172117513E+00      1.013612062644E+00
   23.400000      1.285716303958E+00      1.014119989984E+00
   23.500000      1.288084255047E+00      1.014378479787E+00
   23.600000      1.289720048647E+00      1.014273809763E+00
   23.700000      1.290193688988E+00      1.013736334348E+00
   23.800000      1.289323150351E+00      1.012771407259E+00
   23.900000      1.287203362745E+00      1.011466608826E+00
   24.000000      1.284147776940E+00      1.009969592113E+00
   24.100000      1.280577164681E+00      1.008444090474E+00
   24.200000      1.276889235136E+00      1.007020688902E+00
   24.300000      1.273346059388E+00      1.005759915222E+00
   24.400000      1.270044641185E+00      1.004639027552E+00
   24.500000      1.266955442760E+00      1.003564622036E+00
   24.600000      1.263980363172E+00      1.002405185355E+00
   24.700000      1.261017196556E+00      1.001033539332E+00
   24.800000      1.258004862717E+00      9.993688167095E-01
   24.900000      1.254943771015E+00      9.974092611819E-01
   25.000000      1.251921782232E+00      9.952487406481E-01
   25.100000      1.249091368133E+00      9.930712922907E-01
   25.200000      1.246679993970E+00      9.911212944033E-01
   25.300000      1.245000675465E+00      9.896536310519E-01
   25.400000      1.244311216893E+00      9.888766897665E-01
   25.500000      1.244659267636E+00      9.889059695471E-01
   25.600000      1.245843804799E+00      9.897428968980E-01
   25.700000      1.247521112129E+00      9.912828779201E-01
   25.800000      1.249365744859E+00      9.933449755757E-01
   25.900000      1.251184773071E+00      9.957098798093E-01
   26.000000      1.252926015804E+00      9.981550359599E-01
   26.100000      1.254581344989E+00      1.000481981129E+00
   26.200000      1.256128933726E+00      1.002535640185E+00
   26.300000      1.257574562285E+00      1.004216441288E+00
   26.400000      1.258996188186E+00      1.005485411154E+00
   26.500000      1.260532587569E+00      1.006362282623E+00
   26.600000      1.262305069905E+00      1.006917399310E+00
   26.700000      1.264332690781E+00      1.007258667307E+00
   26.800000      1.266523071075E+00      1.007514495149E+00
   26.900000      1.268745053568E+00      1.007813553678E+00
   27.000000      1.270915728532E+00      1.008263427114E+00
   27.100000      1.273037572345E+00      1.008932330783E+00
   27.200000      1.275173847572E+00      1.009838620094E+00
   27.300000      1.277423527557E+00      1.010949730337E+00
   27.400000      1.279942823565E+00      1.012187057787E+00
   27.500000      1.282917974835E+00      1.013431505959E+00
   27.600000      1.286397159374E+00      1.014529621413E+00
   27.700000      1.290057775054E+00      1.015308050339E+00
   27.800000      1.293204525894E+00      1.015604202263E+00
   27.900000      1.295097115069E+00      1.015308997406E+00
   28.000000      1.295274888779E+00      1.014402971427E+00
   28.100000      1.293696985187E+00      1.012965605074E+00
   28.200000      1.290709153567E+00      1.011153469044E+00
   28.300000      1.286890997101E+00      1.009161301276E+00
   28.400000      1.282863175410E+00      1.007184324657E+00
   28.500000      1.279051078970E+00      1.005389324212E+00
   28.600000      1.275545140199E+00      1.003891188400E+00
   28.700000      1.272306802922E+00      1.002732314586E+00
   28.800000      1.269299262256E+00      1.001870216856E+00
   28.900000      1.266478414402E+00      1.001181985884E+00
   29.000000      1.263778838801E+00      1.000488941774E+00
   29.100000      1.261121554563E+00      9.995973877119E-01
   29.200000      1.258425367273E+00      9.983480479208E-01
   29.300000      1.255629557329E+00      9.966659837138E-01
   29.400000      1.252740286211E+00      9.946001629987E-01
   29.500000      1.249872543311E+00      9.923386922015E-01
   29.600000      1.247242861230E+00      9.901880948838E-01
   29.700000      1.245122006123E+00      9.885154641050E-01
   29.800000      1.243749079826E+00      9.876659065064E-01
   29.900000      1.243240455909E+00      9.878771274194E-01
   30.000000      1.243537195417E+00      9.892147881570E-01
   30.100000      1.244413601671E+00      9.915470711382E-01
   30.200000      1.245553546353E+00      9.945665870265E-01
   30.300000      1.246674215766E+00      9.978545918290E-01
   30.400000      1.247645313031E+00      1.000970200271E+00
   30.500000      1.248550573293E+00      1.003540560179E+00
   30.600000      1.249553409948E+00      1.005329482552E+00
   30.700000      1.250683478266E+00      1.006270457557E+00
   30.800000      1.251873962091E+00      1.006461037631E+00
   30.900000      1.253098284201E+00      1.006124968539E+00
   31.000000      1.254432309644E+00      1.005554097702E+00
   31.100000      1.256005102061E+00      1.005044136746E+00
   31.200000      1.257933921424E+00      1.004837784863E+00
   31.300000      1.260288705708E+00      1.005085905307E+00
   31.400000      1.263077451469E+00      1.005832238145E+00
   31.500000      1.266249329182E+00      1.007020465782E+00
   31.600000      1.269717695000E+00      1.008517111652E+00
   31.700000      1.273397690684E+00      1.010142275915E+00
   31.800000      1.277225103877E+00      1.011701950027E+00
   31.900000      1.281127025042E+00      1.013017434902E+00
   32.000000      1.284965149462E+00      1.013947794986E+00
   32.100000      1.288485432264E+00      1.014402633174E+00
   32.200000      1.291312253860E+00      1.014346708895E+00
   32.300000      1.293028244766E+00      1.013801738409E+00
   32.400000      1.293333094070E+00      1.012848270734E+00
   32.500000      1.292207772552E+00      1.011622071961E+00
   32.600000      1.289981003693E+00      1.010294110297E+00
   32.700000      1.287232999753E+00      1.009029855523E+00
   32.800000      1.284559183830E+00      1.007939353768E+00
   32.900000      1.282285597508E+00      1.007040848825E+00
   33.000000      1.280350359741E+00      1.006256764061E+00
   33.100000      1.278511363415E+00      1.005444379955E+00
   33.200000      1.276582334780E+00      1.004447411821E+00
   33.300000      1.274489006817E+00      1.003149136755E+00
   33.400000      1.272229669849E+00      1.001512311376E+00
   33.500000      1.269845080416E+00      9.995984708368E-01
   33.600000      1.267428633766E+00      9.975640758936E-01
   33.700000      1.265139803981E+00      9.956342015751E-01
   33.800000      1.263169824194E+00      9.940588338524E-01
   33.900000      1.261669831619E+00      9.930619453429E-01
   34.000000      1.260699168341E+00      9.927960302173E-01
   34.100000      1.260220661992E+00      9.933127109256E-01
   34.200000      1.260129179844E+00      9.945548903801E-01
   34.300000      1.260282256658E+00      9.963705237202E-01
   34.400000      1.260526746065E+00      9.985436390997E-01
   34.500000      1.260735020954E+00      1.000834540479E+00
   34.600000      1.260854309659E+00      1.003018881711E+00
   34.700000      1.260940473755E+00      1.004916620988E+00
   34.800000      1.261104480561E+00      1.006407440168E+00
   34.900000      1.261373127336E+00      1.007435716402E+00
   35.000000      1.261663592981E+00      1.008010245258E+00
   35.100000      1.261928988379E+00      1.008199988911E+00
   35.200000      1.262261985004E+00      1.008121980810E+00
   35.300000      1.262858420043E+00      1.007917947364E+00
   35.400000      1.263898218802E+00      1.007723266740E+00
   35.500000      1.265447120224E+00      1.007638963654E+00
   35.600000      1.267440782262E+00      1.007717120441E+00
   35.700000      1.269741363693E+00      1.007962330101E+00
   35.800000      1.272209952201E+00      1.008343899351E+00
   35.900000      1.274753959055E+00      1.008811757589E+00
   36.000000      1.277341727839E+00      1.009312221414E+00
   36.100000      1.279981474179E+00      1.009801875544E+00
   36.200000      1.282659597570E+00      1.010256229234E+00
   36.300000      1.285258087347E+00      1.010668401313E+00
   36.400000      1.287518096681E+00      1.011036621105E+00
   36.500000      1.289104944033E+00      1.011346511951E+00
   36.600000      1.289735821934E+00      1.011558499068E+00
   36.700000      1.289292475783E+00      1.011607970925E+00
   36.800000      1.287867326477E+00      1.011418440175E+00
   36.900000      1.285739485173E+00      1.010921832825E+00
   37.000000      1.283327991420E+00      1.010078482598E+00
   37.100000      1.281059432006E+00      1.008891134905E+00
   37.200000      1.279068362200E+00      1.007409544445E+00
   37.300000      1.277243426023E+00      1.005724243287E+00
   37.400000      1.275525517475E+00      1.003950613683E+00
   37.500000      1.273929960585E+00      1.002207673077E+00
   37.600000      1.272449143921E+00      1.000598344139E+00
   37.700000      1.271019544774E+00      9.991974795487E-01
   37.800000      1.269570149161E+00      9.980503436213E-01
   37.900000      1.268089932715E+00      9.971796529199E-01
   38.000000      1.266653957400E+00      9.965962876589E-01
   38.100000      1.265387790044E+00      9.963085584093E-01
   38.200000      1.264387764727E+00      9.963265732010E-01
   38.300000      1.263662901147E+00      9.966603094764E-01
   38.400000      1.263145852415E+00      9.973119179452E-01
   38.500000      1.262746888824E+00      9.982648341787E-01
   38.600000      1.262412411414E+00      9.994741608554E-01
   38.700000      1.262154579629E+00      1.000863291735E+00
   38.800000      1.262035227156E+00      1.002329968701E+00
   38.900000      1.262116364920E+00      1.003761427929E+00
   39.000000      1.262416270253E+00      1.005054607018E+00
   39.100000      1.262942229746E+00      1.006135158145E+00
   39.200000      1.263711327777E+00      1.006969297805E+00
   39.300000      1.264694426629E+00      1.007565460604E+00
   39.400000      1.265792532742E+00      1.007966858291E+00
   39.500000      1.266892029283E+00      1.008238652205E+00
   39.600000      1.267965527337E+00      1.008452968794E+00
   39.700000      1.269134601640E+00      1.008673167963E+00
   39.800000      1.270634107910E+00      1.008938884266E+00
   39.900000      1.272658909624E+00      1.009255779040E+00
   40.000000      1.275181074700E+00      1.009595051846E+00
   40.100000      1.277956787279E+00      1.009904510164E+00
   40.200000      1.280685941995E+00      1.010127334123E+00
   40.300000      1.283135318128E+00      1.010221508414E+00
   40.400000      1.285169817908E+00      1.010174107185E+00
   40.500000      1.286707697164E+00      1.010007372242E+00
   40.600000      1.287689057605E+00      1.009774943542E+00
   40.700000      1.288075043116E+00      1.009547619464E+00
   40.800000      1.287844709473E+00      1.009390865873E+00
   40.900000      1.287005036453E+00      1.009340036567E+00
   41.000000      1.285616458621E+00      1.009380711418E+00
   41.100000      1.283820363282E+00      1.009439880431E+00
   41.200000      1.281841823715E+00      1.009391358469E+00
   41.300000      1.279944749666E+00      1.009077300061E+00
   41.400000      1.278323871091E+00      1.008345065674E+00
   41.500000      1.276957571992E+00      1.007093063247E+00
   41.600000      1.275601763132E+00      1.005312842095E+00
   41.700000      1.274020938111E+00      1.003112589105E+00
   41.800000      1.272176413185E+00      1.000711597471E+00
   41.900000      1.270206872209E+00      9.984040473617E-01
   42.000000      1.268328508696E+00      9.964997886881E-01
   42.100000      1.266726966738E+00      9.952571117433E-01
   42.200000      1.265493428714E+00      9.948257758735E-01
   42.300000      1.264650479214E+00      9.952160475509E-01
   42.400000      1.264197492823E+00      9.963013736962E-01
   42.500000      1.264104309743E+00      9.978520667732E-01
   42.600000      1.264261782650E+00      9.995894762977E-01
   42.700000      1.264475682777E+00      1.001246489152E+00
   42.800000      1.264536250006E+00      1.002619981952E+00
   42.900000      1.264313932606E+00      1.003603262880E+00
   43.000000      1.263820183012E+00      1.004192100725E+00
   43.100000      1.263200182422E+00      1.004466139860E+00
   43.200000      1.262676689241E+00      1.004554993995E+00
   43.300000      1.262478274399E+00      1.004601175379E+00
   43.400000      1.262746775996E+00      1.004729481944E+00
   43.500000      1.263461976662E+00      1.005027268227E+00
   43.600000      1.264488654728E+00      1.005535427032E+00
   43.700000      1.265690317839E+00      1.006247463733E+00
   43.800000      1.266996020111E+00      1.007113840066E+00
   43.900000      1.268398291090E+00      1.008050135399E+00
   44.000000      1.269931424137E+00      1.008949100543E+00
   44.100000      1.271652628878E+00      1.009696795123E+00
   44.200000      1.273616692394E+00      1.010191602601E+00
   44.300000      1.275838063797E+00      1.010363636125E+00
   44.400000      1.278217896150E+00      1.010191966658E+00
   44.500000      1.280485951662E+00      1.009716987508E+00
   44.600000      1.282283033399E+00      1.009043511899E+00
   44.700000      1.283343887223E+00      1.008328459083E+00
   44.800000      1.283600316690E+00      1.007749357138E+00
   44.900000      1.283150309827E+00      1.007457921607E+00
   45.000000      1.282161394977E+00      1.007532275222E+00
   45.100000      1.280781179421E+00      1.007945038021E+00
   45.200000      1.279108453887E+00      1.008559630563E+00
   45.300000      1.277223160189E+00      1.009157003036E+00
   45.400000      1.275225821776E+00      1.009485252825E+00
   45.500000      1.273258632643E+00      1.009318519193E+00
   45.600000      1.271485270286E+00      1.008509654299E+00
   45.700000      1.269997583725E+00      1.007023521238E+00
   45.800000      1.268710585583E+00      1.004944420634E+00
   45.900000      1.267395470989E+00      1.002459932767E+00
   46.000000      1.265846300127E+00      9.998294979931E-01
   46.100000      1.264001069913E+00      9.973457966778E-01
   46.200000      1.261970702798E+00      9.952926782273E-01
   46.300000      1.260001425871E+00      9.939014923433E-01
   46.400000      1.258382224349E+00      9.933116441666E-01
   46.500000      1.257324650675E+00      9.935466484660E-01
   46.600000      1.256870435977E+00      9.945157163800E-01
   46.700000      1.256907805622E+00      9.960404288338E-01
   46.800000      1.257260177818E+00      9.978939230720E-01
   46.900000      1.257740283424E+00      9.998373498077E-01
   47.000000      1.258174350117E+00      1.001647712701E+00
   47.100000      1.258424606401E+00      1.003142316885E+00
   47.200000      1.258430187653E+00      1.004205066191E+00
   47.300000      1.258259646520E+00      1.004808340245E+00
   47.400000      1.258110536687E+00      1.005015304816E+00
   47.500000      1.258221777669E+00      1.004954420960E+00
   47.600000      1.258754094525E+00      1.004776388175E+00
   47.700000      1.259744549388E+00      1.004615325716E+00
   47.800000      1.261155798952E+00      1.004568685202E+00
   47.900000      1.262931851767E+00      1.004692721906E+00
   48.000000      1.264991673800E+00      1.005001617128E+00
   48.100000      1.267200062740E+00      1.005466388968E+00
   48.200000      1.269399032598E+00      1.006022349634E+00
   48.300000      1.271508881443E+00      1.006593573317E+00
   48.400000      1.273616164198E+00      1.007127486661E+00
   48.500000      1.275945859528E+00      1.007618281584E+00
   48.600000      1.278699517763E+00      1.008100932815E+00
   48.700000      1.281866334970E+00      1.008617525419E+00
   48.800000      1.285146979084E+00      1.009177532040E+00
   48.900000      1.288023868200E+00      1.009737586889E+00
   49.000000      1.289933013626E+00      1.010212719054E+00
   49.100000      1.290461486369E+00      1.010511384056E+00
   49.200000      1.289492479225E+00      1.010573905043E+00
   49.300000      1.287253333465E+00      1.010393841488E+00
   49.400000      1.284264585815E+00      1.010012132123E+00
   49.500000      1.281184116434E+00      1.009488227885E+00
   49.600000      1.278516903604E+00      1.008863897821E+00
   49.700000      1.276393508689E+00      1.008138663659E+00
   49.800000      1.274663577111E+00      1.007269170415E+00
   49.900000      1.273076824936E+00      1.006191714640E+00
   50.000000      1.271381197056E+00      1.004855497150E+00
   50.100000      1.269400958956E+00      1.003251281096E+00
   50.200000      1.267104549365E+00      1.001426644528E+00
   50.300000      1.264568898080E+00      9.994878213289E-01
   50.400000      1.261899099048E+00      9.975913033093E-01
   50.500000      1.259197445341E+00      9.959254843324E-01
   50.600000      1.256603978132E+00      9.946806572978E-01
   50.700000      1.254316623399E+00      9.940101589436E-01
   50.800000      1.252541947809E+00      9.939933655192E-01
   50.900000      1.251399853600E+00      9.946143889871E-01
   51.000000      1.250848828745E+00      9.957647751401E-01
   51.100000      1.250699167439E+00      9.972684376435E-01
   51.200000      1.250696988715E+00      9.989194723082E-01
   51.300000      1.250629915058E+00      1.000521436374E+00
   51.400000      1.250409174790E+00      1.001918610606E+00
   51.500000      1.250094028721E+00      1.003013428122E+00
   51.600000      1.249842605851E+00      1.003768722088E+00
   51.700000      1.249831988351E+00      1.004197841338E+00
   51.800000      1.250213937543E+00      1.004348420145E+00
   51.900000      1.251086616086E+00      1.004285786774E+00
   52.000000      1.252463335399E+00      1.004080330356E+00
   52.100000      1.254252170177E+00      1.003800609875E+00
   52.200000      1.256315468800E+00      1.003511120283E+00
   52.300000      1.258553456709E+00      1.003271597564E+00
   52.400000      1.260931329998E+00      1.003135372747E+00
   52.500000      1.263456895157E+00      1.003147314186E+00
   52.600000      1.266146340856E+00      1.003343626946E+00
   52.700000      1.269026916997E+00      1.003753101008E+00
   52.800000      1.272162961381E+00      1.004394950626E+00
   52.900000      1.275625583533E+00      1.005268682708E+00
   53.000000      1.279370268637E+00      1.006338596781E+00
   53.100000      1.283113905554E+00      1.007523177894E+00
   53.200000      1.286364058780E+00      1.008699448986E+00
   53.300000      1.288610686580E+00      1.009723648211E+00
   53.400000      1.289531996205E+00      1.010460222533E+00
   53.500000      1.289103995636E+00      1.010808597415E+00
   53.600000      1.287600013542E+00      1.010721277099E+00
   53.700000      1.285501371253E+00      1.010211684500E+00
   53.800000      1.283319174706E+00      1.009351701265E+00
   53.900000      1.281388067303E+00      1.008258319779E+00
   54.000000      1.279832679156E+00      1.007069578889E+00
   54.100000      1.278651956070E+00      1.005913351675E+00
   54.200000      1.277751569662E+00      1.004876876168E+00
   54.300000      1.276944816943E+00      1.003987134177E+00
   54.400000      1.275977574004E+00      1.003209986298E+00
   54.500000      1.274592813401E+00      1.002469423071E+00
   54.600000      1.272614130487E+00      1.001680444521E+00
   54.700000      1.270016683073E+00      1.000784308295E+00
   54.800000      1.266951021709E+00      9.997754339879E-01
   54.900000      1.263699957013E+00      9.987133903849E-01
   55.000000      1.260586537439E+00      9.977176176526E-01
   55.100000      1.257873945500E+00      9.969453883135E-01
   55.200000      1.255705113947E+00      9.965563729490E-01
   55.300000      1.254091861183E+00      9.966712899503E-01
   55.400000      1.252936674252E+00      9.973359332909E-01
   55.500000      1.252076727179E+00      9.985021471857E-01
   55.600000      1.251345601533E+00      1.000032481034E+00
   55.700000      1.250640957501E+00      1.001727153230E+00
   55.800000      1.249967470681E+00      1.003364473050E+00
   55.900000      1.249437018173E+00      1.004742307334E+00
   56.000000      1.249231606681E+00      1.005709587154E+00
   56.100000      1.249488888190E+00      1.006182087340E+00
   56.200000      1.250218436389E+00      1.006143334166E+00
   56.300000      1.251370395054E+00      1.005636622327E+00
   56.400000      1.252876717724E+00      1.004755293428E+00
   56.500000      1.254658606729E+00      1.003634945955E+00
   56.600000      1.256647807941E+00      1.002445455997E+00
   56.700000      1.258811417326E+00      1.001377297119E+00
   56.800000      1.261153476416E+00      1.000619112731E+00
   56.900000      1.263701082335E+00      1.000330125680E+00
   57.000000      1.266498200728E+00      1.000615512967E+00
   57.100000      1.269602133547E+00      1.001510557993E+00
   57.200000      1.273064800040E+00      1.002972689965E+00
   57.300000      1.276874379993E+00      1.004877472239E+00
   57.400000      1.280857302468E+00      1.007020008606E+00
   57.500000      1.284615022296E+00      1.009131805920E+00
   57.600000      1.287593771859E+00      1.010923263374E+00
   57.700000      1.289296481025E+00      1.012148010137E+00
   57.800000      1.289525284230E+00      1.012666001044E+00
   57.900000      1.288523209931E+00      1.012474997986E+00
   58.000000      1.286940604442E+00      1.011694572747E+00
   58.100000      1.285570114338E+00      1.010514017878E+00
   58.200000      1.284855332061E+00      1.009134341397E+00
   58.300000      1.284619778976E+00      1.007730653525E+00
   58.400000      1.284419717019E+00      1.006440209763E+00
   58.500000      1.283925158954E+00      1.005362332808E+00
   58.600000      1.283008510129E+00      1.004554410254E+00
   58.700000      1.281686950265E+00      1.004021409899E+00
   58.800000      1.280030180367E+00      1.003709922516E+00
   58.900000      1.278097925721E+00      1.003518668847E+00
   59.000000      1.275931993323E+00      1.003326398242E+00
   59.100000      1.273579005628E+00      1.003026848016E+00
   59.200000      1.271103260779E+00      1.002558564624E+00
   59.300000      1.268575834211E+00      1.001923367568E+00
   59.400000      1.266061111020E+00      1.001192311322E+00
   59.500000      1.263621609333E+00      1.000497562076E+00
   59.600000      1.261338748192E+00      1.000007088473E+00
   59.700000      1.259312018841E+00      9.998830415667E-01
   59.800000      1.257612201260E+00      1.000233621256E+00
   59.900000      1.256245660789E+00      1.001074517327E+00
   60.000000      1.255174151974E+00      1.002313713724E+00
   60.100000      1.254372663485E+00      1.003764347525E+00
   60.200000      1.253869740402E+00      1.005181037202E+00
   60.300000      1.253735600383E+00      1.006310049340E+00
   60.400000      1.254032229270E+00      1.006942337943E+00
   60.500000      1.254750847826E+00      1.006958543475E+00
   60.600000      1.255769777513E+00      1.006356015301E+00
   60.700000      1.256929393148E+00      1.005251075488E+00
   60.800000      1.258180955729E+00      1.003855493957E+00
   60.900000      1.259619452743E+00      1.002432880612E+00
   61.000000      1.261393965495E+00      1.001245901211E+00
   61.100000      1.263595024570E+00      1.000507074044E+00
   61.200000      1.266194321574E+00      1.000343996292E+00
   61.300000      1.269054824378E+00      1.000785102263E+00
   61.400000      1.271993530598E+00      1.001766169545E+00
   61.500000      1.274847201702E+00      1.003152489337E+00
   61.600000      1.277488728987E+00      1.004768315013E+00
   61.700000      1.279803162027E+00      1.006425102808E+00
   61.800000      1.281684959783E+00      1.007943587873E+00
   61.900000      1.283063628035E+00      1.009170104492E+00
   62.000000      1.283923175214E+00      1.009990810859E+00
   62.100000      1.284312622335E+00      1.010345854901E+00
   62.200000      1.284351249930E+00      1.010240888145E+00
   62.300000      1.284229695449E+00      1.009750554562E+00
   62.400000      1.284197313793E+00      1.009009840422E+00
   62.500000      1.284484264162E+00      1.008192008851E+00
   62.600000      1.285143626951E+00      1.007473971412E+00
   62.700000      1.286010488024E+00      1.006993326319E+00
   62.800000      1.286812035219E+00      1.006808057389E+00
   62.900000      1.287268810837E+00      1.006875705294E+00
   63.000000      1.287156795558E+00      1.007065250544E+00
   63.100000      1.286344764392E+00      1.007200264150E+00
   63.200000      1.284798198581E+00      1.007116104969E+00
   63.300000      1.282587294901E+00      1.006709457779E+00
   63.400000      1.279888635166E+00      1.005966727032E+00
   63.500000      1.276960567988E+00      1.004968695267E+00
   63.600000      1.274088446792E+00      1.003873773167E+00
   63.700000      1.271492684670E+00      1.002882841624E+00
   63.800000      1.269265203053E+00      1.002191490099E+00
   63.900000      1.267384983636E+00      1.001940958513E+00
   64.000000      1.265785580346E+00      1.002181755281E+00
   64.100000      1.264412987451E+00      1.002860318274E+00
   64.200000      1.263245787126E+00      1.003831661738E+00
   64.300000      1.262293374873E+00      1.004893642629E+00
   64.400000      1.261585758367E+00      1.005832773029E+00
   64.500000      1.261179710506E+00      1.006468379757E+00
   64.600000      1.261118035300E+00      1.006683832105E+00
   64.700000      1.261315306267E+00      1.006440922683E+00
   64.800000      1.261584956006E+00      1.005780952852E+00
   64.900000      1.261832669479E+00      1.004816978340E+00
   65.000000      1.262173312385E+00      1.003716659627E+00
   65.100000      1.262858755381E+00      1.002672554924E+00
   65.200000      1.264087705712E+00      1.001862228311E+00
   65.300000      1.265865977888E+00      1.001409556161E+00
   65.400000      1.268013155840E+00      1.001361296052E+00
   65.500000      1.270264518022E+00      1.001685976710E+00
   65.600000      1.272381993838E+00      1.002291853265E+00
   65.700000      1.274221466563E+00      1.003055168777E+00
   65.800000      1.275738164496E+00      1.003850755410E+00
   65.900000      1.276946217879E+00      1.004579590341E+00
   66.000000      1.277872603503E+00      1.005188621759E+00
   66.100000      1.278533307982E+00      1.005677983198E+00
   66.200000      1.278939646180E+00      1.006092584515E+00
   66.300000      1.279126302746E+00      1.006499626954E+00
   66.400000      1.279178383079E+00      1.006958527166E+00
   66.500000      1.279240030379E+00      1.007492490592E+00
   66.600000      1.279508525931E+00      1.008070737475E+00
   66.700000      1.280204755164E+00      1.008607692666E+00
   66.800000      1.281422115665E+00      1.008981023067E+00
   66.900000      1.282795618990E+00      1.009064939189E+00
   67.000000      1.283709292092E+00      1.008769856506E+00
   67.100000      1.283758861772E+00      1.008076156410E+00
   67.200000      1.282861269754E+00      1.007050208852E+00
   67.300000      1.281207467513E+00      1.005835772540E+00
   67.400000      1.279136309317E+00      1.004622181257E+00
   67.500000      1.276971674143E+00      1.003599178395E+00
   67.600000      1.274901021575E+00      1.002913020660E+00
   67.700000      1.272962958486E+00      1.002637228787E+00
   67.800000      1.271115698161E+00      1.002764936115E+00
   67.900000      1.269327852216E+00      1.003221612254E+00
   68.000000      1.267627370496E+00      1.003890764393E+00
   68.100000      1.266080065314E+00      1.004642931000E+00
   68.200000      1.264727663183E+00      1.005359587893E+00
   68.300000      1.263558721452E+00      1.005947205548E+00
   68.400000      1.262550204738E+00      1.006341293404E+00
   68.500000      1.261719887373E+00      1.006504246841E+00
   68.600000      1.261128320032E+00      1.006422218892E+00
   68.700000      1.260848887197E+00      1.006104100304E+00
   68.800000      1.260938177466E+00      1.005581687758E+00
   68.900000      1.261401995268E+00      1.004907859748E+00
   69.000000      1.262167588821E+00      1.004151159536E+00
   69.100000      1.263098408977E+00      1.003388614939E+00
   69.200000      1.264074236913E+00      1.002699682461E+00
   69.300000      1.265080332818E+00      1.002161281090E+00
   69.400000      1.266222523113E+00      1.001840307422E+00
   69.500000      1.267657329967E+00      1.001780716757E+00
   69.600000      1.269488006468E+00      1.001988066096E+00
   69.700000      1.271688915645E+00      1.002420451859E+00
   69.800000      1.274087726104E+00      1.002994799290E+00
   69.900000      1.276404895330E+00      1.003609973409E+00
   70.000000      1.278342020451E+00      1.004178178743E+00
   70.100000      1.279692466786E+00      1.004650946790E+00
   70.200000      1.280412691541E+00      1.005029260519E+00
   70.300000      1.280615008181E+00      1.005356144001E+00
   70.400000      1.280505234828E+00      1.005697826893E+00
   70.500000      1.280296676936E+00      1.006121800253E+00
   70.600000      1.280146691919E+00      1.006677331254E+00
   70.700000      1.280163055050E+00      1.007380426467E+00
   70.800000      1.280426850679E+00      1.008204016591E+00
   70.900000      1.280983938110E+00      1.009074906021E+00
   71.000000      1.281798810177E+00      1.009879331300E+00
   71.100000      1.282714636126E+00      1.010477628887E+00
   71.200000      1.283467447813E+00      1.010726740777E+00
   71.300000      1.283744659555E+00      1.010508396031E+00
   71.400000      1.283276438469E+00      1.009759894081E+00
   71.500000      1.281927854239E+00      1.008501697467E+00
   71.600000      1.279755858770E+00      1.006852444392E+00
   71.700000      1.276996296726E+00      1.005021720381E+00
   71.800000      1.273972807205E+00      1.003277022788E+00
   71.900000      1.270991367239E+00      1.001891335118E+00
   72.000000      1.268272581166E+00      1.001085319422E+00
   72.100000      1.265938990932E+00      1.000979354615E+00
   72.200000      1.264025858612E+00      1.001566795975E+00
   72.300000      1.262492104184E+00      1.002714280401E+00
   72.400000      1.261246972776E+00      1.004188969098E+00
   72.500000      1.260201326560E+00      1.005706085809E+00
   72.600000      1.259320386582E+00      1.006984497641E+00
   72.700000      1.258635721798E+00      1.007796719936E+00
   72.800000      1.258192129666E+00      1.008003739762E+00
   72.900000      1.257995893977E+00      1.007571184434E+00
   73.000000      1.258019356685E+00      1.006567392922E+00
   73.100000      1.258231710149E+00      1.005145400914E+00
   73.200000      1.258614784516E+00      1.003512406284E+00
   73.300000      1.259148288349E+00      1.001893003560E+00
   73.400000      1.259806137860E+00      1.000493983712E+00
   73.500000      1.260580767710E+00      9.994765586669E-01
   73.600000      1.261505111152E+00      9.989378684878E-01
   73.700000      1.262644213611E+00      9.989010132093E-01
   73.800000      1.264067664404E+00      9.993131533106E-01
   73.900000      1.265817490140E+00      1.000052895482E+00
   74.000000      1.267857623258E+00      1.000948805591E+00
   74.100000      1.270040483250E+00      1.001809320770E+00
   74.200000      1.272125578129E+00      1.002460986420E+00
   74.300000      1.273833560877E+00      1.002788267533E+00
   74.400000      1.274907286389E+00      1.002765894159E+00
   74.500000      1.275190838485E+00      1.002474609172E+00
   74.600000      1.274730115151E+00      1.002092822323E+00
   74.700000      1.273837949117E+00      1.001859989835E+00
   74.800000      1.273046842768E+00      1.002014267921E+00
   74.900000      1.272840664919E+00      1.002717930808E+00
   75.000000      1.273356524445E+00      1.003994551802E+00
   75.100000      1.274405386288E+00      1.005703144983E+00
   75.200000      1.275620290720E+00      1.007561819687E+00
   75.300000      1.276604963239E+00      1.009213403416E+00
   75.400000      1.277061169709E+00      1.010310682267E+00
   75.500000      1.276826798794E+00      1.010596680241E+00
   75.600000      1.275835633928E+00      1.009962101580E+00
   75.700000      1.274077021624E+00      1.008469922553E+00
   75.800000      1.271564121849E+00      1.006343496219E+00
   75.900000      1.268357658041E+00      1.003921526771E+00
   76.000000      1.264676627786E+00      1.001590722935E+00
   76.100000      1.260916988481E+00      9.997111327660E-01
   76.200000      1.257550458734E+00      9.985487091789E-01
   76.300000      1.254947428315E+00      9.982276695902E-01
   76.400000      1.253211066725E+00      9.987134462201E-01
   76.500000      1.252156231254E+00      9.998319182966E-01
   76.600000      1.251461940115E+00      1.001319168974E+00
   76.700000      1.250871009627E+00      1.002883611896E+00
   76.800000      1.250284519886E+00      1.004259612492E+00
   76.900000      1.249740311799E+00      1.005241965560E+00
   77.000000      1.249360842319E+00      1.005704007285E+00
   77.100000      1.249290446795E+00      1.005606281666E+00
   77.200000      1.249660033219E+00      1.004996693198E+00
   77.300000      1.250509951652E+00      1.003997588306E+00
   77.400000      1.251730975728E+00      1.002778355844E+00
   77.500000      1.253141662634E+00      1.001520181792E+00
   77.600000      1.254593944819E+00      1.000383217135E+00
   77.700000      1.256039464400E+00      9.994827793834E-01
   77.800000      1.257505238275E+00      9.988760384371E-01
   77.900000      1.259030561402E+00      9.985595653016E-01
   78.000000      1.260639836827E+00      9.984797518894E-01
   78.100000      1.262350454275E+00      9.985569325287E-01
   78.200000      1.264205385480E+00      9.987180507027E-01
   78.300000      1.266277236132E+00      9.989261673705E-01
   78.400000      1.268603274436E+00      9.991940638254E-01
   78.500000      1.271099459728E+00      9.995756432580E-01
   78.600000      1.273558984863E+00      1.000139203052E+00
   78.700000      1.275724860699E+00      1.000934965497E+00
   78.800000      1.277378425473E+00      1.001971258094E+00
   78.900000      1.278427368531E+00      1.003208834787E+00
   79.000000      1.278976041289E+00      1.004573722969E+00
   79.100000      1.279361155555E+00      1.005980155051E+00
   79.200000      1.280142062823E+00      1.007350987555E+00
   79.300000      1.281622546770E+00      1.008625740287E+00
   79.400000      1.283486414161E+00      1.009754522353E+00
   79.500000      1.285360688489E+00      1.010684858415E+00
   79.600000      1.286883392030E+00      1.011352465411E+00
   79.700000      1.287702904641E+00      1.011684075556E+00
   79.800000      1.287527255751E+00      1.011612802925E+00
   79.900000      1.286198503119E+00      1.011099476005E+00
   80.000000      1.283749658380E+00      1.010150986648E+00
   80.100000      1.280404650597E+00      1.008829441407E+00
   80.200000      1.276510995993E+00      1.007250674739E+00
   80.300000      1.272428070556E+00      1.005573809957E+00
   80.400000      1.268430645513E+00      1.003983662989E+00
   80.500000      1.264706091935E+00      1.002666534007E+00
   80.600000      1.261405813068E+00      1.001780179033E+00
   80.700000      1.258657511886E+00      1.001421828714E+00
   80.800000      1.256523063768E+00      1.001602410560E+00
   80.900000      1.254947815681E+00      1.002237062568E+00
   81.000000      1.253763002223E+00      1.003158757243E+00
   81.100000      1.252765977773E+00      1.004153715376E+00
   81.200000      1.251838632918E+00      1.005008165972E+00
   81.300000      1.251027891081E+00      1.005551146994E+00
   81.400000      1.250522727043E+00      1.005680504786E+00
   81.500000      1.250510631831E+00      1.005367581683E+00
   81.600000      1.251000933211E+00      1.004645210200E+00
   81.700000      1.251812833407E+00      1.003588515982E+00
   81.800000      1.252723894059E+00      1.002297034783E+00
   81.900000      1.253591329999E+00      1.000881980054E+00
   82.000000      1.254389106127E+00      9.994578995709E-01
   82.100000      1.255185095763E+00      9.981360190867E-01
   82.200000      1.256091262924E+00      9.970175579192E-01
   82.300000      1.257215448799E+00      9.961876186782E-01
   82.400000      1.258633354113E+00      9.957116365970E-01
   82.500000      1.260384723827E+00      9.956352807889E-01
   82.600000      1.262480255351E+00      9.959855935392E-01
   82.700000      1.264902336653E+00      9.967688355020E-01
   82.800000      1.267591201223E+00      9.979623226252E-01
   82.900000      1.270412981038E+00      9.995038553164E-01
   83.000000      1.273141035809E+00      1.001288418471E+00
   83.100000      1.275510164392E+00      1.003180775928E+00
   83.200000      1.277357301537E+00      1.005042417493E+00
   83.300000      1.278782156142E+00      1.006759344673E+00
   83.400000      1.280217591787E+00      1.008254961776E+00
   83.500000      1.282219492254E+00      1.009483894904E+00
   83.600000      1.284793157078E+00      1.010418164442E+00
   83.700000      1.287370738460E+00      1.011041723000E+00
   83.800000      1.289387651080E+00      1.011358315818E+00
   83.900000      1.290493700337E+00      1.011402240766E+00
   84.000000      1.290577135299E+00      1.011237289795E+00
   84.100000      1.289708186356E+00      1.010939312378E+00
   84.200000      1.288046103171E+00      1.010571483330E+00
   84.300000      1.285760990498E+00      1.010166180998E+00
   84.400000      1.282998155228E+00      1.009721807813E+00
   84.500000      1.279886982439E+00      1.009214230453E+00
   84.600000      1.276571913772E+00      1.008616886413E+00
   84.700000      1.273233283852E+00      1.007921374978E+00
   84.800000      1.270082549297E+00      1.007150288244E+00
   84.900000      1.267321787647E+00      1.006356929025E+00
   85.000000      1.265065808827E+00      1.005612613906E+00
   85.100000      1.263278533594E+00      1.004987915663E+00
   85.200000      1.261788903465E+00      1.004535101705E+00
   85.300000      1.260396545643E+00      1.004275533466E+00
   85.400000      1.259001280354E+00      1.004192670982E+00
   85.500000      1.257672267575E+00      1.004231558680E+00
   85.600000      1.256622078351E+00      1.004306884034E+00
   85.700000      1.256064337785E+00      1.004319908540E+00
   85.800000      1.256001563444E+00      1.004179820157E+00
   85.900000      1.256216913358E+00      1.003821664320E+00
   86.000000      1.256512320884E+00      1.003214587807E+00
   86.100000      1.256824437542E+00      1.002359789796E+00
   86.200000      1.257184354472E+00      1.001283166457E+00
   86.300000      1.257639830868E+00      1.000029598523E+00
   86.400000      1.258206407328E+00      9.986634381166E-01
   86.500000      1.258836748450E+00      9.972746703810E-01
   86.600000      1.259470010663E+00      9.959851501132E-01
   86.700000      1.260146290750E+00      9.949469513903E-01
   86.800000      1.261016309313E+00      9.943269941405E-01
   86.900000      1.262243718232E+00      9.942782936217E-01
   87.000000      1.263906697683E+00      9.949051554883E-01
   87.100000      1.265993417207E+00      9.962329891849E-01
   87.200000      1.268427602540E+00      9.981912722721E-01
   87.300000      1.271093105095E+00      1.000613511171E+00
   87.400000      1.273845717081E+00      1.003255605575E+00
   87.500000      1.276534385960E+00      1.005834128398E+00
   87.600000      1.279070630784E+00      1.008082699235E+00
   87.700000      1.281535827851E+00      1.009813478890E+00
   87.800000      1.284255083128E+00      1.010958895687E+00
   87.900000      1.287476726017E+00      1.011571291643E+00
   88.000000      1.290797137650E+00      1.011780778846E+00
   88.100000      1.293546674186E+00      1.011738011906E+00
   88.200000      1.295181711453E+00      1.011574251492E+00
   88.300000      1.295432785604E+00      1.011390245523E+00
   88.400000      1.294363912888E+00      1.011259285704E+00
   88.500000      1.292286253089E+00      1.011223967960E+00
   88.600000      1.289600140085E+00      1.011283237259E+00
   88.700000      1.286648821488E+00      1.011384762847E+00
   88.800000      1.283654246926E+00      1.011437508531E+00
   88.900000      1.280743880008E+00      1.011342847380E+00
   89.000000      1.277998886904E+00      1.011028312152E+00
   89.100000      1.275474015161E+00      1.010468743770E+00
   89.200000      1.273205742249E+00      1.009690628634E+00
   89.300000      1.271209084268E+00      1.008764227206E+00
   89.400000      1.269456177019E+00      1.007788903815E+00
   89.500000      1.267889369604E+00      1.006873928698E+00
   89.600000      1.266472971080E+00      1.006115788763E+00
   89.700000      1.265219271418E+00      1.005574812599E+00
   89.800000      1.264182529553E+00      1.005256204605E+00
   89.900000      1.263432230011E+00      1.005101331946E+00
   90.000000      1.262994456516E+00      1.004993852834E+00
   90.100000      1.262781357697E+00      1.004782103727E+00
   90.200000      1.262604400533E+00      1.004314481560E+00
   90.300000      1.262296006901E+00      1.003479768875E+00
   90.400000      1.261823535842E+00      1.002241606146E+00
   90.500000      1.261302630011E+00      1.000657123148E+00
   90.600000      1.260881351555E+00      9.988739578193E-01
   90.700000      1.260649375654E+00      9.971059385938E-01
   90.800000      1.260689616790E+00      9.955934292175E-01
   90.900000      1.261086998810E+00      9.945579051978E-01
   91.000000      1.261912329360E+00      9.941610332398E-01
   91.100000      1.263194568762E+00      9.944769360638E-01
   91.200000      1.264885305205E+00      9.954834042170E-01
   91.300000      1.266841914793E+00      9.970737420333E-01
   91.400000      1.268882401191E+00      9.990853838416E-01
   91.500000      1.270873385316E+00      1.001335413631E+00
   91.600000      1.272786093637E+00      1.003650048574E+00
   91.700000      1.274699343782E+00      1.005878586453E+00
   91.800000      1.276756916781E+00      1.007891953246E+00
   91.900000      1.279078185574E+00      1.009576010626E+00
   92.000000      1.281655138822E+00      1.010832677189E+00
   92.100000      1.284325377191E+00      1.011594925329E+00
   92.200000      1.286833966109E+00      1.011849810578E+00
   92.300000      1.288875068982E+00      1.011655764852E+00
   92.400000      1.290138796128E+00      1.011141908455E+00
   92.500000      1.290454056723E+00      1.010486035582E+00
   92.600000      1.289845269957E+00      1.009877337612E+00
   92.700000      1.288490009568E+00      1.009474618282E+00
   92.800000      1.286655633625E+00      1.009370663654E+00
   92.900000      1.284620763753E+00      1.009571449971E+00
   93.000000      1.282588964828E+00      1.009996455922E+00
   93.100000      1.280636738848E+00      1.010502227851E+00
   93.200000      1.278745593652E+00      1.010924387193E+00
   93.300000      1.276889708429E+00      1.011125549015E+00
   93.400000      1.275108342062E+00      1.011032822057E+00
   93.500000      1.273525414800E+00      1.010651983828E+00
   93.600000      1.272279864332E+00      1.010054779127E+00
   93.700000      1.271399975971E+00      1.009346071670E+00
   93.800000      1.270738845473E+00      1.008623923997E+00
   93.900000      1.270087967002E+00      1.007946303603E+00
   94.000000      1.269315990584E+00      1.007314178106E+00
   94.100000      1.268424646425E+00      1.006674555184E+00
   94.200000      1.267541705792E+00      1.005940667553E+00
   94.300000      1.266842066257E+00      1.005021745161E+00
   94.400000      1.266378713915E+00      1.003853009280E+00
   94.500000      1.265987764397E+00      1.002418170027E+00
   94.600000      1.265441900814E+00      1.000760771874E+00
   94.700000      1.264630022618E+00      9.989845750977E-01
   94.800000      1.263629297532E+00      9.972441330683E-01
   94.900000      1.262687710370E+00      9.957249512452E-01
   95.000000      1.262117414965E+00      9.946120311097E-01
   95.100000      1.262147658488E+00      9.940503419652E-01
   95.200000      1.262814781590E+00      9.941092088202E-01
   95.300000      1.263946251508E+00      9.947665102971E-01
   95.400000      1.265262873834E+00      9.959209320229E-01
   95.500000      1.266538090117E+00      9.974248820370E-01
   95.600000      1.267706002728E+00      9.991201229587E-01
   95.700000      1.268863381980E+00      1.000862268187E+00
   95.800000      1.270188858124E+00      1.002533864105E+00
   95.900000      1.271794300147E+00      1.004053983920E+00
   96.000000      1.273598425605E+00      1.005387466201E+00
   96.100000      1.275479122850E+00      1.006547242689E+00
   96.200000      1.277397066820E+00      1.007581778253E+00
   96.300000      1.279364341579E+00      1.008548634501E+00
   96.400000      1.281374176090E+00      1.009484537967E+00
   96.500000      1.283341561087E+00      1.010383517189E+00
   96.600000      1.285069066589E+00      1.011189784537E+00
   96.700000      1.286228536176E+00      1.011807760295E+00
   96.800000      1.286396787192E+00      1.012128932683E+00
   96.900000      1.285282889252E+00      1.012070068916E+00
   97.000000      1.282928801360E+00      1.011609743986E+00
   97.100000      1.279719638187E+00      1.010807217940E+00
   97.200000      1.276232816330E+00      1.009794679709E+00
   97.300000      1.273004550971E+00      1.008746597719E+00
   97.400000      1.270349793845E+00      1.007838726054E+00
   97.500000      1.268335203415E+00      1.007209540264E+00
   97.600000      1.266864632397E+00      1.006932177206E+00
   97.700000      1.265781997244E+00      1.007000908215E+00
   97.800000      1.264947620861E+00      1.007333935736E+00
   97.900000      1.264274704194E+00      1.007791607663E+00
   98.000000      1.263724579064E+00      1.008205159272E+00
   98.100000      1.263274082055E+00      1.008408020204E+00
   98.200000      1.262890437047E+00      1.008262032361E+00
   98.300000      1.262539047358E+00      1.007674526393E+00
   98.400000      1.262190628100E+00      1.006606658936E+00
   98.500000      1.261807845548E+00      1.005076094563E+00
   98.600000      1.261339352230E+00      1.003156865548E+00
   98.700000      1.260743739429E+00      1.000976660286E+00
   98.800000      1.260029746937E+00      9.987088368051E-01
   98.900000      1.259274499960E+00      9.965556692834E-01
   99.000000      1.258601515691E+00      9.947222885488E-01
   99.100000      1.258144553250E+00      9.933861862679E-01
   99.200000      1.258032305693E+00      9.926707512356E-01
   99.300000      1.258393138960E+00      9.926292726584E-01
   99.400000      1.259353094591E+00      9.932395270285E-01
   99.500000      1.260985046088E+00      9.944051781658E-01
   99.600000      1.263210923681E+00      9.959638861947E-01
   99.700000      1.265749938293E+00      9.977091280109E-01
   99.800000      1.268200413571E+00      9.994321241015E-01
   99.900000      1.270237878979E+00      1.000976598100E+00
  100.000000      1.271810064296E+00      1.002282476211E+00
