# M=20, N=10, V0=0.0, V=0.15, PBC
#  time (tJ)                S₁(ℓ=10)                S₂(ℓ=10)
    0.000000      1.344029514838E+00      1.023174538960E+00
    0.100000      1.344106526446E+00      1.023024602033E+00
    0.200000      1.344311197028E+00      1.022598065852E+00
    0.300000      1.344584940345E+00      1.021960524387E+00
    0.400000      1.344874945769E+00      1.021207870769E+00
    0.500000      1.345156446963E+00      1.020448546598E+00
    0.600000      1.345430783491E+00      1.019783475372E+00
    0.700000      1.345709993144E+00      1.019287959142E+00
    0.800000      1.346003401536E+00      1.018999619180E+00
    0.900000      1.346314646782E+00      1.018914978396E+00
    1.000000      1.346644327185E+00      1.018994919608E+00
    1.100000      1.346993692251E+00      1.019176880533E+00
    1.200000      1.347369199775E+00      1.019390129725E+00
    1.300000      1.347778107986E+00      1.019570232665E+00
    1.400000      1.348219549047E+00      1.019669716363E+00
    1.500000      1.348681901333E+00      1.019663444234E+00
    1.600000      1.349147726522E+00      1.019548730927E+00
    1.700000      1.349600033301E+00      1.019341352190E+00
    1.800000      1.350025319976E+00      1.019069184775E+00
    1.900000      1.350413522194E+00      1.018765285666E+00
    2.000000      1.350757597948E+00      1.018461920169E+00
    2.100000      1.351054123583E+00      1.018186521750E+00
    2.200000      1.351305175616E+00      1.017959943060E+00
    2.300000      1.351521151405E+00      1.017796747504E+00
    2.400000      1.351722846987E+00      1.017706795977E+00
    2.500000      1.351939954553E+00      1.017697105481E+00
    2.600000      1.352203176808E+00      1.017772984818E+00
    2.700000      1.352530026014E+00      1.017937822692E+00
    2.800000      1.352910107711E+00      1.018191537532E+00
    2.900000      1.353298998979E+00      1.018528373470E+00
    3.000000      1.353627438061E+00      1.018935131572E+00
    3.100000      1.353824260988E+00      1.019390819501E+00
    3.200000      1.353842793550E+00      1.019868103728E+00
    3.300000      1.353678724698E+00      1.020336188998E+00
    3.400000      1.353371643321E+00      1.020764296468E+00
    3.500000      1.352990236072E+00      1.021125021351E+00
    3.600000      1.352607331688E+00      1.021397335611E+00
    3.700000      1.352269645753E+00      1.021569354532E+00
    3.800000      1.351976960771E+00      1.021640821732E+00
    3.900000      1.351700115385E+00      1.021624700496E+00
    4.000000      1.351414187467E+00      1.021546846700E+00
    4.100000      1.351109602557E+00      1.021442989900E+00
    4.200000      1.350787726418E+00      1.021353155331E+00
    4.300000      1.350454779522E+00      1.021314682600E+00
    4.400000      1.350119109019E+00      1.021355520829E+00
    4.500000      1.349790032944E+00      1.021489279914E+00
    4.600000      1.349476038541E+00      1.021712839220E+00
    4.700000      1.349182744376E+00      1.022006584830E+00
    4.800000      1.348913478522E+00      1.022336852501E+00
    4.900000      1.348673117441E+00      1.022659956368E+00
    5.000000      1.348470446981E+00      1.022927210172E+00
    5.100000      1.348315727011E+00      1.023090485572E+00
    5.200000      1.348215700336E+00      1.023107974368E+00
    5.300000      1.348169332577E+00      1.022949812539E+00
    5.400000      1.348166570597E+00      1.022603048846E+00
    5.500000      1.348191295940E+00      1.022075196696E+00
    5.600000      1.348227064688E+00      1.021395485240E+00
    5.700000      1.348262672514E+00      1.020613091688E+00
    5.800000      1.348295319284E+00      1.019792130404E+00
    5.900000      1.348330545978E+00      1.019003873358E+00
    6.000000      1.348379249757E+00      1.018317349007E+00
    6.100000      1.348452889717E+00      1.017789877845E+00
    6.200000      1.348558319878E+00      1.017459128154E+00
    6.300000      1.348694057555E+00      1.017337952968E+00
    6.400000      1.348850087013E+00      1.017412753160E+00
    6.500000      1.349011544851E+00      1.017645564176E+00
    6.600000      1.349164281524E+00      1.017979575389E+00
    6.700000      1.349299631215E+00      1.018347378061E+00
    6.800000      1.349416792690E+00      1.018680893314E+00
    6.900000      1.349522746205E+00      1.018921662457E+00
    7.000000      1.349630461214E+00      1.019030016645E+00
    7.100000      1.349756018386E+00      1.018991628616E+00
    7.200000      1.349914826578E+00      1.018820151054E+00
    7.300000      1.350117764281E+00      1.018555129608E+00
    7.400000      1.350368928405E+00      1.018255162390E+00
    7.500000      1.350665696637E+00      1.017987277444E+00
    7.600000      1.350999568043E+00      1.017814498585E+00
    7.700000      1.351356534994E+00      1.017784247283E+00
    7.800000      1.351717773852E+00      1.017920259963E+00
    7.900000      1.352059671090E+00      1.018219918913E+00
    8.000000      1.352354271292E+00      1.018657437106E+00
    8.100000      1.352572627366E+00      1.019191661803E+00
    8.200000      1.352691066854E+00      1.019775981915E+00
    8.300000      1.352698276320E+00      1.020367420743E+00
    8.400000      1.352600714573E+00      1.020932587697E+00
    8.500000      1.352424181289E+00      1.021449467783E+00
    8.600000      1.352208567416E+00      1.021905517027E+00
    8.700000      1.351994562507E+00      1.022293665236E+00
    8.800000      1.351807763842E+00      1.022608256199E+00
    8.900000      1.351650925445E+00      1.022842626782E+00
    9.000000      1.351510419552E+00      1.022989167622E+00
    9.100000      1.351369919966E+00      1.023041699740E+00
    9.200000      1.351219308471E+00      1.022999195850E+00
    9.300000      1.351055084512E+00      1.022869462708E+00
    9.400000      1.350876843364E+00      1.022671395334E+00
    9.500000      1.350685978932E+00      1.022434738808E+00
    9.600000      1.350488359143E+00      1.022196866301E+00
    9.700000      1.350297145289E+00      1.021996822059E+00
    9.800000      1.350131164854E+00      1.021867655704E+00
    9.900000      1.350007957961E+00      1.021828688705E+00
   10.000000      1.349935175417E+00      1.021879589751E+00
   10.100000      1.349907112724E+00      1.021997867977E+00
   10.200000      1.349909760538E+00      1.022140666680E+00
   10.300000      1.349928563524E+00      1.022250772916E+00
   10.400000      1.349952254587E+00      1.022265860851E+00
   10.500000      1.349973602471E+00      1.022129424043E+00
   10.600000      1.349990089857E+00      1.021801699758E+00
   10.700000      1.350003861268E+00      1.021268980071E+00
   10.800000      1.350019295584E+00      1.020549766189E+00
   10.900000      1.350039057487E+00      1.019696167773E+00
   11.000000      1.350061913219E+00      1.018789091457E+00
   11.100000      1.350084633088E+00      1.017926647380E+00
   11.200000      1.350105109657E+00      1.017207061207E+00
   11.300000      1.350122968875E+00      1.016709653381E+00
   11.400000      1.350137969512E+00      1.016478926258E+00
   11.500000      1.350149294949E+00      1.016516411471E+00
   11.600000      1.350157044701E+00      1.016782578040E+00
   11.700000      1.350163339530E+00      1.017207821303E+00
   11.800000      1.350171255412E+00      1.017708849478E+00
   11.900000      1.350184266198E+00      1.018205710017E+00
   12.000000      1.350208550557E+00      1.018635358406E+00
   12.100000      1.350255607120E+00      1.018959411271E+00
   12.200000      1.350341806595E+00      1.019165675048E+00
   12.300000      1.350484031341E+00      1.019264568776E+00
   12.400000      1.350692395374E+00      1.019282401058E+00
   12.500000      1.350963188699E+00      1.019253627479E+00
   12.600000      1.351277507085E+00      1.019213858505E+00
   12.700000      1.351607775884E+00      1.019194723856E+00
   12.800000      1.351926693397E+00      1.019220962114E+00
   12.900000      1.352209717327E+00      1.019309502118E+00
   13.000000      1.352431192958E+00      1.019469955103E+00
   13.100000      1.352565221744E+00      1.019705835858E+00
   13.200000      1.352591882395E+00      1.020015879023E+00
   13.300000      1.352507366323E+00      1.020394930585E+00
   13.400000      1.352332641078E+00      1.020834085408E+00
   13.500000      1.352112472911E+00      1.021320061814E+00
   13.600000      1.351898734236E+00      1.021834212062E+00
   13.700000      1.351722674048E+00      1.022351877812E+00
   13.800000      1.351582124126E+00      1.022842815723E+00
   13.900000      1.351457253876E+00      1.023273117718E+00
   14.000000      1.351331093076E+00      1.023608606543E+00
   14.100000      1.351197213643E+00      1.023819298384E+00
   14.200000      1.351056988687E+00      1.023884249692E+00
   14.300000      1.350913820694E+00      1.023795898016E+00
   14.400000      1.350769508133E+00      1.023562874712E+00
   14.500000      1.350624870919E+00      1.023210341904E+00
   14.600000      1.350483357603E+00      1.022777316512E+00
   14.700000      1.350353262987E+00      1.022311149992E+00
   14.800000      1.350245983890E+00      1.021860103386E+00
   14.900000      1.350171699543E+00      1.021465513880E+00
   15.000000      1.350135096214E+00      1.021155209711E+00
   15.100000      1.350132951908E+00      1.020939552635E+00
   15.200000      1.350154380904E+00      1.020810839110E+00
   15.300000      1.350183373450E+00      1.020745937259E+00
   15.400000      1.350202917599E+00      1.020711236042E+00
   15.500000      1.350200963543E+00      1.020668531305E+00
   15.600000      1.350177084616E+00      1.020580558474E+00
   15.700000      1.350144969198E+00      1.020415445319E+00
   15.800000      1.350126401165E+00      1.020150083373E+00
   15.900000      1.350137433115E+00      1.019772884943E+00
   16.000000      1.350175899513E+00      1.019286326167E+00
   16.100000      1.350223347688E+00      1.018709114745E+00
   16.200000      1.350259701893E+00      1.018077117538E+00
   16.300000      1.350275541889E+00      1.017441818002E+00
   16.400000      1.350273685785E+00      1.016865381328E+00
   16.500000      1.350261386679E+00      1.016412373852E+00
   16.600000      1.350241963975E+00      1.016139435709E+00
   16.700000      1.350214913855E+00      1.016085179933E+00
   16.800000      1.350182190759E+00      1.016262822155E+00
   16.900000      1.350153435580E+00      1.016657394940E+00
   17.000000      1.350145757789E+00      1.017228121603E+00
   17.100000      1.350177809698E+00      1.017915126809E+00
   17.200000      1.350259875436E+00      1.018648671628E+00
   17.300000      1.350390001721E+00      1.019358828192E+00
   17.400000      1.350562050536E+00      1.019983932710E+00
   17.500000      1.350769438978E+00      1.020476965860E+00
   17.600000      1.351003326413E+00      1.020809776469E+00
   17.700000      1.351250211170E+00      1.020975446461E+00
   17.800000      1.351490829265E+00      1.020988996752E+00
   17.900000      1.351700389161E+00      1.020886236619E+00
   18.000000      1.351852068503E+00      1.020720216476E+00
   18.100000      1.351924078115E+00      1.020554793888E+00
   18.200000      1.351906482499E+00      1.020455409222E+00
   18.300000      1.351806024331E+00      1.020478149780E+00
   18.400000      1.351647240091E+00      1.020659167268E+00
   18.500000      1.351467765384E+00      1.021007013263E+00
   18.600000      1.351306948084E+00      1.021500111579E+00
   18.700000      1.351191153907E+00      1.022090372949E+00
   18.800000      1.351124754254E+00      1.022712255537E+00
   18.900000      1.351092550332E+00      1.023295018854E+00
   19.000000      1.351070257285E+00      1.023775097912E+00
   19.100000      1.351038293439E+00      1.024105704965E+00
   19.200000      1.350990818649E+00      1.024261800258E+00
   19.300000      1.350935063040E+00      1.024240025880E+00
   19.400000      1.350884228228E+00      1.024054570559E+00
   19.500000      1.350849097322E+00      1.023730843991E+00
   19.600000      1.350832356747E+00      1.023299090640E+00
   19.700000      1.350828808434E+00      1.022789663881E+00
   19.800000      1.350830654777E+00      1.022230793106E+00
   19.900000      1.350832702768E+00      1.021648630435E+00
   20.000000      1.350833284794E+00      1.021068527178E+00
   20.100000      1.350832718386E+00      1.020516142898E+00
   20.200000      1.350833345433E+00      1.020017215759E+00
   20.300000      1.350838289828E+00      1.019595487384E+00
   20.400000      1.350847432486E+00      1.019269099163E+00
   20.500000      1.350855221273E+00      1.019046455053E+00
   20.600000      1.350853678071E+00      1.018922859513E+00
   20.700000      1.350838955439E+00      1.018879121893E+00
   20.800000      1.350816858837E+00      1.018882864594E+00
   20.900000      1.350802146605E+00      1.018892672772E+00
   21.000000      1.350811808517E+00      1.018864650155E+00
   21.100000      1.350858074208E+00      1.018760468176E+00
   21.200000      1.350940812980E+00      1.018555612420E+00
   21.300000      1.351045306269E+00      1.018246279407E+00
   21.400000      1.351150204546E+00      1.017853369364E+00
   21.500000      1.351231827546E+00      1.017422329189E+00
   21.600000      1.351267924024E+00      1.017018158936E+00
   21.700000      1.351248171087E+00      1.016715607283E+00
   21.800000      1.351187315391E+00      1.016585510744E+00
   21.900000      1.351128146815E+00      1.016679516228E+00
   22.000000      1.351124986196E+00      1.017016832699E+00
   22.100000      1.351213157687E+00      1.017577299878E+00
   22.200000      1.351383437405E+00      1.018303897514E+00
   22.300000      1.351584006683E+00      1.019114716547E+00
   22.400000      1.351754708924E+00      1.019920739970E+00
   22.500000      1.351860389729E+00      1.020643656910E+00
   22.600000      1.351898991722E+00      1.021228603628E+00
   22.700000      1.351886761899E+00      1.021649530568E+00
   22.800000      1.351838929769E+00      1.021907877137E+00
   22.900000      1.351762329560E+00      1.022026800729E+00
   23.000000      1.351660268563E+00      1.022043227629E+00
   23.100000      1.351538700109E+00      1.021999427493E+00
   23.200000      1.351404606896E+00      1.021935478510E+00
   23.300000      1.351259213591E+00      1.021883862291E+00
   23.400000      1.351099946014E+00      1.021867001935E+00
   23.500000      1.350932169382E+00      1.021897640729E+00
   23.600000      1.350775538739E+00      1.021980967602E+00
   23.700000      1.350655326916E+00      1.022116945669E+00
   23.800000      1.350586567230E+00      1.022301638151E+00
   23.900000      1.350565623709E+00      1.022527159225E+00
   24.000000      1.350571222018E+00      1.022780675880E+00
   24.100000      1.350573867464E+00      1.023043285733E+00
   24.200000      1.350547937694E+00      1.023289560991E+00
   24.300000      1.350478966428E+00      1.023488266332E+00
   24.400000      1.350366634831E+00      1.023604435337E+00
   24.500000      1.350224930902E+00      1.023602736700E+00
   24.600000      1.350080124398E+00      1.023451886617E+00
   24.700000      1.349965729852E+00      1.023129717572E+00
   24.800000      1.349909776119E+00      1.022628332078E+00
   24.900000      1.349918222134E+00      1.021958522413E+00
   25.000000      1.349967852430E+00      1.021152379511E+00
   25.100000      1.350018208397E+00      1.020262907369E+00
   25.200000      1.350035788391E+00      1.019359710357E+00
   25.300000      1.350011999775E+00      1.018520552141E+00
   25.400000      1.349963336490E+00      1.017819710362E+00
   25.500000      1.349917352396E+00      1.017315245157E+00
   25.600000      1.349896611148E+00      1.017038094243E+00
   25.700000      1.349910062541E+00      1.016985885309E+00
   25.800000      1.349950216044E+00      1.017123363973E+00
   25.900000      1.349999120224E+00      1.017389610197E+00
   26.000000      1.350044377759E+00      1.017710339727E+00
   26.100000      1.350087523320E+00      1.018012247097E+00
   26.200000      1.350143161918E+00      1.018236014333E+00
   26.300000      1.350231012557E+00      1.018345323151E+00
   26.400000      1.350362483455E+00      1.018330591637E+00
   26.500000      1.350531717114E+00      1.018207640280E+00
   26.600000      1.350718192250E+00      1.018012584532E+00
   26.700000      1.350896754422E+00      1.017794701887E+00
   26.800000      1.351049257899E+00      1.017608848555E+00
   26.900000      1.351173295167E+00      1.017508425603E+00
   27.000000      1.351284842607E+00      1.017539244493E+00
   27.100000      1.351413745743E+00      1.017734235124E+00
   27.200000      1.351593087398E+00      1.018108958931E+00
   27.300000      1.351843574413E+00      1.018658285134E+00
   27.400000      1.352156385984E+00      1.019355069774E+00
   27.500000      1.352489543680E+00      1.020151842034E+00
   27.600000      1.352781029342E+00      1.020986066348E+00
   27.700000      1.352966952103E+00      1.021788560302E+00
   27.800000      1.353003715161E+00      1.022493529302E+00
   27.900000      1.352885742650E+00      1.023048015294E+00
   28.000000      1.352649535846E+00      1.023418736471E+00
   28.100000      1.352359886812E+00      1.023595235644E+00
   28.200000      1.352082737789E+00      1.023589439591E+00
   28.300000      1.351859128795E+00      1.023432545458E+00
   28.400000      1.351694948896E+00      1.023170281001E+00
   28.500000      1.351569092216E+00      1.022857192652E+00
   28.600000      1.351452578643E+00      1.022550166448E+00
   28.700000      1.351327692208E+00      1.022301304991E+00
   28.800000      1.351195823638E+00      1.022150667377E+00
   28.900000      1.351070995075E+00      1.022119962033E+00
   29.000000      1.350967863386E+00      1.022208624922E+00
   29.100000      1.350892454565E+00      1.022393486501E+00
   29.200000      1.350839251835E+00      1.022632412294E+00
   29.300000      1.350794672804E+00      1.022871214900E+00
   29.400000      1.350743760699E+00      1.023052271928E+00
   29.500000      1.350676557006E+00      1.023123032256E+00
   29.600000      1.350592073799E+00      1.023042999094E+00
   29.700000      1.350499396365E+00      1.022788515032E+00
   29.800000      1.350415261549E+00      1.022355264074E+00
   29.900000      1.350356031794E+00      1.021758572437E+00
   30.000000      1.350325955188E+00      1.021031466552E+00
   30.100000      1.350311765926E+00      1.020220443144E+00
   30.200000      1.350287830902E+00      1.019379320454E+00
   30.300000      1.350228320006E+00      1.018562244531E+00
   30.400000      1.350121908180E+00      1.017817426526E+00
   30.500000      1.349981993144E+00      1.017183026355E+00
   30.600000      1.349845755540E+00      1.016685745764E+00
   30.700000      1.349759255518E+00      1.016341600720E+00
   30.800000      1.349752756966E+00      1.016157612973E+00
   30.900000      1.349821240844E+00      1.016133135471E+00
   31.000000      1.349927693313E+00      1.016260110842E+00
   31.100000      1.350026017313E+00      1.016522370220E+00
   31.200000      1.350084466374E+00      1.016894720127E+00
   31.300000      1.350098040150E+00      1.017342828649E+00
   31.400000      1.350087817920E+00      1.017824790228E+00
   31.500000      1.350088641874E+00      1.018294809277E+00
   31.600000      1.350130344486E+00      1.018708829452E+00
   31.700000      1.350223075155E+00      1.019031307521E+00
   31.800000      1.350355968861E+00      1.019241853288E+00
   31.900000      1.350508015532E+00      1.019340255204E+00
   32.000000      1.350662253929E+00      1.019348533241E+00
   32.100000      1.350814733026E+00      1.019309086297E+00
   32.200000      1.350974198610E+00      1.019278677293E+00
   32.300000      1.351151991424E+00      1.019318848128E+00
   32.400000      1.351347166650E+00      1.019484248410E+00
   32.500000      1.351539017934E+00      1.019811086893E+00
   32.600000      1.351692340148E+00      1.020308221306E+00
   32.700000      1.351771230025E+00      1.020953097531E+00
   32.800000      1.351753717155E+00      1.021693809456E+00
   32.900000      1.351640204767E+00      1.022457172934E+00
   33.000000      1.351454102854E+00      1.023161266450E+00
   33.100000      1.351236606878E+00      1.023729814349E+00
   33.200000      1.351036131490E+00      1.024105394032E+00
   33.300000      1.350891442485E+00      1.024258819342E+00
   33.400000      1.350816184844E+00      1.024193016601E+00
   33.500000      1.350798456650E+00      1.023940941136E+00
   33.600000      1.350812934233E+00      1.023558259791E+00
   33.700000      1.350833050922E+00      1.023112443422E+00
   33.800000      1.350838200325E+00      1.022670483078E+00
   33.900000      1.350816749101E+00      1.022287618948E+00
   34.000000      1.350766162834E+00      1.021999203780E+00
   34.100000      1.350690650543E+00      1.021817097286E+00
   34.200000      1.350596956976E+00      1.021730907387E+00
   34.300000      1.350490319329E+00      1.021713219359E+00
   34.400000      1.350372938528E+00      1.021727042501E+00
   34.500000      1.350245738124E+00      1.021733364109E+00
   34.600000      1.350111713258E+00      1.021697044027E+00
   34.700000      1.349978616922E+00      1.021590160864E+00
   34.800000      1.349859111346E+00      1.021392975568E+00
   34.900000      1.349767013355E+00      1.021093491270E+00
   35.000000      1.349710244640E+00      1.020686859476E+00
   35.100000      1.349684333948E+00      1.020175557189E+00
   35.200000      1.349672738019E+00      1.019570543953E+00
   35.300000      1.349655434930E+00      1.018892859512E+00
   35.400000      1.349619823141E+00      1.018174672349E+00
   35.500000      1.349567597874E+00      1.017458792460E+00
   35.600000      1.349514747651E+00      1.016796058287E+00
   35.700000      1.349484734108E+00      1.016240595476E+00
   35.800000      1.349498193314E+00      1.015843505508E+00
   35.900000      1.349565511220E+00      1.015645937192E+00
   36.000000      1.349686044897E+00      1.015672687186E+00
   36.100000      1.349850804427E+00      1.015927485939E+00
   36.200000      1.350044416127E+00      1.016390962043E+00
   36.300000      1.350246489464E+00      1.017021915322E+00
   36.400000      1.350435947672E+00      1.017761953716E+00
   36.500000      1.350600000626E+00      1.018542846932E+00
   36.600000      1.350742829863E+00      1.019295345779E+00
   36.700000      1.350886945848E+00      1.019957977957E+00
   36.800000      1.351063983070E+00      1.020484565018E+00
   36.900000      1.351297546903E+00      1.020849712135E+00
   37.000000      1.351587630356E+00      1.021051904597E+00
   37.100000      1.351907956828E+00      1.021113849254E+00
   37.200000      1.352217870359E+00      1.021079505305E+00
   37.300000      1.352482307038E+00      1.021007376221E+00
   37.400000      1.352688319546E+00      1.020960464929E+00
   37.500000      1.352846364055E+00      1.020994619009E+00
   37.600000      1.352977204594E+00      1.021148044614E+00
   37.700000      1.353093177862E+00      1.021434770558E+00
   37.800000      1.353185573619E+00      1.021843620908E+00
   37.900000      1.353227989880E+00      1.022342381981E+00
   38.000000      1.353196367631E+00      1.022885257864E+00
   38.100000      1.353092013215E+00      1.023421086786E+00
   38.200000      1.352950693597E+00      1.023900243222E+00
   38.300000      1.352833177854E+00      1.024279267363E+00
   38.400000      1.352800936474E+00      1.024523440095E+00
   38.500000      1.352885106052E+00      1.024608265304E+00
   38.600000      1.353063018651E+00      1.024520898339E+00
   38.700000      1.353266466474E+00      1.024262011974E+00
   38.800000      1.353420263941E+00      1.023847704096E+00
   38.900000      1.353475467877E+00      1.023310280299E+00
   39.000000      1.353425590812E+00      1.022696548351E+00
   39.100000      1.353303314327E+00      1.022062848379E+00
   39.200000      1.353159033131E+00      1.021467188525E+00
   39.300000      1.353022741294E+00      1.020959994872E+00
   39.400000      1.352888137403E+00      1.020575564966E+00
   39.500000      1.352733925771E+00      1.020326147764E+00
   39.600000      1.352544946983E+00      1.020199875498E+00
   39.700000      1.352323665046E+00      1.020162907737E+00
   39.800000      1.352089558388E+00      1.020165356292E+00
   39.900000      1.351866119855E+00      1.020149926591E+00
   40.000000      1.351666005340E+00      1.020061791511E+00
   40.100000      1.351486730504E+00      1.019858083724E+00
   40.200000      1.351314557147E+00      1.019515561035E+00
   40.300000      1.351132615397E+00      1.019035346166E+00
   40.400000      1.350932178005E+00      1.018444022320E+00
   40.500000      1.350720720400E+00      1.017790755957E+00
   40.600000      1.350519372276E+00      1.017140611591E+00
   40.700000      1.350349455012E+00      1.016564867127E+00
   40.800000      1.350218656054E+00      1.016129825131E+00
   40.900000      1.350121186863E+00      1.015886139686E+00
   41.000000      1.350049069041E+00      1.015860844675E+00
   41.100000      1.350000108251E+00      1.016053925567E+00
   41.200000      1.349976637262E+00      1.016440338148E+00
   41.300000      1.349978477359E+00      1.016976953179E+00
   41.400000      1.349996999209E+00      1.017612428540E+00
   41.500000      1.350016923085E+00      1.018297121477E+00
   41.600000      1.350026142771E+00      1.018990310736E+00
   41.700000      1.350025180138E+00      1.019663136379E+00
   41.800000      1.350030197504E+00      1.020297247530E+00
   41.900000      1.350067534753E+00      1.020880545564E+00
   42.000000      1.350154778864E+00      1.021402214878E+00
   42.100000      1.350284003170E+00      1.021849289262E+00
   42.200000      1.350426746225E+00      1.022206310096E+00
   42.300000      1.350546902637E+00      1.022458372181E+00
   42.400000      1.350615474887E+00      1.022596460214E+00
   42.500000      1.350620835728E+00      1.022623032335E+00
   42.600000      1.350568193360E+00      1.022555692321E+00
   42.700000      1.350473806652E+00      1.022427448014E+00
   42.800000      1.350362496085E+00      1.022283075866E+00
   42.900000      1.350262902138E+00      1.022172098592E+00
   43.000000      1.350198524182E+00      1.022139662736E+00
   43.100000      1.350179713823E+00      1.022217152277E+00
   43.200000      1.350202414371E+00      1.022414616753E+00
   43.300000      1.350254671332E+00      1.022716859733E+00
   43.400000      1.350326569692E+00      1.023084246717E+00
   43.500000      1.350416556085E+00      1.023458143435E+00
   43.600000      1.350529773300E+00      1.023769819915E+00
   43.700000      1.350670338961E+00      1.023951076089E+00
   43.800000      1.350833715550E+00      1.023944893473E+00
   43.900000      1.351003909839E+00      1.023714839964E+00
   44.000000      1.351155659013E+00      1.023252290532E+00
   44.100000      1.351260883619E+00      1.022580469938E+00
   44.200000      1.351298819247E+00      1.021754022304E+00
   44.300000      1.351266068969E+00      1.020852844943E+00
   44.400000      1.351180629456E+00      1.019969881415E+00
   44.500000      1.351076411138E+00      1.019194488820E+00
   44.600000      1.350990262765E+00      1.018595102434E+00
   44.700000      1.350942140488E+00      1.018205992169E+00
   44.800000      1.350920401221E+00      1.018022074962E+00
   44.900000      1.350900734387E+00      1.018003177251E+00
   45.000000      1.350862840927E+00      1.018086002883E+00
   45.100000      1.350799467973E+00      1.018199813440E+00
   45.200000      1.350719696899E+00      1.018281334288E+00
   45.300000      1.350645339175E+00      1.018285526547E+00
   45.400000      1.350601125524E+00      1.018190772189E+00
   45.500000      1.350602650337E+00      1.017998800566E+00
   45.600000      1.350648762950E+00      1.017730824166E+00
   45.700000      1.350723819731E+00      1.017421758187E+00
   45.800000      1.350809039617E+00      1.017114200866E+00
   45.900000      1.350895037964E+00      1.016853243025E+00
   46.000000      1.350985805193E+00      1.016682396079E+00
   46.100000      1.351090156610E+00      1.016640268273E+00
   46.200000      1.351208340718E+00      1.016757344721E+00
   46.300000      1.351328906420E+00      1.017052455546E+00
   46.400000      1.351436890859E+00      1.017529136318E+00
   46.500000      1.351522689908E+00      1.018172776510E+00
   46.600000      1.351586923375E+00      1.018949817088E+00
   46.700000      1.351640676472E+00      1.019810022105E+00
   46.800000      1.351700428847E+00      1.020692031476E+00
   46.900000      1.351777719207E+00      1.021531343586E+00
   47.000000      1.351868242268E+00      1.022269063658E+00
   47.100000      1.351949281218E+00      1.022859544038E+00
   47.200000      1.351988510613E+00      1.023275473956E+00
   47.300000      1.351957818234E+00      1.023509786719E+00
   47.400000      1.351844470391E+00      1.023574566564E+00
   47.500000      1.351655866025E+00      1.023497674042E+00
   47.600000      1.351416816464E+00      1.023317980822E+00
   47.700000      1.351160366080E+00      1.023079995528E+00
   47.800000      1.350916590099E+00      1.022828438703E+00
   47.900000      1.350705313113E+00      1.022603151924E+00
   48.000000      1.350535008208E+00      1.022434698569E+00
   48.100000      1.350406075395E+00      1.022341107894E+00
   48.200000      1.350316460571E+00      1.022326281338E+00
   48.300000      1.350265797461E+00      1.022380430100E+00
   48.400000      1.350254079808E+00      1.022482472945E+00
   48.500000      1.350276685683E+00      1.022603755903E+00
   48.600000      1.350320937336E+00      1.022712097192E+00
   48.700000      1.350366910392E+00      1.022775272511E+00
   48.800000      1.350391253462E+00      1.022763586016E+00
   48.900000      1.350372102442E+00      1.022651761754E+00
   49.000000      1.350294080091E+00      1.022420652070E+00
   49.100000      1.350152919283E+00      1.022059086077E+00
   49.200000      1.349958578347E+00      1.021565795867E+00
   49.300000      1.349734154352E+00      1.020951071163E+00
   49.400000      1.349509070620E+00      1.020237720529E+00
   49.500000      1.349309642136E+00      1.019460940975E+00
   49.600000      1.349152584387E+00      1.018666681276E+00
   49.700000      1.349042794252E+00      1.017908087513E+00
   49.800000      1.348974304448E+00      1.017239864048E+00
   49.900000      1.348933893668E+00      1.016710995115E+00
   50.000000      1.348905619892E+00      1.016357068350E+00
   50.100000      1.348875737199E+00      1.016193992149E+00
   50.200000      1.348837949879E+00      1.016214828440E+00
   50.300000      1.348797007554E+00      1.016390727339E+00
   50.400000      1.348767556133E+00      1.016675863038E+00
   50.500000      1.348767079549E+00      1.017015282225E+00
   50.600000      1.348806649624E+00      1.017354012499E+00
   50.700000      1.348887882487E+00      1.017645718464E+00
   50.800000      1.349008564428E+00      1.017859523227E+00
   50.900000      1.349167772400E+00      1.017984140790E+00
   51.000000      1.349364116391E+00      1.018029003650E+00
   51.100000      1.349591002937E+00      1.018022481131E+00
   51.200000      1.349834880621E+00      1.018007514159E+00
   51.300000      1.350077820977E+00      1.018035101221E+00
   51.400000      1.350305439657E+00      1.018156201803E+00
   51.500000      1.350512433447E+00      1.018412900574E+00
   51.600000      1.350701989188E+00      1.018830082621E+00
   51.700000      1.350884161064E+00      1.019409216644E+00
   51.800000      1.351073270945E+00      1.020125851252E+00
   51.900000      1.351282200213E+00      1.020931899243E+00
   52.000000      1.351513522320E+00      1.021762739760E+00
   52.100000      1.351756797269E+00      1.022547892674E+00
   52.200000      1.351991786424E+00      1.023222955118E+00
   52.300000      1.352191072118E+00      1.023740042414E+00
   52.400000      1.352326527752E+00      1.024074334971E+00
   52.500000      1.352379170440E+00      1.024225400801E+00
   52.600000      1.352347857026E+00      1.024213405579E+00
   52.700000      1.352252243519E+00      1.024071694522E+00
   52.800000      1.352128308241E+00      1.023838117214E+00
   52.900000      1.352018186494E+00      1.023547600054E+00
   53.000000      1.351956908988E+00      1.023227815262E+00
   53.100000      1.351957811803E+00      1.022898570378E+00
   53.200000      1.352003796733E+00      1.022574167645E+00
   53.300000      1.352055675467E+00      1.022266947683E+00
   53.400000      1.352072500741E+00      1.021989924657E+00
   53.500000      1.352027497519E+00      1.021756967716E+00
   53.600000      1.351912896967E+00      1.021580165036E+00
   53.700000      1.351736611374E+00      1.021465314087E+00
   53.800000      1.351514963871E+00      1.021407343714E+00
   53.900000      1.351264424765E+00      1.021387545689E+00
   54.000000      1.350997820403E+00      1.021373833359E+00
   54.100000      1.350726906543E+00      1.021324249479E+00
   54.200000      1.350463147837E+00      1.021193089556E+00
   54.300000      1.350214132533E+00      1.020938567095E+00
   54.400000      1.349981374672E+00      1.020530882319E+00
   54.500000      1.349761748238E+00      1.019959607726E+00
   54.600000      1.349551011655E+00      1.019239229706E+00
   54.700000      1.349350211833E+00      1.018411477128E+00
   54.800000      1.349169812096E+00      1.017543013312E+00
   54.900000      1.349025547776E+00      1.016717592090E+00
   55.000000      1.348927493675E+00      1.016023111292E+00
   55.100000      1.348870803329E+00      1.015535856846E+00
   55.200000      1.348835544840E+00      1.015305788855E+00
   55.300000      1.348795216710E+00      1.015346999620E+00
   55.400000      1.348734852966E+00      1.015636023435E+00
   55.500000      1.348662262918E+00      1.016118052609E+00
   55.600000      1.348600047644E+00      1.016718657819E+00
   55.700000      1.348569153818E+00      1.017357560751E+00
   55.800000      1.348577331469E+00      1.017961569106E+00
   55.900000      1.348618399887E+00      1.018475031359E+00
   56.000000      1.348679292898E+00      1.018866945773E+00
   56.100000      1.348749757529E+00      1.019133874093E+00
   56.200000      1.348828638792E+00      1.019297818881E+00
   56.300000      1.348922454268E+00      1.019399089049E+00
   56.400000      1.349038797609E+00      1.019485819409E+00
   56.500000      1.349180166079E+00      1.019603155531E+00
   56.600000      1.349343081991E+00      1.019785107752E+00
   56.700000      1.349521142339E+00      1.020050660228E+00
   56.800000      1.349708094835E+00      1.020403837377E+00
   56.900000      1.349899175654E+00      1.020836175406E+00
   57.000000      1.350092217391E+00      1.021329866806E+00
   57.100000      1.350288150656E+00      1.021860449970E+00
   57.200000      1.350484752298E+00      1.022398737728E+00
   57.300000      1.350673438417E+00      1.022912308416E+00
   57.400000      1.350841877932E+00      1.023367164528E+00
   57.500000      1.350980211527E+00      1.023730087472E+00
   57.600000      1.351087808780E+00      1.023971853933E+00
   57.700000      1.351175401778E+00      1.024070988635E+00
   57.800000      1.351261500943E+00      1.024017323353E+00
   57.900000      1.351366356198E+00      1.023814480097E+00
   58.000000      1.351506494513E+00      1.023480539323E+00
   58.100000      1.351689458176E+00      1.023046519452E+00
   58.200000      1.351907656430E+00      1.022552758695E+00
   58.300000      1.352136051210E+00      1.022043727252E+00
   58.400000      1.352337975969E+00      1.021562100131E+00
   58.500000      1.352473909684E+00      1.021143027916E+00
   58.600000      1.352509724563E+00      1.020809468196E+00
   58.700000      1.352424408550E+00      1.020569256771E+00
   58.800000      1.352215924507E+00      1.020414375642E+00
   58.900000      1.351902735868E+00      1.020322624211E+00
   59.000000      1.351519820922E+00      1.020261577262E+00
   59.100000      1.351110903383E+00      1.020194292993E+00
   59.200000      1.350718353178E+00      1.020085786598E+00
   59.300000      1.350371962259E+00      1.019908981126E+00
   59.400000      1.350081465912E+00      1.019648875717E+00
   59.500000      1.349838303609E+00      1.019304108961E+00
   59.600000      1.349625827900E+00      1.018885830566E+00
   59.700000      1.349430540650E+00      1.018414561460E+00
   59.800000      1.349247343653E+00      1.017916230506E+00
   59.900000      1.349078429969E+00      1.017418648496E+00
   60.000000      1.348928211364E+00      1.016949317228E+00
   60.100000      1.348799611082E+00      1.016534820609E+00
   60.200000      1.348696061683E+00      1.016201331085E+00
   60.300000      1.348623943533E+00      1.015975227629E+00
   60.400000      1.348589253572E+00      1.015882662247E+00
   60.500000      1.348591436524E+00      1.015947232409E+00
   60.600000      1.348623098198E+00      1.016185661718E+00
   60.700000      1.348671678893E+00      1.016602331326E+00
   60.800000      1.348722460865E+00      1.017184291388E+00
   60.900000      1.348764085211E+00      1.017898665889E+00
   61.000000      1.348792464062E+00      1.018693945679E+00
   61.100000      1.348810754587E+00      1.019505617195E+00
   61.200000      1.348826327470E+00      1.020265266108E+00
   61.300000      1.348847818371E+00      1.020911243761E+00
   61.400000      1.348884646781E+00      1.021398588551E+00
   61.500000      1.348946763409E+00      1.021706209282E+00
   61.600000      1.349042339746E+00      1.021840078336E+00
   61.700000      1.349175725886E+00      1.021831970484E+00
   61.800000      1.349347905116E+00      1.021733927982E+00
   61.900000      1.349557057219E+00      1.021609200489E+00
   62.000000      1.349797407317E+00      1.021521028709E+00
   62.100000      1.350057419832E+00      1.021521254909E+00
   62.200000      1.350319448028E+00      1.021641054107E+00
   62.300000      1.350562852130E+00      1.021885763905E+00
   62.400000      1.350771250039E+00      1.022234794830E+00
   62.500000      1.350940616367E+00      1.022646261376E+00
   62.600000      1.351082226048E+00      1.023064844595E+00
   62.700000      1.351217246711E+00      1.023430925867E+00
   62.800000      1.351367884854E+00      1.023689287911E+00
   62.900000      1.351551860308E+00      1.023796344907E+00
   63.000000      1.351779229474E+00      1.023725471732E+00
   63.100000      1.352048549016E+00      1.023470251198E+00
   63.200000      1.352343713184E+00      1.023045383407E+00
   63.300000      1.352634577448E+00      1.022484903426E+00
   63.400000      1.352881932621E+00      1.021837549506E+00
   63.500000      1.353046310282E+00      1.021159703024E+00
   63.600000      1.353098674177E+00      1.020507065822E+00
   63.700000      1.353028333721E+00      1.019926759716E+00
   63.800000      1.352844647524E+00      1.019451510185E+00
   63.900000      1.352572417094E+00      1.019096966460E+00
   64.000000      1.352243122409E+00      1.018862262859E+00
   64.100000      1.351886445244E+00      1.018733037684E+00
   64.200000      1.351526715113E+00      1.018685632978E+00
   64.300000      1.351183568467E+00      1.018691235835E+00
   64.400000      1.350872204564E+00      1.018719196739E+00
   64.500000      1.350600686826E+00      1.018739417799E+00
   64.600000      1.350366564457E+00      1.018724241124E+00
   64.700000      1.350158215514E+00      1.018650460194E+00
   64.800000      1.349962009701E+00      1.018501873958E+00
   64.900000      1.349769752410E+00      1.018272337052E+00
   65.000000      1.349581097931E+00      1.017968754180E+00
   65.100000      1.349400799582E+00      1.017613109359E+00
   65.200000      1.349234627420E+00      1.017242506885E+00
   65.300000      1.349087025336E+00      1.016906379355E+00
   65.400000      1.348960736842E+00      1.016660538944E+00
   65.500000      1.348858538387E+00      1.016558601766E+00
   65.600000      1.348784078648E+00      1.016642301974E+00
   65.700000      1.348739515616E+00      1.016932921445E+00
   65.800000      1.348721546833E+00      1.017426070875E+00
   65.900000      1.348719686758E+00      1.018091241015E+00
   66.000000      1.348719403449E+00      1.018876207647E+00
   66.100000      1.348707662153E+00      1.019715099786E+00
   66.200000      1.348678124332E+00      1.020538221188E+00
   66.300000      1.348634606904E+00      1.021281689260E+00
   66.400000      1.348591387583E+00      1.021895406373E+00
   66.500000      1.348570008270E+00      1.022348456307E+00
   66.600000      1.348592924262E+00      1.022631485087E+00
   66.700000      1.348674456732E+00      1.022755955757E+00
   66.800000      1.348815347146E+00      1.022750475863E+00
   66.900000      1.349004553821E+00      1.022654785786E+00
   67.000000      1.349225221535E+00      1.022512440294E+00
   67.100000      1.349462605696E+00      1.022363560290E+00
   67.200000      1.349710017747E+00      1.022239086089E+00
   67.300000      1.349968234130E+00      1.022157617712E+00
   67.400000      1.350238050000E+00      1.022125227794E+00
   67.500000      1.350513833692E+00      1.022137783437E+00
   67.600000      1.350785482044E+00      1.022184614218E+00
   67.700000      1.351047051969E+00      1.022252090856E+00
   67.800000      1.351305100431E+00      1.022325952000E+00
   67.900000      1.351579415339E+00      1.022391918416E+00
   68.000000      1.351892157698E+00      1.022434956618E+00
   68.100000      1.352249847613E+00      1.022438155451E+00
   68.200000      1.352632468850E+00      1.022382346449E+00
   68.300000      1.353000488704E+00      1.022247313451E+00
   68.400000      1.353311085666E+00      1.022014828894E+00
   68.500000      1.353530276675E+00      1.021673026604E+00
   68.600000      1.353638476539E+00      1.021221001595E+00
   68.700000      1.353631704598E+00      1.020672231886E+00
   68.800000      1.353519554181E+00      1.020055577461E+00
   68.900000      1.353321037628E+00      1.019413193841E+00
   69.000000      1.353060705551E+00      1.018795492054E+00
   69.100000      1.352766741084E+00      1.018254000809E+00
   69.200000      1.352470182339E+00      1.017833440972E+00
   69.300000      1.352201755369E+00      1.017564469345E+00
   69.400000      1.351983168493E+00      1.017458454059E+00
   69.500000      1.351816076646E+00      1.017505353414E+00
   69.600000      1.351678325889E+00      1.017675260433E+00
   69.700000      1.351533092459E+00      1.017923440993E+00
   69.800000      1.351346653397E+00      1.018197878843E+00
   69.900000      1.351105275530E+00      1.018447754987E+00
   70.000000      1.350822093024E+00      1.018631224683E+00
   70.100000      1.350529526143E+00      1.018721338620E+00
   70.200000      1.350260583867E+00      1.018709657925E+00
   70.300000      1.350030818225E+00      1.018607569087E+00
   70.400000      1.349834642515E+00      1.018445289073E+00
   70.500000      1.349658023041E+00      1.018268297387E+00
   70.600000      1.349493327574E+00      1.018130956107E+00
   70.700000      1.349343144261E+00      1.018087713138E+00
   70.800000      1.349213111391E+00      1.018183324674E+00
   70.900000      1.349101891877E+00      1.018444336205E+00
   71.000000      1.348997609398E+00      1.018874023696E+00
   71.100000      1.348884451871E+00      1.019452014094E+00
   71.200000      1.348753349562E+00      1.020138337699E+00
   71.300000      1.348608661619E+00      1.020880405416E+00
   71.400000      1.348467550577E+00      1.021620850597E+00
   71.500000      1.348352965654E+00      1.022304426192E+00
   71.600000      1.348283872126E+00      1.022882955463E+00
   71.700000      1.348269032370E+00      1.023318288326E+00
   71.800000      1.348308258739E+00      1.023583921493E+00
   71.900000      1.348397356694E+00      1.023666153782E+00
   72.000000      1.348532049548E+00      1.023565345398E+00
   72.100000      1.348708417877E+00      1.023297219808E+00
   72.200000      1.348918859651E+00      1.022893493703E+00
   72.300000      1.349149128349E+00      1.022400749504E+00
   72.400000      1.349384156973E+00      1.021876592659E+00
   72.500000      1.349616347497E+00      1.021382818532E+00
   72.600000      1.349849086107E+00      1.020976374185E+00
   72.700000      1.350094367279E+00      1.020699924837E+00
   72.800000      1.350364915571E+00      1.020574327101E+00
   72.900000      1.350665168083E+00      1.020594970501E+00
   73.000000      1.350989776860E+00      1.020732877931E+00
   73.100000      1.351329570988E+00      1.020940121265E+00
   73.200000      1.351676667243E+00      1.021158073972E+00
   73.300000      1.352024132562E+00      1.021326644775E+00
   73.400000      1.352360936934E+00      1.021392913480E+00
   73.500000      1.352665493437E+00      1.021318216592E+00
   73.600000      1.352904504428E+00      1.021083289973E+00
   73.700000      1.353043092119E+00      1.020691271330E+00
   73.800000      1.353061978444E+00      1.020168189340E+00
   73.900000      1.352971015744E+00      1.019560329693E+00
   74.000000      1.352810731169E+00      1.018928027101E+00
   74.100000      1.352639470743E+00      1.018336255503E+00
   74.200000      1.352509894335E+00      1.017843662213E+00
   74.300000      1.352443994553E+00      1.017492723530E+00
   74.400000      1.352422074492E+00      1.017303733245E+00
   74.500000      1.352397096530E+00      1.017274135218E+00
   74.600000      1.352324027735E+00      1.017382828317E+00
   74.700000      1.352181434946E+00      1.017597499661E+00
   74.800000      1.351974643173E+00      1.017882492596E+00
   74.900000      1.351724354382E+00      1.018205161908E+00
   75.000000      1.351450808790E+00      1.018539557774E+00
   75.100000      1.351164957172E+00      1.018867145938E+00
   75.200000      1.350871424083E+00      1.019175053611E+00
   75.300000      1.350575826151E+00      1.019453096200E+00
   75.400000      1.350286846340E+00      1.019691358784E+00
   75.500000      1.350012191551E+00      1.019879912728E+00
   75.600000      1.349754507025E+00      1.020011186450E+00
   75.700000      1.349511164327E+00      1.020084086835E+00
   75.800000      1.349275772082E+00      1.020108013342E+00
   75.900000      1.349039867294E+00      1.020104871093E+00
   76.000000      1.348796033742E+00      1.020107856672E+00
   76.100000      1.348542129927E+00      1.020156673465E+00
   76.200000      1.348283883727E+00      1.020289704739E+00
   76.300000      1.348033519859E+00      1.020534588763E+00
   76.400000      1.347805099950E+00      1.020899512809E+00
   76.500000      1.347610006054E+00      1.021367904492E+00
   76.600000      1.347455228131E+00      1.021898549916E+00
   76.700000      1.347344187097E+00      1.022431546996E+00
   76.800000      1.347278458852E+00      1.022898627553E+00
   76.900000      1.347259907337E+00      1.023235169657E+00
   77.000000      1.347290328936E+00      1.023391134707E+00
   77.100000      1.347367768928E+00      1.023338964368E+00
   77.200000      1.347483530829E+00      1.023077525647E+00
   77.300000      1.347623815509E+00      1.022631979218E+00
   77.400000      1.347775742670E+00      1.022049857866E+00
   77.500000      1.347934763646E+00      1.021393902175E+00
   77.600000      1.348107098530E+00      1.020732567424E+00
   77.700000      1.348302157457E+00      1.020129630525E+00
   77.800000      1.348521574856E+00      1.019634769164E+00
   77.900000      1.348756675616E+00      1.019277034507E+00
   78.000000      1.348996187021E+00      1.019062595488E+00
   78.100000      1.349233739797E+00      1.018977071939E+00
   78.200000      1.349465849109E+00      1.018991532846E+00
   78.300000      1.349685240633E+00      1.019070262730E+00
   78.400000      1.349880204776E+00      1.019178051472E+00
   78.500000      1.350039634470E+00      1.019285161189E+00
   78.600000      1.350159264917E+00      1.019369114165E+00
   78.700000      1.350245238099E+00      1.019413668995E+00
   78.800000      1.350312330935E+00      1.019406370925E+00
   78.900000      1.350378228890E+00      1.019336510135E+00
   79.000000      1.350458100257E+00      1.019195034801E+00
   79.100000      1.350562790585E+00      1.018977052894E+00
   79.200000      1.350700049042E+00      1.018686350340E+00
   79.300000      1.350875672313E+00      1.018340265356E+00
   79.400000      1.351092491854E+00      1.017972647648E+00
   79.500000      1.351347570286E+00      1.017632757549E+00
   79.600000      1.351628847795E+00      1.017378966511E+00
   79.700000      1.351912524001E+00      1.017267899951E+00
   79.800000      1.352162952578E+00      1.017341672418E+00
   79.900000      1.352338284550E+00      1.017617159299E+00
   80.000000      1.352403025097E+00      1.018080957714E+00
   80.100000      1.352343450398E+00      1.018691691801E+00
   80.200000      1.352178115086E+00      1.019388540617E+00
   80.300000      1.351956195492E+00      1.020102796776E+00
   80.400000      1.351739186709E+00      1.020768943592E+00
   80.500000      1.351567108934E+00      1.021333036120E+00
   80.600000      1.351435150483E+00      1.021757950043E+00
   80.700000      1.351310451915E+00      1.022026113497E+00
   80.800000      1.351163081957E+00      1.022140277853E+00
   80.900000      1.350982207980E+00      1.022122280984E+00
   81.000000      1.350775751303E+00      1.022009470842E+00
   81.100000      1.350560451555E+00      1.021848865644E+00
   81.200000      1.350351347427E+00      1.021689896833E+00
   81.300000      1.350156724219E+00      1.021577082937E+00
   81.400000      1.349978554435E+00      1.021543876511E+00
   81.500000      1.349817095233E+00      1.021608391964E+00
   81.600000      1.349676638117E+00      1.021771207225E+00
   81.700000      1.349563685328E+00      1.022015226421E+00
   81.800000      1.349480882688E+00      1.022307617508E+00
   81.900000      1.349424761223E+00      1.022603806396E+00
   82.000000      1.349385681889E+00      1.022853229096E+00
   82.100000      1.349352654255E+00      1.023006112932E+00
   82.200000      1.349323085610E+00      1.023020258437E+00
   82.300000      1.349306400509E+00      1.022866827391E+00
   82.400000      1.349317788782E+00      1.022534458003E+00
   82.500000      1.349366387831E+00      1.022031386981E+00
   82.600000      1.349448321433E+00      1.021385460660E+00
   82.700000      1.349552243929E+00      1.020641968155E+00
   82.800000      1.349668140079E+00      1.019859293869E+00
   82.900000      1.349789758434E+00      1.019102603952E+00
   83.000000      1.349910513151E+00      1.018436132705E+00
   83.100000      1.350018154111E+00      1.017914983278E+00
   83.200000      1.350093767563E+00      1.017577583742E+00
   83.300000      1.350117107456E+00      1.017440010006E+00
   83.400000      1.350075690232E+00      1.017493289053E+00
   83.500000      1.349972376920E+00      1.017704465879E+00
   83.600000      1.349826948308E+00      1.018021588168E+00
   83.700000      1.349670797682E+00      1.018381905300E+00
   83.800000      1.349538549269E+00      1.018721766454E+00
   83.900000      1.349460633485E+00      1.018986283532E+00
   84.000000      1.349457156082E+00      1.019136986842E+00
   84.100000      1.349533504679E+00      1.019156344364E+00
   84.200000      1.349679434511E+00      1.019048832403E+00
   84.300000      1.349872792679E+00      1.018838926683E+00
   84.400000      1.350086676756E+00      1.018566766488E+00
   84.500000      1.350296555458E+00      1.018282334462E+00
   84.600000      1.350484412506E+00      1.018038897875E+00
   84.700000      1.350639423281E+00      1.017886316258E+00
   84.800000      1.350757022442E+00      1.017864759373E+00
   84.900000      1.350837331368E+00      1.017999446690E+00
   85.000000      1.350882672562E+00      1.018297142894E+00
   85.100000      1.350896110379E+00      1.018745152418E+00
   85.200000      1.350882966869E+00      1.019313282914E+00
   85.300000      1.350853501531E+00      1.019958658468E+00
   85.400000      1.350822623870E+00      1.020632515986E+00
   85.500000      1.350803655343E+00      1.021287503406E+00
   85.600000      1.350797935648E+00      1.021883797512E+00
   85.700000      1.350792670771E+00      1.022392704341E+00
   85.800000      1.350773442746E+00      1.022797215066E+00
   85.900000      1.350736395232E+00      1.023089996024E+00
   86.000000      1.350690192712E+00      1.023270127614E+00
   86.100000      1.350649129058E+00      1.023340238746E+00
   86.200000      1.350623021539E+00      1.023305345243E+00
   86.300000      1.350611591673E+00      1.023173795314E+00
   86.400000      1.350608253835E+00      1.022959620090E+00
   86.500000      1.350610649541E+00      1.022684769104E+00
   86.600000      1.350628520910E+00      1.022379558141E+00
   86.700000      1.350680843177E+00      1.022080252240E+00
   86.800000      1.350782796822E+00      1.021823795299E+00
   86.900000      1.350932751790E+00      1.021640813815E+00
   87.000000      1.351110665296E+00      1.021548712152E+00
   87.100000      1.351287269088E+00      1.021546706988E+00
   87.200000      1.351436774195E+00      1.021614096394E+00
   87.300000      1.351546834121E+00      1.021712234073E+00
   87.400000      1.351622289210E+00      1.021789921934E+00
   87.500000      1.351681722492E+00      1.021791422042E+00
   87.600000      1.351747664663E+00      1.021665985291E+00
   87.700000      1.351833410226E+00      1.021377561794E+00
   87.800000      1.351933841291E+00      1.020913132756E+00
   87.900000      1.352027693915E+00      1.020287983389E+00
   88.000000      1.352089284797E+00      1.019546425618E+00
   88.100000      1.352101592015E+00      1.018757137493E+00
   88.200000      1.352062131606E+00      1.018003384927E+00
   88.300000      1.351979473261E+00      1.017369667655E+00
   88.400000      1.351865597025E+00      1.016927372314E+00
   88.500000      1.351730733061E+00      1.016722437281E+00
   88.600000      1.351584075172E+00      1.016767656399E+00
   88.700000      1.351437119760E+00      1.017041172195E+00
   88.800000      1.351304178142E+00      1.017491263320E+00
   88.900000      1.351198762402E+00      1.018046141459E+00
   89.000000      1.351128712215E+00      1.018626511352E+00
   89.100000      1.351095604413E+00      1.019158312721E+00
   89.200000      1.351098991802E+00      1.019583336499E+00
   89.300000      1.351138871122E+00      1.019866110344E+00
   89.400000      1.351213318284E+00      1.019996357265E+00
   89.500000      1.351312462392E+00      1.019987262406E+00
   89.600000      1.351412928134E+00      1.019870577818E+00
   89.700000      1.351479130674E+00      1.019690075551E+00
   89.800000      1.351474427597E+00      1.019494872828E+00
   89.900000      1.351376775929E+00      1.019333700457E+00
   90.000000      1.351189440311E+00      1.019250489360E+00
   90.100000      1.350941084606E+00      1.019281045946E+00
   90.200000      1.350676206876E+00      1.019450319795E+00
   90.300000      1.350439817037E+00      1.019769879760E+00
   90.400000      1.350258038115E+00      1.020235597511E+00
   90.500000      1.350125724477E+00      1.020826024615E+00
   90.600000      1.350017595622E+00      1.021502338197E+00
   90.700000      1.349907992911E+00      1.022210778556E+00
   90.800000      1.349782823773E+00      1.022888032261E+00
   90.900000      1.349644584086E+00      1.023469110400E+00
   91.000000      1.349510960594E+00      1.023896347531E+00
   91.100000      1.349406891793E+00      1.024127711384E+00
   91.200000      1.349353470335E+00      1.024142877355E+00
   91.300000      1.349357971655E+00      1.023946216589E+00
   91.400000      1.349412417052E+00      1.023566470689E+00
   91.500000      1.349500984606E+00      1.023053166359E+00
   91.600000      1.349609443715E+00      1.022469937322E+00
   91.700000      1.349731324187E+00      1.021885260792E+00
   91.800000      1.349867575050E+00      1.021361830906E+00
   91.900000      1.350021313096E+00      1.020946566541E+00
   92.000000      1.350192041119E+00      1.020663527744E+00
   92.100000      1.350374172244E+00      1.020511446004E+00
   92.200000      1.350560679707E+00      1.020466306624E+00
   92.300000      1.350746741423E+00      1.020488006657E+00
   92.400000      1.350931496595E+00      1.020529147809E+00
   92.500000      1.351118734239E+00      1.020543822172E+00
   92.600000      1.351315561139E+00      1.020494725961E+00
   92.700000      1.351526818723E+00      1.020357740581E+00
   92.800000      1.351748472030E+00      1.020123868143E+00
   92.900000      1.351967364771E+00      1.019798876772E+00
   93.000000      1.352165544146E+00      1.019401193966E+00
   93.100000      1.352324435417E+00      1.018958618851E+00
   93.200000      1.352428623821E+00      1.018504441924E+00
   93.300000      1.352469968004E+00      1.018073592447E+00
   93.400000      1.352451383100E+00      1.017699395313E+00
   93.500000      1.352389230662E+00      1.017411309704E+00
   93.600000      1.352312933068E+00      1.017233640447E+00
   93.700000      1.352259894474E+00      1.017184803646E+00
   93.800000      1.352265083769E+00      1.017276508048E+00
   93.900000      1.352348244282E+00      1.017512338735E+00
   94.000000      1.352505211265E+00      1.017885693263E+00
   94.100000      1.352708503230E+00      1.018377641749E+00
   94.200000      1.352917325121E+00      1.018955777936E+00
   94.300000      1.353092227835E+00      1.019575225567E+00
   94.400000      1.353205806958E+00      1.020182531504E+00
   94.500000      1.353246443835E+00      1.020722323640E+00
   94.600000      1.353217082203E+00      1.021145678045E+00
   94.700000      1.353129955047E+00      1.021418524838E+00
   94.800000      1.352998233536E+00      1.021528335395E+00
   94.900000      1.352828847027E+00      1.021487679922E+00
   95.000000      1.352622555184E+00      1.021333769853E+00
   95.100000      1.352381475550E+00      1.021123659418E+00
   95.200000      1.352116468380E+00      1.020925444666E+00
   95.300000      1.351849413813E+00      1.020806661355E+00
   95.400000      1.351609607298E+00      1.020821991884E+00
   95.500000      1.351421563511E+00      1.021002916361E+00
   95.600000      1.351287940087E+00      1.021351677231E+00
   95.700000      1.351186682977E+00      1.021840842599E+00
   95.800000      1.351083197984E+00      1.022418275155E+00
   95.900000      1.350947041199E+00      1.023016047995E+00
   96.000000      1.350768328939E+00      1.023561212122E+00
   96.100000      1.350566313510E+00      1.023986357953E+00
   96.200000      1.350383559962E+00      1.024238386981E+00
   96.300000      1.350265774816E+00      1.024284519820E+00
   96.400000      1.350237240756E+00      1.024115117225E+00
   96.500000      1.350288572152E+00      1.023743326186E+00
   96.600000      1.350384479469E+00      1.023201915418E+00
   96.700000      1.350485460331E+00      1.022537974162E+00
   96.800000      1.350567235542E+00      1.021806408737E+00
   96.900000      1.350624904299E+00      1.021063314338E+00
   97.000000      1.350666150481E+00      1.020360231305E+00
   97.100000      1.350701992539E+00      1.019739971406E+00
   97.200000      1.350741644338E+00      1.019234190896E+00
   97.300000      1.350792151705E+00      1.018862379711E+00
   97.400000      1.350858363075E+00      1.018631652381E+00
   97.500000      1.350940359896E+00      1.018536799949E+00
   97.600000      1.351030894898E+00      1.018560448237E+00
   97.700000      1.351117601287E+00      1.018673648846E+00
   97.800000      1.351190275125E+00      1.018837531947E+00
   97.900000      1.351247665755E+00      1.019006604569E+00
   98.000000      1.351297785777E+00      1.019133911591E+00
   98.100000      1.351350826802E+00      1.019177761791E+00
   98.200000      1.351409313047E+00      1.019109220939E+00
   98.300000      1.351463465232E+00      1.018919129795E+00
   98.400000      1.351496897090E+00      1.018623005715E+00
   98.500000      1.351499295077E+00      1.018261966520E+00
   98.600000      1.351478398240E+00      1.017898138307E+00
   98.700000      1.351464258514E+00      1.017604229199E+00
   98.800000      1.351501136753E+00      1.017448960426E+00
   98.900000      1.351626442336E+00      1.017482039251E+00
   99.000000      1.351845759955E+00      1.017723176983E+00
   99.100000      1.352123755370E+00      1.018158572993E+00
   99.200000      1.352398489791E+00      1.018745629105E+00
   99.300000      1.352607186088E+00      1.019423714778E+00
   99.400000      1.352708470718E+00      1.020127026447E+00
   99.500000      1.352692351439E+00      1.020795688241E+00
   99.600000      1.352577185855E+00      1.021382840548E+00
   99.700000      1.352397676521E+00      1.021857467049E+00
   99.800000      1.352190057907E+00      1.022204098900E+00
   99.900000      1.351981007205E+00      1.022420913137E+00
  100.000000      1.351784468590E+00      1.022517365756E+00
