# M=24, N=12, V0=0.0, V=-1.4, PBC
#  time (tJ)                S₁(ℓ=12)                S₂(ℓ=12)
    0.000000      1.404509022984E+00      1.071424665818E+00
    0.100000      1.411328981700E+00      1.077010463781E+00
    0.200000      1.430701404560E+00      1.092956711104E+00
    0.300000      1.459810062766E+00      1.117049261751E+00
    0.400000      1.495084327916E+00      1.146249200329E+00
    0.500000      1.533177243090E+00      1.177424496772E+00
    0.600000      1.571606100394E+00      1.207992172029E+00
    0.700000      1.608960550247E+00      1.236294278958E+00
    0.800000      1.644766522044E+00      1.261659151996E+00
    0.900000      1.679168977646E+00      1.284216422132E+00
    1.000000      1.712588522020E+00      1.304589678088E+00
    1.100000      1.745455316659E+00      1.323583577799E+00
    1.200000      1.778062819828E+00      1.341942178739E+00
    1.300000      1.810534491899E+00      1.360209989787E+00
    1.400000      1.842866776448E+00      1.378690455641E+00
    1.500000      1.875001875583E+00      1.397473168791E+00
    1.600000      1.906890667954E+00      1.416493021479E+00
    1.700000      1.938523100893E+00      1.435590736268E+00
    1.800000      1.969922887485E+00      1.454559216125E+00
    1.900000      2.001119265079E+00      1.473175516221E+00
    2.000000      2.032116687895E+00      1.491226876687E+00
    2.100000      2.062881157808E+00      1.508538775985E+00
    2.200000      2.093350917125E+00      1.525005961795E+00
    2.300000      2.123465760400E+00      1.540619213037E+00
    2.400000      2.153200577694E+00      1.555476289185E+00
    2.500000      2.182588140056E+00      1.569767833869E+00
    2.600000      2.211721491982E+00      1.583737285349E+00
    2.700000      2.240733245951E+00      1.597624487099E+00
    2.800000      2.269755389377E+00      1.611610653340E+00
    2.900000      2.298870470595E+00      1.625783583977E+00
    3.000000      2.328073511022E+00      1.640135524747E+00
    3.100000      2.357265230443E+00      1.654593884721E+00
    3.200000      2.386277765818E+00      1.669070350593E+00
    3.300000      2.414896150754E+00      1.683500363836E+00
    3.400000      2.442815492926E+00      1.697839273981E+00
    3.500000      2.469509159017E+00      1.711995002775E+00
    3.600000      2.494077679978E+00      1.725715813219E+00
    3.700000      2.515224225391E+00      1.738500255702E+00
    3.800000      2.531468224727E+00      1.749615968979E+00
    3.900000      2.541566214618E+00      1.758270637185E+00
    4.000000      2.544961238728E+00      1.763882127789E+00
    4.100000      2.542037006624E+00      1.766311904602E+00
    4.200000      2.534041437375E+00      1.765931891705E+00
    4.300000      2.522709826505E+00      1.763495447637E+00
    4.400000      2.509760274294E+00      1.759893184114E+00
    4.500000      2.496470799456E+00      1.755906476255E+00
    4.600000      2.483472067770E+00      1.752028828154E+00
    4.700000      2.470772105266E+00      1.748378326078E+00
    4.800000      2.457949718761E+00      1.744712327302E+00
    4.900000      2.444440509979E+00      1.740548943812E+00
    5.000000      2.429843137961E+00      1.735362614815E+00
    5.100000      2.414141035527E+00      1.728774847914E+00
    5.200000      2.397723229389E+00      1.720662502329E+00
    5.300000      2.381176123473E+00      1.711165075699E+00
    5.400000      2.364970296895E+00      1.700629715793E+00
    5.500000      2.349264000055E+00      1.689533725940E+00
    5.600000      2.333961207295E+00      1.678390053161E+00
    5.700000      2.318910290297E+00      1.667631595842E+00
    5.800000      2.304027305784E+00      1.657498580051E+00
    5.900000      2.289292961070E+00      1.647975582536E+00
    6.000000      2.274691614089E+00      1.638807347911E+00
    6.100000      2.260135009184E+00      1.629583994383E+00
    6.200000      2.245400412226E+00      1.619863018131E+00
    6.300000      2.230148712511E+00      1.609294558688E+00
    6.400000      2.214066552530E+00      1.597720975282E+00
    6.500000      2.197069993438E+00      1.585227257013E+00
    6.600000      2.179439460739E+00      1.572134785095E+00
    6.700000      2.161806855073E+00      1.558953008313E+00
    6.800000      2.145012177049E+00      1.546311283326E+00
    6.900000      2.129903406666E+00      1.534881618928E+00
    7.000000      2.117160368116E+00      1.525292281140E+00
    7.100000      2.107188643814E+00      1.518036765011E+00
    7.200000      2.100095869272E+00      1.513392322253E+00
    7.300000      2.095744498621E+00      1.511362354509E+00
    7.400000      2.093833529104E+00      1.511651681791E+00
    7.500000      2.093951335296E+00      1.513685114214E+00
    7.600000      2.095597224257E+00      1.516683393015E+00
    7.700000      2.098212877880E+00      1.519798753567E+00
    7.800000      2.101243396146E+00      1.522283092762E+00
    7.900000      2.104209399399E+00      1.523638334434E+00
    8.000000      2.106772454784E+00      1.523701846632E+00
    8.100000      2.108791224042E+00      1.522642730795E+00
    8.200000      2.110349435597E+00      1.520868645716E+00
    8.300000      2.111716108334E+00      1.518864892264E+00
    8.400000      2.113226879186E+00      1.517013607819E+00
    8.500000      2.115134990861E+00      1.515459570164E+00
    8.600000      2.117505622739E+00      1.514077743920E+00
    8.700000      2.120197939865E+00      1.512554275067E+00
    8.800000      2.122937129595E+00      1.510542760726E+00
    8.900000      2.125451175516E+00      1.507828399744E+00
    9.000000      2.127616933380E+00      1.504432147523E+00
    9.100000      2.129535677523E+00      1.500611133984E+00
    9.200000      2.131487456014E+00      1.496754940062E+00
    9.300000      2.133793620407E+00      1.493226312354E+00
    9.400000      2.136676349447E+00      1.490222704002E+00
    9.500000      2.140189822938E+00      1.487721361023E+00
    9.600000      2.144235569476E+00      1.485524739511E+00
    9.700000      2.148629334692E+00      1.483375575661E+00
    9.800000      2.153181901446E+00      1.481085389171E+00
    9.900000      2.157763438655E+00      1.478620015977E+00
   10.000000      2.162322751788E+00      1.476105217960E+00
   10.100000      2.166845873830E+00      1.473749360430E+00
   10.200000      2.171273725355E+00      1.471719713944E+00
   10.300000      2.175436300319E+00      1.470036853003E+00
   10.400000      2.179066462126E+00      1.468548857660E+00
   10.500000      2.181909260832E+00      1.467006218425E+00
   10.600000      2.183860665498E+00      1.465196107475E+00
   10.700000      2.185017466759E+00      1.463052219795E+00
   10.800000      2.185572472397E+00      1.460673227995E+00
   10.900000      2.185639217315E+00      1.458253168498E+00
   11.000000      2.185188269685E+00      1.455990030264E+00
   11.100000      2.184172616455E+00      1.454035716345E+00
   11.200000      2.182708605631E+00      1.452492396960E+00
   11.300000      2.181108903164E+00      1.451417841694E+00
   11.400000      2.179708909299E+00      1.450820541711E+00
   11.500000      2.178638135334E+00      1.450667648078E+00
   11.600000      2.177758741139E+00      1.450927539546E+00
   11.700000      2.176831470296E+00      1.451619889232E+00
   11.800000      2.175735664956E+00      1.452816710592E+00
   11.900000      2.174548766889E+00      1.454575391137E+00
   12.000000      2.173467329049E+00      1.456850815425E+00
   12.100000      2.172676901941E+00      1.459454544057E+00
   12.200000      2.172259981886E+00      1.462088468566E+00
   12.300000      2.172162414832E+00      1.464429984314E+00
   12.400000      2.172212918078E+00      1.466231958480E+00
   12.500000      2.172199546490E+00      1.467414468926E+00
   12.600000      2.171991145939E+00      1.468130234598E+00
   12.700000      2.171644817754E+00      1.468774057266E+00
   12.800000      2.171420074276E+00      1.469906300559E+00
   12.900000      2.171667978282E+00      1.472092411596E+00
   13.000000      2.172650278717E+00      1.475708065876E+00
   13.100000      2.174395640175E+00      1.480786185417E+00
   13.200000      2.176670795112E+00      1.486968935854E+00
   13.300000      2.179067055869E+00      1.493585854192E+00
   13.400000      2.181149070614E+00      1.499832835876E+00
   13.500000      2.182606320571E+00      1.504994511657E+00
   13.600000      2.183360588405E+00      1.508642116086E+00
   13.700000      2.183598819862E+00      1.510749960131E+00
   13.800000      2.183732755573E+00      1.511701110424E+00
   13.900000      2.184316996604E+00      1.512188246742E+00
   14.000000      2.185940483756E+00      1.513047480126E+00
   14.100000      2.189099974067E+00      1.515079508992E+00
   14.200000      2.194105522352E+00      1.518907002831E+00
   14.300000      2.201064472976E+00      1.524892879766E+00
   14.400000      2.209923552487E+00      1.533115428834E+00
   14.500000      2.220503147476E+00      1.543380058247E+00
   14.600000      2.232487549689E+00      1.555250747305E+00
   14.700000      2.245398479722E+00      1.568097969470E+00
   14.800000      2.258601847226E+00      1.581168072030E+00
   14.900000      2.271366318570E+00      1.593675292145E+00
   15.000000      2.282961038963E+00      1.604908780805E+00
   15.100000      2.292781587879E+00      1.614340812084E+00
   15.200000      2.300489838066E+00      1.621716190031E+00
   15.300000      2.306117349733E+00      1.627093739077E+00
   15.400000      2.310059023757E+00      1.630810368282E+00
   15.500000      2.312924939146E+00      1.633362452008E+00
   15.600000      2.315307937072E+00      1.635240543066E+00
   15.700000      2.317587164366E+00      1.636780179568E+00
   15.800000      2.319857729559E+00      1.638083253116E+00
   15.900000      2.321982114112E+00      1.639032794560E+00
   16.000000      2.323706929044E+00      1.639392069845E+00
   16.100000      2.324812125182E+00      1.638953785696E+00
   16.200000      2.325261354984E+00      1.637684425199E+00
   16.300000      2.325274433793E+00      1.635801028957E+00
   16.400000      2.325257067842E+00      1.633738942024E+00
   16.500000      2.325614615564E+00      1.632016285540E+00
   16.600000      2.326550001884E+00      1.631047456044E+00
   16.700000      2.327951741270E+00      1.630979427963E+00
   16.800000      2.329435935076E+00      1.631617376261E+00
   16.900000      2.330543336233E+00      1.632475498672E+00
   17.000000      2.331005240208E+00      1.632938515110E+00
   17.100000      2.330896920531E+00      1.632466045428E+00
   17.200000      2.330512437167E+00      1.630753591157E+00
   17.300000      2.330041506990E+00      1.627801387162E+00
   17.400000      2.329391215969E+00      1.623900513630E+00
   17.500000      2.328336720750E+00      1.619565214414E+00
   17.600000      2.326786133135E+00      1.615417267385E+00
   17.700000      2.324855730141E+00      1.612020492424E+00
   17.800000      2.322698959143E+00      1.609704938921E+00
   17.900000      2.320290899455E+00      1.608465483156E+00
   18.000000      2.317394917130E+00      1.608000897121E+00
   18.100000      2.313742349155E+00      1.607876034830E+00
   18.200000      2.309256524332E+00      1.607712161095E+00
   18.300000      2.304134198557E+00      1.607303865838E+00
   18.400000      2.298744447754E+00      1.606621829007E+00
   18.500000      2.293453292086E+00      1.605731392465E+00
   18.600000      2.288500107072E+00      1.604689683829E+00
   18.700000      2.283963819122E+00      1.603475501420E+00
   18.800000      2.279782809101E+00      1.601978135160E+00
   18.900000      2.275790118852E+00      1.600041676866E+00
   19.000000      2.271762250603E+00      1.597538598486E+00
   19.100000      2.267494901815E+00      1.594435715505E+00
   19.200000      2.262887082814E+00      1.590820112384E+00
   19.300000      2.257983543947E+00      1.586870722149E+00
   19.400000      2.252942513605E+00      1.582786551024E+00
   19.500000      2.247940351290E+00      1.578703775414E+00
   19.600000      2.243057361764E+00      1.574639399851E+00
   19.700000      2.238197610149E+00      1.570486272106E+00
   19.800000      2.233085470438E+00      1.566062479801E+00
   19.900000      2.227354324182E+00      1.561197846275E+00
   20.000000      2.220697996426E+00      1.555823298810E+00
   20.100000      2.213011006395E+00      1.550017623180E+00
   20.200000      2.204434943139E+00      1.543974604172E+00
   20.300000      2.195279434303E+00      1.537893428599E+00
   20.400000      2.185870317926E+00      1.531848175415E+00
   20.500000      2.176424843195E+00      1.525715125520E+00
   20.600000      2.167021708788E+00      1.519206201167E+00
   20.700000      2.157657960481E+00      1.511997523672E+00
   20.800000      2.148341137461E+00      1.503897925260E+00
   20.900000      2.139183302343E+00      1.494991317670E+00
   21.000000      2.130488699816E+00      1.485697706978E+00
   21.100000      2.122795560368E+00      1.476721314023E+00
   21.200000      2.116806010628E+00      1.468893454451E+00
   21.300000      2.113214056066E+00      1.462962813099E+00
   21.400000      2.112526807627E+00      1.459408102783E+00
   21.500000      2.114944122615E+00      1.458332452154E+00
   21.600000      2.120290707650E+00      1.459463132537E+00
   21.700000      2.128002608267E+00      1.462250702825E+00
   21.800000      2.137224548836E+00      1.466040545516E+00
   21.900000      2.147043000472E+00      1.470264300124E+00
   22.000000      2.156754029789E+00      1.474577215237E+00
   22.100000      2.166012233012E+00      1.478882078823E+00
   22.200000      2.174804919861E+00      1.483240168495E+00
   22.300000      2.183317181638E+00      1.487730763561E+00
   22.400000      2.191772663332E+00      1.492330477463E+00
   22.500000      2.200280979511E+00      1.496845388606E+00
   22.600000      2.208704783533E+00      1.500895414032E+00
   22.700000      2.216603054931E+00      1.503953049273E+00
   22.800000      2.223322117594E+00      1.505450035635E+00
   22.900000      2.228226719322E+00      1.504943267727E+00
   23.000000      2.230955995712E+00      1.502281841614E+00
   23.100000      2.231564860440E+00      1.497694105193E+00
   23.200000      2.230492086006E+00      1.491751297978E+00
   23.300000      2.228407270863E+00      1.485233703074E+00
   23.400000      2.226038220571E+00      1.478967210943E+00
   23.500000      2.224046260674E+00      1.473688147336E+00
   23.600000      2.222962151239E+00      1.469956697337E+00
   23.700000      2.223168940938E+00      1.468110529255E+00
   23.800000      2.224911175044E+00      1.468244800113E+00
   23.900000      2.228307973370E+00      1.470214700615E+00
   24.000000      2.233355993573E+00      1.473666793611E+00
   24.100000      2.239926657297E+00      1.478104560715E+00
   24.200000      2.247770969299E+00      1.482981500295E+00
   24.300000      2.256535247433E+00      1.487803021105E+00
   24.400000      2.265785589646E+00      1.492218378531E+00
   24.500000      2.275054590568E+00      1.496093702041E+00
   24.600000      2.283928401216E+00      1.499560050405E+00
   24.700000      2.292153704855E+00      1.503016878038E+00
   24.800000      2.299695572511E+00      1.507057750781E+00
   24.900000      2.306679282251E+00      1.512301472002E+00
   25.000000      2.313215206083E+00      1.519164956339E+00
   25.100000      2.319201462195E+00      1.527670223861E+00
   25.200000      2.324256515243E+00      1.537387288708E+00
   25.300000      2.327865149485E+00      1.547557082414E+00
   25.400000      2.329651595168E+00      1.557343610854E+00
   25.500000      2.329591286195E+00      1.566093865060E+00
   25.600000      2.328030423391E+00      1.573486401711E+00
   25.700000      2.325521056640E+00      1.579520784476E+00
   25.800000      2.322581852714E+00      1.584385684476E+00
   25.900000      2.319508512131E+00      1.588288454082E+00
   26.000000      2.316301767213E+00      1.591322491263E+00
   26.100000      2.312714733400E+00      1.593416342783E+00
   26.200000      2.308386449220E+00      1.594375010610E+00
   26.300000      2.303016732272E+00      1.593994966147E+00
   26.400000      2.296527092136E+00      1.592208136439E+00
   26.500000      2.289148263388E+00      1.589193403942E+00
   26.600000      2.281397559424E+00      1.585401018838E+00
   26.700000      2.273957648175E+00      1.581470715585E+00
   26.800000      2.267509348708E+00      1.578072505722E+00
   26.900000      2.262575856116E+00      1.575732521493E+00
   27.000000      2.259413783387E+00      1.574707485107E+00
   27.100000      2.257964942063E+00      1.574945049468E+00
   27.200000      2.257874420509E+00      1.576131786404E+00
   27.300000      2.258575226140E+00      1.577802141244E+00
   27.400000      2.259421980179E+00      1.579466983813E+00
   27.500000      2.259832010128E+00      1.580720119788E+00
   27.600000      2.259386049438E+00      1.581294321551E+00
   27.700000      2.257862602034E+00      1.581061787567E+00
   27.800000      2.255214443404E+00      1.579998713756E+00
   27.900000      2.251520113633E+00      1.578147336176E+00
   28.000000      2.246944659353E+00      1.575603023707E+00
   28.100000      2.241725773317E+00      1.572531970708E+00
   28.200000      2.236179143695E+00      1.569200522868E+00
   28.300000      2.230702958455E+00      1.565985126521E+00
   28.400000      2.225759802978E+00      1.563338702260E+00
   28.500000      2.221822860485E+00      1.561710104179E+00
   28.600000      2.219289393003E+00      1.561437164519E+00
   28.700000      2.218383651739E+00      1.562649892678E+00
   28.800000      2.219085773786E+00      1.565221923867E+00
   28.900000      2.221122694240E+00      1.568793798839E+00
   29.000000      2.224036897607E+00      1.572865796383E+00
   29.100000      2.227316280199E+00      1.576931159158E+00
   29.200000      2.230540043601E+00      1.580604431792E+00
   29.300000      2.233487116198E+00      1.583701224002E+00
   29.400000      2.236169673409E+00      1.586243678790E+00
   29.500000      2.238784782500E+00      1.588392564221E+00
   29.600000      2.241605215373E+00      1.590332629476E+00
   29.700000      2.244845629991E+00      1.592154308810E+00
   29.800000      2.248544480647E+00      1.593776510982E+00
   29.900000      2.252501584817E+00      1.594941125759E+00
   30.000000      2.256301636079E+00      1.595284777439E+00
   30.100000      2.259427684842E+00      1.594466383996E+00
   30.200000      2.261433638587E+00      1.592309189220E+00
   30.300000      2.262114259824E+00      1.588907816050E+00
   30.400000      2.261598305319E+00      1.584656305143E+00
   30.500000      2.260311088200E+00      1.580174647109E+00
   30.600000      2.258813555543E+00      1.576148794959E+00
   30.700000      2.257602192940E+00      1.573139744450E+00
   30.800000      2.256984284266E+00      1.571436325401E+00
   30.900000      2.257080284393E+00      1.571006536560E+00
   31.000000      2.257899843109E+00      1.571553251540E+00
   31.100000      2.259395755130E+00      1.572634575290E+00
   31.200000      2.261458303434E+00      1.573794901535E+00
   31.300000      2.263897451536E+00      1.574668763367E+00
   31.400000      2.266471856173E+00      1.575042171525E+00
   31.500000      2.268959612324E+00      1.574867914843E+00
   31.600000      2.271214845189E+00      1.574236625770E+00
   31.700000      2.273169970142E+00      1.573315512694E+00
   31.800000      2.274793581293E+00      1.572279632694E+00
   31.900000      2.276045493393E+00      1.571263834207E+00
   32.000000      2.276867176691E+00      1.570350368301E+00
   32.100000      2.277213292396E+00      1.569584209380E+00
   32.200000      2.277086306832E+00      1.568989881076E+00
   32.300000      2.276520824688E+00      1.568564770810E+00
   32.400000      2.275516737621E+00      1.568248991415E+00
   32.500000      2.274010233681E+00      1.567902631502E+00
   32.600000      2.271955401532E+00      1.567323846738E+00
   32.700000      2.269434834302E+00      1.566304194947E+00
   32.800000      2.266650662108E+00      1.564679221911E+00
   32.900000      2.263770613846E+00      1.562342197980E+00
   33.000000      2.260769890507E+00      1.559236590454E+00
   33.100000      2.257433440569E+00      1.555361876969E+00
   33.200000      2.253525016353E+00      1.550790278897E+00
   33.300000      2.248972758209E+00      1.545657278233E+00
   33.400000      2.243939802797E+00      1.540114045481E+00
   33.500000      2.238772492213E+00      1.534280575679E+00
   33.600000      2.233882843124E+00      1.528239291118E+00
   33.700000      2.229601013374E+00      1.522060771251E+00
   33.800000      2.226022165212E+00      1.515829134000E+00
   33.900000      2.222931227179E+00      1.509663636027E+00
   34.000000      2.219922650427E+00      1.503755642625E+00
   34.100000      2.216701749688E+00      1.498404980151E+00
   34.200000      2.213360209968E+00      1.493993084884E+00
   34.300000      2.210391053725E+00      1.490855571461E+00
   34.400000      2.208406534094E+00      1.489108609679E+00
   34.500000      2.207773505896E+00      1.488543799896E+00
   34.600000      2.208423758033E+00      1.488668487472E+00
   34.700000      2.209895196533E+00      1.488873710494E+00
   34.800000      2.211498424356E+00      1.488646133822E+00
   34.900000      2.212534029193E+00      1.487736418993E+00
   35.000000      2.212523403415E+00      1.486225945939E+00
   35.100000      2.211371591575E+00      1.484469512945E+00
   35.200000      2.209376195445E+00      1.482936414864E+00
   35.300000      2.207081352414E+00      1.482021406664E+00
   35.400000      2.205073453400E+00      1.481915140202E+00
   35.500000      2.203831202396E+00      1.482585500065E+00
   35.600000      2.203666228872E+00      1.483853445282E+00
   35.700000      2.204714665775E+00      1.485503771585E+00
   35.800000      2.206946168031E+00      1.487376490836E+00
   35.900000      2.210200280494E+00      1.489414762551E+00
   36.000000      2.214253154512E+00      1.491667900866E+00
   36.100000      2.218880842350E+00      1.494257532706E+00
   36.200000      2.223889803918E+00      1.497323711075E+00
   36.300000      2.229122466562E+00      1.500976163179E+00
   36.400000      2.234461258224E+00      1.505271096697E+00
   36.500000      2.239835413581E+00      1.510213334082E+00
   36.600000      2.245214560289E+00      1.515763197623E+00
   36.700000      2.250579708624E+00      1.521825430090E+00
   36.800000      2.255884118885E+00      1.528214868556E+00
   36.900000      2.261022699303E+00      1.534616442281E+00
   37.000000      2.265816336044E+00      1.540569663656E+00
   37.100000      2.270011574886E+00      1.545504004165E+00
   37.200000      2.273306102241E+00      1.548835305681E+00
   37.300000      2.275420374866E+00      1.550111069892E+00
   37.400000      2.276219770576E+00      1.549167635036E+00
   37.500000      2.275839189732E+00      1.546241006862E+00
   37.600000      2.274709924194E+00      1.541971691408E+00
   37.700000      2.273411255252E+00      1.537278140279E+00
   37.800000      2.272399162401E+00      1.533133774088E+00
   37.900000      2.271810725086E+00      1.530330042923E+00
   38.000000      2.271509013723E+00      1.529308390032E+00
   38.100000      2.271291928830E+00      1.530102505462E+00
   38.200000      2.271048201386E+00      1.532385641565E+00
   38.300000      2.270761634640E+00      1.535594617020E+00
   38.400000      2.270435543474E+00      1.539098774909E+00
   38.500000      2.270054242466E+00      1.542378273843E+00
   38.600000      2.269623936989E+00      1.545166141794E+00
   38.700000      2.269245025123E+00      1.547508494032E+00
   38.800000      2.269141819634E+00      1.549720990731E+00
   38.900000      2.269611647939E+00      1.552258585348E+00
   39.000000      2.270909978526E+00      1.555547722128E+00
   39.100000      2.273125129680E+00      1.559840076986E+00
   39.200000      2.276099693628E+00      1.565133737548E+00
   39.300000      2.279430102740E+00      1.571179611428E+00
   39.400000      2.282542491658E+00      1.577560076413E+00
   39.500000      2.284826394723E+00      1.583805596650E+00
   39.600000      2.285796945115E+00      1.589509031875E+00
   39.700000      2.285230241557E+00      1.594403417259E+00
   39.800000      2.283208209137E+00      1.598381400661E+00
   39.900000      2.280047049762E+00      1.601452609496E+00
   40.000000      2.276141680620E+00      1.603659013233E+00
   40.100000      2.271800251527E+00      1.604988797588E+00
   40.200000      2.267143792931E+00      1.605331568940E+00
   40.300000      2.262106102830E+00      1.604497130084E+00
   40.400000      2.256516304873E+00      1.602288747719E+00
   40.500000      2.250215914345E+00      1.598597817320E+00
   40.600000      2.243163661924E+00      1.593480323331E+00
   40.700000      2.235497098714E+00      1.587185855388E+00
   40.800000      2.227534977889E+00      1.580130399403E+00
   40.900000      2.219720416827E+00      1.572825859352E+00
   41.000000      2.212523367106E+00      1.565793633487E+00
   41.100000      2.206335623258E+00      1.559491057479E+00
   41.200000      2.201396178915E+00      1.554268633641E+00
   41.300000      2.197774215102E+00      1.550358830009E+00
   41.400000      2.195410071554E+00      1.547882248629E+00
   41.500000      2.194181946621E+00      1.546851351840E+00
   41.600000      2.193951963892E+00      1.547159419680E+00
   41.700000      2.194568309453E+00      1.548560710149E+00
   41.800000      2.195844721007E+00      1.550666477241E+00
   41.900000      2.197561454444E+00      1.552985105418E+00
   42.000000      2.199505780521E+00      1.555014648374E+00
   42.100000      2.201518716623E+00      1.556363277997E+00
   42.200000      2.203507366416E+00      1.556852277058E+00
   42.300000      2.205440218015E+00      1.556561660329E+00
   42.400000      2.207360663491E+00      1.555800150496E+00
   42.500000      2.209390220767E+00      1.555002519837E+00
   42.600000      2.211667349753E+00      1.554578623887E+00
   42.700000      2.214240955755E+00      1.554765438123E+00
   42.800000      2.217021155835E+00      1.555549104889E+00
   42.900000      2.219857894049E+00      1.556699113426E+00
   43.000000      2.222680632550E+00      1.557894467027E+00
   43.100000      2.225555661019E+00      1.558870695939E+00
   43.200000      2.228611215762E+00      1.559520556482E+00
   43.300000      2.231933757599E+00      1.559924883041E+00
   43.400000      2.235544995184E+00      1.560320102205E+00
   43.500000      2.239428688379E+00      1.561008571213E+00
   43.600000      2.243517123565E+00      1.562224457491E+00
   43.700000      2.247653728403E+00      1.564002587047E+00
   43.800000      2.251624056384E+00      1.566119017756E+00
   43.900000      2.255251710203E+00      1.568134178068E+00
   44.000000      2.258426827952E+00      1.569500006208E+00
   44.100000      2.260976436752E+00      1.569666562686E+00
   44.200000      2.262488500922E+00      1.568163121084E+00
   44.300000      2.262321205404E+00      1.564672878397E+00
   44.400000      2.259871838872E+00      1.559110883897E+00
   44.500000      2.254911708911E+00      1.551674335326E+00
   44.600000      2.247737250380E+00      1.542827814282E+00
   44.700000      2.239068514803E+00      1.533226724517E+00
   44.800000      2.229816198342E+00      1.523618989892E+00
   44.900000      2.220875697618E+00      1.514757234466E+00
   45.000000      2.213010998672E+00      1.507320420106E+00
   45.100000      2.206792969363E+00      1.501829625024E+00
   45.200000      2.202548306078E+00      1.498560621178E+00
   45.300000      2.200325010856E+00      1.497482281533E+00
   45.400000      2.199907886311E+00      1.498257220941E+00
   45.500000      2.200896842375E+00      1.500322390515E+00
   45.600000      2.202821189558E+00      1.503033911702E+00
   45.700000      2.205240929957E+00      1.505831067963E+00
   45.800000      2.207800734782E+00      1.508365750193E+00
   45.900000      2.210244857954E+00      1.510559729825E+00
   46.000000      2.212429481450E+00      1.512579822461E+00
   46.100000      2.214347039104E+00      1.514743152194E+00
   46.200000      2.216128724288E+00      1.517378162924E+00
   46.300000      2.217982669866E+00      1.520679991573E+00
   46.400000      2.220079578460E+00      1.524610529750E+00
   46.500000      2.222456276253E+00      1.528887790346E+00
   46.600000      2.224999679506E+00      1.533075083789E+00
   46.700000      2.227506961379E+00      1.536732701879E+00
   46.800000      2.229767873079E+00      1.539564893010E+00
   46.900000      2.231625418915E+00      1.541501246635E+00
   47.000000      2.233005879912E+00      1.542684005864E+00
   47.100000      2.233920058017E+00      1.543369306832E+00
   47.200000      2.234430219190E+00      1.543779539701E+00
   47.300000      2.234585761121E+00      1.543963441537E+00
   47.400000      2.234357804630E+00      1.543723318112E+00
   47.500000      2.233617566236E+00      1.542647308393E+00
   47.600000      2.232185236220E+00      1.540244468338E+00
   47.700000      2.229938342259E+00      1.536140162940E+00
   47.800000      2.226936888374E+00      1.530265550591E+00
   47.900000      2.223511291083E+00      1.522973943172E+00
   48.000000      2.220271121224E+00      1.515037415241E+00
   48.100000      2.218018856330E+00      1.507514633863E+00
   48.200000      2.217580974722E+00      1.501524946321E+00
   48.300000      2.219600543644E+00      1.497997378003E+00
   48.400000      2.224365119116E+00      1.497471339310E+00
   48.500000      2.231743023332E+00      1.500005000853E+00
   48.600000      2.241253552995E+00      1.505206911984E+00
   48.700000      2.252224275603E+00      1.512363735922E+00
   48.800000      2.263943343370E+00      1.520610579417E+00
   48.900000      2.275743410686E+00      1.529091857095E+00
   49.000000      2.287037754943E+00      1.537084456444E+00
   49.100000      2.297373101864E+00      1.544079288224E+00
   49.200000      2.306510438010E+00      1.549823683350E+00
   49.300000      2.314470813961E+00      1.554320805389E+00
   49.400000      2.321487850152E+00      1.557783878568E+00
   49.500000      2.327880769072E+00      1.560558417807E+00
   49.600000      2.333914549699E+00      1.563036641525E+00
   49.700000      2.339701706703E+00      1.565580060508E+00
   49.800000      2.345162654206E+00      1.568451354521E+00
   49.900000      2.350049215945E+00      1.571758006994E+00
   50.000000      2.354037048024E+00      1.575426596424E+00
   50.100000      2.356867402449E+00      1.579231219500E+00
   50.200000      2.358474204659E+00      1.582875667146E+00
   50.300000      2.359023619973E+00      1.586095668465E+00
   50.400000      2.358845456591E+00      1.588738043444E+00
   50.500000      2.358304883351E+00      1.590794382070E+00
   50.600000      2.357684891642E+00      1.592391360497E+00
   50.700000      2.357116390149E+00      1.593745703672E+00
   50.800000      2.356558412362E+00      1.595088570431E+00
   50.900000      2.355830743748E+00      1.596572619127E+00
   51.000000      2.354701009308E+00      1.598192202400E+00
   51.100000      2.352990445725E+00      1.599749418271E+00
   51.200000      2.350620146738E+00      1.600877517332E+00
   51.300000      2.347542627074E+00      1.601109490769E+00
   51.400000      2.343604690731E+00      1.599975791254E+00
   51.500000      2.338482367659E+00      1.597122478448E+00
   51.600000      2.331798535572E+00      1.592431941313E+00
   51.700000      2.323365025070E+00      1.586100351329E+00
   51.800000      2.313350753264E+00      1.578616767949E+00
   51.900000      2.302228085449E+00      1.570630582830E+00
   52.000000      2.290536897636E+00      1.562763445593E+00
   52.100000      2.278650959089E+00      1.555457699435E+00
   52.200000      2.266710232627E+00      1.548923901941E+00
   52.300000      2.254722219362E+00      1.543184499941E+00
   52.400000      2.242705601153E+00      1.538163019390E+00
   52.500000      2.230762492726E+00      1.533764399904E+00
   52.600000      2.219059226181E+00      1.529918059431E+00
   52.700000      2.207762949068E+00      1.526582581426E+00
   52.800000      2.196985976712E+00      1.523725361601E+00
   52.900000      2.186762139560E+00      1.521294982629E+00
   53.000000      2.177055955495E+00      1.519203738929E+00
   53.100000      2.167794486847E+00      1.517331833376E+00
   53.200000      2.158906475901E+00      1.515552306550E+00
   53.300000      2.150351151069E+00      1.513762551226E+00
   53.400000      2.142124005700E+00      1.511903681672E+00
   53.500000      2.134240364833E+00      1.509956871615E+00
   53.600000      2.126711042494E+00      1.507920660290E+00
   53.700000      2.119526801564E+00      1.505785416733E+00
   53.800000      2.112660486817E+00      1.503523455163E+00
   53.900000      2.106085666167E+00      1.501104403746E+00
   54.000000      2.099801202605E+00      1.498529795372E+00
   54.100000      2.093845287235E+00      1.495866671971E+00
   54.200000      2.088286437247E+00      1.493255521727E+00
   54.300000      2.083192663043E+00      1.490876950894E+00
   54.400000      2.078593120267E+00      1.488881134098E+00
   54.500000      2.074449784471E+00      1.487305657791E+00
   54.600000      2.070653679322E+00      1.486020300093E+00
   54.700000      2.067056167266E+00      1.484733481662E+00
   54.800000      2.063536012544E+00      1.483073339116E+00
   54.900000      2.060088680591E+00      1.480724813341E+00
   55.000000      2.056913891410E+00      1.477577717828E+00
   55.100000      2.054465484727E+00      1.473832507466E+00
   55.200000      2.053415955404E+00      1.470023253971E+00
   55.300000      2.054518092891E+00      1.466943288000E+00
   55.400000      2.058418625173E+00      1.465487073894E+00
   55.500000      2.065507993760E+00      1.466445329562E+00
   55.600000      2.075844370792E+00      1.470306454482E+00
   55.700000      2.089141221156E+00      1.477122314231E+00
   55.800000      2.104808419627E+00      1.486484515093E+00
   55.900000      2.122057092654E+00      1.497625947532E+00
   56.000000      2.140062246221E+00      1.509618842801E+00
   56.100000      2.158129427881E+00      1.521602799600E+00
   56.200000      2.175797431393E+00      1.532964900978E+00
   56.300000      2.192851962805E+00      1.543418034265E+00
   56.400000      2.209274548689E+00      1.552969890413E+00
   56.500000      2.225165727441E+00      1.561817149744E+00
   56.600000      2.240670706910E+00      1.570217779705E+00
   56.700000      2.255925339624E+00      1.578388689371E+00
   56.800000      2.271034790110E+00      1.586456371566E+00
   56.900000      2.286080166394E+00      1.594463533596E+00
   57.000000      2.301122644740E+00      1.602411941083E+00
   57.100000      2.316177065455E+00      1.610309713862E+00
   57.200000      2.331174931121E+00      1.618197047286E+00
   57.300000      2.345973494654E+00      1.626143167894E+00
   57.400000      2.360430681548E+00      1.634224085494E+00
   57.500000      2.374496012069E+00      1.642494666736E+00
   57.600000      2.388248566525E+00      1.650963803665E+00
   57.700000      2.401855856308E+00      1.659578070604E+00
   57.800000      2.415485402642E+00      1.668218946883E+00
   57.900000      2.429225929937E+00      1.676715452178E+00
   58.000000      2.443051530726E+00      1.684866366901E+00
   58.100000      2.456819311005E+00      1.692460650175E+00
   58.200000      2.470273106458E+00      1.699286651394E+00
   58.300000      2.483040697398E+00      1.705127620417E+00
   58.400000      2.494630564069E+00      1.709747256197E+00
   58.500000      2.504436185898E+00      1.712873962642E+00
   58.600000      2.511753829528E+00      1.714198614928E+00
   58.700000      2.515832306235E+00      1.713404754359E+00
   58.800000      2.515985017766E+00      1.710241691219E+00
   58.900000      2.511771462564E+00      1.704624122774E+00
   59.000000      2.503196494410E+00      1.696709678725E+00
   59.100000      2.490821187004E+00      1.686898428046E+00
   59.200000      2.475676535294E+00      1.675736714039E+00
   59.300000      2.458956873589E+00      1.663772314515E+00
   59.400000      2.441643554066E+00      1.651443843224E+00
   59.500000      2.424329770323E+00      1.639056673301E+00
   59.600000      2.407346365477E+00      1.626827553243E+00
   59.700000      2.390966549155E+00      1.614939586683E+00
   59.800000      2.375446878590E+00      1.603570660690E+00
   59.900000      2.360920584376E+00      1.592899238711E+00
   60.000000      2.347320968064E+00      1.583094715036E+00
   60.100000      2.334431438154E+00      1.574274967770E+00
   60.200000      2.321985879433E+00      1.566420862910E+00
   60.300000      2.309706200037E+00      1.559289867186E+00
   60.400000      2.297293515260E+00      1.552404387911E+00
   60.500000      2.284471477363E+00      1.545149490392E+00
   60.600000      2.271084687468E+00      1.536935730966E+00
   60.700000      2.257148650657E+00      1.527351576900E+00
   60.800000      2.242802871841E+00      1.516267392351E+00
   60.900000      2.228238307662E+00      1.503891911929E+00
   61.000000      2.213673038384E+00      1.490769874366E+00
   61.100000      2.199350672303E+00      1.477686174811E+00
   61.200000      2.185500005643E+00      1.465473247334E+00
   61.300000      2.172268767788E+00      1.454788089321E+00
   61.400000      2.159695369503E+00      1.445953871008E+00
   61.500000      2.147727470431E+00      1.438916322887E+00
   61.600000      2.136232257608E+00      1.433297688421E+00
   61.700000      2.124973839704E+00      1.428500164520E+00
   61.800000      2.113603539238E+00      1.423820783186E+00
   61.900000      2.101711583979E+00      1.418561159395E+00
   62.000000      2.088932046360E+00      1.412132154801E+00
   62.100000      2.075067927714E+00      1.404162370552E+00
   62.200000      2.060223663287E+00      1.394609633583E+00
   62.300000      2.044919789016E+00      1.383843786468E+00
   62.400000      2.030109805490E+00      1.372649237218E+00
   62.500000      2.017030093657E+00      1.362121886426E+00
   62.600000      2.006926204184E+00      1.353488510108E+00
   62.700000      2.000787458130E+00      1.347901518345E+00
   62.800000      1.999179828477E+00      1.346242478498E+00
   62.900000      2.002165089909E+00      1.348948490045E+00
   63.000000      2.009277603630E+00      1.355892948499E+00
   63.100000      2.019596449960E+00      1.366380160272E+00
   63.200000      2.031957119437E+00      1.379296744087E+00
   63.300000      2.045248187145E+00      1.393390961873E+00
   63.400000      2.058657602089E+00      1.407576718560E+00
   63.500000      2.071766861321E+00      1.421144496885E+00
   63.600000      2.084491209763E+00      1.433816132856E+00
   63.700000      2.096934566090E+00      1.445657109448E+00
   63.800000      2.109236691596E+00      1.456909451899E+00
   63.900000      2.121466045100E+00      1.467818323822E+00
   64.000000      2.133582070790E+00      1.478510120539E+00
   64.100000      2.145460373081E+00      1.488952438833E+00
   64.200000      2.156951708764E+00      1.498994210162E+00
   64.300000      2.167944581567E+00      1.508456617758E+00
   64.400000      2.178415754590E+00      1.517231801242E+00
   64.500000      2.188459257863E+00      1.525349912965E+00
   64.600000      2.198277757823E+00      1.532991228305E+00
   64.700000      2.208126484507E+00      1.540441099090E+00
   64.800000      2.218228702112E+00      1.548004897509E+00
   64.900000      2.228702816285E+00      1.555913003145E+00
   65.000000      2.239531842333E+00      1.564249236655E+00
   65.100000      2.250581554263E+00      1.572928397461E+00
   65.200000      2.261655945509E+00      1.581730917768E+00
   65.300000      2.272568924286E+00      1.590380570574E+00
   65.400000      2.283204491736E+00      1.598633535565E+00
   65.500000      2.293537201728E+00      1.606342360857E+00
   65.600000      2.303600521787E+00      1.613470291035E+00
   65.700000      2.313425427129E+00      1.620056482084E+00
   65.800000      2.323000352960E+00      1.626158626343E+00
   65.900000      2.332286048010E+00      1.631809697392E+00
   66.000000      2.341253451738E+00      1.637010766078E+00
   66.100000      2.349871083353E+00      1.641752662622E+00
   66.200000      2.358025037247E+00      1.646040776023E+00
   66.300000      2.365455435146E+00      1.649904946485E+00
   66.400000      2.371801243591E+00      1.653397810354E+00
   66.500000      2.376750190631E+00      1.656593468075E+00
   66.600000      2.380200403029E+00      1.659585939170E+00
   66.700000      2.382325933838E+00      1.662474126538E+00
   66.800000      2.383499619287E+00      1.665328411867E+00
   66.900000      2.384120526385E+00      1.668156595844E+00
   67.000000      2.384454018112E+00      1.670896333439E+00
   67.100000      2.384574581174E+00      1.673443831033E+00
   67.200000      2.384421724326E+00      1.675700338176E+00
   67.300000      2.383905354760E+00      1.677605052949E+00
   67.400000      2.382986935597E+00      1.679134240710E+00
   67.500000      2.381705969264E+00      1.680268749155E+00
   67.600000      2.380159914080E+00      1.680948858061E+00
   67.700000      2.378456133933E+00      1.681040600266E+00
   67.800000      2.376656563645E+00      1.680334307979E+00
   67.900000      2.374736556738E+00      1.678586880296E+00
   68.000000      2.372572192838E+00      1.675604207399E+00
   68.100000      2.369961071614E+00      1.671341367920E+00
   68.200000      2.366677507064E+00      1.665982446909E+00
   68.300000      2.362554736841E+00      1.659957838943E+00
   68.400000      2.357565177661E+00      1.653870704643E+00
   68.500000      2.351851414443E+00      1.648335987949E+00
   68.600000      2.345673231181E+00      1.643776540895E+00
   68.700000      2.339283543341E+00      1.640252591987E+00
   68.800000      2.332797731493E+00      1.637400734899E+00
   68.900000      2.326131252070E+00      1.634518431883E+00
   69.000000      2.319034864261E+00      1.630768541204E+00
   69.100000      2.311199683346E+00      1.625431700498E+00
   69.200000      2.302388845615E+00      1.618125797922E+00
   69.300000      2.292568823355E+00      1.608932978586E+00
   69.400000      2.282011473706E+00      1.598403198362E+00
   69.500000      2.271314151243E+00      1.587431903353E+00
   69.600000      2.261291269416E+00      1.577043489849E+00
   69.700000      2.252749919421E+00      1.568144910418E+00
   69.800000      2.246230988072E+00      1.561324904063E+00
   69.900000      2.241825078374E+00      1.556755592789E+00
   70.000000      2.239150566970E+00      1.554216726955E+00
   70.100000      2.237518574075E+00      1.553223089715E+00
   70.200000      2.236217207660E+00      1.553199699965E+00
   70.300000      2.234768221918E+00      1.553630005907E+00
   70.400000      2.233016170117E+00      1.554119878106E+00
   70.500000      2.231028551207E+00      1.554376029193E+00
   70.600000      2.228926141692E+00      1.554151960732E+00
   70.700000      2.226784196041E+00      1.553219574835E+00
   70.800000      2.224628198065E+00      1.551381048159E+00
   70.900000      2.222444830207E+00      1.548495717437E+00
   71.000000      2.220160797900E+00      1.544498869213E+00
   71.100000      2.217634443734E+00      1.539412210976E+00
   71.200000      2.214709803166E+00      1.533348045447E+00
   71.300000      2.211298396118E+00      1.526493741369E+00
   71.400000      2.207415189621E+00      1.519067784977E+00
   71.500000      2.203155917298E+00      1.511269642057E+00
   71.600000      2.198663475018E+00      1.503261735735E+00
   71.700000      2.194109844553E+00      1.495195620674E+00
   71.800000      2.189678258675E+00      1.487253556479E+00
   71.900000      2.185544797682E+00      1.479664318192E+00
   72.000000      2.181878715299E+00      1.472672367110E+00
   72.100000      2.178844216421E+00      1.466466939496E+00
   72.200000      2.176555904937E+00      1.461099505309E+00
   72.300000      2.174996957082E+00      1.456435090925E+00
   72.400000      2.173998687057E+00      1.452180423005E+00
   72.500000      2.173349967695E+00      1.447991065283E+00
   72.600000      2.172942864580E+00      1.443602837782E+00
   72.700000      2.172783576712E+00      1.438917601581E+00
   72.800000      2.172848610264E+00      1.434020633974E+00
   72.900000      2.172972677477E+00      1.429160352513E+00
   73.000000      2.172935818382E+00      1.424716423236E+00
   73.100000      2.172674355739E+00      1.421136192418E+00
   73.200000      2.172374549358E+00      1.418810120678E+00
   73.300000      2.172316040276E+00      1.417915642205E+00
   73.400000      2.172600249649E+00      1.418322688432E+00
   73.500000      2.173047307601E+00      1.419642088931E+00
   73.600000      2.173378850198E+00      1.421407549735E+00
   73.700000      2.173499324690E+00      1.423290406350E+00
   73.800000      2.173622328342E+00      1.425229819968E+00
   73.900000      2.174175302168E+00      1.427423622552E+00
   74.000000      2.175588818445E+00      1.430207275102E+00
   74.100000      2.178109488351E+00      1.433893440216E+00
   74.200000      2.181716646097E+00      1.438642254314E+00
   74.300000      2.186151689559E+00      1.444404297722E+00
   74.400000      2.191023387810E+00      1.450944536399E+00
   74.500000      2.195934847073E+00      1.457925352596E+00
   74.600000      2.200583397022E+00      1.465007406534E+00
   74.700000      2.204808121995E+00      1.471925768030E+00
   74.800000      2.208586210822E+00      1.478516140195E+00
   74.900000      2.211992208861E+00      1.484693047185E+00
   75.000000      2.215135038196E+00      1.490404788360E+00
   75.100000      2.218090417199E+00      1.495597700316E+00
   75.200000      2.220853313486E+00      1.500212428383E+00
   75.300000      2.223335185134E+00      1.504215099726E+00
   75.400000      2.225414805123E+00      1.507647762833E+00
   75.500000      2.227020736640E+00      1.510671272629E+00
   75.600000      2.228194276049E+00      1.513570753607E+00
   75.700000      2.229080222886E+00      1.516702002721E+00
   75.800000      2.229835372016E+00      1.520381535682E+00
   75.900000      2.230509919858E+00      1.524757111020E+00
   76.000000      2.230986389080E+00      1.529717540067E+00
   76.100000      2.231019629775E+00      1.534890779233E+00
   76.200000      2.230349199853E+00      1.539741275402E+00
   76.300000      2.228817198484E+00      1.543735081153E+00
   76.400000      2.226440502284E+00      1.546516068857E+00
   76.500000      2.223425399201E+00      1.548034149139E+00
   76.600000      2.220138305056E+00      1.548582106976E+00
   76.700000      2.217049551687E+00      1.548727037896E+00
   76.800000      2.214660286906E+00      1.549159029495E+00
   76.900000      2.213420909882E+00      1.550509236629E+00
   77.000000      2.213655072807E+00      1.553196404882E+00
   77.100000      2.215504061005E+00      1.557343872049E+00
   77.200000      2.218900606421E+00      1.562781956241E+00
   77.300000      2.223577700960E+00      1.569126466590E+00
   77.400000      2.229113352915E+00      1.575904593892E+00
   77.500000      2.234998394539E+00      1.582684065076E+00
   77.600000      2.240704845715E+00      1.589159063804E+00
   77.700000      2.245747052369E+00      1.595167283107E+00
   77.800000      2.249750290451E+00      1.600648648411E+00
   77.900000      2.252531854576E+00      1.605581991681E+00
   78.000000      2.254160676638E+00      1.609933949596E+00
   78.100000      2.254943559137E+00      1.613634250125E+00
   78.200000      2.255319817907E+00      1.616575799675E+00
   78.300000      2.255706431308E+00      1.618635053658E+00
   78.400000      2.256370017489E+00      1.619708204025E+00
   78.500000      2.257384050698E+00      1.619753080616E+00
   78.600000      2.258679103299E+00      1.618820990136E+00
   78.700000      2.260145914773E+00      1.617066938018E+00
   78.800000      2.261733217313E+00      1.614739250573E+00
   78.900000      2.263501313308E+00      1.612158804656E+00
   79.000000      2.265622731286E+00      1.609696359943E+00
   79.100000      2.268340628851E+00      1.607747810195E+00
   79.200000      2.271907497959E+00      1.606700584523E+00
   79.300000      2.276532764398E+00      1.606885453005E+00
   79.400000      2.282360414781E+00      1.608516191802E+00
   79.500000      2.289476654119E+00      1.611630022451E+00
   79.600000      2.297920070299E+00      1.616047428308E+00
   79.700000      2.307643872592E+00      1.621366535813E+00
   79.800000      2.318396727260E+00      1.626998206119E+00
   79.900000      2.329577515104E+00      1.632242138854E+00
   80.000000      2.340209020301E+00      1.636404129235E+00
   80.100000      2.349136305484E+00      1.638948507243E+00
   80.200000      2.355392725239E+00      1.639654289032E+00
   80.300000      2.358545898011E+00      1.638709431631E+00
   80.400000      2.358844038384E+00      1.636674006637E+00
   80.500000      2.357088315649E+00      1.634298185029E+00
   80.600000      2.354292261230E+00      1.632267462919E+00
   80.700000      2.351306547716E+00      1.630997589468E+00
   80.800000      2.348610783682E+00      1.630571869275E+00
   80.900000      2.346352578570E+00      1.630826081440E+00
   81.000000      2.344531603056E+00      1.631505760726E+00
   81.100000      2.343150038601E+00      1.632399355589E+00
   81.200000      2.342236104367E+00      1.633391176176E+00
   81.300000      2.341785875414E+00      1.634437884819E+00
   81.400000      2.341724262458E+00      1.635506899483E+00
   81.500000      2.341927232209E+00      1.636514736110E+00
   81.600000      2.342268274935E+00      1.637288773521E+00
   81.700000      2.342647584429E+00      1.637565471922E+00
   81.800000      2.343000614212E+00      1.637029454500E+00
   81.900000      2.343283311067E+00      1.635382034377E+00
   82.000000      2.343409500630E+00      1.632410246136E+00
   82.100000      2.343148457595E+00      1.628026411862E+00
   82.200000      2.342064900216E+00      1.622270004970E+00
   82.300000      2.339584949173E+00      1.615288154760E+00
   82.400000      2.335177947353E+00      1.607312900785E+00
   82.500000      2.328556732666E+00      1.598633482438E+00
   82.600000      2.319783560262E+00      1.589548826454E+00
   82.700000      2.309225084027E+00      1.580298596941E+00
   82.800000      2.297389521866E+00      1.570996550739E+00
   82.900000      2.284740953832E+00      1.561598006753E+00
   83.000000      2.271578311245E+00      1.551915338570E+00
   83.100000      2.258007243248E+00      1.541670949661E+00
   83.200000      2.243980163122E+00      1.530567371324E+00
   83.300000      2.229368241562E+00      1.518359526427E+00
   83.400000      2.214042435750E+00      1.504921720909E+00
   83.500000      2.197953014742E+00      1.490304180573E+00
   83.600000      2.181204002064E+00      1.474772889108E+00
   83.700000      2.164118747524E+00      1.458823279609E+00
   83.800000      2.147276864816E+00      1.443152707177E+00
   83.900000      2.131480871888E+00      1.428576284781E+00
   84.000000      2.117618475457E+00      1.415887402698E+00
   84.100000      2.106441781996E+00      1.405694821401E+00
   84.200000      2.098349392495E+00      1.398289947356E+00
   84.300000      2.093270147760E+00      1.393591669954E+00
   84.400000      2.090697156202E+00      1.391187300966E+00
   84.500000      2.089853287962E+00      1.390457755209E+00
   84.600000      2.089926958719E+00      1.390755425815E+00
   84.700000      2.090303460821E+00      1.391590045180E+00
   84.800000      2.090718720599E+00      1.392766548340E+00
   84.900000      2.091280744273E+00      1.394419219582E+00
   85.000000      2.092350117426E+00      1.396913040583E+00
   85.100000      2.094331874105E+00      1.400634623969E+00
   85.200000      2.097468184190E+00      1.405748194688E+00
   85.300000      2.101712525342E+00      1.412017574913E+00
   85.400000      2.106724024772E+00      1.418775298524E+00
   85.500000      2.111966978736E+00      1.425058864461E+00
   85.600000      2.116859563220E+00      1.429862061104E+00
   85.700000      2.120916134144E+00      1.432409310843E+00
   85.800000      2.123863776255E+00      1.432371865927E+00
   85.900000      2.125734125610E+00      1.429979479420E+00
   86.000000      2.126905601754E+00      1.426002731181E+00
   86.100000      2.128043849887E+00      1.421594354990E+00
   86.200000      2.129925745918E+00      1.418015799208E+00
   86.300000      2.133220655771E+00      1.416334059614E+00
   86.400000      2.138340735681E+00      1.417200745718E+00
   86.500000      2.145407179356E+00      1.420784532282E+00
   86.600000      2.154293547134E+00      1.426848776207E+00
   86.700000      2.164697390974E+00      1.434908964256E+00
   86.800000      2.176232674420E+00      1.444399032904E+00
   86.900000      2.188541293193E+00      1.454802409842E+00
   87.000000      2.201384560363E+00      1.465730689991E+00
   87.100000      2.214663999491E+00      1.476948655773E+00
   87.200000      2.228363351444E+00      1.488354919613E+00
   87.300000      2.242454560700E+00      1.499936439639E+00
   87.400000      2.256825089229E+00      1.511718949101E+00
   87.500000      2.271262861038E+00      1.523730386922E+00
   87.600000      2.285494451136E+00      1.535980351117E+00
   87.700000      2.299228010323E+00      1.548441448273E+00
   87.800000      2.312147268416E+00      1.561015479890E+00
   87.900000      2.323871397109E+00      1.573493401823E+00
   88.000000      2.333977050045E+00      1.585554390540E+00
   88.100000      2.342152782747E+00      1.596846684310E+00
   88.200000      2.348412181602E+00      1.607129883973E+00
   88.300000      2.353185782323E+00      1.616388960393E+00
   88.400000      2.357181796485E+00      1.624834369302E+00
   88.500000      2.361091430201E+00      1.632784288113E+00
   88.600000      2.365313644824E+00      1.640499226680E+00
   88.700000      2.369793958852E+00      1.648041909287E+00
   88.800000      2.373978193610E+00      1.655198567349E+00
   88.900000      2.376932371133E+00      1.661483344488E+00
   89.000000      2.377686730482E+00      1.666248576806E+00
   89.100000      2.375681163688E+00      1.668888023737E+00
   89.200000      2.371050838146E+00      1.669052747043E+00
   89.300000      2.364552371922E+00      1.666777308341E+00
   89.400000      2.357162157540E+00      1.662476589425E+00
   89.500000      2.349658764136E+00      1.656853001725E+00
   89.600000      2.342527390487E+00      1.650765380161E+00
   89.700000      2.336132728431E+00      1.645071091517E+00
   89.800000      2.330808103348E+00      1.640443897672E+00
   89.900000      2.326725265727E+00      1.637212147708E+00
   90.000000      2.323741884312E+00      1.635290397068E+00
   90.100000      2.321433264678E+00      1.634242418416E+00
   90.200000      2.319283085669E+00      1.633444348947E+00
   90.300000      2.316866266118E+00      1.632276388984E+00
   90.400000      2.313922365428E+00      1.630281074982E+00
   90.500000      2.310338803805E+00      1.627256661207E+00
   90.600000      2.306109060033E+00      1.623276059842E+00
   90.700000      2.301308050137E+00      1.618636017743E+00
   90.800000      2.296089839387E+00      1.613758647527E+00
   90.900000      2.290692554461E+00      1.609082038482E+00
   91.000000      2.285430300770E+00      1.604974236182E+00
   91.100000      2.280655332475E+00      1.601686234216E+00
   91.200000      2.276690765242E+00      1.599340306128E+00
   91.300000      2.273757576940E+00      1.597941617650E+00
   91.400000      2.271926916755E+00      1.597402611129E+00
   91.500000      2.271114452174E+00      1.597574496968E+00
   91.600000      2.271115019430E+00      1.598283698788E+00
   91.700000      2.271665500921E+00      1.599371472415E+00
   91.800000      2.272519249726E+00      1.600731736104E+00
   91.900000      2.273513329785E+00      1.602336936100E+00
   92.000000      2.274610009649E+00      1.604238722857E+00
   92.100000      2.275897022790E+00      1.606534142311E+00
   92.200000      2.277540130146E+00      1.609300014332E+00
   92.300000      2.279695855437E+00      1.612512884394E+00
   92.400000      2.282406107114E+00      1.615980894543E+00
   92.500000      2.285506951220E+00      1.619312501761E+00
   92.600000      2.288592187797E+00      1.621937830068E+00
   92.700000      2.291070170188E+00      1.623187024770E+00
   92.800000      2.292320379575E+00      1.622418088500E+00
   92.900000      2.291898205635E+00      1.619172722612E+00
   93.000000      2.289696659918E+00      1.613323782178E+00
   93.100000      2.285991756183E+00      1.605168983561E+00
   93.200000      2.281364196013E+00      1.595430921952E+00
   93.300000      2.276552827962E+00      1.585146430557E+00
   93.400000      2.272299907878E+00      1.575463250159E+00
   93.500000      2.269211310825E+00      1.567395853831E+00
   93.600000      2.267647422689E+00      1.561610397364E+00
   93.700000      2.267676898822E+00      1.558302597074E+00
   93.800000      2.269113740681E+00      1.557203404616E+00
   93.900000      2.271618893120E+00      1.557704729897E+00
   94.000000      2.274814265740E+00      1.559054722622E+00
   94.100000      2.278351597265E+00      1.560547476179E+00
   94.200000      2.281907505788E+00      1.561642748224E+00
   94.300000      2.285132703669E+00      1.561996063765E+00
   94.400000      2.287629237336E+00      1.561428118475E+00
   94.500000      2.289008499438E+00      1.559878483802E+00
   94.600000      2.289001760644E+00      1.557368814607E+00
   94.700000      2.287539879829E+00      1.553977558578E+00
   94.800000      2.284749082654E+00      1.549827337618E+00
   94.900000      2.280885467133E+00      1.545094641211E+00
   95.000000      2.276271412450E+00      1.540040337580E+00
   95.100000      2.271269452284E+00      1.535029631351E+00
   95.200000      2.266268259373E+00      1.530496282562E+00
   95.300000      2.261631366741E+00      1.526833622214E+00
   95.400000      2.257603085130E+00      1.524246977118E+00
   95.500000      2.254223140628E+00      1.522636486710E+00
   95.600000      2.251305857431E+00      1.521571393871E+00
   95.700000      2.248495329249E+00      1.520376261364E+00
   95.800000      2.245367173423E+00      1.518302591663E+00
   95.900000      2.241540584552E+00      1.514727554866E+00
   96.000000      2.236777662364E+00      1.509314320557E+00
   96.100000      2.231053508282E+00      1.502085011985E+00
   96.200000      2.224576471292E+00      1.493389684596E+00
   96.300000      2.217741254844E+00      1.483790986361E+00
   96.400000      2.211015133981E+00      1.473911299280E+00
   96.500000      2.204782697379E+00      1.464297303432E+00
   96.600000      2.199205256605E+00      1.455344078328E+00
   96.700000      2.194170745351E+00      1.447293895462E+00
   96.800000      2.189383243323E+00      1.440293639777E+00
   96.900000      2.184565359250E+00      1.434467689699E+00
   97.000000      2.179668029713E+00      1.429951024655E+00
   97.100000      2.174955835848E+00      1.426845611671E+00
   97.200000      2.170892365146E+00      1.425114984600E+00
   97.300000      2.167877513041E+00      1.424488479227E+00
   97.400000      2.166012808842E+00      1.424459674336E+00
   97.500000      2.165067001424E+00      1.424412449060E+00
   97.600000      2.164640776372E+00      1.423828598152E+00
   97.700000      2.164369036441E+00      1.422485627630E+00
   97.800000      2.164040896410E+00      1.420567751304E+00
   97.900000      2.163649736054E+00      1.418654626125E+00
   98.000000      2.163401617545E+00      1.417582739690E+00
   98.100000      2.163645979634E+00      1.418201514333E+00
   98.200000      2.164712408251E+00      1.421093730474E+00
   98.300000      2.166749160620E+00      1.426373951398E+00
   98.400000      2.169697350278E+00      1.433661583606E+00
   98.500000      2.173406904074E+00      1.442235213226E+00
   98.600000      2.177756938782E+00      1.451277769656E+00
   98.700000      2.182670510135E+00      1.460096753187E+00
   98.800000      2.188058855997E+00      1.468256456832E+00
   98.900000      2.193792041559E+00      1.475621827077E+00
   99.000000      2.199709028263E+00      1.482331485457E+00
   99.100000      2.205613427318E+00      1.488709198758E+00
   99.200000      2.211266732248E+00      1.495133916195E+00
   99.300000      2.216449863908E+00      1.501914133645E+00
   99.400000      2.221084683705E+00      1.509210574910E+00
   99.500000      2.225297190594E+00      1.517013790209E+00
   99.600000      2.229327919735E+00      1.525152358097E+00
   99.700000      2.233340371511E+00      1.533314860874E+00
   99.800000      2.237290485927E+00      1.541093552054E+00
   99.900000      2.240972857486E+00      1.548059901161E+00
  100.000000      2.244187020342E+00      1.553859360607E+00
