# M=10, N=5, V0=0.0, V=-1.9, PBC
#  time (tJ)                 S₁(ℓ=5)                 S₂(ℓ=5)
    0.000000      1.115895506599E+00      9.060985786475E-01
    0.100000      1.128553842622E+00      9.137193223759E-01
    0.200000      1.164147812923E+00      9.356987651022E-01
    0.300000      1.216939428970E+00      9.695645157006E-01
    0.400000      1.280237093443E+00      1.011780774471E+00
    0.500000      1.348420022173E+00      1.058573095674E+00
    0.600000      1.418037949002E+00      1.106860353254E+00
    0.700000      1.487811606674E+00      1.154955147514E+00
    0.800000      1.557741651520E+00      1.202701879340E+00
    0.900000      1.627819976566E+00      1.250945699625E+00
    1.000000      1.696943218871E+00      1.300532526103E+00
    1.100000      1.762485252708E+00      1.351248046231E+00
    1.200000      1.820648338601E+00      1.401142631735E+00
    1.300000      1.867363276749E+00      1.446587401374E+00
    1.400000      1.899352876072E+00      1.483180516629E+00
    1.500000      1.914968645728E+00      1.507254311001E+00
    1.600000      1.914675215756E+00      1.517332293738E+00
    1.700000      1.901210786580E+00      1.514793268226E+00
    1.800000      1.879107084395E+00      1.503432245126E+00
    1.900000      1.853646472318E+00      1.488220381669E+00
    2.000000      1.829588302819E+00      1.473844805584E+00
    2.100000      1.810130965866E+00      1.463522752102E+00
    2.200000      1.796484793446E+00      1.458406105461E+00
    2.300000      1.788024111624E+00      1.457722597772E+00
    2.400000      1.782880779226E+00      1.459581374787E+00
    2.500000      1.779142479197E+00      1.462111269512E+00
    2.600000      1.776236765366E+00      1.464440970728E+00
    2.700000      1.775359921792E+00      1.467119743738E+00
    2.800000      1.778890456613E+00      1.471861935354E+00
    2.900000      1.789039245966E+00      1.480767114046E+00
    3.000000      1.806506217734E+00      1.495331267124E+00
    3.100000      1.830052865752E+00      1.515654406297E+00
    3.200000      1.856890787321E+00      1.540207619458E+00
    3.300000      1.883765524018E+00      1.566270775174E+00
    3.400000      1.908020757520E+00      1.590784131391E+00
    3.500000      1.928077915040E+00      1.611107865653E+00
    3.600000      1.943195285819E+00      1.625272265556E+00
    3.700000      1.952835211200E+00      1.631736002964E+00
    3.800000      1.956152780249E+00      1.629115121571E+00
    3.900000      1.951940049249E+00      1.616358842381E+00
    4.000000      1.939060979183E+00      1.593371362479E+00
    4.100000      1.917105894440E+00      1.561559458771E+00
    4.200000      1.886841635681E+00      1.523737347008E+00
    4.300000      1.850179027729E+00      1.483291763306E+00
    4.400000      1.809681359747E+00      1.443048352488E+00
    4.500000      1.767829615072E+00      1.404439205413E+00
    4.600000      1.726313931813E+00      1.367327603739E+00
    4.700000      1.685639157128E+00      1.330476389764E+00
    4.800000      1.645263599908E+00      1.292394715236E+00
    4.900000      1.604190957629E+00      1.252228003876E+00
    5.000000      1.561714733692E+00      1.210400164939E+00
    5.100000      1.518230974253E+00      1.168800461495E+00
    5.200000      1.475965835243E+00      1.130423845813E+00
    5.300000      1.438991233603E+00      1.098545557849E+00
    5.400000      1.412142883958E+00      1.075707346597E+00
    5.500000      1.398995008335E+00      1.062912616481E+00
    5.600000      1.400250337710E+00      1.059371545471E+00
    5.700000      1.413643585484E+00      1.062906317277E+00
    5.800000      1.434156754700E+00      1.070841571297E+00
    5.900000      1.456865633289E+00      1.081004116743E+00
    6.000000      1.478745869239E+00      1.092401752499E+00
    6.100000      1.499272856508E+00      1.105271277487E+00
    6.200000      1.519792513380E+00      1.120494554062E+00
    6.300000      1.541860368321E+00      1.138737607526E+00
    6.400000      1.565566232709E+00      1.159793545579E+00
    6.500000      1.589219548168E+00      1.182418750677E+00
    6.600000      1.610431916246E+00      1.204653538452E+00
    6.700000      1.627368014263E+00      1.224429387464E+00
    6.800000      1.639320259790E+00      1.240217199049E+00
    6.900000      1.646700224839E+00      1.251505230068E+00
    7.000000      1.650803062156E+00      1.258965307295E+00
    7.100000      1.653446223331E+00      1.264256722157E+00
    7.200000      1.656488516599E+00      1.269533569725E+00
    7.300000      1.661423308649E+00      1.276835132809E+00
    7.400000      1.669102245588E+00      1.287568597085E+00
    7.500000      1.679496261187E+00      1.302208716331E+00
    7.600000      1.691692497555E+00      1.320231418052E+00
    7.700000      1.704234209105E+00      1.340266271170E+00
    7.800000      1.715674261834E+00      1.360472598419E+00
    7.900000      1.725217771832E+00      1.379114522192E+00
    8.000000      1.733218078197E+00      1.395197145812E+00
    8.100000      1.741283579235E+00      1.408923674909E+00
    8.200000      1.751904771058E+00      1.421760403284E+00
    8.300000      1.767680159079E+00      1.436045737116E+00
    8.400000      1.790382437560E+00      1.454231229105E+00
    8.500000      1.820322375020E+00      1.477930777357E+00
    8.600000      1.855139663796E+00      1.507038466050E+00
    8.700000      1.890390694149E+00      1.539298600074E+00
    8.800000      1.921570979773E+00      1.570715817745E+00
    8.900000      1.945198840550E+00      1.596837145578E+00
    9.000000      1.959400969674E+00      1.614346780866E+00
    9.100000      1.964070033108E+00      1.622176492000E+00
    9.200000      1.960884468124E+00      1.621718100479E+00
    9.300000      1.953138027160E+00      1.616200737434E+00
    9.400000      1.944983257720E+00      1.609454450967E+00
    9.500000      1.939914470736E+00      1.604409232437E+00
    9.600000      1.939140808296E+00      1.601913655984E+00
    9.700000      1.940979063654E+00      1.600440499103E+00
    9.800000      1.941701478434E+00      1.596809899948E+00
    9.900000      1.937141144170E+00      1.587521560507E+00
   10.000000      1.924069455455E+00      1.570071171161E+00
   10.100000      1.900918938198E+00      1.543810019471E+00
   10.200000      1.868050845562E+00      1.510163380868E+00
   10.300000      1.827691164611E+00      1.472149147645E+00
   10.400000      1.783438000774E+00      1.433327220681E+00
   10.500000      1.739336947621E+00      1.396613948546E+00
   10.600000      1.698781855824E+00      1.363495010585E+00
   10.700000      1.663683660634E+00      1.333915972729E+00
   10.800000      1.634293482052E+00      1.306760847012E+00
   10.900000      1.609766217419E+00      1.280609374100E+00
   11.000000      1.588947757887E+00      1.254442969908E+00
   11.100000      1.571202348554E+00      1.228061592743E+00
   11.200000      1.556686642292E+00      1.202114419439E+00
   11.300000      1.544427973244E+00      1.177821146498E+00
   11.400000      1.533684033629E+00      1.156598501804E+00
   11.500000      1.524018466946E+00      1.139784995988E+00
   11.600000      1.515667749645E+00      1.128476050901E+00
   11.700000      1.509828299410E+00      1.123327328355E+00
   11.800000      1.508189906384E+00      1.124237758288E+00
   11.900000      1.511731684727E+00      1.130052473670E+00
   12.000000      1.519527983205E+00      1.138598924953E+00
   12.100000      1.528958907195E+00      1.147277833908E+00
   12.200000      1.537507095885E+00      1.154080187432E+00
   12.300000      1.544424176567E+00      1.158525428731E+00
   12.400000      1.551254611956E+00      1.161925191857E+00
   12.500000      1.560992891239E+00      1.166712684584E+00
   12.600000      1.576095755048E+00      1.175133853687E+00
   12.700000      1.596288013942E+00      1.187973020555E+00
   12.800000      1.617882481168E+00      1.203969612069E+00
   12.900000      1.635427869339E+00      1.220248468990E+00
   13.000000      1.644542511848E+00      1.233582801427E+00
   13.100000      1.643922893636E+00      1.241830342983E+00
   13.200000      1.635615278007E+00      1.244780695971E+00
   13.300000      1.623940873903E+00      1.244103385686E+00
   13.400000      1.613914761449E+00      1.242666746470E+00
   13.500000      1.609890137499E+00      1.243654887175E+00
   13.600000      1.613825555520E+00      1.249728714471E+00
   13.700000      1.625743185129E+00      1.262380768666E+00
   13.800000      1.644391064132E+00      1.281670666626E+00
   13.900000      1.667934992118E+00      1.306458169060E+00
   14.000000      1.694601661801E+00      1.335019306439E+00
   14.100000      1.723124155905E+00      1.365727604044E+00
   14.200000      1.752845482069E+00      1.397482567759E+00
   14.300000      1.783517258111E+00      1.429755938322E+00
   14.400000      1.814982193240E+00      1.462348293727E+00
   14.500000      1.846918690866E+00      1.495070999576E+00
   14.600000      1.878739313343E+00      1.527543592019E+00
   14.700000      1.909645100839E+00      1.559150671862E+00
   14.800000      1.938410288140E+00      1.589056262689E+00
   14.900000      1.963460315231E+00      1.616172031978E+00
   15.000000      1.983194698193E+00      1.639110956883E+00
   15.100000      1.996281877325E+00      1.656255819568E+00
   15.200000      2.001815169998E+00      1.665993611416E+00
   15.300000      1.999255098629E+00      1.666996959271E+00
   15.400000      1.988231401046E+00      1.658425389735E+00
   15.500000      1.968427913367E+00      1.640133438892E+00
   15.600000      1.939820108118E+00      1.613057942602E+00
   15.700000      1.903280135300E+00      1.579619825133E+00
   15.800000      1.861089292803E+00      1.543594233691E+00
   15.900000      1.816848548076E+00      1.509136478841E+00
   16.000000      1.774734533972E+00      1.479389510250E+00
   16.100000      1.738452459676E+00      1.455496546812E+00
   16.200000      1.710158575968E+00      1.436508880107E+00
   16.300000      1.689592921668E+00      1.420087069247E+00
   16.400000      1.674581588667E+00      1.403607041519E+00
   16.500000      1.662565361801E+00      1.385327054668E+00
   16.600000      1.652162288291E+00      1.365299681144E+00
   16.700000      1.644115476657E+00      1.345602236483E+00
   16.800000      1.641045026343E+00      1.329556088201E+00
   16.900000      1.645868052114E+00      1.320150400399E+00
   17.000000      1.659657555867E+00      1.318465957777E+00
   17.100000      1.680426080133E+00      1.322934189335E+00
   17.200000      1.703589938793E+00      1.329768981143E+00
   17.300000      1.723542878805E+00      1.334316258622E+00
   17.400000      1.735380386720E+00      1.332701573036E+00
   17.500000      1.736217666729E+00      1.323072059752E+00
   17.600000      1.725831650551E+00      1.305920792951E+00
   17.700000      1.706490664190E+00      1.283451067717E+00
   17.800000      1.682149979539E+00      1.258453998475E+00
   17.900000      1.656235033568E+00      1.233322400024E+00
   18.000000      1.631161588276E+00      1.209534193263E+00
   18.100000      1.607851056780E+00      1.187574965310E+00
   18.200000      1.585574450509E+00      1.167130499103E+00
   18.300000      1.562586397525E+00      1.147428304268E+00
   18.400000      1.537034753917E+00      1.127671989278E+00
   18.500000      1.507985769232E+00      1.107512460669E+00
   18.600000      1.476276583018E+00      1.087457322070E+00
   18.700000      1.444855726284E+00      1.069082275647E+00
   18.800000      1.418419511366E+00      1.054912567131E+00
   18.900000      1.402283877971E+00      1.047920021654E+00
   19.000000      1.400691926615E+00      1.050731516319E+00
   19.100000      1.415236700255E+00      1.064799431055E+00
   19.200000      1.444235400704E+00      1.089853485387E+00
   19.300000      1.483709337203E+00      1.123895469948E+00
   19.400000      1.529516589440E+00      1.163816378600E+00
   19.500000      1.578494383838E+00      1.206442051605E+00
   19.600000      1.628515277279E+00      1.249566150939E+00
   19.700000      1.678548626173E+00      1.292495768279E+00
   19.800000      1.728774644744E+00      1.335872625825E+00
   19.900000      1.780339747214E+00      1.380855638756E+00
   20.000000      1.833903231022E+00      1.427970233881E+00
   20.100000      1.886745914685E+00      1.476071987629E+00
   20.200000      1.934091719828E+00      1.521968819352E+00
   20.300000      1.971153609128E+00      1.561097121725E+00
   20.400000      1.994571587695E+00      1.589074199637E+00
   20.500000      2.003036326359E+00      1.603297815873E+00
   20.600000      1.997156491363E+00      1.603744042307E+00
   20.700000      1.979054817760E+00      1.592777617813E+00
   20.800000      1.951981071294E+00      1.574325121750E+00
   20.900000      1.919829148610E+00      1.552776959198E+00
   21.000000      1.886477248749E+00      1.531893824960E+00
   21.100000      1.854958811746E+00      1.514022419933E+00
   21.200000      1.826780808526E+00      1.499866703898E+00
   21.300000      1.801930007584E+00      1.488837700226E+00
   21.400000      1.779672008474E+00      1.479773422742E+00
   21.500000      1.759634794693E+00      1.471710763651E+00
   21.600000      1.742360076294E+00      1.464415636053E+00
   21.700000      1.729160157541E+00      1.458499872974E+00
   21.800000      1.721799540507E+00      1.455134802837E+00
   21.900000      1.721679389310E+00      1.455547806022E+00
   22.000000      1.729176782282E+00      1.460559192207E+00
   22.100000      1.743629304813E+00      1.470328453338E+00
   22.200000      1.763646660335E+00      1.484309767021E+00
   22.300000      1.787434991192E+00      1.501312973514E+00
   22.400000      1.812983746059E+00      1.519578817390E+00
   22.500000      1.838079478545E+00      1.536828749597E+00
   22.600000      1.860347199538E+00      1.550285479287E+00
   22.700000      1.877345854892E+00      1.556736442216E+00
   22.800000      1.886476705353E+00      1.552861125721E+00
   22.900000      1.884953844060E+00      1.536091136494E+00
   23.000000      1.870733894743E+00      1.505908104462E+00
   23.100000      1.843884196772E+00      1.464771718681E+00
   23.200000      1.807126720973E+00      1.417651293018E+00
   23.300000      1.765047899522E+00      1.370090888483E+00
   23.400000      1.722252610789E+00      1.326004829429E+00
   23.500000      1.681630942650E+00      1.286561105218E+00
   23.600000      1.643776420276E+00      1.250595423543E+00
   23.700000      1.607267208642E+00      1.216055491922E+00
   23.800000      1.570796116126E+00      1.181586975708E+00
   23.900000      1.534604694386E+00      1.147491661992E+00
   24.000000      1.500546356912E+00      1.115715823795E+00
   24.100000      1.471408737337E+00      1.089044039949E+00
   24.200000      1.449916128884E+00      1.070014604274E+00
   24.300000      1.437938305928E+00      1.060076894453E+00
   24.400000      1.436204105500E+00      1.059265045791E+00
   24.500000      1.444279486990E+00      1.066379663960E+00
   24.600000      1.460716166547E+00      1.079493102356E+00
   24.700000      1.483427422164E+00      1.096549670300E+00
   24.800000      1.510198886208E+00      1.115879744003E+00
   24.900000      1.539320213706E+00      1.136523816446E+00
   25.000000      1.570041961465E+00      1.158319448830E+00
   25.100000      1.602467431827E+00      1.181733810038E+00
   25.200000      1.636680314545E+00      1.207461700429E+00
   25.300000      1.672064806433E+00      1.235887423215E+00
   25.400000      1.707517682218E+00      1.266603823810E+00
   25.500000      1.741468217974E+00      1.298206360061E+00
   25.600000      1.771828343632E+00      1.328471120916E+00
   25.700000      1.796334074439E+00      1.354840663449E+00
   25.800000      1.813117862882E+00      1.375032646093E+00
   25.900000      1.821149251628E+00      1.387625186559E+00
   26.000000      1.820668008342E+00      1.392539869940E+00
   26.100000      1.813458708921E+00      1.391305524757E+00
   26.200000      1.802767533285E+00      1.386919585385E+00
   26.300000      1.792647508437E+00      1.383194333531E+00
   26.400000      1.786765260458E+00      1.383691571676E+00
   26.500000      1.787185675499E+00      1.390583013097E+00
   26.600000      1.793667500295E+00      1.403898378058E+00
   26.700000      1.803819277044E+00      1.421547084250E+00
   26.800000      1.814206491575E+00      1.440191283453E+00
   26.900000      1.821777263393E+00      1.456621638213E+00
   27.000000      1.824974842625E+00      1.469009614365E+00
   27.100000      1.824278744649E+00      1.477502699809E+00
   27.200000      1.822025522310E+00      1.484004641213E+00
   27.300000      1.821482350154E+00      1.491322985098E+00
   27.400000      1.825518050816E+00      1.502013991914E+00
   27.500000      1.835474938131E+00      1.517305854852E+00
   27.600000      1.850409782765E+00      1.536485654200E+00
   27.700000      1.867111269306E+00      1.557006562665E+00
   27.800000      1.881441289271E+00      1.575290897036E+00
   27.900000      1.889840596354E+00      1.587910615918E+00
   28.000000      1.890311934045E+00      1.592689921926E+00
   28.100000      1.882872925426E+00      1.589347594065E+00
   28.200000      1.869473543577E+00      1.579486262008E+00
   28.300000      1.853319964525E+00      1.565930304492E+00
   28.400000      1.837690755984E+00      1.551609637393E+00
   28.500000      1.824726522785E+00      1.538397690206E+00
   28.600000      1.814832748842E+00      1.526410821525E+00
   28.700000      1.806883060938E+00      1.514093572492E+00
   28.800000      1.798917881079E+00      1.499001960252E+00
   28.900000      1.788902471042E+00      1.478854038159E+00
   29.000000      1.775231913515E+00      1.452385739557E+00
   29.100000      1.757088751812E+00      1.419764691695E+00
   29.200000      1.734741277793E+00      1.382538546374E+00
   29.300000      1.709492516863E+00      1.343219181296E+00
   29.400000      1.683393190413E+00      1.304666454326E+00
   29.500000      1.658621655717E+00      1.269453608613E+00
   29.600000      1.636845175760E+00      1.239364015038E+00
   29.700000      1.618940160042E+00      1.215115846689E+00
   29.800000      1.605058055450E+00      1.196364292446E+00
   29.900000      1.594958814500E+00      1.181975953888E+00
   30.000000      1.588309184769E+00      1.170497546731E+00
   30.100000      1.584732560198E+00      1.160679111654E+00
   30.200000      1.583644245546E+00      1.151896735475E+00
   30.300000      1.584230380157E+00      1.144356346083E+00
   30.400000      1.585865863539E+00      1.139023135629E+00
   30.500000      1.588603471934E+00      1.137288182123E+00
   30.600000      1.593200099575E+00      1.140452615597E+00
   30.700000      1.600687730286E+00      1.149175464706E+00
   30.800000      1.611751728004E+00      1.163070230535E+00
   30.900000      1.626222560905E+00      1.180622133796E+00
   31.000000      1.643023209283E+00      1.199519037440E+00
   31.100000      1.660537914788E+00      1.217339391888E+00
   31.200000      1.677298740576E+00      1.232354840143E+00
   31.300000      1.692515864450E+00      1.244094009092E+00
   31.400000      1.706303105001E+00      1.253388938654E+00
   31.500000      1.719407288920E+00      1.261860212920E+00
   31.600000      1.732317239030E+00      1.271055161164E+00
   31.700000      1.744348531991E+00      1.281632450616E+00
   31.800000      1.753673807998E+00      1.293011435955E+00
   31.900000      1.758390516149E+00      1.303692524751E+00
   32.000000      1.757647153787E+00      1.312061286998E+00
   32.100000      1.752009059388E+00      1.317203387628E+00
   32.200000      1.743065977818E+00      1.319333454781E+00
   32.300000      1.732820324175E+00      1.319755271140E+00
   32.400000      1.723268783418E+00      1.320487891877E+00
   32.500000      1.716146343200E+00      1.323718283855E+00
   32.600000      1.712741705206E+00      1.331227454496E+00
   32.700000      1.713752227619E+00      1.343953297971E+00
   32.800000      1.719269379414E+00      1.361826814955E+00
   32.900000      1.728992536610E+00      1.383908527891E+00
   33.000000      1.742385457210E+00      1.408720676277E+00
   33.100000      1.758535375648E+00      1.434612370849E+00
   33.200000      1.776267696589E+00      1.460049218994E+00
   33.300000      1.794378323554E+00      1.483832078733E+00
   33.400000      1.811925890781E+00      1.505307476818E+00
   33.500000      1.828606314010E+00      1.524562355967E+00
   33.600000      1.844907608104E+00      1.542459737394E+00
   33.700000      1.861815191030E+00      1.560335665972E+00
   33.800000      1.880180726060E+00      1.579342087809E+00
   33.900000      1.900058868588E+00      1.599679451201E+00
   34.000000      1.920279647538E+00      1.620097206411E+00
   34.100000      1.938516892169E+00      1.637942661348E+00
   34.200000      1.951859535623E+00      1.649772056921E+00
   34.300000      1.957520640031E+00      1.652249774048E+00
   34.400000      1.953355011967E+00      1.642965530828E+00
   34.500000      1.938364440893E+00      1.621025599857E+00
   34.600000      1.913145904824E+00      1.587511883509E+00
   34.700000      1.879946617904E+00      1.545671718906E+00
   34.800000      1.842183112090E+00      1.500329053711E+00
   34.900000      1.803482919105E+00      1.456366414103E+00
   35.000000      1.766897913371E+00      1.417019033405E+00
   35.100000      1.734278185582E+00      1.383006611285E+00
   35.200000      1.705809524505E+00      1.352918831448E+00
   35.300000      1.680228804670E+00      1.324507764865E+00
   35.400000      1.655990321236E+00      1.296179627165E+00
   35.500000      1.632653495403E+00      1.268013711227E+00
   35.600000      1.611351532350E+00      1.241897663693E+00
   35.700000      1.594918212056E+00      1.220761659767E+00
   35.800000      1.586809290554E+00      1.207306974641E+00
   35.900000      1.589183288421E+00      1.202840331618E+00
   36.000000      1.601438632245E+00      1.206705541236E+00
   36.100000      1.620395581113E+00      1.216467698200E+00
   36.200000      1.641733948318E+00      1.228689043169E+00
   36.300000      1.661439824933E+00      1.239961702065E+00
   36.400000      1.676779217955E+00      1.247825118766E+00
   36.500000      1.686678237270E+00      1.251271680482E+00
   36.600000      1.691566670196E+00      1.250714776271E+00
   36.700000      1.692850697489E+00      1.247498516900E+00
   36.800000      1.692196748020E+00      1.243181170736E+00
   36.900000      1.690847780750E+00      1.238875247205E+00
   37.000000      1.689140002782E+00      1.234871756149E+00
   37.100000      1.686257543311E+00      1.230640186266E+00
   37.200000      1.680462672901E+00      1.225136615685E+00
   37.300000      1.669866856127E+00      1.217249206726E+00
   37.400000      1.653391548782E+00      1.206221130448E+00
   37.500000      1.631369686315E+00      1.191986894991E+00
   37.600000      1.605611694790E+00      1.175426773141E+00
   37.700000      1.579242546170E+00      1.158512437566E+00
   37.800000      1.556532124369E+00      1.144229597847E+00
   37.900000      1.542321507482E+00      1.136127068051E+00
   38.000000      1.540652415986E+00      1.137453562096E+00
   38.100000      1.553063229510E+00      1.150107621491E+00
   38.200000      1.577704149486E+00      1.173873833011E+00
   38.300000      1.610257412856E+00      1.206416240882E+00
   38.400000      1.646269571218E+00      1.244168786414E+00
   38.500000      1.682936190281E+00      1.283759999593E+00
   38.600000      1.719253529609E+00      1.323257988999E+00
   38.700000      1.755364722271E+00      1.362599532156E+00
   38.800000      1.791847890707E+00      1.403020011161E+00
   38.900000      1.828912505053E+00      1.445790884219E+00
   39.000000      1.865670772370E+00      1.490867241458E+00
   39.100000      1.900135063796E+00      1.536120665543E+00
   39.200000      1.929692542146E+00      1.577624370631E+00
   39.300000      1.951708695802E+00      1.610921974174E+00
   39.400000      1.963028739768E+00      1.632602738225E+00
   39.500000      1.962332471745E+00      1.641332081128E+00
   39.600000      1.950343956066E+00      1.637940906710E+00
   39.700000      1.929038985601E+00      1.624804650506E+00
   39.800000      1.901032638592E+00      1.604987886115E+00
   39.900000      1.869087108937E+00      1.581490420967E+00
   40.000000      1.835709452091E+00      1.556746901774E+00
   40.100000      1.802896024857E+00      1.532439347432E+00
   40.200000      1.772286129974E+00      1.509581753557E+00
   40.300000      1.745283042175E+00      1.488719749099E+00
   40.400000      1.722996749096E+00      1.470083244141E+00
   40.500000      1.706144288711E+00      1.453651734004E+00
   40.600000      1.694829514927E+00      1.439204039809E+00
   40.700000      1.688513923152E+00      1.426441308115E+00
   40.800000      1.686754686891E+00      1.415216200969E+00
   40.900000      1.689768576455E+00      1.405808562165E+00
   41.000000      1.698405689924E+00      1.399095770068E+00
   41.100000      1.713585202264E+00      1.396436989060E+00
   41.200000      1.735649001234E+00      1.399181448958E+00
   41.300000      1.763977766576E+00      1.407917421600E+00
   41.400000      1.796677060178E+00      1.421791399224E+00
   41.500000      1.830742811815E+00      1.438270215912E+00
   41.600000      1.862536501153E+00      1.453503780564E+00
   41.700000      1.888217101101E+00      1.463129610776E+00
   41.800000      1.904042163937E+00      1.463265017691E+00
   41.900000      1.906843318441E+00      1.451583042239E+00
   42.000000      1.895009273881E+00      1.428289049680E+00
   42.100000      1.869603701361E+00      1.396387119623E+00
   42.200000      1.834575926888E+00      1.360667471269E+00
   42.300000      1.795382787420E+00      1.325761143511E+00
   42.400000      1.756554263388E+00      1.294395278128E+00
   42.500000      1.719833220794E+00      1.266775824909E+00
   42.600000      1.684337687192E+00      1.241240647625E+00
   42.700000      1.648374129243E+00      1.215683238930E+00
   42.800000      1.611250183269E+00      1.188974080685E+00
   42.900000      1.574102441038E+00      1.161705199370E+00
   43.000000      1.539693307607E+00      1.136000782476E+00
   43.100000      1.511400695871E+00      1.114636096245E+00
   43.200000      1.492007571000E+00      1.099987520361E+00
   43.300000      1.483058326292E+00      1.093296388572E+00
   43.400000      1.484674740324E+00      1.094479128689E+00
   43.500000      1.495792853567E+00      1.102430334800E+00
   43.600000      1.514317575190E+00      1.115579493870E+00
   43.700000      1.537525046741E+00      1.132430250964E+00
   43.800000      1.562913540460E+00      1.151905608886E+00
   43.900000      1.589024758715E+00      1.173466113324E+00
   44.000000      1.615646475937E+00      1.197071927952E+00
   44.100000      1.643351573520E+00      1.223065500240E+00
   44.200000      1.672814875349E+00      1.251977787876E+00
   44.300000      1.704411586946E+00      1.284201877787E+00
   44.400000      1.737549468252E+00      1.319523299644E+00
   44.500000      1.770481951166E+00      1.356641689390E+00
   44.600000      1.800680988390E+00      1.392956544750E+00
   44.700000      1.825198860779E+00      1.424884892656E+00
   44.800000      1.841326932880E+00      1.448765769435E+00
   44.900000      1.847278437938E+00      1.462083572114E+00
   45.000000      1.842801006434E+00      1.464536761575E+00
   45.100000      1.829409894664E+00      1.458500153165E+00
   45.200000      1.810567330734E+00      1.448578143501E+00
   45.300000      1.791088526979E+00      1.440211819859E+00
   45.400000      1.775671323676E+00      1.437766960478E+00
   45.500000      1.767089514345E+00      1.442947442282E+00
   45.600000      1.765136401982E+00      1.454340471996E+00
   45.700000      1.767227619400E+00      1.468363278248E+00
   45.800000      1.770274972117E+00      1.481128306669E+00
   45.900000      1.772351123593E+00      1.490194031928E+00
   46.000000      1.773656839128E+00      1.495305625947E+00
   46.100000      1.776369175109E+00      1.498036727522E+00
   46.200000      1.783791369012E+00      1.500891112546E+00
   46.300000      1.798761881030E+00      1.506342944383E+00
   46.400000      1.822150767662E+00      1.515968740334E+00
   46.500000      1.852168840278E+00      1.529815032224E+00
   46.600000      1.884742366937E+00      1.546253836524E+00
   46.700000      1.915015173975E+00      1.562441702370E+00
   46.800000      1.938893426375E+00      1.575208269034E+00
   46.900000      1.953870023414E+00      1.582019627655E+00
   47.000000      1.959127910567E+00      1.581655195340E+00
   47.100000      1.955252584277E+00      1.574357967127E+00
   47.200000      1.943870340018E+00      1.561442059664E+00
   47.300000      1.927228849416E+00      1.544587146610E+00
   47.400000      1.907595315795E+00      1.525170817500E+00
   47.500000      1.886596046593E+00      1.503918538285E+00
   47.600000      1.864775285797E+00      1.480946755877E+00
   47.700000      1.841783681425E+00      1.456058249607E+00
   47.800000      1.817181375209E+00      1.429050216357E+00
   47.900000      1.790950698735E+00      1.399886057341E+00
   48.000000      1.763473935124E+00      1.368766358298E+00
   48.100000      1.735205926211E+00      1.336214500435E+00
   48.200000      1.706499364692E+00      1.303203026327E+00
   48.300000      1.677823585211E+00      1.271215685420E+00
   48.400000      1.650208709373E+00      1.242106723138E+00
   48.500000      1.625591739964E+00      1.217713249256E+00
   48.600000      1.606232407061E+00      1.199330925783E+00
   48.700000      1.592733364663E+00      1.187266553664E+00
   48.800000      1.584621074740E+00      1.180660904365E+00
   48.900000      1.581126985422E+00      1.177659887995E+00
   49.000000      1.581290873836E+00      1.175892601197E+00
   49.100000      1.583634448461E+00      1.173148435832E+00
   49.200000      1.586052190505E+00      1.168109755295E+00
   49.300000      1.586630710005E+00      1.160929485034E+00
   49.400000      1.585121736168E+00      1.153359767199E+00
   49.500000      1.583769218755E+00      1.148203621708E+00
   49.600000      1.586323848859E+00      1.148196995510E+00
   49.700000      1.595351071175E+00      1.154830080163E+00
   49.800000      1.610232081993E+00      1.167716897307E+00
   49.900000      1.627945203937E+00      1.184824243808E+00
   50.000000      1.645230076087E+00      1.203403979190E+00
   50.100000      1.660185741249E+00      1.221123608537E+00
   50.200000      1.672768633013E+00      1.236837780317E+00
   50.300000      1.684284430082E+00      1.250696233602E+00
   50.400000      1.696270238615E+00      1.263667488895E+00
   50.500000      1.709401213583E+00      1.276834945867E+00
   50.600000      1.722981809480E+00      1.290854668853E+00
   50.700000      1.735254714674E+00      1.305772935318E+00
   50.800000      1.744268634620E+00      1.321144988390E+00
   50.900000      1.748676190536E+00      1.336269961551E+00
   51.000000      1.748126685951E+00      1.350418353897E+00
   51.100000      1.743455537150E+00      1.363039175237E+00
   51.200000      1.736414963960E+00      1.373949256823E+00
   51.300000      1.729102347367E+00      1.383457271844E+00
   51.400000      1.723531337746E+00      1.392368267740E+00
   51.500000      1.721347936464E+00      1.401860176250E+00
   51.600000      1.723835895967E+00      1.413254655489E+00
   51.700000      1.732065744486E+00      1.427702600231E+00
   51.800000      1.746715157134E+00      1.445815437666E+00
   51.900000      1.767166542330E+00      1.467328156193E+00
   52.000000      1.791330901257E+00      1.490944389809E+00
   52.100000      1.816131604640E+00      1.514507535881E+00
   52.200000      1.838409315054E+00      1.535522494581E+00
   52.300000      1.855843531122E+00      1.551892784439E+00
   52.400000      1.867517844485E+00      1.562654522549E+00
   52.500000      1.874226813420E+00      1.568468633482E+00
   52.600000      1.878422623415E+00      1.571595120097E+00
   52.700000      1.883519265336E+00      1.575142246755E+00
   52.800000      1.892567625044E+00      1.581739983362E+00
   52.900000      1.906795773513E+00      1.592222048546E+00
   53.000000      1.924799276047E+00      1.604981071378E+00
   53.100000      1.942938321787E+00      1.616295476117E+00
   53.200000      1.956613539641E+00      1.621430318017E+00
   53.300000      1.961683162890E+00      1.616060030360E+00
   53.400000      1.955533392690E+00      1.597628261942E+00
   53.500000      1.937600614765E+00      1.566327434252E+00
   53.600000      1.909433824626E+00      1.525262063605E+00
   53.700000      1.874433549959E+00      1.479491434768E+00
   53.800000      1.836763238753E+00      1.434296043069E+00
   53.900000      1.799906776324E+00      1.393541919645E+00
   54.000000      1.765797744760E+00      1.358847596269E+00
   54.100000      1.734849932701E+00      1.329700767194E+00
   54.200000      1.706521642326E+00      1.304266148265E+00
   54.300000      1.679922256818E+00      1.280486482091E+00
   54.400000      1.654339816864E+00      1.257073122963E+00
   54.500000      1.629781769658E+00      1.234051695177E+00
   54.600000      1.607342334881E+00      1.212697791291E+00
   54.700000      1.589009228058E+00      1.194949564774E+00
   54.800000      1.576868832188E+00      1.182601905944E+00
   54.900000      1.572187751962E+00      1.176634886706E+00
   55.000000      1.574798594913E+00      1.176891133524E+00
   55.100000      1.583204607319E+00      1.182122511744E+00
   55.200000      1.595217475553E+00      1.190311721160E+00
   55.300000      1.608331325794E+00      1.199155902231E+00
   55.400000      1.620167010396E+00      1.206607749904E+00
   55.500000      1.629109124229E+00      1.211355443540E+00
   55.600000      1.634615057835E+00      1.213101260967E+00
   55.700000      1.637214434580E+00      1.212519262831E+00
   55.800000      1.638252892208E+00      1.210864697359E+00
   55.900000      1.639247081049E+00      1.209348592899E+00
   56.000000      1.640830324695E+00      1.208514506379E+00
   56.100000      1.641879679459E+00      1.207896552058E+00
   56.200000      1.639727422890E+00      1.206162858426E+00
   56.300000      1.631505786120E+00      1.201749557043E+00
   56.400000      1.615672520036E+00      1.193731430333E+00
   56.500000      1.592936988995E+00      1.182524854792E+00
   56.600000      1.566199348544E+00      1.170110378115E+00
   56.700000      1.540222527114E+00      1.159708607526E+00
   56.800000      1.520698899953E+00      1.155036512293E+00
   56.900000      1.512498255961E+00      1.159348230122E+00
   57.000000      1.517836423417E+00      1.174506513347E+00
   57.100000      1.535397292547E+00      1.200373355425E+00
   57.200000      1.561254016174E+00      1.234793926467E+00
   57.300000      1.591207535957E+00      1.274299690069E+00
   57.400000      1.622976108491E+00      1.315340207731E+00
   57.500000      1.656745447329E+00      1.355495254972E+00
   57.600000      1.693262895778E+00      1.394046549752E+00
   57.700000      1.732647658410E+00      1.431675057681E+00
   57.800000      1.774427663489E+00      1.469565766163E+00
   57.900000      1.817394618926E+00      1.508409721560E+00
   58.000000      1.859646605625E+00      1.547707208113E+00
   58.100000      1.898833919069E+00      1.585628285696E+00
   58.200000      1.932618066811E+00      1.619494274585E+00
   58.300000      1.959206960831E+00      1.646646644221E+00
   58.400000      1.977667635667E+00      1.665218549748E+00
   58.500000      1.987821508449E+00      1.674384826212E+00
   58.600000      1.989816190994E+00      1.674074843071E+00
   58.700000      1.983689946790E+00      1.664548660778E+00
   58.800000      1.969266151716E+00      1.646268479936E+00
   58.900000      1.946533192049E+00      1.620149771794E+00
   59.000000      1.916232873429E+00      1.587912935771E+00
   59.100000      1.880300175014E+00      1.552163388943E+00
   59.200000      1.841884932254E+00      1.516006006670E+00
   59.300000      1.804945764433E+00      1.482298786105E+00
   59.400000      1.772857829249E+00      1.452894573067E+00
   59.500000      1.746850581201E+00      1.428258233018E+00
   59.600000      1.727115967910E+00      1.407656947494E+00
   59.700000      1.712923423888E+00      1.389834455249E+00
   59.800000      1.703068238905E+00      1.373858706652E+00
   59.900000      1.696648098633E+00      1.359764943416E+00
   60.000000      1.693939981126E+00      1.348707107868E+00
   60.100000      1.696722997594E+00      1.342526953884E+00
   60.200000      1.707172018776E+00      1.342879483254E+00
   60.300000      1.726267965478E+00      1.350246141874E+00
   60.400000      1.752612414266E+00      1.363246210104E+00
   60.500000      1.782219735444E+00      1.378558360431E+00
   60.600000      1.809313475161E+00      1.391523027245E+00
   60.700000      1.827933659284E+00      1.397267708935E+00
   60.800000      1.833501667466E+00      1.392092003056E+00
   60.900000      1.823939450328E+00      1.374744082366E+00
   61.000000      1.800244692646E+00      1.347006768382E+00
   61.100000      1.766170573611E+00      1.313051166990E+00
   61.200000      1.726786270068E+00      1.277691439783E+00
   61.300000      1.686413388619E+00      1.244479882487E+00
   61.400000      1.647153225690E+00      1.214661293942E+00
   61.500000      1.608869887250E+00      1.187362797438E+00
   61.600000      1.570281936743E+00      1.160688562079E+00
   61.700000      1.530243133045E+00      1.133054871066E+00
   61.800000      1.488677456287E+00      1.104165473154E+00
   61.900000      1.447083967992E+00      1.075324076332E+00
   62.000000      1.408563469875E+00      1.049108382458E+00
   62.100000      1.377264185030E+00      1.028646558382E+00
   62.200000      1.357330870254E+00      1.016798784850E+00
   62.300000      1.351765727272E+00      1.015486213048E+00
   62.400000      1.361659070839E+00      1.025301391539E+00
   62.500000      1.385819501251E+00      1.045446358358E+00
   62.600000      1.421001662916E+00      1.073993830143E+00
   62.700000      1.463289751513E+00      1.108421697342E+00
   62.800000      1.509406392324E+00      1.146302893469E+00
   62.900000      1.557605029589E+00      1.185956389157E+00
   63.000000      1.607086171032E+00      1.226830786521E+00
   63.100000      1.657745828713E+00      1.269446428603E+00
   63.200000      1.709611452883E+00      1.314863771296E+00
   63.300000      1.761850367302E+00      1.363812437663E+00
   63.400000      1.812308329094E+00      1.415744333123E+00
   63.500000      1.857786475759E+00      1.468170988910E+00
   63.600000      1.894796224096E+00      1.516707038940E+00
   63.700000      1.920368476747E+00      1.556100722026E+00
   63.800000      1.932671260161E+00      1.581996491664E+00
   63.900000      1.931474072118E+00      1.592547768737E+00
   64.000000      1.918354121338E+00      1.589034628073E+00
   64.100000      1.896548783152E+00      1.575385665346E+00
   64.200000      1.870566596115E+00      1.557009945182E+00
   64.300000      1.845388090014E+00      1.539268370002E+00
   64.400000      1.825093411245E+00      1.525904655135E+00
   64.500000      1.811326828659E+00      1.518007242164E+00
   64.600000      1.802802534291E+00      1.514061372381E+00
   64.700000      1.796537042789E+00      1.511132370574E+00
   64.800000      1.789859859763E+00      1.506550433189E+00
   64.900000      1.781902338595E+00      1.499198452577E+00
   65.000000      1.773959661681E+00      1.489867168071E+00
   65.100000      1.768847412225E+00      1.480752122500E+00
   65.200000      1.769702262765E+00      1.474497908288E+00
   65.300000      1.778648865317E+00      1.473200852144E+00
   65.400000      1.795819575261E+00      1.477690558774E+00
   65.500000      1.819333422545E+00      1.487290104393E+00
   65.600000      1.846178998581E+00      1.500074366777E+00
   65.700000      1.873092103119E+00      1.513456675294E+00
   65.800000      1.897341253724E+00      1.524832944308E+00
   65.900000      1.916920528410E+00      1.532054325738E+00
   66.000000      1.930348068465E+00      1.533643127329E+00
   66.100000      1.936407884030E+00      1.528800450104E+00
   66.200000      1.934046085279E+00      1.517312643614E+00
   66.300000      1.922543513214E+00      1.499467005492E+00
   66.400000      1.901851558952E+00      1.476039057419E+00
   66.500000      1.872918902756E+00      1.448294315053E+00
   66.600000      1.837783529362E+00      1.417838810179E+00
   66.700000      1.799286828417E+00      1.386213439249E+00
   66.800000      1.760267394467E+00      1.354362513633E+00
   66.900000      1.722508918305E+00      1.322297326295E+00
   67.000000      1.686061009724E+00      1.289227513606E+00
   67.100000      1.649431676203E+00      1.254182720261E+00
   67.200000      1.610719193798E+00      1.216866992152E+00
   67.300000      1.568972094887E+00      1.178319548330E+00
   67.400000      1.525115843961E+00      1.140981007604E+00
   67.500000      1.482092766511E+00      1.108025331909E+00
   67.600000      1.444111985737E+00      1.082230311294E+00
   67.700000      1.415278618851E+00      1.064961514058E+00
   67.800000      1.397992610038E+00      1.055792865428E+00
   67.900000      1.392039864196E+00      1.052910146066E+00
   68.000000      1.395328736667E+00      1.054019564122E+00
   68.100000      1.405067016551E+00      1.057291596736E+00
   68.200000      1.418466988985E+00      1.061973011867E+00
   68.300000      1.433844665653E+00      1.068527090821E+00
   68.400000      1.451289690475E+00      1.078324778676E+00
   68.500000      1.472114005446E+00      1.092995678798E+00
   68.600000      1.497445437788E+00      1.113644505299E+00
   68.700000      1.526893699510E+00      1.140238371825E+00
   68.800000      1.558314524225E+00      1.171458602066E+00
   68.900000      1.588921214986E+00      1.205118917606E+00
   69.000000      1.616701680034E+00      1.238957908760E+00
   69.100000      1.641145022129E+00      1.271396655492E+00
   69.200000      1.663107942250E+00      1.301866390240E+00
   69.300000      1.683999649379E+00      1.330574388579E+00
   69.400000      1.704861402565E+00      1.357933791383E+00
   69.500000      1.725957931877E+00      1.384076103328E+00
   69.600000      1.746787599325E+00      1.408726970625E+00
   69.700000      1.766370678831E+00      1.431380283863E+00
   69.800000      1.783484258111E+00      1.451489649995E+00
   69.900000      1.797031425496E+00      1.468499077395E+00
   70.000000      1.806376622885E+00      1.481790409979E+00
   70.100000      1.811430222302E+00      1.490737398298E+00
   70.200000      1.812515730403E+00      1.494943989197E+00
   70.300000      1.810237927440E+00      1.494580967868E+00
   70.400000      1.805648148697E+00      1.490687847140E+00
   70.500000      1.800587915400E+00      1.485326323960E+00
   70.600000      1.797950145058E+00      1.481424461929E+00
   70.700000      1.801256543885E+00      1.482122826067E+00
   70.800000      1.813175508785E+00      1.489666983323E+00
   70.900000      1.833742598689E+00      1.504328325361E+00
   71.000000      1.859937419397E+00      1.524026535827E+00
   71.100000      1.887053920911E+00      1.544969791205E+00
   71.200000      1.910184567915E+00      1.562991146937E+00
   71.300000      1.925690658215E+00      1.574921939472E+00
   71.400000      1.932157940851E+00      1.579529061068E+00
   71.500000      1.930532534148E+00      1.577843411461E+00
   71.600000      1.923837014089E+00      1.572749556308E+00
   71.700000      1.916232408111E+00      1.567780527053E+00
   71.800000      1.911341922148E+00      1.565495732463E+00
   71.900000      1.910491254664E+00      1.566236919105E+00
   72.000000      1.912205313491E+00      1.567902234155E+00
   72.100000      1.913113562519E+00      1.566738314107E+00
   72.200000      1.909289329063E+00      1.558633697612E+00
   72.300000      1.897332846698E+00      1.540408132720E+00
   72.400000      1.875142125977E+00      1.510845553127E+00
   72.500000      1.842441295341E+00      1.471206025199E+00
   72.600000      1.800865331794E+00      1.424862622291E+00
   72.700000      1.753456507372E+00      1.376089185301E+00
   72.800000      1.703753216021E+00      1.328630945952E+00
   72.900000      1.654782995894E+00      1.284792779053E+00
   73.000000      1.608508314365E+00      1.245321669019E+00
   73.100000      1.565886051663E+00      1.209874591555E+00
   73.200000      1.527268467998E+00      1.177683116215E+00
   73.300000      1.492763246159E+00      1.148106936393E+00
   73.400000      1.462414873674E+00      1.120949864306E+00
   73.500000      1.436413136985E+00      1.096564820705E+00
   73.600000      1.415205763328E+00      1.075824518450E+00
   73.700000      1.399348557228E+00      1.059989354526E+00
   73.800000      1.389560294183E+00      1.050445987454E+00
   73.900000      1.387019002443E+00      1.048300862149E+00
   74.000000      1.393089577647E+00      1.053905455207E+00
   74.100000      1.408198471722E+00      1.066501089313E+00
   74.200000      1.430816339235E+00      1.084206471475E+00
   74.300000      1.458005508240E+00      1.104476410707E+00
   74.400000      1.486814963617E+00      1.124956292309E+00
   74.500000      1.515520374918E+00      1.144416079223E+00
   74.600000      1.544212646767E+00      1.163290867876E+00
   74.700000      1.574468136502E+00      1.183444139849E+00
   74.800000      1.608080939901E+00      1.207141459442E+00
   74.900000      1.645192233374E+00      1.235649811138E+00
   75.000000      1.682999308795E+00      1.268097876664E+00
   75.100000      1.716301027295E+00      1.301200425960E+00
   75.200000      1.739563121150E+00      1.330173339239E+00
   75.300000      1.749243345831E+00      1.350571624180E+00
   75.400000      1.745045864077E+00      1.360104011374E+00
   75.500000      1.729758179911E+00      1.359412494014E+00
   75.600000      1.708214281576E+00      1.351588287500E+00
   75.700000      1.685928879418E+00      1.340983869201E+00
   75.800000      1.667581497794E+00      1.331956534006E+00
   75.900000      1.656204037603E+00      1.327880602173E+00
   76.000000      1.652948087424E+00      1.330595619283E+00
   76.100000      1.657152815918E+00      1.340377959023E+00
   76.200000      1.667128490919E+00      1.356365672130E+00
   76.300000      1.681252623456E+00      1.377188077531E+00
   76.400000      1.698700312951E+00      1.401502562278E+00
   76.500000      1.719605598591E+00      1.428264165738E+00
   76.600000      1.744717316054E+00      1.456740581346E+00
   76.700000      1.774627549319E+00      1.486391858780E+00
   76.800000      1.808844975710E+00      1.516725837600E+00
   76.900000      1.845662129254E+00      1.547190374140E+00
   77.000000      1.882861279665E+00      1.577122601626E+00
   77.100000      1.918488530382E+00      1.605730782267E+00
   77.200000      1.951120636102E+00      1.632053513975E+00
   77.300000      1.979720898347E+00      1.654875921836E+00
   77.400000      2.003311409896E+00      1.672651548227E+00
   77.500000      2.020681831902E+00      1.683503229931E+00
   77.600000      2.030245950710E+00      1.685372011066E+00
   77.700000      2.030111286597E+00      1.676399533379E+00
   77.800000      2.018440465998E+00      1.655593845147E+00
   77.900000      1.994112859277E+00      1.623611704226E+00
   78.000000      1.957499417062E+00      1.583170585655E+00
   78.100000      1.910951399547E+00      1.538574452992E+00
   78.200000      1.858603337356E+00      1.494369011298E+00
   78.300000      1.805413067494E+00      1.453820667634E+00
   78.400000      1.755797351029E+00      1.418038911479E+00
   78.500000      1.712463215861E+00      1.386079541278E+00
   78.600000      1.675845636074E+00      1.355830926087E+00
   78.700000      1.644460980318E+00      1.325271725955E+00
   78.800000      1.616276543897E+00      1.293675161067E+00
   78.900000      1.590377958777E+00      1.262294623489E+00
   79.000000      1.568001088648E+00      1.234115362420E+00
   79.100000      1.552139545472E+00      1.212668570266E+00
   79.200000      1.545794097716E+00      1.200489752754E+00
   79.300000      1.550032656042E+00      1.198005159134E+00
   79.400000      1.563077166364E+00      1.203289491572E+00
   79.500000      1.580704987013E+00      1.212646655201E+00
   79.600000      1.597548417108E+00      1.221688071978E+00
   79.700000      1.608679075447E+00      1.226535755745E+00
   79.800000      1.610891769676E+00      1.224816460646E+00
   79.900000      1.603511763543E+00      1.216180723673E+00
   80.000000      1.588420580401E+00      1.202202207086E+00
   80.100000      1.569277891245E+00      1.185692136803E+00
   80.200000      1.550246137515E+00      1.169665140518E+00
   80.300000      1.534480944231E+00      1.156338535355E+00
   80.400000      1.522954065323E+00      1.146533277092E+00
   80.500000      1.514248225683E+00      1.139658455411E+00
   80.600000      1.505682217410E+00      1.134219194070E+00
   80.700000      1.494561721105E+00      1.128613906184E+00
   80.800000      1.479435252649E+00      1.121924866926E+00
   80.900000      1.460742394577E+00      1.114441549960E+00
   81.000000      1.440927244948E+00      1.107756084836E+00
   81.100000      1.423986319643E+00      1.104402131995E+00
   81.200000      1.414393362645E+00      1.107142973085E+00
   81.300000      1.415746447744E+00      1.118121098565E+00
   81.400000      1.429666079053E+00      1.138137708662E+00
   81.500000      1.455367325525E+00      1.166326640983E+00
   81.600000      1.490256815522E+00      1.200404962861E+00
   81.700000      1.531490492415E+00      1.237493787235E+00
   81.800000      1.576836912572E+00      1.275234238516E+00
   81.900000      1.625378094108E+00      1.312714228482E+00
   82.000000      1.677917851966E+00      1.350743832217E+00
   82.100000      1.735576042378E+00      1.391293136165E+00
   82.200000      1.798210267596E+00      1.436272515486E+00
   82.300000      1.863430199918E+00      1.486123129611E+00
   82.400000      1.926660962118E+00      1.538838159170E+00
   82.500000      1.982266718700E+00      1.589988759107E+00
   82.600000      2.025176089145E+00      1.633934312258E+00
   82.700000      2.052176772038E+00      1.665692928022E+00
   82.800000      2.062373899259E+00      1.682475903430E+00
   82.900000      2.056983024738E+00      1.684221032517E+00
   83.000000      2.038930615773E+00      1.673244225391E+00
   83.100000      2.012372367097E+00      1.653458417026E+00
   83.200000      1.981844079343E+00      1.629385683749E+00
   83.300000      1.951055856964E+00      1.605048217669E+00
   83.400000      1.922084609939E+00      1.582987583790E+00
   83.500000      1.895255228489E+00      1.563802685003E+00
   83.600000      1.869546317767E+00      1.546455597736E+00
   83.700000      1.843513471477E+00      1.529215409185E+00
   83.800000      1.816325461617E+00      1.510744619038E+00
   83.900000      1.788345509762E+00      1.490772975675E+00
   84.000000      1.761077264431E+00      1.470117614893E+00
   84.100000      1.736650057559E+00      1.450224301618E+00
   84.200000      1.717177990244E+00      1.432596814020E+00
   84.300000      1.704145311395E+00      1.418394428932E+00
   84.400000      1.698203437238E+00      1.408276603700E+00
   84.500000      1.699282443821E+00      1.402414399104E+00
   84.600000      1.706574128730E+00      1.400527913119E+00
   84.700000      1.718861216605E+00      1.401848910897E+00
   84.800000      1.734439823195E+00      1.405015385369E+00
   84.900000      1.750870675022E+00      1.408014624688E+00
   85.000000      1.765011081314E+00      1.408333785660E+00
   85.100000      1.773479075660E+00      1.403417402657E+00
   85.200000      1.773364765403E+00      1.391375334514E+00
   85.300000      1.762963413221E+00      1.371673566328E+00
   85.400000      1.742302299268E+00      1.345404668161E+00
   85.500000      1.713180375289E+00      1.314877308787E+00
   85.600000      1.678617456869E+00      1.282682748892E+00
   85.700000      1.641901787619E+00      1.250737566703E+00
   85.800000      1.605573815952E+00      1.219771841333E+00
   85.900000      1.570636816142E+00      1.189447808004E+00
   86.000000      1.536464709545E+00      1.159013781587E+00
   86.100000      1.502025132604E+00      1.128193083351E+00
   86.200000      1.467428161935E+00      1.097875644637E+00
   86.300000      1.434668876119E+00      1.070224530187E+00
   86.400000      1.407335023268E+00      1.048095778378E+00
   86.500000      1.389022015816E+00      1.034040700410E+00
   86.600000      1.380862672588E+00      1.029372728352E+00
   86.700000      1.381379770326E+00      1.033734948333E+00
   86.800000      1.388127133283E+00      1.045349960001E+00
   86.900000      1.399774448809E+00      1.061793732526E+00
   87.000000      1.417146479041E+00      1.080889979965E+00
   87.100000      1.441423173340E+00      1.101334153003E+00
   87.200000      1.472669220901E+00      1.122891460174E+00
   87.300000      1.509974378478E+00      1.146234349021E+00
   87.400000      1.551912890618E+00      1.172540805517E+00
   87.500000      1.596937253267E+00      1.202958592837E+00
   87.600000      1.643452778138E+00      1.238071633770E+00
   87.700000      1.689746213187E+00      1.277535657191E+00
   87.800000      1.733957784114E+00      1.319988352462E+00
   87.900000      1.774124444482E+00      1.363221908873E+00
   88.000000      1.808314261346E+00      1.404546406991E+00
   88.100000      1.834990288789E+00      1.441289750135E+00
   88.200000      1.853421586875E+00      1.471378922157E+00
   88.300000      1.864044138809E+00      1.493874104959E+00
   88.400000      1.868663503672E+00      1.509254585303E+00
   88.500000      1.870158971381E+00      1.519287075061E+00
   88.600000      1.871706980709E+00      1.526454238891E+00
   88.700000      1.875808972117E+00      1.533104801697E+00
   88.800000      1.883430888671E+00      1.540618311980E+00
   88.900000      1.893548367482E+00      1.548903577980E+00
   89.000000      1.903416829422E+00      1.556451348328E+00
   89.100000      1.909499171453E+00      1.560961905009E+00
   89.200000      1.908752325650E+00      1.560337735031E+00
   89.300000      1.899713566855E+00      1.553672703391E+00
   89.400000      1.883036853690E+00      1.541856578604E+00
   89.500000      1.861539999271E+00      1.527534061165E+00
   89.600000      1.839700020090E+00      1.514356264002E+00
   89.700000      1.822479497250E+00      1.505725343436E+00
   89.800000      1.813632368117E+00      1.503509960812E+00
   89.900000      1.814088685904E+00      1.507316394319E+00
   90.000000      1.821415933741E+00      1.514665907095E+00
   90.100000      1.831058449844E+00      1.521946698693E+00
   90.200000      1.838518658466E+00      1.525650685238E+00
   90.300000      1.840925676925E+00      1.523466597899E+00
   90.400000      1.837526676625E+00      1.515055925902E+00
   90.500000      1.829507908037E+00      1.502298039856E+00
   90.600000      1.819432700147E+00      1.488618195217E+00
   90.700000      1.810227981676E+00      1.477392657863E+00
   90.800000      1.803829246241E+00      1.470218010040E+00
   90.900000      1.800063545922E+00      1.466065661438E+00
   91.000000      1.796811276751E+00      1.461719056190E+00
   91.100000      1.791067449269E+00      1.453083302993E+00
   91.200000      1.780029069308E+00      1.436610684417E+00
   91.300000      1.761745357302E+00      1.410284339296E+00
   91.400000      1.735311597495E+00      1.374019119744E+00
   91.500000      1.700850401656E+00      1.329586623306E+00
   91.600000      1.659673016470E+00      1.280160665268E+00
   91.700000      1.614190031513E+00      1.229552120389E+00
   91.800000      1.567386819076E+00      1.181327994418E+00
   91.900000      1.522158041941E+00      1.138124904193E+00
   92.000000      1.480757127194E+00      1.101371088840E+00
   92.100000      1.444484426857E+00      1.071404056969E+00
   92.200000      1.413771822949E+00      1.047825147465E+00
   92.300000      1.388730828228E+00      1.029935661756E+00
   92.400000      1.369832199158E+00      1.017160368232E+00
   92.500000      1.358243548651E+00      1.009386183456E+00
   92.600000      1.355498384414E+00      1.007126459104E+00
   92.700000      1.362721609354E+00      1.011427094925E+00
   92.800000      1.380286847312E+00      1.023490543668E+00
   92.900000      1.407952553445E+00      1.044089634538E+00
   93.000000      1.444513184423E+00      1.072955909109E+00
   93.100000      1.487220848711E+00      1.108425227964E+00
   93.200000      1.532188620927E+00      1.147617774886E+00
   93.300000      1.575880301578E+00      1.187225966123E+00
   93.400000      1.616489921318E+00      1.224628238173E+00
   93.500000      1.654312993371E+00      1.258786151043E+00
   93.600000      1.691148987022E+00      1.290452097529E+00
   93.700000      1.729076494171E+00      1.321549099047E+00
   93.800000      1.768966624715E+00      1.353936169760E+00
   93.900000      1.809451494493E+00      1.388056825862E+00
   94.000000      1.846899088048E+00      1.422162420036E+00
   94.100000      1.876727018620E+00      1.452680689306E+00
   94.200000      1.895209865615E+00      1.475672825721E+00
   94.300000      1.900717676797E+00      1.488531122482E+00
   94.400000      1.893997408861E+00      1.490893781122E+00
   94.500000      1.877632819291E+00      1.484455999183E+00
   94.600000      1.855160847960E+00      1.472158353638E+00
   94.700000      1.830245958672E+00      1.457354098021E+00
   94.800000      1.806071342587E+00      1.443191711212E+00
   94.900000      1.784993912020E+00      1.432191218391E+00
   95.000000      1.768482572644E+00      1.425998708261E+00
   95.100000      1.757264304586E+00      1.425353804382E+00
   95.200000      1.751599177482E+00      1.430242143646E+00
   95.300000      1.751424198872E+00      1.440101872990E+00
   95.400000      1.756193524773E+00      1.453960376620E+00
   95.500000      1.764765469485E+00      1.470511525218E+00
   95.600000      1.775674809535E+00      1.488263013836E+00
   95.700000      1.787745322963E+00      1.505849744753E+00
   95.800000      1.800648002889E+00      1.522438922354E+00
   95.900000      1.815080774808E+00      1.538003666433E+00
   96.000000      1.832316952223E+00      1.553252772653E+00
   96.100000      1.853244962251E+00      1.569158138063E+00
   96.200000      1.877464437311E+00      1.586208003740E+00
   96.300000      1.902962804562E+00      1.603669797175E+00
   96.400000      1.926419274665E+00      1.619226728726E+00
   96.500000      1.943982997391E+00      1.629246910852E+00
   96.600000      1.952131605323E+00      1.629637604814E+00
   96.700000      1.948244345764E+00      1.617000617836E+00
   96.800000      1.930982123268E+00      1.589822413916E+00
   96.900000      1.900614154685E+00      1.549364670575E+00
   97.000000      1.859149411068E+00      1.499636637675E+00
   97.100000      1.810085598796E+00      1.446069846176E+00
   97.200000      1.757572391575E+00      1.393496097342E+00
   97.300000      1.705144631003E+00      1.344617632342E+00
   97.400000      1.654737644069E+00      1.299688687130E+00
   97.500000      1.606594369573E+00      1.257305676936E+00
   97.600000      1.560046153769E+00      1.215765523352E+00
   97.700000      1.514707091513E+00      1.174393717615E+00
   97.800000      1.471558181619E+00      1.134318756978E+00
   97.900000      1.433375776488E+00      1.098360234360E+00
   98.000000      1.404226087072E+00      1.070084897996E+00
   98.100000      1.388268851165E+00      1.052507382151E+00
   98.200000      1.388111262991E+00      1.047048767443E+00
   98.300000      1.403570098140E+00      1.053140699799E+00
   98.400000      1.431538370961E+00      1.068507768869E+00
   98.500000      1.467189367405E+00      1.089906667014E+00
   98.600000      1.505581431036E+00      1.114004458320E+00
   98.700000      1.542677956990E+00      1.138107729458E+00
   98.800000      1.576109554008E+00      1.160571966018E+00
   98.900000      1.605355563192E+00      1.180867572594E+00
   99.000000      1.631334152334E+00      1.199379040105E+00
   99.100000      1.655500691680E+00      1.217034832629E+00
   99.200000      1.678940693320E+00      1.234838848146E+00
   99.300000      1.701850011869E+00      1.253355418082E+00
   99.400000      1.723333362380E+00      1.272237470869E+00
   99.500000      1.741471836073E+00      1.289983905632E+00
   99.600000      1.753674844791E+00      1.304168700013E+00
   99.700000      1.757458567678E+00      1.312244746666E+00
   99.800000      1.751506396941E+00      1.312679335037E+00
   99.900000      1.736317679229E+00      1.305888684705E+00
  100.000000      1.714494773070E+00      1.294488968437E+00
