# M=10, N=5, max=1, V0=0.0, V=0.15, PBC
#  time (tJ)                 S₁(ℓ=5)                 S₂(ℓ=5)
    0.000000      1.115895506599E+00      9.060985786475E-01
    0.100000      1.115972983950E+00      9.060344890820E-01
    0.200000      1.116175483489E+00      9.058575947642E-01
    0.300000      1.116437082929E+00      9.056110154543E-01
    0.400000      1.116699217419E+00      9.053570316077E-01
    0.500000      1.116934275626E+00      9.051642666612E-01
    0.600000      1.117140469156E+00      9.050929634132E-01
    0.700000      1.117321915784E+00      9.051814021264E-01
    0.800000      1.117473933183E+00      9.054365604752E-01
    0.900000      1.117584591421E+00      9.058313233585E-01
    1.000000      1.117639551908E+00      9.063090898637E-01
    1.100000      1.117630504622E+00      9.067948700135E-01
    1.200000      1.117589469920E+00      9.072103175576E-01
    1.300000      1.117600083675E+00      9.074890533602E-01
    1.400000      1.117757635954E+00      9.075886114425E-01
    1.500000      1.118087442259E+00      9.074966575234E-01
    1.600000      1.118494247977E+00      9.072312856731E-01
    1.700000      1.118812860576E+00      9.068368958348E-01
    1.800000      1.118909190423E+00      9.063772746380E-01
    1.900000      1.118748397711E+00      9.059263414332E-01
    2.000000      1.118402942188E+00      9.055562938077E-01
    2.100000      1.118012438639E+00      9.053240161464E-01
    2.200000      1.117726228793E+00      9.052589468571E-01
    2.300000      1.117545207569E+00      9.053567194891E-01
    2.400000      1.117409232113E+00      9.055811001994E-01
    2.500000      1.117270614820E+00      9.058730894180E-01
    2.600000      1.117124768595E+00      9.061634904890E-01
    2.700000      1.117012711059E+00      9.063856058968E-01
    2.800000      1.116978849796E+00      9.064868374684E-01
    2.900000      1.117022006535E+00      9.064390819602E-01
    3.000000      1.117093742259E+00      9.062466851940E-01
    3.100000      1.117142036542E+00      9.059489283986E-01
    3.200000      1.117148498770E+00      9.056141237303E-01
    3.300000      1.117129545429E+00      9.053251354005E-01
    3.400000      1.117115245126E+00      9.051597711729E-01
    3.500000      1.117122944514E+00      9.051716028002E-01
    3.600000      1.117162050662E+00      9.053764058057E-01
    3.700000      1.117237635841E+00      9.057473506507E-01
    3.800000      1.117339364791E+00      9.062196744264E-01
    3.900000      1.117453838267E+00      9.067035938565E-01
    4.000000      1.117593709865E+00      9.071027891871E-01
    4.100000      1.117790880549E+00      9.073348127577E-01
    4.200000      1.118059196530E+00      9.073493084664E-01
    4.300000      1.118339701157E+00      9.071401057008E-01
    4.400000      1.118500790821E+00      9.067481674436E-01
    4.500000      1.118465692258E+00      9.062540494246E-01
    4.600000      1.118255654085E+00      9.057608554668E-01
    4.700000      1.117982366338E+00      9.053712350532E-01
    4.800000      1.117794403932E+00      9.051639585567E-01
    4.900000      1.117777884036E+00      9.051761218355E-01
    5.000000      1.117869642122E+00      9.053956334221E-01
    5.100000      1.117972105862E+00      9.057657165526E-01
    5.200000      1.118012212479E+00      9.061997760732E-01
    5.300000      1.117961990345E+00      9.066022927088E-01
    5.400000      1.117830039851E+00      9.068901581083E-01
    5.500000      1.117635485758E+00      9.070092624182E-01
    5.600000      1.117425573541E+00      9.069429796290E-01
    5.700000      1.117249455892E+00      9.067118581267E-01
    5.800000      1.117120748879E+00      9.063662937775E-01
    5.900000      1.117020752523E+00      9.059751517743E-01
    6.000000      1.116928043801E+00      9.056128574446E-01
    6.100000      1.116846728215E+00      9.053463000320E-01
    6.200000      1.116815327044E+00      9.052225065872E-01
    6.300000      1.116879110274E+00      9.052590241521E-01
    6.400000      1.117013901688E+00      9.054400593656E-01
    6.500000      1.117146424433E+00      9.057206956618E-01
    6.600000      1.117228940036E+00      9.060384713539E-01
    6.700000      1.117273714405E+00      9.063282425965E-01
    6.800000      1.117337937516E+00      9.065353071347E-01
    6.900000      1.117458511721E+00      9.066239182500E-01
    7.000000      1.117602257730E+00      9.065814142522E-01
    7.100000      1.117696232191E+00      9.064194501343E-01
    7.200000      1.117699955780E+00      9.061727090179E-01
    7.300000      1.117647034645E+00      9.058940084355E-01
    7.400000      1.117631290049E+00      9.056450260291E-01
    7.500000      1.117760110554E+00      9.054839010892E-01
    7.600000      1.118022621009E+00      9.054528296541E-01
    7.700000      1.118296174605E+00      9.055689251661E-01
    7.800000      1.118463456372E+00      9.058202798235E-01
    7.900000      1.118450915806E+00      9.061676156794E-01
    8.000000      1.118253127451E+00      9.065509843102E-01
    8.100000      1.117929742906E+00      9.069004797077E-01
    8.200000      1.117580230021E+00      9.071493641209E-01
    8.300000      1.117296147962E+00      9.072473088036E-01
    8.400000      1.117119490273E+00      9.071710192952E-01
    8.500000      1.117037655775E+00      9.069297292490E-01
    8.600000      1.117010952494E+00      9.065639785024E-01
    8.700000      1.117003485545E+00      9.061375607629E-01
    8.800000      1.116997537005E+00      9.057242177251E-01
    8.900000      1.116986225638E+00      9.053921170931E-01
    9.000000      1.116959562254E+00      9.051898542757E-01
    9.100000      1.116899657955E+00      9.051373152089E-01
    9.200000      1.116789987924E+00      9.052233355172E-01
    9.300000      1.116633615745E+00      9.054102363847E-01
    9.400000      1.116464532378E+00      9.056436788325E-01
    9.500000      1.116334454733E+00      9.058652816206E-01
    9.600000      1.116287740023E+00      9.060251614873E-01
    9.700000      1.116345288469E+00      9.060918492243E-01
    9.800000      1.116498526563E+00      9.060577853669E-01
    9.900000      1.116719595795E+00      9.059396848300E-01
   10.000000      1.116980195670E+00      9.057742186390E-01
   10.100000      1.117261434134E+00      9.056102823118E-01
   10.200000      1.117552939344E+00      9.054993402195E-01
   10.300000      1.117845962450E+00      9.054851661884E-01
   10.400000      1.118136437102E+00      9.055943138976E-01
   10.500000      1.118413457402E+00      9.058291260155E-01
   10.600000      1.118577375702E+00      9.061654756033E-01
   10.700000      1.118566005712E+00      9.065567065587E-01
   10.800000      1.118396438863E+00      9.069430995347E-01
   10.900000      1.118176467342E+00      9.072638289990E-01
   11.000000      1.118063418214E+00      9.074676800521E-01
   11.100000      1.118152309946E+00      9.075204225816E-01
   11.200000      1.118383265781E+00      9.074091618532E-01
   11.300000      1.118595867395E+00      9.071448455353E-01
   11.400000      1.118654636289E+00      9.067627481884E-01
   11.500000      1.118517218339E+00      9.063190397153E-01
   11.600000      1.118233048547E+00      9.058818721709E-01
   11.700000      1.117912625930E+00      9.055180497712E-01
   11.800000      1.117629404535E+00      9.052790770717E-01
   11.900000      1.117366301881E+00      9.051908899408E-01
   12.000000      1.117111034437E+00      9.052497217568E-01
   12.100000      1.116866431782E+00      9.054241721479E-01
   12.200000      1.116663576093E+00      9.056622864070E-01
   12.300000      1.116543394018E+00      9.059023126845E-01
   12.400000      1.116530258501E+00      9.060856811344E-01
   12.500000      1.116616865719E+00      9.061700253231E-01
   12.600000      1.116769029438E+00      9.061392721461E-01
   12.700000      1.116945511564E+00      9.060079112840E-01
   12.800000      1.117109237776E+00      9.058178589818E-01
   12.900000      1.117239324317E+00      9.056283620497E-01
   13.000000      1.117337827970E+00      9.055013426863E-01
   13.100000      1.117419593221E+00      9.054858511786E-01
   13.200000      1.117490976003E+00      9.056055592853E-01
   13.300000      1.117535690345E+00      9.058524250184E-01
   13.400000      1.117535069123E+00      9.061880085316E-01
   13.500000      1.117506688800E+00      9.065519427155E-01
   13.600000      1.117519723542E+00      9.068753803109E-01
   13.700000      1.117665259030E+00      9.070962398753E-01
   13.800000      1.117949999589E+00      9.071727999364E-01
   13.900000      1.118259617982E+00      9.070925527945E-01
   14.000000      1.118471552783E+00      9.068742301410E-01
   14.100000      1.118518118012E+00      9.065625607287E-01
   14.200000      1.118404152453E+00      9.062173032972E-01
   14.300000      1.118181612782E+00      9.058996858104E-01
   14.400000      1.117911992062E+00      9.056598442764E-01
   14.500000      1.117664491116E+00      9.055280583486E-01
   14.600000      1.117501773804E+00      9.055111231145E-01
   14.700000      1.117439780275E+00      9.055938573368E-01
   14.800000      1.117438881641E+00      9.057448289966E-01
   14.900000      1.117419447405E+00      9.059246678453E-01
   15.000000      1.117336580186E+00      9.060947308379E-01
   15.100000      1.117224785783E+00      9.062238390547E-01
   15.200000      1.117156696739E+00      9.062918385934E-01
   15.300000      1.117155752793E+00      9.062904984211E-01
   15.400000      1.117172380585E+00      9.062233853170E-01
   15.500000      1.117140155285E+00      9.061057407825E-01
   15.600000      1.117043682775E+00      9.059635801092E-01
   15.700000      1.116944440828E+00      9.058302032031E-01
   15.800000      1.116939442891E+00      9.057394240628E-01
   15.900000      1.117048546087E+00      9.057172585664E-01
   16.000000      1.117192651502E+00      9.057752657551E-01
   16.100000      1.117301999929E+00      9.059078759257E-01
   16.200000      1.117372451431E+00      9.060938277312E-01
   16.300000      1.117462973503E+00      9.063003435546E-01
   16.400000      1.117635494686E+00      9.064888019928E-01
   16.500000      1.117877986564E+00      9.066214620507E-01
   16.600000      1.118097839492E+00      9.066688744123E-01
   16.700000      1.118191832103E+00      9.066168023894E-01
   16.800000      1.118119475033E+00      9.064707566656E-01
   16.900000      1.117930166421E+00      9.062564703401E-01
   17.000000      1.117739162033E+00      9.060156941579E-01
   17.100000      1.117655713181E+00      9.057979382660E-01
   17.200000      1.117696230819E+00      9.056498195788E-01
   17.300000      1.117801557462E+00      9.056044021675E-01
   17.400000      1.117898829456E+00      9.056731841882E-01
   17.500000      1.117934590766E+00      9.058429105012E-01
   17.600000      1.117883304676E+00      9.060781599868E-01
   17.700000      1.117747734225E+00      9.063291147524E-01
   17.800000      1.117557853142E+00      9.065426452744E-01
   17.900000      1.117356594807E+00      9.066741320721E-01
   18.000000      1.117175445014E+00      9.066972784160E-01
   18.100000      1.117022955112E+00      9.066095336547E-01
   18.200000      1.116896854406E+00      9.064317345199E-01
   18.300000      1.116802154087E+00      9.062021238374E-01
   18.400000      1.116751436876E+00      9.059665573216E-01
   18.500000      1.116750520409E+00      9.057677471727E-01
   18.600000      1.116788064389E+00      9.056363578299E-01
   18.700000      1.116838326349E+00      9.055858164357E-01
   18.800000      1.116880705254E+00      9.056114409068E-01
   18.900000      1.116909930477E+00      9.056934838053E-01
   19.000000      1.116919358037E+00      9.058030738890E-01
   19.100000      1.116922638519E+00      9.059096178431E-01
   19.200000      1.116955852799E+00      9.059879134658E-01
   19.300000      1.117045964776E+00      9.060232679367E-01
   19.400000      1.117185185244E+00      9.060135990317E-01
   19.500000      1.117338606324E+00      9.059686343987E-01
   19.600000      1.117478420027E+00      9.059071815615E-01
   19.700000      1.117613313431E+00      9.058534016318E-01
   19.800000      1.117787125607E+00      9.058323356280E-01
   19.900000      1.118050193665E+00      9.058646114856E-01
   20.000000      1.118430320728E+00      9.059609699426E-01
   20.100000      1.118797699934E+00      9.061183868183E-01
   20.200000      1.118996334908E+00      9.063197256209E-01
   20.300000      1.118942434191E+00      9.065373751623E-01
   20.400000      1.118659610575E+00      9.067392604441E-01
   20.500000      1.118278385167E+00      9.068947734054E-01
   20.600000      1.117971055486E+00      9.069791983070E-01
   20.700000      1.117832171077E+00      9.069768528703E-01
   20.800000      1.117814751662E+00      9.068836727726E-01
   20.900000      1.117807474383E+00      9.067090115614E-01
   21.000000      1.117737002825E+00      9.064753732231E-01
   21.100000      1.117603157633E+00      9.062150328684E-01
   21.200000      1.117460385308E+00      9.059639222286E-01
   21.300000      1.117344411759E+00      9.057544603572E-01
   21.400000      1.117233914610E+00      9.056092524391E-01
   21.500000      1.117096990589E+00      9.055370081831E-01
   21.600000      1.116913615458E+00      9.055314192960E-01
   21.700000      1.116695495735E+00      9.055733393345E-01
   21.800000      1.116489062282E+00      9.056360764703E-01
   21.900000      1.116352994261E+00      9.056927272214E-01
   22.000000      1.116325813358E+00      9.057236303688E-01
   22.100000      1.116413216100E+00      9.057217989893E-01
   22.200000      1.116591782156E+00      9.056947681928E-01
   22.300000      1.116821741396E+00      9.056623406171E-01
   22.400000      1.117068480298E+00      9.056507994180E-01
   22.500000      1.117317376031E+00      9.056850854295E-01
   22.600000      1.117567225235E+00      9.057810853812E-01
   22.700000      1.117800270670E+00      9.059403077482E-01
   22.800000      1.117971763168E+00      9.061485817205E-01
   22.900000      1.118037459305E+00      9.063791019172E-01
   23.000000      1.117984855107E+00      9.065987162541E-01
   23.100000      1.117857216884E+00      9.067754802830E-01
   23.200000      1.117749768072E+00      9.068854490953E-01
   23.300000      1.117737658403E+00      9.069171976545E-01
   23.400000      1.117851209621E+00      9.068732345857E-01
   23.500000      1.118069598453E+00      9.067681354727E-01
   23.600000      1.118324636498E+00      9.066239616806E-01
   23.700000      1.118523831677E+00      9.064643292279E-01
   23.800000      1.118568880430E+00      9.063089798957E-01
   23.900000      1.118406762293E+00      9.061704514249E-01
   24.000000      1.118083481666E+00      9.060534831372E-01
   24.100000      1.117739414467E+00      9.059567344615E-01
   24.200000      1.117508698822E+00      9.058758434802E-01
   24.300000      1.117377661925E+00      9.058068094140E-01
   24.400000      1.117245814092E+00      9.057486884640E-01
   24.500000      1.117063500257E+00      9.057045149217E-01
   24.600000      1.116880989907E+00      9.056797357966E-01
   24.700000      1.116811432677E+00      9.056787247732E-01
   24.800000      1.116908796694E+00      9.057014768201E-01
   24.900000      1.117098894592E+00      9.057428938505E-01
   25.000000      1.117264148579E+00      9.057954174026E-01
   25.100000      1.117330507327E+00      9.058532909176E-01
   25.200000      1.117318451660E+00      9.059155655501E-01
   25.300000      1.117316836135E+00      9.059860546848E-01
   25.400000      1.117375542943E+00      9.060706222872E-01
   25.500000      1.117446699076E+00      9.061735158603E-01
   25.600000      1.117470630997E+00      9.062942420496E-01
   25.700000      1.117441611516E+00      9.064256637747E-01
   25.800000      1.117412912711E+00      9.065536495161E-01
   25.900000      1.117458586156E+00      9.066586851090E-01
   26.000000      1.117621045434E+00      9.067196066211E-01
   26.100000      1.117875192016E+00      9.067187911372E-01
   26.200000      1.118135852368E+00      9.066473697461E-01
   26.300000      1.118305700921E+00      9.065089310830E-01
   26.400000      1.118321955258E+00      9.063206635485E-01
   26.500000      1.118180314316E+00      9.061114285743E-01
   26.600000      1.117934145945E+00      9.059167128436E-01
   26.700000      1.117668198959E+00      9.057710752318E-01
   26.800000      1.117460047958E+00      9.056996979336E-01
   26.900000      1.117346926151E+00      9.057114745476E-01
   27.000000      1.117318267852E+00      9.057960129071E-01
   27.100000      1.117332595194E+00      9.059258007831E-01
   27.200000      1.117342238590E+00      9.060630969611E-01
   27.300000      1.117317379495E+00      9.061696425103E-01
   27.400000      1.117256237669E+00      9.062165245573E-01
   27.500000      1.117177296719E+00      9.061915476041E-01
   27.600000      1.117099194493E+00      9.061021610581E-01
   27.700000      1.117021792792E+00      9.059731970394E-01
   27.800000      1.116931309967E+00      9.058401200120E-01
   27.900000      1.116823192548E+00      9.057397350836E-01
   28.000000      1.116716726118E+00      9.057008902212E-01
   28.100000      1.116648020548E+00      9.057374734911E-01
   28.200000      1.116651119163E+00      9.058451916299E-01
   28.300000      1.116750505125E+00      9.060026477281E-01
   28.400000      1.116932093139E+00      9.061763717389E-01
   28.500000      1.117123202151E+00      9.063286786475E-01
   28.600000      1.117285485527E+00      9.064265006659E-01
   28.700000      1.117434935541E+00      9.064489219545E-01
   28.800000      1.117615021830E+00      9.063914877193E-01
   28.900000      1.117836552224E+00      9.062665575560E-01
   29.000000      1.118042361600E+00      9.061003768329E-01
   29.100000      1.118149760994E+00      9.059281725630E-01
   29.200000      1.118124430189E+00      9.057881318631E-01
   29.300000      1.118016261558E+00      9.057144308650E-01
   29.400000      1.117942545677E+00      9.057297246346E-01
   29.500000      1.118038050851E+00      9.058387755655E-01
   29.600000      1.118296275452E+00      9.060258266230E-01
   29.700000      1.118569807914E+00      9.062574683638E-01
   29.800000      1.118713186414E+00      9.064903014192E-01
   29.900000      1.118644622688E+00      9.066805457722E-01
   30.000000      1.118382076816E+00      9.067925839918E-01
   30.100000      1.118026540088E+00      9.068049837086E-01
   30.200000      1.117697243364E+00      9.067140109900E-01
   30.300000      1.117454703174E+00      9.065347381986E-01
   30.400000      1.117282024166E+00      9.062991248268E-01
   30.500000      1.117139914214E+00      9.060504017354E-01
   30.600000      1.117016981414E+00      9.058342841696E-01
   30.700000      1.116930096995E+00      9.056890399492E-01
   30.800000      1.116892832805E+00      9.056370015936E-01
   30.900000      1.116898906540E+00      9.056795136283E-01
   31.000000      1.116924486612E+00      9.057963011496E-01
   31.100000      1.116938933966E+00      9.059494796771E-01
   31.200000      1.116918030621E+00      9.060917963801E-01
   31.300000      1.116855556303E+00      9.061777898365E-01
   31.400000      1.116768886961E+00      9.061754447047E-01
   31.500000      1.116693942438E+00      9.060752483537E-01
   31.600000      1.116669252296E+00      9.058939397235E-01
   31.700000      1.116714814482E+00      9.056716614558E-01
   31.800000      1.116828917643E+00      9.054630820553E-01
   31.900000      1.117003288049E+00      9.053246516155E-01
   32.000000      1.117232158255E+00      9.053010942099E-01
   32.100000      1.117505508571E+00      9.054144185183E-01
   32.200000      1.117801469045E+00      9.056581534048E-01
   32.300000      1.118093719367E+00      9.059982573971E-01
   32.400000      1.118345917715E+00      9.063804577794E-01
   32.500000      1.118504427317E+00      9.067421177538E-01
   32.600000      1.118522549941E+00      9.070256276112E-01
   32.700000      1.118391821414E+00      9.071900659217E-01
   32.800000      1.118145518680E+00      9.072184598903E-01
   32.900000      1.117889427473E+00      9.071191858790E-01
   33.000000      1.117762372207E+00      9.069216316211E-01
   33.100000      1.117833215861E+00      9.066678102605E-01
   33.200000      1.118040632831E+00      9.064025969689E-01
   33.300000      1.118229269103E+00      9.061651478982E-01
   33.400000      1.118262989521E+00      9.059829604978E-01
   33.500000      1.118109800696E+00      9.058687986386E-01
   33.600000      1.117853266173E+00      9.058202439320E-01
   33.700000      1.117617969898E+00      9.058219237451E-01
   33.800000      1.117433529601E+00      9.058504928681E-01
   33.900000      1.117235456078E+00      9.058814270305E-01
   34.000000      1.116980514753E+00      9.058952853106E-01
   34.100000      1.116705418192E+00      9.058809790256E-01
   34.200000      1.116508983221E+00      9.058354769208E-01
   34.300000      1.116471267414E+00      9.057618558886E-01
   34.400000      1.116580707447E+00      9.056683141955E-01
   34.500000      1.116763609448E+00      9.055689491592E-01
   34.600000      1.116956110372E+00      9.054845651849E-01
   34.700000      1.117142309769E+00      9.054410143524E-01
   34.800000      1.117333225491E+00      9.054641832599E-01
   34.900000      1.117523437270E+00      9.055730396463E-01
   35.000000      1.117673299868E+00      9.057731896090E-01
   35.100000      1.117740378143E+00      9.060528753511E-01
   35.200000      1.117718844894E+00      9.063823740442E-01
   35.300000      1.117634824700E+00      9.067171935476E-01
   35.400000      1.117529800973E+00      9.070050507208E-01
   35.500000      1.117458509348E+00      9.071957717453E-01
   35.600000      1.117484030884E+00      9.072520934241E-01
   35.700000      1.117647690614E+00      9.071586540347E-01
   35.800000      1.117920516778E+00      9.069267763339E-01
   35.900000      1.118197687929E+00      9.065937327442E-01
   36.000000      1.118364055612E+00      9.062164451083E-01
   36.100000      1.118352878202E+00      9.058606694439E-01
   36.200000      1.118168618525E+00      9.055876550157E-01
   36.300000      1.117874551973E+00      9.054410289033E-01
   36.400000      1.117558134228E+00      9.054369815915E-01
   36.500000      1.117295153917E+00      9.055603918075E-01
   36.600000      1.117122580521E+00      9.057682446641E-01
   36.700000      1.117026386234E+00      9.059998357349E-01
   36.800000      1.116970942939E+00      9.061913512971E-01
   36.900000      1.116932637413E+00      9.062911047106E-01
   37.000000      1.116913070762E+00      9.062715063698E-01
   37.100000      1.116930915799E+00      9.061348928039E-01
   37.200000      1.116992013686E+00      9.059122413302E-01
   37.300000      1.117068055893E+00      9.056557369071E-01
   37.400000      1.117115399715E+00      9.054273659479E-01
   37.500000      1.117113995310E+00      9.052859616603E-01
   37.600000      1.117081279301E+00      9.052748498912E-01
   37.700000      1.117060235459E+00      9.054120761039E-01
   37.800000      1.117114520147E+00      9.056852751784E-01
   37.900000      1.117250698709E+00      9.060529836512E-01
   38.000000      1.117393892575E+00      9.064528520633E-01
   38.100000      1.117512724499E+00      9.068149044020E-01
   38.200000      1.117630472347E+00      9.070760117985E-01
   38.300000      1.117815315086E+00      9.071916257505E-01
   38.400000      1.118115233657E+00      9.071427425491E-01
   38.500000      1.118472276352E+00      9.069384055676E-01
   38.600000      1.118737870386E+00      9.066147805776E-01
   38.700000      1.118787411039E+00      9.062307020828E-01
   38.800000      1.118606465585E+00      9.058585062082E-01
   38.900000      1.118294688721E+00      9.055699983844E-01
   39.000000      1.118015280184E+00      9.054203385784E-01
   39.100000      1.117894911203E+00      9.054349464611E-01
   39.200000      1.117895400519E+00      9.056039425160E-01
   39.300000      1.117941387927E+00      9.058854253554E-01
   39.400000      1.117952939626E+00      9.062155213591E-01
   39.500000      1.117878335307E+00      9.065217920253E-01
   39.600000      1.117713576682E+00      9.067372191022E-01
   39.700000      1.117496528229E+00      9.068129812093E-01
   39.800000      1.117279139909E+00      9.067283909056E-01
   39.900000      1.117093014628E+00      9.064960107938E-01
   40.000000      1.116939350026E+00      9.061602108906E-01
   40.100000      1.116806902684E+00      9.057887430964E-01
   40.200000      1.116692348846E+00      9.054587391021E-01
   40.300000      1.116607383443E+00      9.052400250989E-01
   40.400000      1.116569001502E+00      9.051793710853E-01
   40.500000      1.116585900243E+00      9.052892781383E-01
   40.600000      1.116650011434E+00      9.055441974870E-01
   40.700000      1.116738002525E+00      9.058855962307E-01
   40.800000      1.116823252805E+00      9.062351345879E-01
   40.900000      1.116889733428E+00      9.065129374135E-01
   41.000000      1.116943586959E+00      9.066563616479E-01
   41.100000      1.117007410980E+00      9.066344470653E-01
   41.200000      1.117096606740E+00      9.064545037656E-01
   41.300000      1.117204533808E+00      9.061595566494E-01
   41.400000      1.117309881027E+00      9.058178224596E-01
   41.500000      1.117400656325E+00      9.055072504289E-01
   41.600000      1.117489137063E+00      9.052989357733E-01
   41.700000      1.117597092783E+00      9.052428977180E-01
   41.800000      1.117753982899E+00      9.053586988377E-01
   41.900000      1.117999969796E+00      9.056322207689E-01
   42.000000      1.118320627107E+00      9.060189234365E-01
   42.100000      1.118606131891E+00      9.064529924611E-01
   42.200000      1.118727474259E+00      9.068606391940E-01
   42.300000      1.118608184992E+00      9.071745672734E-01
   42.400000      1.118288517792E+00      9.073460153809E-01
   42.500000      1.117920638180E+00      9.073516630376E-01
   42.600000      1.117674555734E+00      9.071949072402E-01
   42.700000      1.117608912713E+00      9.069031273507E-01
   42.800000      1.117640074218E+00      9.065229201367E-01
   42.900000      1.117647591377E+00      9.061138382192E-01
   43.000000      1.117580624306E+00      9.057397683058E-01
   43.100000      1.117474165121E+00      9.054577101111E-01
   43.200000      1.117378983934E+00      9.053061570870E-01
   43.300000      1.117307610371E+00      9.052970881496E-01
   43.400000      1.117219846231E+00      9.054145995872E-01
   43.500000      1.117079732964E+00      9.056200013429E-01
   43.600000      1.116899783789E+00      9.058605603778E-01
   43.700000      1.116726448121E+00      9.060790601962E-01
   43.800000      1.116604480570E+00      9.062232054756E-01
   43.900000      1.116557512666E+00      9.062551225689E-01
   44.000000      1.116589652871E+00      9.061603780392E-01
   44.100000      1.116701897565E+00      9.059541177850E-01
   44.200000      1.116891945593E+00      9.056812453873E-01
   44.300000      1.117129814699E+00      9.054089493284E-01
   44.400000      1.117378128353E+00      9.052124887050E-01
   44.500000      1.117619941361E+00      9.051574785285E-01
   44.600000      1.117859289543E+00      9.052831285803E-01
   44.700000      1.118087602601E+00      9.055908591855E-01
   44.800000      1.118248721224E+00      9.060415328816E-01
   44.900000      1.118277169062E+00      9.065623734036E-01
   45.000000      1.118149608990E+00      9.070620133553E-01
   45.100000      1.117921008604E+00      9.074499057603E-01
   45.200000      1.117721819366E+00      9.076553428340E-01
   45.300000      1.117692665100E+00      9.076417697641E-01
   45.400000      1.117860158372E+00      9.074135815899E-01
   45.500000      1.118126961193E+00      9.070144937024E-01
   45.600000      1.118350116059E+00      9.065183011311E-01
   45.700000      1.118425331577E+00      9.060140726181E-01
   45.800000      1.118326952814E+00      9.055885545931E-01
   45.900000      1.118095850589E+00      9.053089751868E-01
   46.000000      1.117803540635E+00      9.052096464356E-01
   46.100000      1.117524927618E+00      9.052855370471E-01
   46.200000      1.117300779513E+00      9.054948527127E-01
   46.300000      1.117101590596E+00      9.057703968045E-01
   46.400000      1.116911460244E+00      9.060366699221E-01
   46.500000      1.116749362010E+00      9.062276511064E-01
   46.600000      1.116662940142E+00      9.063002752610E-01
   46.700000      1.116694528347E+00      9.062409023615E-01
   46.800000      1.116837773977E+00      9.060651439566E-01
   46.900000      1.117032782363E+00      9.058132490310E-01
   47.000000      1.117210970139E+00      9.055428948370E-01
   47.100000      1.117340736008E+00      9.053196889890E-01
   47.200000      1.117437958139E+00      9.052050675569E-01
   47.300000      1.117560027436E+00      9.052427073523E-01
   47.400000      1.117731044477E+00      9.054469441607E-01
   47.500000      1.117856949973E+00      9.057975480514E-01
   47.600000      1.117881610655E+00      9.062431727859E-01
   47.700000      1.117809618226E+00      9.067120941928E-01
   47.800000      1.117720258025E+00      9.071262760400E-01
   47.900000      1.117734757443E+00      9.074150358414E-01
   48.000000      1.117923092858E+00      9.075266276455E-01
   48.100000      1.118222628249E+00      9.074374401587E-01
   48.200000      1.118479445805E+00      9.071579662133E-01
   48.300000      1.118562473791E+00      9.067334199635E-01
   48.400000      1.118433814382E+00      9.062370040118E-01
   48.500000      1.118152002360E+00      9.057560444436E-01
   48.600000      1.117827539465E+00      9.053740868480E-01
   48.700000      1.117537178166E+00      9.051536112249E-01
   48.800000      1.117319147368E+00      9.051235817786E-01
   48.900000      1.117176273857E+00      9.052743607999E-01
   49.000000      1.117079084805E+00      9.055606506158E-01
   49.100000      1.116989213828E+00      9.059115544717E-01
   49.200000      1.116888907879E+00      9.062455732524E-01
   49.300000      1.116791756386E+00      9.064874556337E-01
   49.400000      1.116726632759E+00      9.065835320405E-01
   49.500000      1.116706607928E+00      9.065125745739E-01
   49.600000      1.116712378436E+00      9.062901318771E-01
   49.700000      1.116708016515E+00      9.059654250765E-01
   49.800000      1.116670850950E+00      9.056111637157E-01
   49.900000      1.116608072927E+00      9.053080349391E-01
   50.000000      1.116552578085E+00      9.051269507987E-01
   50.100000      1.116542516974E+00      9.051129950383E-01
   50.200000      1.116597598291E+00      9.052749646567E-01
   50.300000      1.116710395298E+00      9.055832702860E-01
   50.400000      1.116851836628E+00      9.059769155184E-01
   50.500000      1.116994518517E+00      9.063778214222E-01
   50.600000      1.117141651219E+00      9.067086483170E-01
   50.700000      1.117323048245E+00      9.069093092737E-01
   50.800000      1.117560756214E+00      9.069480901420E-01
   50.900000      1.117828775448E+00      9.068254807542E-01
   51.000000      1.118052040831E+00      9.065714171941E-01
   51.100000      1.118154052907E+00      9.062382371396E-01
   51.200000      1.118112948007E+00      9.058915207686E-01
   51.300000      1.117988851730E+00      9.055997399406E-01
   51.400000      1.117901320148E+00      9.054228294944E-01
   51.500000      1.117969260096E+00      9.054005343232E-01
   51.600000      1.118207225941E+00      9.055431185110E-01
   51.700000      1.118470710532E+00      9.058278465141E-01
   51.800000      1.118613723063E+00      9.062031479717E-01
   51.900000      1.118558887113E+00      9.065992589663E-01
   52.000000      1.118328943199E+00      9.069417768973E-01
   52.100000      1.118023533015E+00      9.071647140658E-01
   52.200000      1.117751585186E+00      9.072215516143E-01
   52.300000      1.117556826108E+00      9.070940693920E-01
   52.400000      1.117411987782E+00      9.067979878351E-01
   52.500000      1.117289444237E+00      9.063829620640E-01
   52.600000      1.117194628705E+00      9.059246653118E-01
   52.700000      1.117122756602E+00      9.055093935546E-01
   52.800000      1.117071411708E+00      9.052150134688E-01
   52.900000      1.117046226849E+00      9.050936609076E-01
   53.000000      1.117050218334E+00      9.051606082815E-01
   53.100000      1.117081533425E+00      9.053914126452E-01
   53.200000      1.117114000859E+00      9.057274032327E-01
   53.300000      1.117105918170E+00      9.060882246321E-01
   53.400000      1.117050355342E+00      9.063891007222E-01
   53.500000      1.116989274311E+00      9.065594888181E-01
   53.600000      1.116988930730E+00      9.065591930982E-01
   53.700000      1.117079673356E+00      9.063882358180E-01
   53.800000      1.117216133220E+00      9.060879164419E-01
   53.900000      1.117348444027E+00      9.057323110535E-01
   54.000000      1.117470847484E+00      9.054116897193E-01
   54.100000      1.117629345937E+00      9.052115153161E-01
   54.200000      1.117885364850E+00      9.051921358808E-01
   54.300000      1.118224100887E+00      9.053743306072E-01
   54.400000      1.118532575066E+00      9.057343706312E-01
   54.500000      1.118691171249E+00      9.062097034808E-01
   54.600000      1.118634900937E+00      9.067135651326E-01
   54.700000      1.118390511508E+00      9.071545230460E-01
   54.800000      1.118070324727E+00      9.074557901384E-01
   54.900000      1.117812874049E+00      9.075695765303E-01
   55.000000      1.117715420117E+00      9.074837219506E-01
   55.100000      1.117770823229E+00      9.072205391347E-01
   55.200000      1.117887391684E+00      9.068298559737E-01
   55.300000      1.117964019640E+00      9.063787592111E-01
   55.400000      1.117940753452E+00      9.059398050075E-01
   55.500000      1.117814301794E+00      9.055787152217E-01
   55.600000      1.117628039079E+00      9.053428370682E-01
   55.700000      1.117451443609E+00      9.052526580191E-01
   55.800000      1.117292179246E+00      9.052990825058E-01
   55.900000      1.117107519140E+00      9.054478403560E-01
   56.000000      1.116888788937E+00      9.056496427114E-01
   56.100000      1.116671823880E+00      9.058523328190E-01
   56.200000      1.116526545823E+00      9.060110909686E-01
   56.300000      1.116512039883E+00      9.060948426955E-01
   56.400000      1.116630547130E+00      9.060895474403E-01
   56.500000      1.116829396051E+00      9.059998678765E-01
   56.600000      1.117047561955E+00      9.058494334585E-01
   56.700000      1.117257854749E+00      9.056782328523E-01
   56.800000      1.117480113706E+00      9.055356780162E-01
   56.900000      1.117755562779E+00      9.054698953844E-01
   57.000000      1.117995034486E+00      9.055161090238E-01
   57.100000      1.118115727185E+00      9.056876628693E-01
   57.200000      1.118076523543E+00      9.059719937719E-01
   57.300000      1.117898398608E+00      9.063320178207E-01
   57.400000      1.117664523379E+00      9.067122244441E-01
   57.500000      1.117487689007E+00      9.070483827870E-01
   57.600000      1.117452701224E+00      9.072794466148E-01
   57.700000      1.117566472272E+00      9.073596417024E-01
   57.800000      1.117759810182E+00      9.072682380072E-01
   57.900000      1.117935480911E+00      9.070147004681E-01
   58.000000      1.118012491887E+00      9.066378369022E-01
   58.100000      1.117953374035E+00      9.061988641405E-01
   58.200000      1.117773858677E+00      9.057696568386E-01
   58.300000      1.117525252554E+00      9.054186103474E-01
   58.400000      1.117259601727E+00      9.051972450443E-01
   58.500000      1.117010126433E+00      9.051305590132E-01
   58.600000      1.116794695334E+00      9.052131447754E-01
   58.700000      1.116627301998E+00      9.054116281055E-01
   58.800000      1.116521543673E+00      9.056726197671E-01
   58.900000      1.116485086575E+00      9.059343833579E-01
   59.000000      1.116519943219E+00      9.061398017037E-01
   59.100000      1.116618103908E+00      9.062479662108E-01
   59.200000      1.116752022618E+00      9.062419856387E-01
   59.300000      1.116879824542E+00      9.061315197803E-01
   59.400000      1.116968033958E+00      9.059498352721E-01
   59.500000      1.117011052336E+00      9.057463260393E-01
   59.600000      1.117030009977E+00      9.055760811298E-01
   59.700000      1.117054856206E+00      9.054883278025E-01
   59.800000      1.117113767183E+00      9.055157778737E-01
   59.900000      1.117216354028E+00      9.056671209311E-01
   60.000000      1.117327216098E+00      9.059246941486E-01
   60.100000      1.117430077572E+00      9.062482041566E-01
   60.200000      1.117552200940E+00      9.065834346774E-01
   60.300000      1.117751000774E+00      9.068731820879E-01
   60.400000      1.118063225731E+00      9.070674100899E-01
   60.500000      1.118439394327E+00      9.071309808164E-01
   60.600000      1.118745767552E+00      9.070490531914E-01
   60.700000      1.118852703781E+00      9.068306907614E-01
   60.800000      1.118725613761E+00      9.065100198776E-01
   60.900000      1.118447063160E+00      9.061429170881E-01
   61.000000      1.118159977379E+00      9.057976571892E-01
   61.100000      1.117995268964E+00      9.055405702267E-01
   61.200000      1.117972472645E+00      9.054206824902E-01
   61.300000      1.118005885519E+00      9.054582177407E-01
   61.400000      1.118023319700E+00      9.056401431559E-01
   61.500000      1.117982797495E+00      9.059232243880E-01
   61.600000      1.117869445968E+00      9.062432037871E-01
   61.700000      1.117700796120E+00      9.065281415365E-01
   61.800000      1.117515870547E+00      9.067136995950E-01
   61.900000      1.117342024115E+00      9.067574888677E-01
   62.000000      1.117189773616E+00      9.066490518622E-01
   62.100000      1.117063717975E+00      9.064126122343E-01
   62.200000      1.116947421452E+00      9.061015665515E-01
   62.300000      1.116835067689E+00      9.057859768953E-01
   62.400000      1.116755642334E+00      9.055360950981E-01
   62.500000      1.116753375249E+00      9.054058522211E-01
   62.600000      1.116844971159E+00      9.054202917956E-01
   62.700000      1.116989098139E+00      9.055700583771E-01
   62.800000      1.117118180297E+00      9.058142894978E-01
   62.900000      1.117198418770E+00      9.060910625958E-01
   63.000000      1.117255668299E+00      9.063326898273E-01
   63.100000      1.117347258539E+00      9.064821317331E-01
   63.200000      1.117479031528E+00      9.065066196118E-01
   63.300000      1.117592722929E+00      9.064051329962E-01
   63.400000      1.117638658062E+00      9.062077716054E-01
   63.500000      1.117618761576E+00      9.059672610255E-01
   63.600000      1.117591212167E+00      9.057451870451E-01
   63.700000      1.117631558737E+00      9.055969944238E-01
   63.800000      1.117785097194E+00      9.055596766813E-01
   63.900000      1.118044486147E+00      9.056447574456E-01
   64.000000      1.118335904082E+00      9.058375052276E-01
   64.100000      1.118558376471E+00      9.061019265182E-01
   64.200000      1.118622913776E+00      9.063899622631E-01
   64.300000      1.118483607723E+00      9.066523823043E-01
   64.400000      1.118179464073E+00      9.068484443068E-01
   64.500000      1.117837716195E+00      9.069519782748E-01
   64.600000      1.117591170838E+00      9.069531834724E-01
   64.700000      1.117479987372E+00      9.068572125913E-01
   64.800000      1.117448927192E+00      9.066813869187E-01
   64.900000      1.117420485273E+00      9.064522050041E-01
   65.000000      1.117356930038E+00      9.062019879293E-01
   65.100000      1.117277990631E+00      9.059644168440E-01
   65.200000      1.117236103254E+00      9.057689895431E-01
   65.300000      1.117253225877E+00      9.056357885343E-01
   65.400000      1.117263232675E+00      9.055724827894E-01
   65.500000      1.117204503433E+00      9.055745208539E-01
   65.600000      1.117066204932E+00      9.056278201384E-01
   65.700000      1.116899974427E+00      9.057123754864E-01
   65.800000      1.116785678014E+00      9.058057205304E-01
   65.900000      1.116769947574E+00      9.058862752738E-01
   66.000000      1.116837818207E+00      9.059370164132E-01
   66.100000      1.116942110536E+00      9.059492347542E-01
   66.200000      1.117055131604E+00      9.059252241831E-01
   66.300000      1.117199802868E+00      9.058785920965E-01
   66.400000      1.117431412557E+00      9.058316374271E-01
   66.500000      1.117730018297E+00      9.058102584846E-01
   66.600000      1.118012739166E+00      9.058375468066E-01
   66.700000      1.118192333547E+00      9.059275477438E-01
   66.800000      1.118213832664E+00      9.060807553628E-01
   66.900000      1.118072989714E+00      9.062826459090E-01
   67.000000      1.117819992623E+00      9.065057799367E-01
   67.100000      1.117548002138E+00      9.067149567601E-01
   67.200000      1.117362268386E+00      9.068741388648E-01
   67.300000      1.117329479591E+00      9.069536612786E-01
   67.400000      1.117435825727E+00      9.069363547173E-01
   67.500000      1.117602739529E+00      9.068213187280E-01
   67.600000      1.117744241089E+00      9.066243023129E-01
   67.700000      1.117806483237E+00      9.063743605323E-01
   67.800000      1.117772784039E+00      9.061076228361E-01
   67.900000      1.117650101737E+00      9.058599854634E-01
   68.000000      1.117456182085E+00      9.056606727063E-01
   68.100000      1.117213767792E+00      9.055279282841E-01
   68.200000      1.116960809603E+00      9.054672349978E-01
   68.300000      1.116738415262E+00      9.054719505560E-01
   68.400000      1.116561951148E+00      9.055260426386E-01
   68.500000      1.116459541199E+00      9.056083489671E-01
   68.600000      1.116462349351E+00      9.056973961514E-01
   68.700000      1.116578903851E+00      9.057756252894E-01
   68.800000      1.116778961388E+00      9.058322075779E-01
   68.900000      1.117004719810E+00      9.058643095443E-01
   69.000000      1.117204782403E+00      9.058771168873E-01
   69.100000      1.117362139232E+00      9.058827963373E-01
   69.200000      1.117491971597E+00      9.058981650512E-01
   69.300000      1.117625248778E+00      9.059408337372E-01
   69.400000      1.117789277878E+00      9.060243147511E-01
   69.500000      1.117914621320E+00      9.061535330111E-01
   69.600000      1.117949437787E+00      9.063224076622E-01
   69.700000      1.117901377422E+00      9.065142777274E-01
   69.800000      1.117843008478E+00      9.067045921983E-01
   69.900000      1.117887812384E+00      9.068646539045E-01
   70.000000      1.118110934434E+00      9.069657625802E-01
   70.100000      1.118455186432E+00      9.069840031578E-01
   70.200000      1.118752085594E+00      9.069058597853E-01
   70.300000      1.118850436229E+00      9.067335350541E-01
   70.400000      1.118706770202E+00      9.064875704109E-01
   70.500000      1.118387779772E+00      9.062046288657E-01
   70.600000      1.118019876414E+00      9.059302596291E-01
   70.700000      1.117721080647E+00      9.057086934707E-01
   70.800000      1.117509235081E+00      9.055727231318E-01
   70.900000      1.117355586908E+00      9.055363179292E-01
   71.000000      1.117229279277E+00      9.055916605746E-01
   71.100000      1.117113824229E+00      9.057113809566E-01
   71.200000      1.117010672134E+00      9.058557150580E-01
   71.300000      1.116939062233E+00      9.059829276094E-01
   71.400000      1.116919428199E+00      9.060601257922E-01
   71.500000      1.116948588732E+00      9.060714011220E-01
   71.600000      1.116988437082E+00      9.060212296373E-01
   71.700000      1.116987060442E+00      9.059325358508E-01
   71.800000      1.116927072780E+00      9.058400677552E-01
   71.900000      1.116845790344E+00      9.057806633210E-01
   72.000000      1.116807769329E+00      9.057828078233E-01
   72.100000      1.116847694385E+00      9.058583569680E-01
   72.200000      1.116946477301E+00      9.059988790902E-01
   72.300000      1.117063995819E+00      9.061776436065E-01
   72.400000      1.117180517331E+00      9.063565182130E-01
   72.500000      1.117320114017E+00      9.064957683760E-01
   72.600000      1.117519215212E+00      9.065642462102E-01
   72.700000      1.117762048033E+00      9.065474583331E-01
   72.800000      1.118004079050E+00      9.064513660595E-01
   72.900000      1.118189366937E+00      9.063007045870E-01
   73.000000      1.118280685535E+00      9.061321992091E-01
   73.100000      1.118272893245E+00      9.059847782092E-01
   73.200000      1.118169651502E+00      9.058898344882E-01
   73.300000      1.118007976780E+00      9.058642802933E-01
   73.400000      1.117881468414E+00      9.059079079300E-01
   73.500000      1.117905330700E+00      9.060051818997E-01
   73.600000      1.118090685901E+00      9.061305386256E-01
   73.700000      1.118310802958E+00      9.062555607394E-01
   73.800000      1.118400406811E+00      9.063559409544E-01
   73.900000      1.118283816349E+00      9.064161912289E-01
   74.000000      1.118018714611E+00      9.064309368183E-01
   74.100000      1.117743450465E+00      9.064032036361E-01
   74.200000      1.117555682272E+00      9.063414558437E-01
   74.300000      1.117447990470E+00      9.062572522989E-01
   74.400000      1.117350643979E+00      9.061641439895E-01
   74.500000      1.117211510480E+00      9.060769051454E-01
   74.600000      1.117047700273E+00      9.060097614629E-01
   74.700000      1.116933840452E+00      9.059733253265E-01
   74.800000      1.116933558047E+00      9.059714399916E-01
   74.900000      1.117022807030E+00      9.059996462327E-01
   75.000000      1.117128609801E+00      9.060461045709E-01
   75.100000      1.117189218505E+00      9.060944587310E-01
   75.200000      1.117191110184E+00      9.061274954356E-01
   75.300000      1.117166797262E+00      9.061307606382E-01
   75.400000      1.117157136255E+00      9.060957759215E-01
   75.500000      1.117173823023E+00      9.060225028280E-01
   75.600000      1.117197003972E+00      9.059204264689E-01
   75.700000      1.117205577416E+00      9.058076943413E-01
   75.800000      1.117205118004E+00      9.057082818904E-01
   75.900000      1.117229799518E+00      9.056476759866E-01
   76.000000      1.117319167043E+00      9.056477187402E-01
   76.100000      1.117491248047E+00      9.057213057421E-01
   76.200000      1.117724395267E+00      9.058679831136E-01
   76.300000      1.117956667943E+00      9.060719218981E-01
   76.400000      1.118110867520E+00      9.063035594242E-01
   76.500000      1.118130870117E+00      9.065250784324E-01
   76.600000      1.118008093904E+00      9.066984280949E-01
   76.700000      1.117787748272E+00      9.067936917401E-01
   76.800000      1.117550560330E+00      9.067956418515E-01
   76.900000      1.117379788278E+00      9.067069620205E-01
   77.000000      1.117321060329E+00      9.065474185693E-01
   77.100000      1.117358576215E+00      9.063491295763E-01
   77.200000      1.117434497060E+00      9.061490332002E-01
   77.300000      1.117486497360E+00      9.059804659769E-01
   77.400000      1.117476927227E+00      9.058660054587E-01
   77.500000      1.117400040815E+00      9.058132540406E-01
   77.600000      1.117275127369E+00      9.058143417423E-01
   77.700000      1.117143858372E+00      9.058490417897E-01
   77.800000      1.117035093378E+00      9.058906950963E-01
   77.900000      1.116903743792E+00      9.059135451899E-01
   78.000000      1.116748210323E+00      9.058996157643E-01
   78.100000      1.116613938570E+00      9.058432351386E-01
   78.200000      1.116566707964E+00      9.057520430404E-01
   78.300000      1.116647177075E+00      9.056446361520E-01
   78.400000      1.116837209184E+00      9.055461756432E-01
   78.500000      1.117075478737E+00      9.054835241173E-01
   78.600000      1.117308901536E+00      9.054807466996E-01
   78.700000      1.117526503323E+00      9.055549208598E-01
   78.800000      1.117758714176E+00      9.057121258566E-01
   78.900000      1.118060074898E+00      9.059443481442E-01
   79.000000      1.118349622924E+00      9.062288592914E-01
   79.100000      1.118516556219E+00      9.065312301408E-01
   79.200000      1.118496396106E+00      9.068114842169E-01
   79.300000      1.118303637180E+00      9.070312887296E-01
   79.400000      1.118043278448E+00      9.071599820113E-01
   79.500000      1.117870508757E+00      9.071786467145E-01
   79.600000      1.117889884597E+00      9.070828139916E-01
   79.700000      1.118062064722E+00      9.068842820695E-01
   79.800000      1.118247612630E+00      9.066112407327E-01
   79.900000      1.118326781026E+00      9.063051247856E-01
   80.000000      1.118257181988E+00      9.060135645107E-01
   80.100000      1.118067597071E+00      9.057807960796E-01
   80.200000      1.117822090522E+00      9.056382354315E-01
   80.300000      1.117571037410E+00      9.055977375658E-01
   80.400000      1.117330585599E+00      9.056490039758E-01
   80.500000      1.117099671635E+00      9.057616936583E-01
   80.600000      1.116878623255E+00      9.058921773985E-01
   80.700000      1.116682567085E+00      9.059939776728E-01
   80.800000      1.116544707373E+00      9.060296314703E-01
   80.900000      1.116502774810E+00      9.059807744774E-01
   81.000000      1.116571217409E+00      9.058535138004E-01
   81.100000      1.116718618651E+00      9.056775867454E-01
   81.200000      1.116889477133E+00      9.054995778413E-01
   81.300000      1.117043526569E+00      9.053718718912E-01
   81.400000      1.117174902126E+00      9.053399025379E-01
   81.500000      1.117291067947E+00      9.054306739812E-01
   81.600000      1.117384480142E+00      9.056453618180E-01
   81.700000      1.117446100085E+00      9.059578795937E-01
   81.800000      1.117478714247E+00      9.063198156651E-01
   81.900000      1.117499550766E+00      9.066705947449E-01
   82.000000      1.117544985180E+00      9.069505130801E-01
   82.100000      1.117640722304E+00      9.071135920015E-01
   82.200000      1.117774826703E+00      9.071371113038E-01
   82.300000      1.117972105720E+00      9.070254497529E-01
   82.400000      1.118242315298E+00      9.068075087908E-01
   82.500000      1.118537424999E+00      9.065289728389E-01
   82.600000      1.118767206052E+00      9.062419979961E-01
   82.700000      1.118823370028E+00      9.059950041436E-01
   82.800000      1.118651582437E+00      9.058243787234E-01
   82.900000      1.118312782113E+00      9.057489954448E-01
   83.000000      1.117968223704E+00      9.057680933353E-01
   83.100000      1.117785489954E+00      9.058629524706E-01
   83.200000      1.117762351431E+00      9.060022125569E-01
   83.300000      1.117774637688E+00      9.061494531526E-01
   83.400000      1.117714114290E+00      9.062706374744E-01
   83.500000      1.117564990585E+00      9.063393141424E-01
   83.600000      1.117394367733E+00      9.063391519231E-01
   83.700000      1.117274628947E+00      9.062651149052E-01
   83.800000      1.117219630228E+00      9.061247476283E-01
   83.900000      1.117183440342E+00      9.059393995157E-01
   84.000000      1.117111090673E+00      9.057433756020E-01
   84.100000      1.116990084897E+00      9.055789356438E-01
   84.200000      1.116857241553E+00      9.054871577536E-01
   84.300000      1.116766481896E+00      9.054972911437E-01
   84.400000      1.116737668391E+00      9.056182856183E-01
   84.500000      1.116758398986E+00      9.058351523262E-01
   84.600000      1.116810047698E+00      9.061108646181E-01
   84.700000      1.116881705733E+00      9.063930740688E-01
   84.800000      1.116974104635E+00      9.066243016014E-01
   84.900000      1.117093681584E+00      9.067538576531E-01
   85.000000      1.117239674273E+00      9.067491892945E-01
   85.100000      1.117392307614E+00      9.066040571739E-01
   85.200000      1.117516331637E+00      9.063414512417E-01
   85.300000      1.117577790514E+00      9.060103719089E-01
   85.400000      1.117563683438E+00      9.056769460734E-01
   85.500000      1.117495529564E+00      9.054114198779E-01
   85.600000      1.117426585440E+00      9.052734054050E-01
   85.700000      1.117419863840E+00      9.052984014407E-01
   85.800000      1.117515784269E+00      9.054887777963E-01
   85.900000      1.117710541310E+00      9.058117422424E-01
   86.000000      1.117946571440E+00      9.062052846509E-01
   86.100000      1.118127471438E+00      9.065911158496E-01
   86.200000      1.118167836158E+00      9.068917400173E-01
   86.300000      1.118043282107E+00      9.070475423522E-01
   86.400000      1.117808482488E+00      9.070296105890E-01
   86.500000      1.117569389019E+00      9.068451882067E-01
   86.600000      1.117410675496E+00      9.065348554839E-01
   86.700000      1.117336474203E+00      9.061628107609E-01
   86.800000      1.117295171400E+00      9.058029977288E-01
   86.900000      1.117241759436E+00      9.055240339393E-01
   87.000000      1.117166811445E+00      9.053755203783E-01
   87.100000      1.117093417404E+00      9.053780548772E-01
   87.200000      1.117072332597E+00      9.055191446286E-01
   87.300000      1.117130981812E+00      9.057565212634E-01
   87.400000      1.117178096229E+00      9.060285666741E-01
   87.500000      1.117168283598E+00      9.062691388949E-01
   87.600000      1.117112718604E+00      9.064224558317E-01
   87.700000      1.117069602117E+00      9.064540667069E-01
   87.800000      1.117098611216E+00      9.063561409892E-01
   87.900000      1.117203177542E+00      9.061477029210E-01
   88.000000      1.117329363297E+00      9.058712964766E-01
   88.100000      1.117427317361E+00      9.055866515758E-01
   88.200000      1.117501818860E+00      9.053608102837E-01
   88.300000      1.117613784106E+00      9.052547144563E-01
   88.400000      1.117854140505E+00      9.053086069798E-01
   88.500000      1.118217702157E+00      9.055308014445E-01
   88.600000      1.118568188806E+00      9.058941385733E-01
   88.700000      1.118772151592E+00      9.063414478710E-01
   88.800000      1.118746705180E+00      9.067976723482E-01
   88.900000      1.118501384455E+00      9.071845649458E-01
   89.000000      1.118139005622E+00      9.074346677823E-01
   89.100000      1.117808113812E+00      9.075029982544E-01
   89.200000      1.117618532944E+00      9.073755492564E-01
   89.300000      1.117576401768E+00      9.070731678967E-01
   89.400000      1.117612497122E+00      9.066490475747E-01
   89.500000      1.117651408775E+00      9.061791533314E-01
   89.600000      1.117650695418E+00      9.057470454296E-01
   89.700000      1.117605048692E+00      9.054264390752E-01
   89.800000      1.117525975752E+00      9.052655487479E-01
   89.900000      1.117417863786E+00      9.052768701149E-01
   90.000000      1.117270371582E+00      9.054349304129E-01
   90.100000      1.117071047752E+00      9.056828317006E-01
   90.200000      1.116831849793E+00      9.059462484420E-01
   90.300000      1.116594615924E+00      9.061514655333E-01
   90.400000      1.116416871036E+00      9.062428677094E-01
   90.500000      1.116343414393E+00      9.061955140647E-01
   90.600000      1.116383206713E+00      9.060199250839E-01
   90.700000      1.116519348684E+00      9.057584114151E-01
   90.800000      1.116723938260E+00      9.054744824370E-01
   90.900000      1.116973383394E+00      9.052384036463E-01
   91.000000      1.117244330616E+00      9.051123653371E-01
   91.100000      1.117495823258E+00      9.051380752652E-01
   91.200000      1.117705396635E+00      9.053285716959E-01
   91.300000      1.117874300716E+00      9.056653516221E-01
   91.400000      1.117994502605E+00      9.061015062023E-01
   91.500000      1.118047359917E+00      9.065707774073E-01
   91.600000      1.118008988508E+00      9.070008706777E-01
   91.700000      1.117877445110E+00      9.073276165460E-01
   91.800000      1.117748143805E+00      9.075060501712E-01
   91.900000      1.117770553577E+00      9.075159582938E-01
   92.000000      1.118016558411E+00      9.073621043668E-01
   92.100000      1.118389068104E+00      9.070712470663E-01
   92.200000      1.118689130388E+00      9.066878809485E-01
   92.300000      1.118763889484E+00      9.062689181413E-01
   92.400000      1.118593740190E+00      9.058762750083E-01
   92.500000      1.118275042606E+00      9.055670037089E-01
   92.600000      1.117932840288E+00      9.053827065364E-01
   92.700000      1.117655283829E+00      9.053414657218E-01
   92.800000      1.117428464012E+00      9.054348820935E-01
   92.900000      1.117214816067E+00      9.056305401521E-01
   93.000000      1.117011704669E+00      9.058783032647E-01
   93.100000      1.116841530924E+00      9.061187281175E-01
   93.200000      1.116734454488E+00      9.062930047949E-01
   93.300000      1.116710065902E+00      9.063543156382E-01
   93.400000      1.116757897149E+00      9.062793093165E-01
   93.500000      1.116842740812E+00      9.060764807790E-01
   93.600000      1.116922744194E+00      9.057876631876E-01
   93.700000      1.116964986175E+00      9.054806037961E-01
   93.800000      1.116962489692E+00      9.052338022989E-01
   93.900000      1.116931194697E+00      9.051175708517E-01
   94.000000      1.116899050821E+00      9.051764004348E-01
   94.100000      1.116893732741E+00      9.054171626368E-01
   94.200000      1.116925792289E+00      9.058060303771E-01
   94.300000      1.116984983763E+00      9.062748203696E-01
   94.400000      1.117064437523E+00      9.067352074054E-01
   94.500000      1.117182425765E+00      9.070974690956E-01
   94.600000      1.117375572692E+00      9.072895509995E-01
   94.700000      1.117659435162E+00      9.072724006026E-01
   94.800000      1.117987234827E+00      9.070484690217E-01
   94.900000      1.118257215660E+00      9.066617208959E-01
   95.000000      1.118373569126E+00      9.061891760214E-01
   95.100000      1.118302997223E+00      9.057256278586E-01
   95.200000      1.118096440700E+00      9.053644186315E-01
   95.300000      1.117867454379E+00      9.051778894760E-01
   95.400000      1.117735411493E+00      9.052014840168E-01
   95.500000      1.117777879059E+00      9.054253895526E-01
   95.600000      1.117951825078E+00      9.057965146261E-01
   95.700000      1.118110768674E+00      9.062310511273E-01
   95.800000      1.118145448978E+00      9.066343965571E-01
   95.900000      1.118026740093E+00      9.069225565938E-01
   96.000000      1.117815667124E+00      9.070390432337E-01
   96.100000      1.117614240349E+00      9.069638469824E-01
   96.200000      1.117479010055E+00      9.067144640463E-01
   96.300000      1.117383764636E+00      9.063409238075E-01
   96.400000      1.117272537833E+00      9.059165393784E-01
   96.500000      1.117124272051E+00      9.055250100417E-01
   96.600000      1.116972969504E+00      9.052444954677E-01
   96.700000      1.116897814297E+00      9.051309688023E-01
   96.800000      1.116967222390E+00      9.052051485586E-01
   96.900000      1.117095282390E+00      9.054474850866E-01
   97.000000      1.117209536810E+00      9.058031859312E-01
   97.100000      1.117277343948E+00      9.061954364886E-01
   97.200000      1.117318714768E+00      9.065422917397E-01
   97.300000      1.117387721882E+00      9.067727239191E-01
   97.400000      1.117512362843E+00      9.068393171730E-01
   97.500000      1.117648381078E+00      9.067269235807E-01
   97.600000      1.117715399586E+00      9.064567253996E-01
   97.700000      1.117673838492E+00      9.060842138470E-01
   97.800000      1.117563959944E+00      9.056895992666E-01
   97.900000      1.117489667683E+00      9.053612486509E-01
   98.000000      1.117561636528E+00      9.051758373626E-01
   98.100000      1.117769486262E+00      9.051807301603E-01
   98.200000      1.118033597602E+00      9.053833842492E-01
   98.300000      1.118248106774E+00      9.057500091163E-01
   98.400000      1.118321894906E+00      9.062130309463E-01
   98.500000      1.118216050444E+00      9.066851619545E-01
   98.600000      1.117958575688E+00      9.070770124935E-01
   98.700000      1.117634637968E+00      9.073147909168E-01
   98.800000      1.117345720972E+00      9.073546661747E-01
   98.900000      1.117159168235E+00      9.071910169247E-01
   99.000000      1.117081041264E+00      9.068570121466E-01
   99.100000      1.117071623015E+00      9.064174348926E-01
   99.200000      1.117085609868E+00      9.059551071909E-01
   99.300000      1.117097272493E+00      9.055535895685E-01
   99.400000      1.117097237322E+00      9.052798026966E-01
   99.500000      1.117081668586E+00      9.051704616084E-01
   99.600000      1.117045676688E+00      9.052254725208E-01
   99.700000      1.116981544704E+00      9.054098654515E-01
   99.800000      1.116879610964E+00      9.056638118998E-01
   99.900000      1.116743158462E+00      9.059181850147E-01
  100.000000      1.116600319691E+00      9.061114298402E-01
