# M=22, N=11, V0=0.0, V=-0.25, PBC
#  time (tJ)                S₁(ℓ=11)                S₂(ℓ=11)
    0.000000      1.375632336657E+00      1.080989943769E+00
    0.100000      1.375848002126E+00      1.081315008375E+00
    0.200000      1.376439569560E+00      1.082236397744E+00
    0.300000      1.377269740608E+00      1.083605206394E+00
    0.400000      1.378192995051E+00      1.085211258197E+00
    0.500000      1.379126041624E+00      1.086828582697E+00
    0.600000      1.380049523278E+00      1.088260391938E+00
    0.700000      1.380968365813E+00      1.089372916624E+00
    0.800000      1.381879975246E+00      1.090111773928E+00
    0.900000      1.382779245942E+00      1.090499744067E+00
    1.000000      1.383674422112E+00      1.090619271310E+00
    1.100000      1.384590545322E+00      1.090585796770E+00
    1.200000      1.385561666655E+00      1.090518985128E+00
    1.300000      1.386617183326E+00      1.090518210549E+00
    1.400000      1.387769468139E+00      1.090646700940E+00
    1.500000      1.389009189646E+00      1.090926076130E+00
    1.600000      1.390309327593E+00      1.091340377256E+00
    1.700000      1.391634605919E+00      1.091846755692E+00
    1.800000      1.392951634340E+00      1.092389167073E+00
    1.900000      1.394235659521E+00      1.092911679092E+00
    2.000000      1.395472013513E+00      1.093368986560E+00
    2.100000      1.396653277713E+00      1.093732938659E+00
    2.200000      1.397774972579E+00      1.093994916090E+00
    2.300000      1.398832148162E+00      1.094164560969E+00
    2.400000      1.399817841957E+00      1.094265687883E+00
    2.500000      1.400723506165E+00      1.094330340637E+00
    2.600000      1.401541187556E+00      1.094392048941E+00
    2.700000      1.402267175240E+00      1.094479419304E+00
    2.800000      1.402906946920E+00      1.094611176740E+00
    2.900000      1.403480697862E+00      1.094793520351E+00
    3.000000      1.404026956352E+00      1.095020110856E+00
    3.100000      1.404599598494E+00      1.095274307497E+00
    3.200000      1.405252784583E+00      1.095532728804E+00
    3.300000      1.406010975736E+00      1.095769137638E+00
    3.400000      1.406832528933E+00      1.095958089393E+00
    3.500000      1.407602037902E+00      1.096078372111E+00
    3.600000      1.408172626138E+00      1.096116435232E+00
    3.700000      1.408420933326E+00      1.096069451266E+00
    3.800000      1.408287848015E+00      1.095946766386E+00
    3.900000      1.407795035318E+00      1.095768200334E+00
    4.000000      1.407030567836E+00      1.095558662730E+00
    4.100000      1.406110648531E+00      1.095340546140E+00
    4.200000      1.405137320861E+00      1.095126980856E+00
    4.300000      1.404173456839E+00      1.094918916715E+00
    4.400000      1.403242298622E+00      1.094706988314E+00
    4.500000      1.402341690171E+00      1.094476583658E+00
    4.600000      1.401458097447E+00      1.094213251972E+00
    4.700000      1.400574667958E+00      1.093906246596E+00
    4.800000      1.399676594687E+00      1.093549720490E+00
    4.900000      1.398756823278E+00      1.093142380111E+00
    5.000000      1.397820215549E+00      1.092686539693E+00
    5.100000      1.396881364077E+00      1.092186981320E+00
    5.200000      1.395955259587E+00      1.091649698079E+00
    5.300000      1.395047905435E+00      1.091080777501E+00
    5.400000      1.394155202566E+00      1.090485955762E+00
    5.500000      1.393269980657E+00      1.089871256402E+00
    5.600000      1.392389842603E+00      1.089244619095E+00
    5.700000      1.391520546358E+00      1.088617912469E+00
    5.800000      1.390676145424E+00      1.088008539613E+00
    5.900000      1.389878878768E+00      1.087440010198E+00
    6.000000      1.389158519160E+00      1.086941189082E+00
    6.100000      1.388549098231E+00      1.086544251656E+00
    6.200000      1.388082082314E+00      1.086281585309E+00
    6.300000      1.387778655598E+00      1.086181978612E+00
    6.400000      1.387646632530E+00      1.086266511090E+00
    6.500000      1.387677603721E+00      1.086544665754E+00
    6.600000      1.387843145467E+00      1.087011311736E+00
    6.700000      1.388097555157E+00      1.087645240612E+00
    6.800000      1.388391185280E+00      1.088409800041E+00
    6.900000      1.388689760963E+00      1.089255846879E+00
    7.000000      1.388987927027E+00      1.090126792267E+00
    7.100000      1.389306287037E+00      1.090965025918E+00
    7.200000      1.389672832158E+00      1.091718637629E+00
    7.300000      1.390103724009E+00      1.092347261511E+00
    7.400000      1.390598324186E+00      1.092826077444E+00
    7.500000      1.391147766383E+00      1.093147366039E+00
    7.600000      1.391745230143E+00      1.093319402083E+00
    7.700000      1.392388955231E+00      1.093362956023E+00
    7.800000      1.393077818415E+00      1.093306338993E+00
    7.900000      1.393805126556E+00      1.093180530106E+00
    8.000000      1.394556542687E+00      1.093015938242E+00
    8.100000      1.395313754155E+00      1.092841512609E+00
    8.200000      1.396060466010E+00      1.092685637868E+00
    8.300000      1.396786459142E+00      1.092577316224E+00
    8.400000      1.397488932806E+00      1.092546027810E+00
    8.500000      1.398171015936E+00      1.092619268704E+00
    8.600000      1.398837171302E+00      1.092817733803E+00
    8.700000      1.399487672854E+00      1.093149165225E+00
    8.800000      1.400116826960E+00      1.093602774474E+00
    8.900000      1.400718285683E+00      1.094146486263E+00
    9.000000      1.401295184667E+00      1.094728727450E+00
    9.100000      1.401867782886E+00      1.095285208704E+00
    9.200000      1.402470648532E+00      1.095749661991E+00
    9.300000      1.403136306202E+00      1.096066358762E+00
    9.400000      1.403870809459E+00      1.096201673824E+00
    9.500000      1.404637508294E+00      1.096151965534E+00
    9.600000      1.405368127040E+00      1.095945604561E+00
    9.700000      1.405992998504E+00      1.095638128022E+00
    9.800000      1.406462456912E+00      1.095301109491E+00
    9.900000      1.406749767888E+00      1.095007047618E+00
   10.000000      1.406843980829E+00      1.094813837188E+00
   10.100000      1.406743421600E+00      1.094752669383E+00
   10.200000      1.406455336982E+00      1.094822267945E+00
   10.300000      1.406000348947E+00      1.094990471335E+00
   10.400000      1.405415515012E+00      1.095202081397E+00
   10.500000      1.404750153221E+00      1.095390473088E+00
   10.600000      1.404054018532E+00      1.095490101914E+00
   10.700000      1.403363796323E+00      1.095447522052E+00
   10.800000      1.402695542621E+00      1.095229312923E+00
   10.900000      1.402046085657E+00      1.094826068776E+00
   11.000000      1.401400575674E+00      1.094252309025E+00
   11.100000      1.400741225426E+00      1.093542851123E+00
   11.200000      1.400054047496E+00      1.092746729753E+00
   11.300000      1.399332673133E+00      1.091919948905E+00
   11.400000      1.398580168303E+00      1.091118174893E+00
   11.500000      1.397809858713E+00      1.090390109730E+00
   11.600000      1.397044152149E+00      1.089772000467E+00
   11.700000      1.396309758277E+00      1.089283692295E+00
   11.800000      1.395630159075E+00      1.088926764714E+00
   11.900000      1.395019332875E+00      1.088685398768E+00
   12.000000      1.394480221146E+00      1.088530479450E+00
   12.100000      1.394008353185E+00      1.088426885149E+00
   12.200000      1.393598951759E+00      1.088342972010E+00
   12.300000      1.393252932170E+00      1.088260210863E+00
   12.400000      1.392976490848E+00      1.088180299592E+00
   12.500000      1.392775490632E+00      1.088127327126E+00
   12.600000      1.392651723081E+00      1.088143748922E+00
   12.700000      1.392603535038E+00      1.088280586833E+00
   12.800000      1.392627514334E+00      1.088583807197E+00
   12.900000      1.392717869077E+00      1.089079961855E+00
   13.000000      1.392863533630E+00      1.089764797228E+00
   13.100000      1.393046416123E+00      1.090598356284E+00
   13.200000      1.393244987531E+00      1.091508681260E+00
   13.300000      1.393444364579E+00      1.092403662609E+00
   13.400000      1.393646937512E+00      1.093187946120E+00
   13.500000      1.393871319645E+00      1.093780529869E+00
   13.600000      1.394135908321E+00      1.094129246522E+00
   13.700000      1.394443809964E+00      1.094219823926E+00
   13.800000      1.394786138565E+00      1.094078367537E+00
   13.900000      1.395156188373E+00      1.093766654017E+00
   14.000000      1.395557099169E+00      1.093370416633E+00
   14.100000      1.395997661876E+00      1.092982490773E+00
   14.200000      1.396482021034E+00      1.092684652572E+00
   14.300000      1.397001374312E+00      1.092532808036E+00
   14.400000      1.397532841920E+00      1.092549090130E+00
   14.500000      1.398046523678E+00      1.092722002837E+00
   14.600000      1.398518415865E+00      1.093013386374E+00
   14.700000      1.398942685075E+00      1.093369638603E+00
   14.800000      1.399335704762E+00      1.093734363654E+00
   14.900000      1.399729167866E+00      1.094059939792E+00
   15.000000      1.400155890666E+00      1.094316009991E+00
   15.100000      1.400637139730E+00      1.094493540730E+00
   15.200000      1.401179855281E+00      1.094603946024E+00
   15.300000      1.401781915249E+00      1.094673788247E+00
   15.400000      1.402435640879E+00      1.094736514826E+00
   15.500000      1.403125050160E+00      1.094823283996E+00
   15.600000      1.403822199082E+00      1.094954992713E+00
   15.700000      1.404489615261E+00      1.095137154517E+00
   15.800000      1.405088427323E+00      1.095358467418E+00
   15.900000      1.405586110001E+00      1.095593027014E+00
   16.000000      1.405959310750E+00      1.095805416337E+00
   16.100000      1.406191469890E+00      1.095957481237E+00
   16.200000      1.406268509323E+00      1.096015498980E+00
   16.300000      1.406177299867E+00      1.095956579877E+00
   16.400000      1.405910054515E+00      1.095773348742E+00
   16.500000      1.405473883507E+00      1.095476104538E+00
   16.600000      1.404899946330E+00      1.095091785078E+00
   16.700000      1.404244583064E+00      1.094659399866E+00
   16.800000      1.403577570623E+00      1.094222372838E+00
   16.900000      1.402959342755E+00      1.093819357522E+00
   17.000000      1.402417740292E+00      1.093475975162E+00
   17.100000      1.401938946816E+00      1.093199869679E+00
   17.200000      1.401479278678E+00      1.092980264473E+00
   17.300000      1.400990381538E+00      1.092791488817E+00
   17.400000      1.400443029371E+00      1.092598807262E+00
   17.500000      1.399837734689E+00      1.092364963588E+00
   17.600000      1.399198635241E+00      1.092056731932E+00
   17.700000      1.398555564721E+00      1.091651384102E+00
   17.800000      1.397927442819E+00      1.091142644926E+00
   17.900000      1.397322202193E+00      1.090544793344E+00
   18.000000      1.396749989255E+00      1.089893152909E+00
   18.100000      1.396230354565E+00      1.089240019506E+00
   18.200000      1.395787527398E+00      1.088646748138E+00
   18.300000      1.395441739236E+00      1.088174155923E+00
   18.400000      1.395203423270E+00      1.087873689965E+00
   18.500000      1.395072660678E+00      1.087780952347E+00
   18.600000      1.395041606955E+00      1.087911944501E+00
   18.700000      1.395095967250E+00      1.088261639234E+00
   18.800000      1.395215147759E+00      1.088804508401E+00
   18.900000      1.395373549255E+00      1.089497065842E+00
   19.000000      1.395544429706E+00      1.090282689752E+00
   19.100000      1.395706028802E+00      1.091098577877E+00
   19.200000      1.395848704768E+00      1.091883832485E+00
   19.300000      1.395978718740E+00      1.092586981995E+00
   19.400000      1.396113475196E+00      1.093171298569E+00
   19.500000      1.396269585989E+00      1.093617101429E+00
   19.600000      1.396452503153E+00      1.093921257272E+00
   19.700000      1.396656084382E+00      1.094094602865E+00
   19.800000      1.396871665197E+00      1.094157896880E+00
   19.900000      1.397097335344E+00      1.094136735732E+00
   20.000000      1.397338442390E+00      1.094056233210E+00
   20.100000      1.397599746752E+00      1.093936958774E+00
   20.200000      1.397878489141E+00      1.093793715758E+00
   20.300000      1.398166060013E+00      1.093637584642E+00
   20.400000      1.398454812893E+00      1.093479819518E+00
   20.500000      1.398739948210E+00      1.093335063561E+00
   20.600000      1.399016997505E+00      1.093221846193E+00
   20.700000      1.399284941105E+00      1.093160001670E+00
   20.800000      1.399553116705E+00      1.093166246106E+00
   20.900000      1.399842581983E+00      1.093249795290E+00
   21.000000      1.400178888931E+00      1.093409656468E+00
   21.100000      1.400582068824E+00      1.093634573940E+00
   21.200000      1.401062988921E+00      1.093905814927E+00
   21.300000      1.401627231599E+00      1.094202068688E+00
   21.400000      1.402274188924E+00      1.094504870255E+00
   21.500000      1.402984882648E+00      1.094802567464E+00
   21.600000      1.403721992032E+00      1.095091241166E+00
   21.700000      1.404447362594E+00      1.095372080675E+00
   21.800000      1.405129287303E+00      1.095646100697E+00
   21.900000      1.405737309013E+00      1.095908251571E+00
   22.000000      1.406235442732E+00      1.096143435567E+00
   22.100000      1.406582043298E+00      1.096326375051E+00
   22.200000      1.406739758042E+00      1.096425798479E+00
   22.300000      1.406691018831E+00      1.096411702513E+00
   22.400000      1.406448741616E+00      1.096263397185E+00
   22.500000      1.406053837672E+00      1.095976055364E+00
   22.600000      1.405559349538E+00      1.095564217050E+00
   22.700000      1.405010614179E+00      1.095061478752E+00
   22.800000      1.404435892159E+00      1.094516142324E+00
   22.900000      1.403851931283E+00      1.093983163351E+00
   23.000000      1.403274357961E+00      1.093513630766E+00
   23.100000      1.402721563595E+00      1.093144040797E+00
   23.200000      1.402209689349E+00      1.092888164485E+00
   23.300000      1.401744970434E+00      1.092733826456E+00
   23.400000      1.401321389601E+00      1.092645498619E+00
   23.500000      1.400924107798E+00      1.092571930883E+00
   23.600000      1.400534231404E+00      1.092456852768E+00
   23.700000      1.400132416871E+00      1.092250435605E+00
   23.800000      1.399702476395E+00      1.091919502195E+00
   23.900000      1.399237316548E+00      1.091454937923E+00
   24.000000      1.398746155562E+00      1.090875105919E+00
   24.100000      1.398257411869E+00      1.090224425027E+00
   24.200000      1.397811020214E+00      1.089566972227E+00
   24.300000      1.397442202888E+00      1.088976110327E+00
   24.400000      1.397170098200E+00      1.088522296686E+00
   24.500000      1.396998781162E+00      1.088261735040E+00
   24.600000      1.396922618829E+00      1.088228072745E+00
   24.700000      1.396929427145E+00      1.088428268684E+00
   24.800000      1.397001843897E+00      1.088842754301E+00
   24.900000      1.397118301237E+00      1.089429464790E+00
   25.000000      1.397254686807E+00      1.090131023447E+00
   25.100000      1.397388266594E+00      1.090883915760E+00
   25.200000      1.397503635933E+00      1.091627886562E+00
   25.300000      1.397596833842E+00      1.092313524183E+00
   25.400000      1.397673869580E+00      1.092906516518E+00
   25.500000      1.397744961948E+00      1.093388249542E+00
   25.600000      1.397819687324E+00      1.093753611364E+00
   25.700000      1.397905802525E+00      1.094007445795E+00
   25.800000      1.398008673531E+00      1.094160956899E+00
   25.900000      1.398127520321E+00      1.094228832489E+00
   26.000000      1.398250587566E+00      1.094227307712E+00
   26.100000      1.398354724860E+00      1.094172991852E+00
   26.200000      1.398414619575E+00      1.094082042056E+00
   26.300000      1.398418930104E+00      1.093969221001E+00
   26.400000      1.398379832433E+00      1.093846601269E+00
   26.500000      1.398329783885E+00      1.093722158558E+00
   26.600000      1.398307271249E+00      1.093598998128E+00
   26.700000      1.398339307579E+00      1.093476118881E+00
   26.800000      1.398431208272E+00      1.093351175949E+00
   26.900000      1.398570648710E+00      1.093224733962E+00
   27.000000      1.398743724331E+00      1.093104478455E+00
   27.100000      1.398950864098E+00      1.093007417949E+00
   27.200000      1.399207621875E+00      1.092958672696E+00
   27.300000      1.399530475513E+00      1.092986821656E+00
   27.400000      1.399926865363E+00      1.093117200478E+00
   27.500000      1.400396771565E+00      1.093365168118E+00
   27.600000      1.400939182821E+00      1.093730942416E+00
   27.700000      1.401555713422E+00      1.094196728586E+00
   27.800000      1.402243207245E+00      1.094726402495E+00
   27.900000      1.402975882239E+00      1.095268227806E+00
   28.000000      1.403690414805E+00      1.095761286678E+00
   28.100000      1.404290288018E+00      1.096145524909E+00
   28.200000      1.404675132524E+00      1.096373482485E+00
   28.300000      1.404782119709E+00      1.096420115510E+00
   28.400000      1.404614336223E+00      1.096287160326E+00
   28.500000      1.404238612406E+00      1.096000623961E+00
   28.600000      1.403754513258E+00      1.095602901599E+00
   28.700000      1.403252617082E+00      1.095142799749E+00
   28.800000      1.402785738789E+00      1.094666485834E+00
   28.900000      1.402367551277E+00      1.094210836813E+00
   29.000000      1.401992323717E+00      1.093799310954E+00
   29.100000      1.401654833642E+00      1.093440152033E+00
   29.200000      1.401354298638E+00      1.093127092595E+00
   29.300000      1.401083958757E+00      1.092842839754E+00
   29.400000      1.400822982198E+00      1.092565031551E+00
   29.500000      1.400542754056E+00      1.092273377184E+00
   29.600000      1.400222392368E+00      1.091956041544E+00
   29.700000      1.399860741852E+00      1.091613433632E+00
   29.800000      1.399477384129E+00      1.091258331805E+00
   29.900000      1.399103188064E+00      1.090912359251E+00
   30.000000      1.398764517537E+00      1.090599855804E+00
   30.100000      1.398471399209E+00      1.090340936109E+00
   30.200000      1.398220120279E+00      1.090145802755E+00
   30.300000      1.398006978796E+00      1.090012082484E+00
   30.400000      1.397838344785E+00      1.089926110848E+00
   30.500000      1.397726101422E+00      1.089867940947E+00
   30.600000      1.397671227066E+00      1.089818744128E+00
   30.700000      1.397653354573E+00      1.089768519738E+00
   30.800000      1.397642242446E+00      1.089721829911E+00
   30.900000      1.397620667640E+00      1.089699686042E+00
   31.000000      1.397595542414E+00      1.089736668754E+00
   31.100000      1.397592215293E+00      1.089873645732E+00
   31.200000      1.397639061075E+00      1.090147708267E+00
   31.300000      1.397749449259E+00      1.090581784710E+00
   31.400000      1.397913663375E+00      1.091176524830E+00
   31.500000      1.398107093905E+00      1.091906437862E+00
   31.600000      1.398307919894E+00      1.092721142748E+00
   31.700000      1.398511399366E+00      1.093551385584E+00
   31.800000      1.398731593107E+00      1.094318614814E+00
   31.900000      1.398988846876E+00      1.094946524874E+00
   32.000000      1.399290071059E+00      1.095372878567E+00
   32.100000      1.399615756152E+00      1.095559795468E+00
   32.200000      1.399924744643E+00      1.095500551229E+00
   32.300000      1.400173271683E+00      1.095221173544E+00
   32.400000      1.400334228075E+00      1.094776122771E+00
   32.500000      1.400406997056E+00      1.094238916705E+00
   32.600000      1.400416848042E+00      1.093689929646E+00
   32.700000      1.400406134610E+00      1.093204058549E+00
   32.800000      1.400420458874E+00      1.092840480255E+00
   32.900000      1.400495121662E+00      1.092635889526E+00
   33.000000      1.400648018250E+00      1.092601892595E+00
   33.100000      1.400881092312E+00      1.092726610270E+00
   33.200000      1.401186359247E+00      1.092979780755E+00
   33.300000      1.401551530799E+00      1.093319862207E+00
   33.400000      1.401963513177E+00      1.093701335027E+00
   33.500000      1.402408510715E+00      1.094080919089E+00
   33.600000      1.402871116130E+00      1.094422389515E+00
   33.700000      1.403335199402E+00      1.094700301374E+00
   33.800000      1.403785715644E+00      1.094902758530E+00
   33.900000      1.404209174325E+00      1.095032695878E+00
   34.000000      1.404591797133E+00      1.095106734823E+00
   34.100000      1.404917667645E+00      1.095151007745E+00
   34.200000      1.405169709502E+00      1.095194309296E+00
   34.300000      1.405331939875E+00      1.095260002119E+00
   34.400000      1.405389620547E+00      1.095358776466E+00
   34.500000      1.405327129611E+00      1.095484372398E+00
   34.600000      1.405128226538E+00      1.095613696144E+00
   34.700000      1.404783378249E+00      1.095711558953E+00
   34.800000      1.404301419693E+00      1.095738857959E+00
   34.900000      1.403717369367E+00      1.095661854764E+00
   35.000000      1.403090740446E+00      1.095459761126E+00
   35.100000      1.402491635918E+00      1.095128408999E+00
   35.200000      1.401977100108E+00      1.094679260634E+00
   35.300000      1.401569192690E+00      1.094134815380E+00
   35.400000      1.401247731748E+00      1.093522744704E+00
   35.500000      1.400961959208E+00      1.092871214959E+00
   35.600000      1.400654054233E+00      1.092206852576E+00
   35.700000      1.400283022741E+00      1.091555290109E+00
   35.800000      1.399840554553E+00      1.090942988169E+00
   35.900000      1.399354206002E+00      1.090398538377E+00
   36.000000      1.398876256409E+00      1.089951955356E+00
   36.100000      1.398462810752E+00      1.089631326030E+00
   36.200000      1.398155278458E+00      1.089457290604E+00
   36.300000      1.397971125387E+00      1.089436857879E+00
   36.400000      1.397902908975E+00      1.089558672406E+00
   36.500000      1.397923791720E+00      1.089791772062E+00
   36.600000      1.397996611346E+00      1.090089021858E+00
   36.700000      1.398083824947E+00      1.090395022156E+00
   36.800000      1.398156064655E+00      1.090656884763E+00
   36.900000      1.398196502875E+00      1.090835398319E+00
   37.000000      1.398199402591E+00      1.090914016819E+00
   37.100000      1.398165485257E+00      1.090903629430E+00
   37.200000      1.398099453928E+00      1.090841850960E+00
   37.300000      1.398011710255E+00      1.090786459447E+00
   37.400000      1.397920180918E+00      1.090803722260E+00
   37.500000      1.397847488778E+00      1.090953716901E+00
   37.600000      1.397813933752E+00      1.091275934662E+00
   37.700000      1.397830980800E+00      1.091778752573E+00
   37.800000      1.397899416477E+00      1.092435413848E+00
   37.900000      1.398012838447E+00      1.093187335991E+00
   38.000000      1.398163791976E+00      1.093953693457E+00
   38.100000      1.398348387225E+00      1.094644973571E+00
   38.200000      1.398566052555E+00      1.095177763449E+00
   38.300000      1.398813605515E+00      1.095488205086E+00
   38.400000      1.399076756319E+00      1.095542090198E+00
   38.500000      1.399326237223E+00      1.095340258254E+00
   38.600000      1.399524670153E+00      1.094918676406E+00
   38.700000      1.399642414829E+00      1.094343243032E+00
   38.800000      1.399673912163E+00      1.093699977528E+00
   38.900000      1.399645616304E+00      1.093081904289E+00
   39.000000      1.399610463224E+00      1.092574613819E+00
   39.100000      1.399630324725E+00      1.092243015866E+00
   39.200000      1.399755675403E+00      1.092121865825E+00
   39.300000      1.400013965283E+00      1.092211994268E+00
   39.400000      1.400409114169E+00      1.092482886004E+00
   39.500000      1.400924584162E+00      1.092880797795E+00
   39.600000      1.401523959007E+00      1.093340497088E+00
   39.700000      1.402151487135E+00      1.093798167902E+00
   39.800000      1.402740084981E+00      1.094202954874E+00
   39.900000      1.403227874218E+00      1.094524883646E+00
   40.000000      1.403573601545E+00      1.094757581288E+00
   40.100000      1.403763852408E+00      1.094915384516E+00
   40.200000      1.403812386123E+00      1.095025807854E+00
   40.300000      1.403753912274E+00      1.095119458115E+00
   40.400000      1.403633094935E+00      1.095219984631E+00
   40.500000      1.403490425273E+00      1.095336514703E+00
   40.600000      1.403350206935E+00      1.095460331175E+00
   40.700000      1.403216053184E+00      1.095566409219E+00
   40.800000      1.403074150880E+00      1.095619135231E+00
   40.900000      1.402900396545E+00      1.095580592351E+00
   41.000000      1.402669085224E+00      1.095419530168E+00
   41.100000      1.402364401647E+00      1.095119303786E+00
   41.200000      1.401993766802E+00      1.094683217133E+00
   41.300000      1.401593724246E+00      1.094135855896E+00
   41.400000      1.401216900100E+00      1.093519658538E+00
   41.500000      1.400903519103E+00      1.092887336118E+00
   41.600000      1.400660645645E+00      1.092292133313E+00
   41.700000      1.400465869412E+00      1.091778387526E+00
   41.800000      1.400285385043E+00      1.091374248059E+00
   41.900000      1.400088795495E+00      1.091087527473E+00
   42.000000      1.399855110748E+00      1.090905182410E+00
   42.100000      1.399575343397E+00      1.090796752227E+00
   42.200000      1.399256823782E+00      1.090721628931E+00
   42.300000      1.398926704076E+00      1.090639070094E+00
   42.400000      1.398628206871E+00      1.090518817608E+00
   42.500000      1.398407085350E+00      1.090349645054E+00
   42.600000      1.398293351964E+00      1.090143429333E+00
   42.700000      1.398288529575E+00      1.089933400796E+00
   42.800000      1.398366996128E+00      1.089766812164E+00
   42.900000      1.398489173777E+00      1.089693872604E+00
   43.000000      1.398616973854E+00      1.089755776509E+00
   43.100000      1.398726121425E+00      1.089974663168E+00
   43.200000      1.398812566097E+00      1.090347619933E+00
   43.300000      1.398889448198E+00      1.090845940310E+00
   43.400000      1.398974298021E+00      1.091420004084E+00
   43.500000      1.399072882928E+00      1.092009121447E+00
   43.600000      1.399171240430E+00      1.092554320721E+00
   43.700000      1.399244319610E+00      1.093010829655E+00
   43.800000      1.399273907929E+00      1.093356760486E+00
   43.900000      1.399259856338E+00      1.093595664633E+00
   44.000000      1.399219112448E+00      1.093752637875E+00
   44.100000      1.399177758637E+00      1.093865483559E+00
   44.200000      1.399162694926E+00      1.093973397380E+00
   44.300000      1.399196082169E+00      1.094105805020E+00
   44.400000      1.399292141459E+00      1.094273807239E+00
   44.500000      1.399454124819E+00      1.094466329137E+00
   44.600000      1.399670439806E+00      1.094652269742E+00
   44.700000      1.399912816102E+00      1.094788482684E+00
   44.800000      1.400141485082E+00      1.094831611897E+00
   44.900000      1.400318694942E+00      1.094750478933E+00
   45.000000      1.400424173308E+00      1.094535581495E+00
   45.100000      1.400463276735E+00      1.094203333529E+00
   45.200000      1.400465712764E+00      1.093794299322E+00
   45.300000      1.400478850668E+00      1.093366111278E+00
   45.400000      1.400556479680E+00      1.092982744346E+00
   45.500000      1.400742550040E+00      1.092702497869E+00
   45.600000      1.401053916215E+00      1.092567464800E+00
   45.700000      1.401472864579E+00      1.092597118835E+00
   45.800000      1.401954634025E+00      1.092787534013E+00
   45.900000      1.402444226576E+00      1.093115827209E+00
   46.000000      1.402892012742E+00      1.093547545066E+00
   46.100000      1.403261619943E+00      1.094043922774E+00
   46.200000      1.403530714559E+00      1.094566632310E+00
   46.300000      1.403687760558E+00      1.095079330734E+00
   46.400000      1.403729589551E+00      1.095547038762E+00
   46.500000      1.403660896025E+00      1.095935307612E+00
   46.600000      1.403494019046E+00      1.096210990622E+00
   46.700000      1.403248005091E+00      1.096345454121E+00
   46.800000      1.402946327204E+00      1.096319728352E+00
   46.900000      1.402612965135E+00      1.096129942109E+00
   47.000000      1.402268408245E+00      1.095790842302E+00
   47.100000      1.401928481981E+00      1.095335522645E+00
   47.200000      1.401606044646E+00      1.094810627324E+00
   47.300000      1.401312026850E+00      1.094267851021E+00
   47.400000      1.401054130172E+00      1.093753883712E+00
   47.500000      1.400834840137E+00      1.093301500064E+00
   47.600000      1.400650635010E+00      1.092924142925E+00
   47.700000      1.400493452946E+00      1.092615393546E+00
   47.800000      1.400354191050E+00      1.092353527255E+00
   47.900000      1.400225963454E+00      1.092110077459E+00
   48.000000      1.400104637529E+00      1.091860065833E+00
   48.100000      1.399987217021E+00      1.091590713767E+00
   48.200000      1.399871625138E+00      1.091305724407E+00
   48.300000      1.399758367273E+00      1.091023912092E+00
   48.400000      1.399651227073E+00      1.090773320177E+00
   48.500000      1.399557411867E+00      1.090583562451E+00
   48.600000      1.399489338859E+00      1.090479000063E+00
   48.700000      1.399467089843E+00      1.090473978563E+00
   48.800000      1.399518050880E+00      1.090570116478E+00
   48.900000      1.399669781633E+00      1.090755534257E+00
   49.000000      1.399930193629E+00      1.091006543633E+00
   49.100000      1.400267133124E+00      1.091292423680E+00
   49.200000      1.400621723083E+00      1.091582777969E+00
   49.300000      1.400936666213E+00      1.091855267979E+00
   49.400000      1.401174276817E+00      1.092100725112E+00
   49.500000      1.401326525866E+00      1.092323630057E+00
   49.600000      1.401416895383E+00      1.092538147816E+00
   49.700000      1.401492503834E+00      1.092761819125E+00
   49.800000      1.401609452884E+00      1.093009496445E+00
   49.900000      1.401812861198E+00      1.093289237364E+00
   50.000000      1.402114424325E+00      1.093600587237E+00
   50.100000      1.402482339573E+00      1.093934872113E+00
   50.200000      1.402856650890E+00      1.094276938134E+00
   50.300000      1.403179641445E+00      1.094607831092E+00
   50.400000      1.403418760727E+00      1.094907875642E+00
   50.500000      1.403572205847E+00      1.095159507577E+00
   50.600000      1.403662235244E+00      1.095349235480E+00
   50.700000      1.403724310899E+00      1.095468361601E+00
   50.800000      1.403796143891E+00      1.095512518182E+00
   50.900000      1.403906721140E+00      1.095480539904E+00
   51.000000      1.404066797537E+00      1.095373504170E+00
   51.100000      1.404266590552E+00      1.095194709255E+00
   51.200000      1.404484379139E+00      1.094950865042E+00
   51.300000      1.404700840463E+00      1.094654110790E+00
   51.400000      1.404909096634E+00      1.094324057860E+00
   51.500000      1.405116575350E+00      1.093988995703E+00
   51.600000      1.405343029204E+00      1.093685434497E+00
   51.700000      1.405615463525E+00      1.093455150408E+00
   51.800000      1.405953119297E+00      1.093339233874E+00
   51.900000      1.406347209419E+00      1.093369770119E+00
   52.000000      1.406750227928E+00      1.093561342706E+00
   52.100000      1.407083982764E+00      1.093905332537E+00
   52.200000      1.407266867837E+00      1.094369106581E+00
   52.300000      1.407246412688E+00      1.094900201098E+00
   52.400000      1.407017263676E+00      1.095434031747E+00
   52.500000      1.406613615523E+00      1.095903413276E+00
   52.600000      1.406082718601E+00      1.096248664379E+00
   52.700000      1.405463520373E+00      1.096427147348E+00
   52.800000      1.404785741959E+00      1.096420504128E+00
   52.900000      1.404077135074E+00      1.096237519264E+00
   53.000000      1.403366943644E+00      1.095911348412E+00
   53.100000      1.402684320883E+00      1.095491578707E+00
   53.200000      1.402053556939E+00      1.095033193846E+00
   53.300000      1.401489621675E+00      1.094585214925E+00
   53.400000      1.400996311248E+00      1.094181576295E+00
   53.500000      1.400565533335E+00      1.093836078640E+00
   53.600000      1.400179268150E+00      1.093542307569E+00
   53.700000      1.399816679266E+00      1.093278293037E+00
   53.800000      1.399463309752E+00      1.093014561262E+00
   53.900000      1.399115679794E+00      1.092723411597E+00
   54.000000      1.398776151833E+00      1.092387040933E+00
   54.100000      1.398442452752E+00      1.092002621274E+00
   54.200000      1.398105930727E+00      1.091583415263E+00
   54.300000      1.397758973950E+00      1.091156110843E+00
   54.400000      1.397402568703E+00      1.090755404860E+00
   54.500000      1.397050255421E+00      1.090417295577E+00
   54.600000      1.396726522957E+00      1.090172596584E+00
   54.700000      1.396459623182E+00      1.090041955478E+00
   54.800000      1.396272208425E+00      1.090033182731E+00
   54.900000      1.396174622616E+00      1.090141027099E+00
   55.000000      1.396162403734E+00      1.090348896944E+00
   55.100000      1.396217202386E+00      1.090631722010E+00
   55.200000      1.396312406344E+00      1.090959278213E+00
   55.300000      1.396422815710E+00      1.091299650470E+00
   55.400000      1.396531923140E+00      1.091622782754E+00
   55.500000      1.396631517167E+00      1.091904120846E+00
   55.600000      1.396717007917E+00      1.092128204921E+00
   55.700000      1.396786719409E+00      1.092291736422E+00
   55.800000      1.396847675306E+00      1.092405197700E+00
   55.900000      1.396921430448E+00      1.092491849872E+00
   56.000000      1.397041363010E+00      1.092583323980E+00
   56.100000      1.397239863114E+00      1.092712177444E+00
   56.200000      1.397533682778E+00      1.092903182214E+00
   56.300000      1.397917061905E+00      1.093165883519E+00
   56.400000      1.398364350662E+00      1.093490659785E+00
   56.500000      1.398838462319E+00      1.093849418801E+00
   56.600000      1.399301813074E+00      1.094200839262E+00
   56.700000      1.399726599183E+00      1.094499097603E+00
   56.800000      1.400101320512E+00      1.094704269373E+00
   56.900000      1.400432651535E+00      1.094791991549E+00
   57.000000      1.400744385586E+00      1.094759768483E+00
   57.100000      1.401072839005E+00      1.094627910336E+00
   57.200000      1.401456173812E+00      1.094434586150E+00
   57.300000      1.401920982865E+00      1.094226350091E+00
   57.400000      1.402473246432E+00      1.094046948758E+00
   57.500000      1.403097996213E+00      1.093927646163E+00
   57.600000      1.403767370317E+00      1.093881639633E+00
   57.700000      1.404452887876E+00      1.093903755967E+00
   57.800000      1.405134606510E+00      1.093975043858E+00
   57.900000      1.405797286631E+00      1.094070573986E+00
   58.000000      1.406413775458E+00      1.094168015133E+00
   58.100000      1.406942830735E+00      1.094254497232E+00
   58.200000      1.407345373838E+00      1.094329872653E+00
   58.300000      1.407594496344E+00      1.094405581999E+00
   58.400000      1.407676708008E+00      1.094499642696E+00
   58.500000      1.407591027729E+00      1.094629450638E+00
   58.600000      1.407348759511E+00      1.094804744673E+00
   58.700000      1.406973842325E+00      1.095022956540E+00
   58.800000      1.406502549612E+00      1.095268232109E+00
   58.900000      1.405980811721E+00      1.095514003175E+00
   59.000000      1.405457361478E+00      1.095727752789E+00
   59.100000      1.404972422348E+00      1.095876178775E+00
   59.200000      1.404546079547E+00      1.095929502868E+00
   59.300000      1.404174829471E+00      1.095864720357E+00
   59.400000      1.403839934909E+00      1.095668288403E+00
   59.500000      1.403521803648E+00      1.095338558413E+00
   59.600000      1.403212588807E+00      1.094887418871E+00
   59.700000      1.402919667754E+00      1.094340008253E+00
   59.800000      1.402656445630E+00      1.093731716457E+00
   59.900000      1.402426851079E+00      1.093102917687E+00
   60.000000      1.402215857111E+00      1.092493085149E+00
   60.100000      1.401993304673E+00      1.091936214637E+00
   60.200000      1.401727497227E+00      1.091458640690E+00
   60.300000      1.401399007126E+00      1.091078999162E+00
   60.400000      1.401006854208E+00      1.090809164419E+00
   60.500000      1.400566111159E+00      1.090654946098E+00
   60.600000      1.400101972211E+00      1.090615995276E+00
   60.700000      1.399642230467E+00      1.090685181193E+00
   60.800000      1.399206979916E+00      1.090848151744E+00
   60.900000      1.398804469496E+00      1.091083716627E+00
   61.000000      1.398438973478E+00      1.091365268875E+00
   61.100000      1.398116880376E+00      1.091663033129E+00
   61.200000      1.397843837455E+00      1.091946780541E+00
   61.300000      1.397618962242E+00      1.092188815272E+00
   61.400000      1.397431747316E+00      1.092367251088E+00
   61.500000      1.397263478699E+00      1.092469471912E+00
   61.600000      1.397093715926E+00      1.092495078596E+00
   61.700000      1.396910083866E+00      1.092456984197E+00
   61.800000      1.396715134224E+00      1.092379401279E+00
   61.900000      1.396523822911E+00      1.092292672737E+00
   62.000000      1.396353327445E+00      1.092226644299E+00
   62.100000      1.396215340048E+00      1.092205221553E+00
   62.200000      1.396118434371E+00      1.092243949131E+00
   62.300000      1.396077009427E+00      1.092350365287E+00
   62.400000      1.396115439065E+00      1.092525176689E+00
   62.500000      1.396259144871E+00      1.092762356235E+00
   62.600000      1.396516494694E+00      1.093047926723E+00
   62.700000      1.396865687795E+00      1.093358915977E+00
   62.800000      1.397258597692E+00      1.093664311555E+00
   62.900000      1.397640357691E+00      1.093928715876E+00
   63.000000      1.397972563524E+00      1.094117924768E+00
   63.100000      1.398247283827E+00      1.094204940342E+00
   63.200000      1.398485930322E+00      1.094175154577E+00
   63.300000      1.398726263432E+00      1.094029977770E+00
   63.400000      1.399005140954E+00      1.093788436693E+00
   63.500000      1.399343441259E+00      1.093486207946E+00
   63.600000      1.399740519247E+00      1.093171590230E+00
   63.700000      1.400184335077E+00      1.092898399625E+00
   63.800000      1.400667153671E+00      1.092716659596E+00
   63.900000      1.401187504207E+00      1.092662882335E+00
   64.000000      1.401738206770E+00      1.092752247158E+00
   64.100000      1.402294884090E+00      1.092974789201E+00
   64.200000      1.402814956941E+00      1.093296825886E+00
   64.300000      1.403247139877E+00      1.093667541304E+00
   64.400000      1.403545756950E+00      1.094029318273E+00
   64.500000      1.403683037101E+00      1.094329436438E+00
   64.600000      1.403653672175E+00      1.094530414922E+00
   64.700000      1.403470651945E+00      1.094616664613E+00
   64.800000      1.403157589851E+00      1.094596089386E+00
   64.900000      1.402744465969E+00      1.094496498222E+00
   65.000000      1.402268816223E+00      1.094357796704E+00
   65.100000      1.401776952113E+00      1.094221720206E+00
   65.200000      1.401318420002E+00      1.094121334094E+00
   65.300000      1.400933420372E+00      1.094072643055E+00
   65.400000      1.400639989462E+00      1.094070298538E+00
   65.500000      1.400429580205E+00      1.094088479451E+00
   65.600000      1.400274590767E+00      1.094086724323E+00
   65.700000      1.400142940746E+00      1.094019263480E+00
   65.800000      1.400010587408E+00      1.093845666868E+00
   65.900000      1.399866133910E+00      1.093540508920E+00
   66.000000      1.399708006295E+00      1.093100092728E+00
   66.100000      1.399538779626E+00      1.092544881410E+00
   66.200000      1.399361322591E+00      1.091917098817E+00
   66.300000      1.399178403963E+00      1.091273960356E+00
   66.400000      1.398994053086E+00      1.090678002312E+00
   66.500000      1.398814071471E+00      1.090186668359E+00
   66.600000      1.398645283411E+00      1.089843408658E+00
   66.700000      1.398494290091E+00      1.089672014128E+00
   66.800000      1.398364312245E+00      1.089674962590E+00
   66.900000      1.398249728249E+00      1.089835528699E+00
   67.000000      1.398140102957E+00      1.090122608087E+00
   67.100000      1.398028933431E+00      1.090496816677E+00
   67.200000      1.397916806566E+00      1.090916496693E+00
   67.300000      1.397808680306E+00      1.091342691420E+00
   67.400000      1.397706293503E+00      1.091742711119E+00
   67.500000      1.397602511579E+00      1.092092328124E+00
   67.600000      1.397484768368E+00      1.092376749469E+00
   67.700000      1.397347024232E+00      1.092590404732E+00
   67.800000      1.397199763365E+00      1.092735534770E+00
   67.900000      1.397066617089E+00      1.092819794684E+00
   68.000000      1.396968333387E+00      1.092853505275E+00
   68.100000      1.396908359736E+00      1.092847439934E+00
   68.200000      1.396874003546E+00      1.092811814720E+00
   68.300000      1.396851333551E+00      1.092756526984E+00
   68.400000      1.396837954958E+00      1.092692067134E+00
   68.500000      1.396842065672E+00      1.092630296511E+00
   68.600000      1.396872510820E+00      1.092584502606E+00
   68.700000      1.396932311130E+00      1.092568562113E+00
   68.800000      1.397020789595E+00      1.092595370791E+00
   68.900000      1.397139561278E+00      1.092674824431E+00
   69.000000      1.397295784356E+00      1.092811633328E+00
   69.100000      1.397500173812E+00      1.093003254223E+00
   69.200000      1.397761333567E+00      1.093238296330E+00
   69.300000      1.398079504853E+00      1.093495873990E+00
   69.400000      1.398442937309E+00      1.093746444083E+00
   69.500000      1.398829978435E+00      1.093954572769E+00
   69.600000      1.399218080415E+00      1.094083756202E+00
   69.700000      1.399595902621E+00      1.094102901113E+00
   69.800000      1.399969392450E+00      1.093993492075E+00
   69.900000      1.400352845984E+00      1.093756025612E+00
   70.000000      1.400748775710E+00      1.093414117626E+00
   70.100000      1.401138995665E+00      1.093014824860E+00
   70.200000      1.401495911059E+00      1.092624164809E+00
   70.300000      1.401796201021E+00      1.092317630657E+00
   70.400000      1.402025746194E+00      1.092166710099E+00
   70.500000      1.402176690396E+00      1.092223800032E+00
   70.600000      1.402240506461E+00      1.092508916481E+00
   70.700000      1.402202113520E+00      1.093001691594E+00
   70.800000      1.402040052697E+00      1.093641200432E+00
   70.900000      1.401735877264E+00      1.094334464298E+00
   71.000000      1.401290422107E+00      1.094972420176E+00
   71.100000      1.400738524060E+00      1.095450091928E+00
   71.200000      1.400149924752E+00      1.095686260639E+00
   71.300000      1.399605265488E+00      1.095637960952E+00
   71.400000      1.399153730274E+00      1.095306941253E+00
   71.500000      1.398786656456E+00      1.094737834108E+00
   71.600000      1.398457217881E+00      1.094009486374E+00
   71.700000      1.398128724006E+00      1.093221009273E+00
   71.800000      1.397805945145E+00      1.092473822742E+00
   71.900000      1.397526740448E+00      1.091851965712E+00
   72.000000      1.397327240937E+00      1.091405131948E+00
   72.100000      1.397211894970E+00      1.091140058115E+00
   72.200000      1.397151602435E+00      1.091023939854E+00
   72.300000      1.397107986143E+00      1.090998890932E+00
   72.400000      1.397062346421E+00      1.091001902072E+00
   72.500000      1.397025043946E+00      1.090983086598E+00
   72.600000      1.397010610146E+00      1.090916785073E+00
   72.700000      1.397011683906E+00      1.090803695781E+00
   72.800000      1.397008437785E+00      1.090665462600E+00
   72.900000      1.396980198634E+00      1.090534943579E+00
   73.000000      1.396914324260E+00      1.090445711019E+00
   73.100000      1.396814592287E+00      1.090423671741E+00
   73.200000      1.396702168560E+00      1.090482471836E+00
   73.300000      1.396606479654E+00      1.090622933294E+00
   73.400000      1.396550703196E+00      1.090835588221E+00
   73.500000      1.396539375720E+00      1.091104794828E+00
   73.600000      1.396555387737E+00      1.091412978937E+00
   73.700000      1.396569795905E+00      1.091743924793E+00
   73.800000      1.396558933277E+00      1.092084391239E+00
   73.900000      1.396518648683E+00      1.092423657945E+00
   74.000000      1.396468276906E+00      1.092751202243E+00
   74.100000      1.396442690234E+00      1.093053629246E+00
   74.200000      1.396477001664E+00      1.093312707944E+00
   74.300000      1.396592273393E+00      1.093506184228E+00
   74.400000      1.396788988557E+00      1.093611803627E+00
   74.500000      1.397049291112E+00      1.093613390824E+00
   74.600000      1.397344329918E+00      1.093506873534E+00
   74.700000      1.397642844074E+00      1.093304233124E+00
   74.800000      1.397919244342E+00      1.093034199351E+00
   74.900000      1.398160648295E+00      1.092739486057E+00
   75.000000      1.398371893872E+00      1.092471100754E+00
   75.100000      1.398575949963E+00      1.092280674440E+00
   75.200000      1.398807700450E+00      1.092211942993E+00
   75.300000      1.399101498202E+00      1.092292613671E+00
   75.400000      1.399475964055E+00      1.092527957376E+00
   75.500000      1.399925059941E+00      1.092897494844E+00
   75.600000      1.400423273083E+00      1.093355879310E+00
   75.700000      1.400941069886E+00      1.093838421141E+00
   75.800000      1.401456935783E+00      1.094270819961E+00
   75.900000      1.401956063559E+00      1.094581824635E+00
   76.000000      1.402419163594E+00      1.094716818121E+00
   76.100000      1.402817047767E+00      1.094649718446E+00
   76.200000      1.403121622787E+00      1.094390328406E+00
   76.300000      1.403320402102E+00      1.093984821829E+00
   76.400000      1.403417238333E+00      1.093508612262E+00
   76.500000      1.403419539534E+00      1.093052889402E+00
   76.600000      1.403325885691E+00      1.092707693466E+00
   76.700000      1.403126863593E+00      1.092544962041E+00
   76.800000      1.402817031675E+00      1.092604706168E+00
   76.900000      1.402405795627E+00      1.092886842800E+00
   77.000000      1.401918291031E+00      1.093350389161E+00
   77.100000      1.401386520352E+00      1.093920491626E+00
   77.200000      1.400839397412E+00      1.094502060162E+00
   77.300000      1.400300351330E+00      1.094997106931E+00
   77.400000      1.399791150710E+00      1.095322012637E+00
   77.500000      1.399334123696E+00      1.095421244011E+00
   77.600000      1.398948197180E+00      1.095275204147E+00
   77.700000      1.398641659548E+00      1.094901266203E+00
   77.800000      1.398407615421E+00      1.094348226037E+00
   77.900000      1.398224894682E+00      1.093685439394E+00
   78.000000      1.398063343542E+00      1.092988882103E+00
   78.100000      1.397892113859E+00      1.092327083788E+00
   78.200000      1.397689432828E+00      1.091749924606E+00
   78.300000      1.397449651812E+00      1.091282475438E+00
   78.400000      1.397182921542E+00      1.090924719243E+00
   78.500000      1.396907546469E+00      1.090656669832E+00
   78.600000      1.396641280882E+00      1.090447436750E+00
   78.700000      1.396397810232E+00      1.090266138422E+00
   78.800000      1.396186625175E+00      1.090092143606E+00
   78.900000      1.396011636243E+00      1.089922082359E+00
   79.000000      1.395872392947E+00      1.089771718898E+00
   79.100000      1.395766448293E+00      1.089672149713E+00
   79.200000      1.395686455225E+00      1.089661421071E+00
   79.300000      1.395620572639E+00      1.089773883365E+00
   79.400000      1.395558857762E+00      1.090030013255E+00
   79.500000      1.395498067891E+00      1.090429080548E+00
   79.600000      1.395441907993E+00      1.090946212898E+00
   79.700000      1.395397963735E+00      1.091534418637E+00
   79.800000      1.395373561785E+00      1.092131178677E+00
   79.900000      1.395372375830E+00      1.092668440740E+00
   80.000000      1.395392907019E+00      1.093084286050E+00
   80.100000      1.395429471623E+00      1.093334188576E+00
   80.200000      1.395475817744E+00      1.093399702501E+00
   80.300000      1.395530949738E+00      1.093292713594E+00
   80.400000      1.395605621495E+00      1.093054109770E+00
   80.500000      1.395725347068E+00      1.092746714945E+00
   80.600000      1.395924342040E+00      1.092443391958E+00
   80.700000      1.396230167238E+00      1.092212296285E+00
   80.800000      1.396648435502E+00      1.092102305822E+00
   80.900000      1.397158187481E+00      1.092132302575E+00
   81.000000      1.397719482539E+00      1.092287593521E+00
   81.100000      1.398287436310E+00      1.092524978731E+00
   81.200000      1.398826077226E+00      1.092785297891E+00
   81.300000      1.399317562871E+00      1.093009873242E+00
   81.400000      1.399764955777E+00      1.093156150651E+00
   81.500000      1.400189022027E+00      1.093208298467E+00
   81.600000      1.400620998272E+00      1.093180140168E+00
   81.700000      1.401093064927E+00      1.093109937779E+00
   81.800000      1.401628004146E+00      1.093048675203E+00
   81.900000      1.402230663664E+00      1.093045181571E+00
   82.000000      1.402883372246E+00      1.093132284306E+00
   82.100000      1.403545185289E+00      1.093317881398E+00
   82.200000      1.404155932878E+00      1.093583318719E+00
   82.300000      1.404649201473E+00      1.093889118848E+00
   82.400000      1.404972273569E+00      1.094185759403E+00
   82.500000      1.405102290122E+00      1.094425840571E+00
   82.600000      1.405049661982E+00      1.094574180736E+00
   82.700000      1.404847489491E+00      1.094613810712E+00
   82.800000      1.404534468732E+00      1.094547517597E+00
   82.900000      1.404142125586E+00      1.094395688286E+00
   83.000000      1.403690942329E+00      1.094191602236E+00
   83.100000      1.403192782493E+00      1.093975368904E+00
   83.200000      1.402657351281E+00      1.093787593870E+00
   83.300000      1.402100857644E+00      1.093663506866E+00
   83.400000      1.401552644016E+00      1.093627762066E+00
   83.500000      1.401053816182E+00      1.093689868391E+00
   83.600000      1.400643793448E+00      1.093840595979E+00
   83.700000      1.400339748220E+00      1.094050456821E+00
   83.800000      1.400122670901E+00      1.094271669544E+00
   83.900000      1.399941443420E+00      1.094444352103E+00
   84.000000      1.399733717942E+00      1.094506331730E+00
   84.100000      1.399450500844E+00      1.094404736946E+00
   84.200000      1.399072006882E+00      1.094107008093E+00
   84.300000      1.398609252915E+00      1.093609070092E+00
   84.400000      1.398093863358E+00      1.092938815013E+00
   84.500000      1.397565072589E+00      1.092153660874E+00
   84.600000      1.397060116152E+00      1.091332009430E+00
   84.700000      1.396608173002E+00      1.090559981683E+00
   84.800000      1.396226649961E+00      1.089916386804E+00
   84.900000      1.395920670390E+00      1.089459652521E+00
   85.000000      1.395687045597E+00      1.089219869434E+00
   85.100000      1.395520767169E+00      1.089197384423E+00
   85.200000      1.395418741745E+00      1.089367352082E+00
   85.300000      1.395375661653E+00      1.089688185778E+00
   85.400000      1.395374628291E+00      1.090111310582E+00
   85.500000      1.395387435897E+00      1.090589830384E+00
   85.600000      1.395389287977E+00      1.091084344715E+00
   85.700000      1.395372032529E+00      1.091565054247E+00
   85.800000      1.395345034757E+00      1.092010482654E+00
   85.900000      1.395326228540E+00      1.092404380847E+00
   86.000000      1.395332016647E+00      1.092733045329E+00
   86.100000      1.395373040280E+00      1.092984795725E+00
   86.200000      1.395456525400E+00      1.093151833985E+00
   86.300000      1.395590378097E+00      1.093233094194E+00
   86.400000      1.395783758696E+00      1.093236075853E+00
   86.500000      1.396044041047E+00      1.093176358336E+00
   86.600000      1.396373870349E+00      1.093074848824E+00
   86.700000      1.396770613352E+00      1.092953825576E+00
   86.800000      1.397227529756E+00      1.092833041323E+00
   86.900000      1.397734664752E+00      1.092726818890E+00
   87.000000      1.398279275100E+00      1.092642690498E+00
   87.100000      1.398847849636E+00      1.092581862284E+00
   87.200000      1.399429844550E+00      1.092541448402E+00
   87.300000      1.400019832702E+00      1.092517892843E+00
   87.400000      1.400616502925E+00      1.092510470311E+00
   87.500000      1.401221359725E+00      1.092523579599E+00
   87.600000      1.401840057465E+00      1.092566898223E+00
   87.700000      1.402484459624E+00      1.092653223804E+00
   87.800000      1.403170464730E+00      1.092794648376E+00
   87.900000      1.403910229901E+00      1.092998267470E+00
   88.000000      1.404703538496E+00      1.093262743695E+00
   88.100000      1.405533566953E+00      1.093576743504E+00
   88.200000      1.406366951781E+00      1.093919699400E+00
   88.300000      1.407156256064E+00      1.094264709504E+00
   88.400000      1.407845779507E+00      1.094582832515E+00
   88.500000      1.408380306400E+00      1.094847698557E+00
   88.600000      1.408714824331E+00      1.095039352738E+00
   88.700000      1.408824445711E+00      1.095146624304E+00
   88.800000      1.408711407420E+00      1.095167930267E+00
   88.900000      1.408404830932E+00      1.095110946473E+00
   89.000000      1.407952362712E+00      1.094991693766E+00
   89.100000      1.407407138295E+00      1.094833259982E+00
   89.200000      1.406815680275E+00      1.094663917734E+00
   89.300000      1.406211900746E+00      1.094514198678E+00
   89.400000      1.405619319561E+00      1.094412709570E+00
   89.500000      1.405058284122E+00      1.094380975452E+00
   89.600000      1.404550968149E+00      1.094428108950E+00
   89.700000      1.404118165532E+00      1.094546473487E+00
   89.800000      1.403768354738E+00      1.094709681830E+00
   89.900000      1.403486362080E+00      1.094874164741E+00
   90.000000      1.403230134326E+00      1.094984991971E+00
   90.100000      1.402939583736E+00      1.094985552248E+00
   90.200000      1.402554994872E+00      1.094829333414E+00
   90.300000      1.402037142027E+00      1.094490946563E+00
   90.400000      1.401380031734E+00      1.093973312757E+00
   90.500000      1.400610641631E+00      1.093308837857E+00
   90.600000      1.399776253801E+00      1.092554148787E+00
   90.700000      1.398926651840E+00      1.091779842926E+00
   90.800000      1.398101490315E+00      1.091057968033E+00
   90.900000      1.397327706544E+00      1.090450212456E+00
   91.000000      1.396622673944E+00      1.089999156660E+00
   91.100000      1.395996338880E+00      1.089723876908E+00
   91.200000      1.395450279492E+00      1.089620167919E+00
   91.300000      1.394975960162E+00      1.089664861748E+00
   91.400000      1.394555358248E+00      1.089823082477E+00
   91.500000      1.394166329251E+00      1.090056688346E+00
   91.600000      1.393792067771E+00      1.090331771986E+00
   91.700000      1.393428546802E+00      1.090623305050E+00
   91.800000      1.393082115341E+00      1.090916050113E+00
   91.900000      1.392759286249E+00      1.091202372394E+00
   92.000000      1.392460197804E+00      1.091478721018E+00
   92.100000      1.392182613432E+00      1.091742601530E+00
   92.200000      1.391932064570E+00      1.091990891426E+00
   92.300000      1.391728426224E+00      1.092219185543E+00
   92.400000      1.391602116016E+00      1.092421370064E+00
   92.500000      1.391581088379E+00      1.092588995746E+00
   92.600000      1.391677429644E+00      1.092710715814E+00
   92.700000      1.391882955125E+00      1.092772443024E+00
   92.800000      1.392175227839E+00      1.092758797462E+00
   92.900000      1.392527995088E+00      1.092656090317E+00
   93.000000      1.392920386359E+00      1.092456694274E+00
   93.100000      1.393342558491E+00      1.092164129894E+00
   93.200000      1.393796979321E+00      1.091797539250E+00
   93.300000      1.394293276360E+00      1.091393739753E+00
   93.400000      1.394836609893E+00      1.091005219797E+00
   93.500000      1.395421157608E+00      1.090693415061E+00
   93.600000      1.396040047981E+00      1.090518056467E+00
   93.700000      1.396699352022E+00      1.090524744742E+00
   93.800000      1.397419652088E+00      1.090733746409E+00
   93.900000      1.398222146315E+00      1.091133097060E+00
   94.000000      1.399108520146E+00      1.091678332554E+00
   94.100000      1.400051187118E+00      1.092299594689E+00
   94.200000      1.401002245348E+00      1.092914844471E+00
   94.300000      1.401912868289E+00      1.093446141178E+00
   94.400000      1.402749411508E+00      1.093835061651E+00
   94.500000      1.403498188944E+00      1.094053599028E+00
   94.600000      1.404158679201E+00      1.094108102306E+00
   94.700000      1.404730574718E+00      1.094035593012E+00
   94.800000      1.405204001757E+00      1.093893698621E+00
   94.900000      1.405560118954E+00      1.093747018759E+00
   95.000000      1.405780519561E+00      1.093653491308E+00
   95.100000      1.405858509102E+00      1.093653922970E+00
   95.200000      1.405806104128E+00      1.093766444278E+00
   95.300000      1.405654157483E+00      1.093985913652E+00
   95.400000      1.405447105356E+00      1.094287043871E+00
   95.500000      1.405234687957E+00      1.094629697448E+00
   95.600000      1.405060797559E+00      1.094965223549E+00
   95.700000      1.404951365978E+00      1.095243312901E+00
   95.800000      1.404907053626E+00      1.095419095767E+00
   95.900000      1.404904338967E+00      1.095459950986E+00
   96.000000      1.404901105344E+00      1.095350995605E+00
   96.100000      1.404843135666E+00      1.095097936602E+00
   96.200000      1.404677878501E+00      1.094726223267E+00
   96.300000      1.404373331982E+00      1.094276259767E+00
   96.400000      1.403926780231E+00      1.093795521463E+00
   96.500000      1.403359927798E+00      1.093329326350E+00
   96.600000      1.402707104382E+00      1.092912409406E+00
   96.700000      1.402001788181E+00      1.092563246642E+00
   96.800000      1.401266156064E+00      1.092282396396E+00
   96.900000      1.400510624643E+00      1.092055149290E+00
   97.000000      1.399743780656E+00      1.091857687838E+00
   97.100000      1.398981988807E+00      1.091665010175E+00
   97.200000      1.398251004987E+00      1.091458430651E+00
   97.300000      1.397577575003E+00      1.091230787779E+00
   97.400000      1.396975155216E+00      1.090988411913E+00
   97.500000      1.396436914688E+00      1.090749883325E+00
   97.600000      1.395943106118E+00      1.090542183812E+00
   97.700000      1.395475451500E+00      1.090395085850E+00
   97.800000      1.395024356222E+00      1.090334941243E+00
   97.900000      1.394583779699E+00      1.090379454351E+00
   98.000000      1.394141522106E+00      1.090534924586E+00
   98.100000      1.393678922050E+00      1.090796283061E+00
   98.200000      1.393189858621E+00      1.091148588728E+00
   98.300000      1.392699741009E+00      1.091567981470E+00
   98.400000      1.392257745378E+00      1.092021308280E+00
   98.500000      1.391908927302E+00      1.092465792965E+00
   98.600000      1.391672658629E+00      1.092851123483E+00
   98.700000      1.391544921132E+00      1.093125116453E+00
   98.800000      1.391516405996E+00      1.093241829760E+00
   98.900000      1.391582848069E+00      1.093169750309E+00
   99.000000      1.391736466429E+00      1.092898281674E+00
   99.100000      1.391952634918E+00      1.092441975524E+00
   99.200000      1.392192386581E+00      1.091842196524E+00
   99.300000      1.392422005251E+00      1.091165139514E+00
   99.400000      1.392632274652E+00      1.090494775057E+00
   99.500000      1.392843127218E+00      1.089920512533E+00
   99.600000      1.393093974266E+00      1.089521643539E+00
   99.700000      1.393427008220E+00      1.089352412219E+00
   99.800000      1.393871188517E+00      1.089431752597E+00
   99.900000      1.394433618219E+00      1.089740405298E+00
  100.000000      1.395101255202E+00      1.090226046856E+00
