# M=14, N=7, V0=0.0, V=0.25, PBC
#  time (tJ)                 S₁(n=2)                 S₂(n=2)
    0.000000     -1.332267629550E-15      8.881784197001E-16
    0.100000      1.383124879945E-03      2.601695561566E-04
    0.200000      4.518693935848E-03      9.700885313459E-04
    0.300000      8.366941338194E-03      1.941236567355E-03
    0.400000      1.201025582772E-02      2.928436529269E-03
    0.500000      1.473710382706E-02      3.707079724252E-03
    0.600000      1.615680262042E-02      4.139232214602E-03
    0.700000      1.624912594240E-02      4.206819998987E-03
    0.800000      1.533378556468E-02      4.003135571908E-03
    0.900000      1.396972070506E-02      3.689309630158E-03
    1.000000      1.280813215981E-02      3.434126928134E-03
    1.100000      1.239092235958E-02      3.359455125232E-03
    1.200000      1.290523023129E-02      3.508844526190E-03
    1.300000      1.414402342369E-02      3.846281013194E-03
    1.400000      1.569702743942E-02      4.280419050128E-03
    1.500000      1.714384594233E-02      4.701509214472E-03
    1.600000      1.817166518937E-02      5.016233231017E-03
    1.700000      1.862441453862E-02      5.169509765715E-03
    1.800000      1.849563915593E-02      5.149466162010E-03
    1.900000      1.788867211298E-02      4.978715087481E-03
    2.000000      1.696465139908E-02      4.699074820980E-03
    2.100000      1.589185161602E-02      4.356975262334E-03
    2.200000      1.480408912744E-02      3.993950070155E-03
    2.300000      1.378496463753E-02      3.642857241183E-03
    2.400000      1.287852835721E-02      3.327722510301E-03
    2.500000      1.211040663254E-02      3.064337167414E-03
    2.600000      1.150061015201E-02      2.859796456524E-03
    2.700000      1.105246715164E-02      2.711070135508E-03
    2.800000      1.073155005694E-02      2.604257783966E-03
    2.900000      1.046141438310E-02      2.516526408877E-03
    3.000000      1.014654871638E-02      2.421681560917E-03
    3.100000      9.706591926706E-03      2.298458675589E-03
    3.200000      9.109965237926E-03      2.138940193243E-03
    3.300000      8.396578725125E-03      1.953898465787E-03
    3.400000      7.684369885241E-03      1.772668381548E-03
    3.500000      7.149196279011E-03      1.637021563664E-03
    3.600000      6.968905540992E-03      1.590646200583E-03
    3.700000      7.261948402831E-03      1.667381193413E-03
    3.800000      8.052900716617E-03      1.881767575758E-03
    3.900000      9.274038654687E-03      2.224695382693E-03
    4.000000      1.078826136003E-02      2.665281583114E-03
    4.100000      1.242600036397E-02      3.158170392409E-03
    4.200000      1.402037264340E-02      3.653794047551E-03
    4.300000      1.543502903425E-02      4.108294131280E-03
    4.400000      1.658350299662E-02      4.490122143085E-03
    4.500000      1.743367776487E-02      4.781784021732E-03
    4.600000      1.799089341349E-02      4.977230464978E-03
    4.700000      1.826524726940E-02      5.077122425022E-03
    4.800000      1.826444720477E-02      5.084805640413E-03
    4.900000      1.799743507542E-02      5.005051400069E-03
    5.000000      1.748156080737E-02      4.845890753072E-03
    5.100000      1.675516792799E-02      4.622032005754E-03
    5.200000      1.588723063458E-02      4.357251119109E-03
    5.300000      1.497757737653E-02      4.083302491799E-03
    5.400000      1.415129593200E-02      3.834335604756E-03
    5.500000      1.353933533056E-02      3.637987207517E-03
    5.600000      1.321607409157E-02      3.506287214235E-03
    5.700000      1.313163268410E-02      3.430267418974E-03
    5.800000      1.313898200553E-02      3.381174133975E-03
    5.900000      1.307285935932E-02      3.318752861095E-03
    6.000000      1.279191576931E-02      3.204213949757E-03
    6.100000      1.220928965960E-02      3.013470448554E-03
    6.200000      1.131605670759E-02      2.745978155467E-03
    6.300000      1.019233125825E-02      2.426133849209E-03
    6.400000      8.994005201072E-03      2.096983403083E-03
    6.500000      7.911437488445E-03      1.808736707702E-03
    6.600000      7.120817414838E-03      1.606151169865E-03
    6.700000      6.752200099199E-03      1.518716607109E-03
    6.800000      6.866046516674E-03      1.556031759725E-03
    6.900000      7.434181432642E-03      1.708649394608E-03
    7.000000      8.349610645884E-03      1.952926561088E-03
    7.100000      9.466326206319E-03      2.257656110253E-03
    7.200000      1.063818275708E-02      2.590526040723E-03
    7.300000      1.174983929462E-02      2.923317170624E-03
    7.400000      1.273582495783E-02      3.235578817657E-03
    7.500000      1.358017523514E-02      3.516858591578E-03
    7.600000      1.429503904241E-02      3.767352321697E-03
    7.700000      1.490769605485E-02      3.996435281784E-03
    7.800000      1.547329860126E-02      4.218477277045E-03
    7.900000      1.606961259548E-02      4.446023907109E-03
    8.000000      1.675846658711E-02      4.681773507537E-03
    8.100000      1.752811093485E-02      4.912161039560E-03
    8.200000      1.825458821826E-02      5.105844923702E-03
    8.300000      1.874314564300E-02      5.219307285479E-03
    8.400000      1.880815344408E-02      5.209222578702E-03
    8.500000      1.833591131990E-02      5.048187842204E-03
    8.600000      1.732412476253E-02      4.738231659201E-03
    8.700000      1.589498165803E-02      4.316362597013E-03
    8.800000      1.427775907227E-02      3.848626840040E-03
    8.900000      1.276935026485E-02      3.413115601409E-03
    9.000000      1.166597022941E-02      3.076730978221E-03
    9.100000      1.113072435473E-02      2.873589139565E-03
    9.200000      1.108698742943E-02      2.793286706133E-03
    9.300000      1.127814634291E-02      2.784361061051E-03
    9.400000      1.139719941446E-02      2.772921912603E-03
    9.500000      1.119210601946E-02      2.690561847511E-03
    9.600000      1.054286541594E-02      2.501630414019E-03
    9.700000      9.504465129962E-03      2.219545121207E-03
    9.800000      8.303651909328E-03      1.905388624148E-03
    9.900000      7.283905268499E-03      1.648393115115E-03
   10.000000      6.801556903004E-03      1.534706323624E-03
   10.100000      7.085716424898E-03      1.615507316011E-03
   10.200000      8.112916858395E-03      1.886268701901E-03
   10.300000      9.602964435447E-03      2.285332347778E-03
   10.400000      1.115158214746E-02      2.713155711125E-03
   10.500000      1.238139356722E-02      3.065996762983E-03
   10.600000      1.304989424657E-02      3.272249848330E-03
   10.700000      1.311097033692E-02      3.318302753850E-03
   10.800000      1.272562477239E-02      3.254291188811E-03
   10.900000      1.222060550322E-02      3.177229636071E-03
   11.000000      1.200372093884E-02      3.197041926073E-03
   11.100000      1.244875211574E-02      3.397045521957E-03
   11.200000      1.374722607638E-02      3.802366911305E-03
   11.300000      1.571506958160E-02      4.367042172947E-03
   11.400000      1.787976888700E-02      4.984247358942E-03
   11.500000      1.972809636133E-02      5.516408176061E-03
   11.600000      2.083817765148E-02      5.835448862856E-03
   11.700000      2.096180551133E-02      5.860291807518E-03
   11.800000      2.006853974820E-02      5.579878222434E-03
   11.900000      1.834591348657E-02      5.054928682949E-03
   12.000000      1.615530107879E-02      4.398627767123E-03
   12.100000      1.394746008357E-02      3.743033337627E-03
   12.200000      1.214314308416E-02      3.202142332850E-03
   12.300000      1.101000196863E-02      2.842985066155E-03
   12.400000      1.058697311033E-02      2.672941720616E-03
   12.500000      1.067901384368E-02      2.645912873345E-03
   12.600000      1.096431394644E-02      2.683922067005E-03
   12.700000      1.113672646971E-02      2.706091957214E-03
   12.800000      1.099797165667E-02      2.655113238641E-03
   12.900000      1.049674528867E-02      2.512847234946E-03
   13.000000      9.722918991811E-03      2.301030087050E-03
   13.100000      8.863484483362E-03      2.068613320872E-03
   13.200000      8.133420928544E-03      1.871952455569E-03
   13.300000      7.705133439238E-03      1.756008675134E-03
   13.400000      7.665963686969E-03      1.743281961123E-03
   13.500000      8.011183771764E-03      1.833161977467E-03
   13.600000      8.668154245274E-03      2.009661312575E-03
   13.700000      9.538671823922E-03      2.252167071152E-03
   13.800000      1.053196341302E-02      2.543282130694E-03
   13.900000      1.158662195007E-02      2.870145647527E-03
   14.000000      1.267009130059E-02      3.219650286225E-03
   14.100000      1.374839231465E-02      3.571710830457E-03
   14.200000      1.474714438311E-02      3.896226197405E-03
   14.300000      1.554817500556E-02      4.157670021959E-03
   14.400000      1.604035839273E-02      4.327011648975E-03
   14.500000      1.618194073331E-02      4.395999583848E-03
   14.600000      1.603791746993E-02      4.386258559239E-03
   14.700000      1.577823967087E-02      4.346812366893E-03
   14.800000      1.563259993419E-02      4.338392896594E-03
   14.900000      1.580911341304E-02      4.409213022946E-03
   15.000000      1.638358644922E-02      4.571768329531E-03
   15.100000      1.722990341307E-02      4.791136180301E-03
   15.200000      1.804999985617E-02      4.991343882809E-03
   15.300000      1.849078408498E-02      5.079114420855E-03
   15.400000      1.827378299270E-02      4.976787664371E-03
   15.500000      1.728320262241E-02      4.651851901528E-03
   15.600000      1.560204238918E-02      4.131385494732E-03
   15.700000      1.349201752639E-02      3.495563091756E-03
   15.800000      1.132000966657E-02      2.852738109215E-03
   15.900000      9.450700000581E-03      2.305859844624E-03
   16.000000      8.145201702296E-03      1.923027904350E-03
   16.100000      7.492250418717E-03      1.722652229065E-03
   16.200000      7.392842908950E-03      1.677198350717E-03
   16.300000      7.634883853957E-03      1.731850213707E-03
   16.400000      8.009146673162E-03      1.828965256768E-03
   16.500000      8.376965603345E-03      1.928102284225E-03
   16.600000      8.688425717721E-03      2.014740528502E-03
   16.700000      8.973107487161E-03      2.096631773116E-03
   16.800000      9.302724444284E-03      2.192131548505E-03
   16.900000      9.738814870856E-03      2.317450235485E-03
   17.000000      1.030197693341E-02      2.478778404923E-03
   17.100000      1.097010684927E-02      2.671692031138E-03
   17.200000      1.169405373158E-02      2.886204111085E-03
   17.300000      1.242468824271E-02      3.113295952109E-03
   17.400000      1.313916553413E-02      3.348746598033E-03
   17.500000      1.384226098483E-02      3.592269516739E-03
   17.600000      1.453989243643E-02      3.842990529214E-03
   17.700000      1.521983598979E-02      4.094462470697E-03
   17.800000      1.585077720953E-02      4.332578352087E-03
   17.900000      1.638606335148E-02      4.537952442208E-03
   18.000000      1.678474546514E-02      4.691726733019E-03
   18.100000      1.703665924045E-02      4.781850404919E-03
   18.200000      1.715372820133E-02      4.806675066798E-03
   18.300000      1.714156036202E-02      4.774186570530E-03
   18.400000      1.700106916808E-02      4.697444301649E-03
   18.500000      1.674408007867E-02      4.588608128229E-03
   18.600000      1.639338225318E-02      4.454430513925E-03
   18.700000      1.596160666218E-02      4.295135507495E-03
   18.800000      1.542395465038E-02      4.106788343648E-03
   18.900000      1.474415219014E-02      3.885554139076E-03
   19.000000      1.392033418982E-02      3.631494723795E-03
   19.100000      1.299528310453E-02      3.350057975002E-03
   19.200000      1.203169642773E-02      3.050829061218E-03
   19.300000      1.106883047248E-02      2.744671932836E-03
   19.400000      1.010587146456E-02      2.441290873336E-03
   19.500000      9.131423586975E-03      2.149010461618E-03
   19.600000      8.159651685026E-03      1.877276619286E-03
   19.700000      7.254709145385E-03      1.640635220511E-03
   19.800000      6.543344435379E-03      1.461648750694E-03
   19.900000      6.187008324468E-03      1.370110017735E-03
   20.000000      6.295050026571E-03      1.397194668161E-03
   20.100000      6.910712610817E-03      1.565392323792E-03
   20.200000      8.030531884955E-03      1.877280055407E-03
   20.300000      9.565840132429E-03      2.307530358328E-03
   20.400000      1.131766674081E-02      2.802337804024E-03
   20.500000      1.301572650138E-02      3.288518834669E-03
   20.600000      1.439020202454E-02      3.691265639135E-03
   20.700000      1.524551913110E-02      3.955896886962E-03
   20.800000      1.551827072559E-02      4.066354860814E-03
   20.900000      1.530409846066E-02      4.053003190618E-03
   21.000000      1.484500058692E-02      3.985105228080E-03
   21.100000      1.447276719140E-02      3.948602523774E-03
   21.200000      1.450364599919E-02      4.015652240336E-03
   21.300000      1.509762320295E-02      4.216444466973E-03
   21.400000      1.615680482943E-02      4.524169384593E-03
   21.500000      1.736461887642E-02      4.860048538783E-03
   21.600000      1.832614670314E-02      5.118220472874E-03
   21.700000      1.870364468185E-02      5.202533142642E-03
   21.800000      1.831771902636E-02      5.062016175466E-03
   21.900000      1.720170487697E-02      4.711377863994E-03
   22.000000      1.559860828052E-02      4.227922831060E-03
   22.100000      1.389959049140E-02      3.725177499757E-03
   22.200000      1.253170124969E-02      3.312783276202E-03
   22.300000      1.179750186505E-02      3.057971575672E-03
   22.400000      1.169254328925E-02      2.963577132471E-03
   22.500000      1.191950301753E-02      2.971041849999E-03
   22.600000      1.209617032651E-02      2.986836931950E-03
   22.700000      1.190891060643E-02      2.921367918961E-03
   22.800000      1.120589621341E-02      2.724661307463E-03
   22.900000      1.003633608196E-02      2.404936081617E-03
   23.000000      8.627675008567E-03      2.023664804933E-03
   23.100000      7.306422162045E-03      1.670586603205E-03
   23.200000      6.390010365757E-03      1.430062446512E-03
   23.300000      6.089079043534E-03      1.352872982300E-03
   23.400000      6.447049845138E-03      1.444173451604E-03
   23.500000      7.332785270402E-03      1.670624894657E-03
   23.600000      8.513510268107E-03      1.981255307332E-03
   23.700000      9.768341631519E-03      2.331087769757E-03
   23.800000      1.097689537472E-02      2.696321055367E-03
   23.900000      1.213984729639E-02      3.074779863589E-03
   24.000000      1.333593197182E-02      3.473010278936E-03
   24.100000      1.462601519619E-02      3.888075402166E-03
   24.200000      1.594629604675E-02      4.294622576691E-03
   24.300000      1.710726277046E-02      4.645028136364E-03
   24.400000      1.788855308555E-02      4.883820892763E-03
   24.500000      1.813353759780E-02      4.970362067774E-03
   24.600000      1.781482094445E-02      4.899321182414E-03
   24.700000      1.705969019677E-02      4.708858514491E-03
   24.800000      1.612643641791E-02      4.471425939133E-03
   24.900000      1.533266009314E-02      4.269533783452E-03
   25.000000      1.494913295773E-02      4.165494665195E-03
   25.100000      1.507942264447E-02      4.177179522839E-03
   25.200000      1.558132533102E-02      4.269854631781E-03
   25.300000      1.612991700828E-02      4.367946145786E-03
   25.400000      1.637786604357E-02      4.382654557866E-03
   25.500000      1.607519510075E-02      4.245028524114E-03
   25.600000      1.513560273405E-02      3.932024636488E-03
   25.700000      1.365486080471E-02      3.475981325837E-03
   25.800000      1.188335218343E-02      2.954440540872E-03
   25.900000      1.016157824037E-02      2.464599924008E-03
   26.000000      8.830102385093E-03      2.092026514914E-03
   26.100000      8.115653415688E-03      1.884798737007E-03
   26.200000      8.020569345819E-03      1.841693839145E-03
   26.300000      8.342933549710E-03      1.917578489703E-03
   26.400000      8.808092280797E-03      2.042921431840E-03
   26.500000      9.180627506888E-03      2.149652321472E-03
   26.600000      9.324201726464E-03      2.194074232371E-03
   26.700000      9.221906332666E-03      2.169483732123E-03
   26.800000      8.969856926925E-03      2.105450985412E-03
   26.900000      8.746362691358E-03      2.055482249570E-03
   27.000000      8.758295322632E-03      2.078278565985E-03
   27.100000      9.181498309671E-03      2.219055811964E-03
   27.200000      1.010518800170E-02      2.496404029407E-03
   27.300000      1.148126530879E-02      2.897681684745E-03
   27.400000      1.313245641749E-02      3.383032121005E-03
   27.500000      1.482760383463E-02      3.895736379065E-03
   27.600000      1.635208647003E-02      4.375340967735E-03
   27.700000      1.754812798078E-02      4.769922320168E-03
   27.800000      1.832905393869E-02      5.044727863779E-03
   27.900000      1.867239752663E-02      5.185837713797E-03
   28.000000      1.860735195466E-02      5.198945111946E-03
   28.100000      1.821239302360E-02      5.104471544015E-03
   28.200000      1.760571720386E-02      4.930826193926E-03
   28.300000      1.690840780063E-02      4.707696449019E-03
   28.400000      1.619204830257E-02      4.460906784428E-03
   28.500000      1.547744310871E-02      4.209700218310E-03
   28.600000      1.477724654538E-02      3.966423057768E-03
   28.700000      1.411292615344E-02      3.737799322674E-03
   28.800000      1.350146511270E-02      3.526595900283E-03
   28.900000      1.293967474102E-02      3.332693094765E-03
   29.000000      1.240693201720E-02      3.153284722697E-03
   29.100000      1.188490183384E-02      2.982766612367E-03
   29.200000      1.136441313995E-02      2.813362660349E-03
   29.300000      1.082958611765E-02      2.637334805257E-03
   29.400000      1.024867916489E-02      2.450712047256E-03
   29.500000      9.602164177313E-03      2.257279660919E-03
   29.600000      8.922413706422E-03      2.070810897533E-03
   29.700000      8.308346705927E-03      1.913790085568E-03
   29.800000      7.903720765451E-03      1.812207919383E-03
   29.900000      7.820243633432E-03      1.787818355672E-03
   30.000000      8.068072586038E-03      1.850648863432E-03
   30.100000      8.592303643649E-03      1.994844323617E-03
   30.200000      9.308083119557E-03      2.199874452042E-03
   30.300000      1.011307152200E-02      2.437079634046E-03
   30.400000      1.090849363920E-02      2.679276207077E-03
   30.500000      1.163123801676E-02      2.909699794132E-03
   30.600000      1.227649721617E-02      3.126685775459E-03
   30.700000      1.289415103883E-02      3.342202012144E-03
   30.800000      1.356018900708E-02      3.574878268100E-03
   30.900000      1.434134016944E-02      3.840338967601E-03
   31.000000      1.526514335397E-02      4.142514648261E-03
   31.100000      1.629624219542E-02      4.468948339031E-03
   31.200000      1.733378032728E-02      4.791392413203E-03
   31.300000      1.823896130897E-02      5.071065532399E-03
   31.400000      1.887165370375E-02      5.266631679063E-03
   31.500000      1.911945149769E-02      5.342682387242E-03
   31.600000      1.891664248151E-02      5.277054913285E-03
   31.700000      1.825268550400E-02      5.066071542025E-03
   31.800000      1.717499954047E-02      4.727149408464E-03
   31.900000      1.579213984214E-02      4.298115348131E-03
   32.000000      1.427288826093E-02      3.832424014680E-03
   32.100000      1.282817560680E-02      3.389931096640E-03
   32.200000      1.166554839606E-02      3.024176704372E-03
   32.300000      1.092237967548E-02      2.768939718909E-03
   32.400000      1.060401673910E-02      2.628278857836E-03
   32.500000      1.057317611077E-02      2.574389566358E-03
   32.600000      1.061066573058E-02      2.555761067820E-03
   32.700000      1.050331332666E-02      2.514554091982E-03
   32.800000      1.011648427969E-02      2.408092086520E-03
   32.900000      9.439398006656E-03      2.226725177219E-03
   33.000000      8.596131800805E-03      2.000642884258E-03
   33.100000      7.815739254957E-03      1.791820863500E-03
   33.200000      7.364162416512E-03      1.672969084316E-03
   33.300000      7.454741663858E-03      1.700781819824E-03
   33.400000      8.172634090290E-03      1.893588372347E-03
   33.500000      9.412887015073E-03      2.222314789728E-03
   33.600000      1.087452142419E-02      2.618801801586E-03
   33.700000      1.220818953488E-02      2.998851294091E-03
   33.800000      1.315063014337E-02      3.291551720594E-03
   33.900000      1.359480855015E-02      3.463829518847E-03
   34.000000      1.361414194947E-02      3.530899889132E-03
   34.100000      1.343834282024E-02      3.548712707948E-03
   34.200000      1.337842377241E-02      3.591434712122E-03
   34.300000      1.370320431797E-02      3.722650438021E-03
   34.400000      1.451824266917E-02      3.971055151802E-03
   34.500000      1.572846477796E-02      4.319274363006E-03
   34.600000      1.709214508027E-02      4.709178981844E-03
   34.700000      1.830963928264E-02      5.060921812257E-03
   34.800000      1.911128941856E-02      5.298244442632E-03
   34.900000      1.933160901991E-02      5.370942684793E-03
   35.000000      1.894655831329E-02      5.267069392807E-03
   35.100000      1.806688037811E-02      5.011657720376E-03
   35.200000      1.689149212815E-02      4.653815898571E-03
   35.300000      1.562633329455E-02      4.248097389068E-03
   35.400000      1.440232392471E-02      3.837648667604E-03
   35.500000      1.325403398567E-02      3.445303957893E-03
   35.600000      1.215216540108E-02      3.075165519892E-03
   35.700000      1.105120287499E-02      2.722747906100E-03
   35.800000      9.939809317351E-03      2.388220462170E-03
   35.900000      8.875183519921E-03      2.086046345152E-03
   36.000000      7.985376212021E-03      1.845912050876E-03
   36.100000      7.437446934062E-03      1.703693330383E-03
   36.200000      7.371887811131E-03      1.685807078721E-03
   36.300000      7.809686255262E-03      1.793763496743E-03
   36.400000      8.607579931658E-03      1.996497892651E-03
   36.500000      9.522433965384E-03      2.235529813393E-03
   36.600000      1.030166313577E-02      2.442880999884E-03
   36.700000      1.075891571918E-02      2.565911878977E-03
   36.800000      1.083400595538E-02      2.589324568748E-03
   36.900000      1.062131748076E-02      2.544559950774E-03
   37.000000      1.035332911468E-02      2.501163329170E-03
   37.100000      1.033556531219E-02      2.541884448215E-03
   37.200000      1.083793395148E-02      2.730332147900E-03
   37.300000      1.196612164743E-02      3.083789399973E-03
   37.400000      1.356611363342E-02      3.562450397291E-03
   37.500000      1.528890968480E-02      4.080159632174E-03
   37.600000      1.675860779779E-02      4.533128754619E-03
   37.700000      1.769365761177E-02      4.835673295775E-03
   37.800000      1.797910689383E-02      4.948990010690E-03
   37.900000      1.768919866922E-02      4.891797957757E-03
   38.000000      1.705143891867E-02      4.729158943490E-03
   38.100000      1.636476760129E-02      4.544751222744E-03
   38.200000      1.589857587204E-02      4.408411271614E-03
   38.300000      1.579101353068E-02      4.352080688222E-03
   38.400000      1.598124979043E-02      4.362947211972E-03
   38.500000      1.625767260385E-02      4.394673163408E-03
   38.600000      1.638396150295E-02      4.389880207535E-03
   38.700000      1.619418627596E-02      4.303031369756E-03
   38.800000      1.563005966578E-02      4.114128731993E-03
   38.900000      1.472911510444E-02      3.829199567636E-03
   39.000000      1.357721682204E-02      3.470364518113E-03
   39.100000      1.225396028180E-02      3.062975648746E-03
   39.200000      1.080637133686E-02      2.627747369847E-03
   39.300000      9.262272718161E-03      2.182026079571E-03
   39.400000      7.676566624954E-03      1.748459156489E-03
   39.500000      6.184660065514E-03      1.364446994829E-03
   39.600000      5.034249535270E-03      1.084501244336E-03
   39.700000      4.556815858695E-03      9.707771882952E-04
   39.800000      4.991643126685E-03      1.073138994199E-03
   39.900000      6.329118081132E-03      1.406158663764E-03
   40.000000      8.348548987463E-03      1.933398869902E-03
   40.100000      1.067774643898E-02      2.567573608282E-03
   40.200000      1.288102071700E-02      3.189291465311E-03
   40.300000      1.456183996211E-02      3.679543810885E-03
   40.400000      1.545686910344E-02      3.955156009795E-03
   40.500000      1.550020957092E-02      3.994640964046E-03
   40.600000      1.484196230607E-02      3.845045550254E-03
   40.700000      1.381609365055E-02      3.607144627771E-03
   40.800000      1.286407037286E-02      3.403967488727E-03
   40.900000      1.242690210592E-02      3.343190285708E-03
   41.000000      1.279215777383E-02      3.485462147122E-03
   41.100000      1.393998501965E-02      3.828018181093E-03
   41.200000      1.560160630145E-02      4.307355241024E-03
   41.300000      1.738085055943E-02      4.818582803390E-03
   41.400000      1.886298996010E-02      5.244475510427E-03
   41.500000      1.971739947651E-02      5.485481471832E-03
   41.600000      1.975875053533E-02      5.482989615319E-03
   41.700000      1.896895679523E-02      5.231073247786E-03
   41.800000      1.748942767036E-02      4.775382382052E-03
   41.900000      1.558977602258E-02      4.200770779219E-03
   42.000000      1.361695383388E-02      3.611120180048E-03
   42.100000      1.193148659521E-02      3.105742115967E-03
   42.200000      1.082476075735E-02      2.757035886130E-03
   42.300000      1.041097215117E-02      2.593969078199E-03
   42.400000      1.058570626650E-02      2.595305143089E-03
   42.500000      1.107485012018E-02      2.695014598641E-03
   42.600000      1.153103585979E-02      2.799812271992E-03
   42.700000      1.162608006950E-02      2.815564851712E-03
   42.800000      1.113291035914E-02      2.676229277421E-03
   42.900000      9.993092130280E-03      2.367132163797E-03
   43.000000      8.355240412936E-03      1.934810695500E-03
   43.100000      6.571104920458E-03      1.478765680507E-03
   43.200000      5.142091169855E-03      1.125803823053E-03
   43.300000      4.590946597276E-03      9.935738723916E-04
   43.400000      5.230990625180E-03      1.154236663913E-03
   43.500000      7.011478824680E-03      1.610082964961E-03
   43.600000      9.566492546184E-03      2.289663921837E-03
   43.700000      1.235746665225E-02      3.066521938151E-03
   43.800000      1.484887601683E-02      3.795049812390E-03
   43.900000      1.663675292808E-02      4.352014426579E-03
   44.000000      1.752803311771E-02      4.670108597758E-03
   44.100000      1.756810383500E-02      4.752533147375E-03
   44.200000      1.701191737433E-02      4.664274506731E-03
   44.300000      1.624152877164E-02      4.504019625530E-03
   44.400000      1.563837685269E-02      4.367412771200E-03
   44.500000      1.544351352816E-02      4.315049450156E-03
   44.600000      1.567339427630E-02      4.356260866300E-03
   44.700000      1.614132975227E-02      4.453349389657E-03
   44.800000      1.656618114361E-02      4.543012170852E-03
   44.900000      1.670955920916E-02      4.565332724866E-03
   45.000000      1.646094179364E-02      4.488386019415E-03
   45.100000      1.586548356793E-02      4.318991090508E-03
   45.200000      1.509635352902E-02      4.096265236863E-03
   45.300000      1.437735972843E-02      3.871764116508E-03
   45.400000      1.387345774803E-02      3.685251001098E-03
   45.500000      1.359875385707E-02      3.546557064934E-03
   45.600000      1.341574331149E-02      3.431190275952E-03
   45.700000      1.311063785461E-02      3.291552111647E-03
   45.800000      1.248987055072E-02      3.079158501314E-03
   45.900000      1.145256399106E-02      2.768702452410E-03
   46.000000      1.003572385326E-02      2.373966617611E-03
   46.100000      8.427278335854E-03      1.948820403535E-03
   46.200000      6.936509119149E-03      1.572477999930E-03
   46.300000      5.920553212250E-03      1.324411070490E-03
   46.400000      5.650735484381E-03      1.258313885939E-03
   46.500000      6.167021287968E-03      1.384798313246E-03
   46.600000      7.288267089275E-03      1.669064116284E-03
   46.700000      8.722254055634E-03      2.044077299724E-03
   46.800000      1.016194470776E-02      2.434017752041E-03
   46.900000      1.137287400272E-02      2.779089408607E-03
   47.000000      1.225447286418E-02      3.052556310710E-03
   47.100000      1.284771446138E-02      3.264123052563E-03
   47.200000      1.329984142240E-02      3.449243724116E-03
   47.300000      1.379967029804E-02      3.649452142758E-03
   47.400000      1.448614254317E-02      3.892115886171E-03
   47.500000      1.536294247897E-02      4.177767310312E-03
   47.600000      1.631748025052E-02      4.479537422734E-03
   47.700000      1.719750614748E-02      4.753891936907E-03
   47.800000      1.785943793186E-02      4.957227233424E-03
   47.900000      1.819710243944E-02      5.060893881665E-03
   48.000000      1.817592662210E-02      5.058570458824E-03
   48.100000      1.784328274909E-02      4.963815883943E-03
   48.200000      1.729616736413E-02      4.800224080690E-03
   48.300000      1.662714127669E-02      4.589790834223E-03
   48.400000      1.588394503081E-02      4.345456197139E-03
   48.500000      1.506445961708E-02      4.071212886888E-03
   48.600000      1.415113908590E-02      3.768976991733E-03
   48.700000      1.315840237959E-02      3.447703182018E-03
   48.800000      1.215826650971E-02      3.128876902232E-03
   48.900000      1.126820562172E-02      2.844267607310E-03
   49.000000      1.060980167003E-02      2.625873927015E-03
   49.100000      1.024885716820E-02      2.492332162984E-03
   49.200000      1.015561824118E-02      2.438463422601E-03
   49.300000      1.021178574312E-02      2.433782907522E-03
   49.400000      1.024672292078E-02      2.431986935567E-03
   49.500000      1.010261051630E-02      2.388441228337E-03
   49.600000      9.696491957850E-03      2.278848306014E-03
   49.700000      9.058655081011E-03      2.111329843092E-03
   49.800000      8.333490045603E-03      1.926554102605E-03
   49.900000      7.742735762702E-03      1.785269426118E-03
   50.000000      7.521299410642E-03      1.747699495308E-03
   50.100000      7.839905738295E-03      1.852579530613E-03
   50.200000      8.731954578467E-03      2.103764309283E-03
   50.300000      1.005647576546E-02      2.469284853071E-03
   50.400000      1.156773678906E-02      2.892823278366E-03
   50.500000      1.301333088311E-02      3.312894365752E-03
   50.600000      1.420852858363E-02      3.682395166202E-03
   50.700000      1.507923144343E-02      3.981438718161E-03
   50.800000      1.567102732360E-02      4.219175538380E-03
   50.900000      1.612382642286E-02      4.424427168987E-03
   51.000000      1.660780385560E-02      4.628908643421E-03
   51.100000      1.723329925863E-02      4.849322318867E-03
   51.200000      1.798121226253E-02      5.074966038530E-03
   51.300000      1.869904556971E-02      5.265718202783E-03
   51.400000      1.915592346511E-02      5.361932678650E-03
   51.500000      1.911978521207E-02      5.303839080528E-03
   51.600000      1.843252674071E-02      5.054579487983E-03
   51.700000      1.707045702929E-02      4.619085348855E-03
   51.800000      1.517793863776E-02      4.051439456550E-03
   51.900000      1.306321350934E-02      3.446430011401E-03
   52.000000      1.114759722346E-02      2.916043344424E-03
   52.100000      9.861309082967E-03      2.557122095354E-03
   52.200000      9.480078511459E-03      2.420362666236E-03
   52.300000      9.959910206190E-03      2.491565455268E-03
   52.400000      1.091696604249E-02      2.692898228599E-03
   52.500000      1.184795037209E-02      2.905574388010E-03
   52.600000      1.230627940733E-02      3.007787724817E-03
   52.700000      1.201061810858E-02      2.915740804018E-03
   52.800000      1.091464655959E-02      2.613657850385E-03
   52.900000      9.226606932418E-03      2.161907643621E-03
   53.000000      7.371345628171E-03      1.679838435693E-03
   53.100000      5.892598020374E-03      1.308871593119E-03
   53.200000      5.297580225126E-03      1.168341986587E-03
   53.300000      5.871731561434E-03      1.318854039847E-03
   53.400000      7.520742663552E-03      1.744829917398E-03
   53.500000      9.812930603272E-03      2.360900344909E-03
   53.600000      1.221951108336E-02      3.038674044764E-03
   53.700000      1.427022673604E-02      3.644205364710E-03
   53.800000      1.564127643237E-02      4.074123062711E-03
   53.900000      1.620085633429E-02      4.280205254655E-03
   54.000000      1.601427502741E-02      4.276945144659E-03
   54.100000      1.531584355535E-02      4.132228531852E-03
   54.200000      1.445520083443E-02      3.945616468921E-03
   54.300000      1.382186045268E-02      3.820813465643E-03
   54.400000      1.374966791616E-02      3.838841344785E-03
   54.500000      1.440765195871E-02      4.037180318853E-03
   54.600000      1.572243391438E-02      4.398647472876E-03
   54.700000      1.738831157362E-02      4.852408014538E-03
   54.800000      1.897858902418E-02      5.287921417176E-03
   54.900000      2.006385630957E-02      5.580283092864E-03
   55.000000      2.029815810869E-02      5.622291109999E-03
   55.100000      1.949410510193E-02      5.355493604305E-03
   55.200000      1.767448411610E-02      4.790978572646E-03
   55.300000      1.508574649754E-02      4.012150537025E-03
   55.400000      1.216474829022E-02      3.156511749741E-03
   55.500000      9.456015096170E-03      2.380268801713E-03
   55.600000      7.481677970917E-03      1.815939857122E-03
   55.700000      6.580326119197E-03      1.536396184285E-03
   55.800000      6.749478293479E-03      1.537311380799E-03
   55.900000      7.649307605446E-03      1.743989127384E-03
   56.000000      8.809319308073E-03      2.040029713364E-03
   56.100000      9.808526757471E-03      2.307481390690E-03
   56.200000      1.037275738897E-02      2.464133448509E-03
   56.300000      1.042661803963E-02      2.485132772041E-03
   56.400000      1.009021176553E-02      2.402550262782E-03
   56.500000      9.617577781735E-03      2.285192195507E-03
   56.600000      9.294581606963E-03      2.208236937197E-03
   56.700000      9.330900015980E-03      2.225270779362E-03
   56.800000      9.785533248508E-03      2.353030297923E-03
   56.900000      1.056070211600E-02      2.572931396898E-03
   57.000000      1.148454999883E-02      2.846163396635E-03
   57.100000      1.239904849729E-02      3.133892397932E-03
   57.200000      1.321379740377E-02      3.412982248879E-03
   57.300000      1.392628755144E-02      3.680732536736E-03
   57.400000      1.460323368513E-02      3.947777371184E-03
   57.500000      1.532772783748E-02      4.223864034471E-03
   57.600000      1.613507203595E-02      4.504322095507E-03
   57.700000      1.696738147518E-02      4.764406089855E-03
   57.800000      1.768062819175E-02      4.964753382996E-03
   57.900000      1.810758523292E-02      5.065794545371E-03
   58.000000      1.813111894857E-02      5.044577667850E-03
   58.100000      1.773967490771E-02      4.906126400714E-03
   58.200000      1.703724241157E-02      4.683737136785E-03
   58.300000      1.620858950493E-02      4.427466479715E-03
   58.400000      1.544719533639E-02      4.185286877650E-03
   58.500000      1.486346008288E-02      3.984718642463E-03
   58.600000      1.443270898007E-02      3.822764759745E-03
   58.700000      1.402655286850E-02      3.668657242001E-03
   58.800000      1.348038692738E-02      3.478618613985E-03
   58.900000      1.266538311006E-02      3.216745413208E-03
   59.000000      1.154365514076E-02      2.873401299884E-03
   59.100000      1.019015201604E-02      2.473383211607E-03
   59.200000      8.781529427743E-03      2.070294183472E-03
   59.300000      7.550816156929E-03      1.729289258942E-03
   59.400000      6.716128096772E-03      1.505220242424E-03
   59.500000      6.411551197739E-03      1.425095108651E-03
   59.600000      6.643676507229E-03      1.481848027099E-03
   59.700000      7.278372820471E-03      1.641494288982E-03
   59.800000      8.109809531934E-03      1.859956293972E-03
   59.900000      8.973749243300E-03      2.101729596335E-03
   60.000000      9.807695655996E-03      2.351933082305E-03
   60.100000      1.064855401190E-02      2.616459346302E-03
   60.200000      1.158322427059E-02      2.910553471751E-03
   60.300000      1.267588066132E-02      3.241727985281E-03
   60.400000      1.388667756813E-02      3.595905365064E-03
   60.500000      1.504813207573E-02      3.934549669545E-03
   60.600000      1.594369892779E-02      4.205610002269E-03
   60.700000      1.640206826688E-02      4.364467216251E-03
   60.800000      1.636554589304E-02      4.395785529691E-03
   60.900000      1.592157053971E-02      4.325780321674E-03
   61.000000      1.529275809565E-02      4.217795046049E-03
   61.100000      1.479328737527E-02      4.150976122025E-03
   61.200000      1.474277465798E-02      4.189359613161E-03
   61.300000      1.530959084493E-02      4.353546322885E-03
   61.400000      1.636170765231E-02      4.607071749230E-03
   61.500000      1.750450281818E-02      4.864345647582E-03
   61.600000      1.828465678847E-02      5.018614089914E-03
   61.700000      1.835663165004E-02      4.980170850240E-03
   61.800000      1.757461790858E-02      4.710432383109E-03
   61.900000      1.603053151338E-02      4.238530330683E-03
   62.000000      1.403278044065E-02      3.653536200353E-03
   62.100000      1.201967199473E-02      3.074817468772E-03
   62.200000      1.041383173836E-02      2.611547882238E-03
   62.300000      9.475039588584E-03      2.326586958956E-03
   62.400000      9.204660565638E-03      2.218149228063E-03
   62.500000      9.351848678601E-03      2.225724698322E-03
   62.600000      9.546551807154E-03      2.257435530244E-03
   62.700000      9.470607874454E-03      2.228043239851E-03
   62.800000      8.973112153738E-03      2.093133405374E-03
   62.900000      8.115309759978E-03      1.866865043874E-03
   63.000000      7.148400206947E-03      1.617212102730E-03
   63.100000      6.438202133798E-03      1.441198738115E-03
   63.200000      6.352879982418E-03      1.429871583729E-03
   63.300000      7.103243260492E-03      1.635959559496E-03
   63.400000      8.637515892841E-03      2.055394458139E-03
   63.500000      1.068941583853E-02      2.628170140730E-03
   63.600000      1.287405445971E-02      3.256873087630E-03
   63.700000      1.481324522629E-02      3.835384456657E-03
   63.800000      1.622997445957E-02      4.277707655153E-03
   63.900000      1.699433507233E-02      4.538128966533E-03
   64.000000      1.712747635374E-02      4.617965218968E-03
   64.100000      1.677510857393E-02      4.559041691237E-03
   64.200000      1.616483648119E-02      4.427845715103E-03
   64.300000      1.555640234611E-02      4.295954421766E-03
   64.400000      1.518713316570E-02      4.221917209075E-03
   64.500000      1.521024423425E-02      4.238149172485E-03
   64.600000      1.563087280103E-02      4.344576377955E-03
   64.700000      1.630350189755E-02      4.509421970567E-03
   64.800000      1.699935303942E-02      4.676722319013E-03
   64.900000      1.747516026879E-02      4.779540582261E-03
   65.000000      1.752415151973E-02      4.756920449061E-03
   65.100000      1.701719088890E-02      4.571273498259E-03
   65.200000      1.593828385062E-02      4.221639955163E-03
   65.300000      1.440332960919E-02      3.748086288871E-03
   65.400000      1.264832508314E-02      3.224221405271E-03
   65.500000      1.098275801738E-02      2.738396461649E-03
   65.600000      9.712254097291E-03      2.368469681755E-03
   65.700000      9.036781676359E-03      2.158228038831E-03
   65.800000      8.948329390619E-03      2.103984694735E-03
   65.900000      9.226616821217E-03      2.156888341455E-03
   66.000000      9.563568012592E-03      2.240953045258E-03
   66.100000      9.688279670208E-03      2.280841553325E-03
   66.200000      9.452847235841E-03      2.229476822811E-03
   66.300000      8.875129707175E-03      2.085369240167E-03
   66.400000      8.129825424573E-03      1.893355816373E-03
   66.500000      7.491596921469E-03      1.728772887424E-03
   66.600000      7.248722954546E-03      1.671327185299E-03
   66.700000      7.609395001489E-03      1.778512582289E-03
   66.800000      8.639859773941E-03      2.067953512446E-03
   66.900000      1.024169207549E-02      2.513954863057E-03
   67.000000      1.215476388832E-02      3.057753317635E-03
   67.100000      1.406384578245E-02      3.626020306390E-03
   67.200000      1.572403161492E-02      4.150010440890E-03
   67.300000      1.700164282281E-02      4.578952298604E-03
   67.400000      1.786043034678E-02      4.884881389649E-03
   67.500000      1.831677561274E-02      5.060169403278E-03
   67.600000      1.840250523073E-02      5.111573673231E-03
   67.700000      1.816218534978E-02      5.054763626463E-03
   67.800000      1.766045560688E-02      4.911397115761E-03
   67.900000      1.697983092091E-02      4.708307045356E-03
   68.000000      1.621794151512E-02      4.476691950157E-03
   68.100000      1.548481516210E-02      4.249176901180E-03
   68.200000      1.488728564907E-02      4.054068834525E-03
   68.300000      1.449529107903E-02      3.908184865717E-03
   68.400000      1.430248673710E-02      3.811136871413E-03
   68.500000      1.422254694981E-02      3.744049024932E-03
   68.600000      1.412392277611E-02      3.674223020905E-03
   68.700000      1.387282473501E-02      3.564918936857E-03
   68.800000      1.336825277978E-02      3.387310155676E-03
   68.900000      1.256658803840E-02      3.130739805311E-03
   69.000000      1.149756065508E-02      2.807942972499E-03
   69.100000      1.026913175181E-02      2.453528397284E-03
   69.200000      9.052107747781E-03      2.116048165261E-03
   69.300000      8.044231977699E-03      1.845799696202E-03
   69.400000      7.420358135466E-03      1.681699926420E-03
   69.500000      7.274769699252E-03      1.640937588648E-03
   69.600000      7.576460924660E-03      1.714557749743E-03
   69.700000      8.179987973091E-03      1.870688995354E-03
   69.800000      8.893875706931E-03      2.064990068174E-03
   69.900000      9.553563280504E-03      2.255528488086E-03
   70.000000      1.006873064319E-02      2.417428933657E-03
   70.100000      1.044527105059E-02      2.552052733207E-03
   70.200000      1.078541462478E-02      2.686735754191E-03
   70.300000      1.125993250809E-02      2.864129014565E-03
   70.400000      1.204406671451E-02      3.124081888239E-03
   70.500000      1.321919972842E-02      3.484343278223E-03
   70.600000      1.470677278644E-02      3.927647682578E-03
   70.700000      1.629618010279E-02      4.401110699897E-03
   70.800000      1.770889549897E-02      4.829508619764E-03
   70.900000      1.868207768245E-02      5.138448521179E-03
   71.000000      1.905353663792E-02      5.278960586200E-03
   71.100000      1.881027155333E-02      5.243809045664E-03
   71.200000      1.809131232902E-02      5.068695919789E-03
   71.300000      1.714688226988E-02      4.817537567326E-03
   71.400000      1.625941891224E-02      4.557618116625E-03
   71.500000      1.562942391036E-02      4.334750296247E-03
   71.600000      1.526205668905E-02      4.158625677007E-03
   71.700000      1.499075236144E-02      4.004202629621E-03
   71.800000      1.460472945257E-02      3.828106017131E-03
   71.900000      1.395083141104E-02      3.592592515447E-03
   72.000000      1.298965664629E-02      3.286470604299E-03
   72.100000      1.180767798020E-02      2.933807301603E-03
   72.200000      1.059209336655E-02      2.586634326106E-03
   72.300000      9.574299863868E-03      2.304829783663E-03
   72.400000      8.944227209410E-03      2.131898715982E-03
   72.500000      8.769733179567E-03      2.077136940255E-03
   72.600000      8.956272207969E-03      2.111902182094E-03
   72.700000      9.280498870250E-03      2.181664848837E-03
   72.800000      9.506242341089E-03      2.228827893613E-03
   72.900000      9.488527596132E-03      2.216868394421E-03
   73.000000      9.223469979970E-03      2.145954480234E-03
   73.100000      8.847630653405E-03      2.053810792590E-03
   73.200000      8.591734852436E-03      2.001576783595E-03
   73.300000      8.686204709450E-03      2.050255855925E-03
   73.400000      9.263436828063E-03      2.236855849468E-03
   73.500000      1.031999192606E-02      2.559270763665E-03
   73.600000      1.171011456310E-02      2.975518257660E-03
   73.700000      1.318828339410E-02      3.417510761704E-03
   73.800000      1.449761898044E-02      3.814144805996E-03
   73.900000      1.545312468751E-02      4.115103091009E-03
   74.000000      1.599530091480E-02      4.306570019154E-03
   74.100000      1.620358801486E-02      4.413092342130E-03
   74.200000      1.626707597305E-02      4.484940336331E-03
   74.300000      1.641673073744E-02      4.575663121819E-03
   74.400000      1.681759076668E-02      4.718154125774E-03
   74.500000      1.746781084419E-02      4.908172604478E-03
   74.600000      1.819777828243E-02      5.101702733241E-03
   74.700000      1.873859725376E-02      5.227653924288E-03
   74.800000      1.881741044943E-02      5.211865053962E-03
   74.900000      1.824806738127E-02      5.004107076938E-03
   75.000000      1.699153353409E-02      4.598409309936E-03
   75.100000      1.517620350298E-02      4.039238915403E-03
   75.200000      1.307559151457E-02      3.411133327801E-03
   75.300000      1.104698368932E-02      2.815377780021E-03
   75.400000      9.439713230384E-03      2.341863997954E-03
   75.500000      8.484808246805E-03      2.045634836783E-03
   75.600000      8.216072242459E-03      1.935450006723E-03
   75.700000      8.486812536471E-03      1.977037664299E-03
   75.800000      9.053079164369E-03      2.108438187877E-03
   75.900000      9.659294119374E-03      2.261016316629E-03
   76.000000      1.010327298220E-02      2.378672798104E-03
   76.100000      1.027567189528E-02      2.429681454865E-03
   76.200000      1.017011150790E-02      2.409298398211E-03
   76.300000      9.866236266762E-03      2.335000599401E-03
   76.400000      9.492942867880E-03      2.238280483687E-03
   76.500000      9.184610331090E-03      2.156711828488E-03
   76.600000      9.055268617756E-03      2.128073592329E-03
   76.700000      9.202744784016E-03      2.186035436607E-03
   76.800000      9.715961878737E-03      2.355684051986E-03
   76.900000      1.064617738895E-02      2.647724660775E-03
   77.000000      1.195554400642E-02      3.052155428769E-03
   77.100000      1.351404725189E-02      3.534288228322E-03
   77.200000      1.512406421027E-02      4.036681305393E-03
   77.300000      1.655831024739E-02      4.489058434976E-03
   77.400000      1.760820744125E-02      4.825034200846E-03
   77.500000      1.813277044644E-02      5.000918745481E-03
   77.600000      1.810044927263E-02      5.009837385159E-03
   77.700000      1.761057673365E-02      4.885112850021E-03
   77.800000      1.687924681246E-02      4.690366254679E-03
   77.900000      1.618423461698E-02      4.498824796694E-03
   78.000000      1.576738839228E-02      4.368777228939E-03
   78.100000      1.571492239436E-02      4.323995637211E-03
   78.200000      1.592989665381E-02      4.346305554218E-03
   78.300000      1.620562199417E-02      4.382932104595E-03
   78.400000      1.629875541192E-02      4.365660096528E-03
   78.500000      1.599766634333E-02      4.234549625314E-03
   78.600000      1.517970566652E-02      3.957689468361E-03
   78.700000      1.384440553838E-02      3.540639754712E-03
   78.800000      1.211377359805E-02      3.023692806668E-03
   78.900000      1.019984123783E-02      2.469777587492E-03
   79.000000      8.346789506765E-03      1.948699818966E-03
   79.100000      6.775714004409E-03      1.523411792833E-03
   79.200000      5.675325510685E-03      1.241557357903E-03
   79.300000      5.214961314324E-03      1.132191240152E-03
   79.400000      5.508095534235E-03      1.205168336516E-03
   79.500000      6.507294825693E-03      1.450432391556E-03
   79.600000      8.017197592713E-03      1.836277577385E-03
   79.700000      9.781963074374E-03      2.308390075793E-03
   79.800000      1.152646331926E-02      2.793302348270E-03
   79.900000      1.297976920534E-02      3.209380794529E-03
   80.000000      1.391292712961E-02      3.485386053232E-03
   80.100000      1.419419974885E-02      3.582233605328E-03
   80.200000      1.384233990179E-02      3.510068260047E-03
   80.300000      1.305293949317E-02      3.332306871039E-03
   80.400000      1.218162176681E-02      3.151838698655E-03
   80.500000      1.167691401774E-02      3.081156231485E-03
   80.600000      1.193924650563E-02      3.205200549596E-03
   80.700000      1.309304603198E-02      3.549949960496E-03
   80.800000      1.490650272780E-02      4.069008892885E-03
   80.900000      1.693657340161E-02      4.654522656990E-03
   81.000000      1.869095226141E-02      5.169793062056E-03
   81.100000      1.976500105117E-02      5.492541210152E-03
   81.200000      1.994178071314E-02      5.553325867438E-03
   81.300000      1.923837722511E-02      5.355154546285E-03
   81.400000      1.789189939398E-02      4.967435892351E-03
   81.500000      1.628887302983E-02      4.497374982744E-03
   81.600000      1.484316434432E-02      4.050609712368E-03
   81.700000      1.381585976784E-02      3.696625670294E-03
   81.800000      1.321101383268E-02      3.451714457179E-03
   81.900000      1.285409935911E-02      3.284329356759E-03
   82.000000      1.250632505563E-02      3.138260769261E-03
   82.100000      1.197368275881E-02      2.962205973267E-03
   82.200000      1.118331295578E-02      2.732773820948E-03
   82.300000      1.020117047421E-02      2.462024322623E-03
   82.400000      9.191859895719E-03      2.188184180340E-03
   82.500000      8.340117052934E-03      1.955729902760E-03
   82.600000      7.768496240911E-03      1.795281725649E-03
   82.700000      7.490023901810E-03      1.712972753003E-03
   82.800000      7.436599923774E-03      1.693722906352E-03
   82.900000      7.534622532338E-03      1.715748659063E-03
   83.000000      7.750408514510E-03      1.768076010403E-03
   83.100000      8.103182095296E-03      1.861402736770E-03
   83.200000      8.672826684130E-03      2.025969059741E-03
   83.300000      9.572499796205E-03      2.296487013123E-03
   83.400000      1.087747676992E-02      2.690605859438E-03
   83.500000      1.254181979294E-02      3.190905692882E-03
   83.600000      1.436318155083E-02      3.739476452640E-03
   83.700000      1.603314971780E-02      4.249186460715E-03
   83.800000      1.723840400305E-02      4.628856261231E-03
   83.900000      1.776196089595E-02      4.813552951791E-03
   84.000000      1.755348922173E-02      4.788563943814E-03
   84.100000      1.675404550682E-02      4.597438770751E-03
   84.200000      1.567056472957E-02      4.330156024497E-03
   84.300000      1.470381634087E-02      4.094782936277E-03
   84.400000      1.423404481150E-02      3.982116908065E-03
   84.500000      1.446052362271E-02      4.035443877183E-03
   84.600000      1.528952277912E-02      4.235835411669E-03
   84.700000      1.639450559977E-02      4.508059280324E-03
   84.800000      1.736451168741E-02      4.745128460407E-03
   84.900000      1.783543529384E-02      4.843187329497E-03
   85.000000      1.758283469836E-02      4.734977041335E-03
   85.100000      1.657130331640E-02      4.410719231499E-03
   85.200000      1.495668705214E-02      3.919711327160E-03
   85.300000      1.304259445823E-02      3.352684677906E-03
   85.400000      1.119833666859E-02      2.811648622429E-03
   85.500000      9.744040520711E-03      2.378143464133E-03
   85.600000      8.824570837723E-03      2.091029624673E-03
   85.700000      8.369860813754E-03      1.941072966372E-03
   85.800000      8.187093268495E-03      1.883109764835E-03
   85.900000      8.077897903827E-03      1.859985620127E-03
   86.000000      7.920597644788E-03      1.828318345289E-03
   86.100000      7.702495576104E-03      1.776003374328E-03
   86.200000      7.503824147582E-03      1.725193853599E-03
   86.300000      7.471038087976E-03      1.720594037111E-03
   86.400000      7.771164390591E-03      1.808768859194E-03
   86.500000      8.512572045638E-03      2.017424395868E-03
   86.600000      9.676257707462E-03      2.343028873286E-03
   86.700000      1.111936175444E-02      2.751154995638E-03
   86.800000      1.263308008764E-02      3.188407833194E-03
   86.900000      1.400814908532E-02      3.600199624679E-03
   87.000000      1.509639683092E-02      3.946831841694E-03
   87.100000      1.584588096865E-02      4.211877366356E-03
   87.200000      1.629806247655E-02      4.400758451247E-03
   87.300000      1.655396630159E-02      4.531758002175E-03
   87.400000      1.672231421845E-02      4.624508820776E-03
   87.500000      1.686827179657E-02      4.691182564180E-03
   87.600000      1.698808984767E-02      4.733411960332E-03
   87.700000      1.703196539346E-02      4.744814819255E-03
   87.800000      1.695239763578E-02      4.716525902029E-03
   87.900000      1.673495336156E-02      4.642438204645E-03
   88.000000      1.639486172323E-02      4.521893176332E-03
   88.100000      1.594535457067E-02      4.359451676393E-03
   88.200000      1.538803122237E-02      4.162966485156E-03
   88.300000      1.473521259421E-02      3.941662722652E-03
   88.400000      1.402244825930E-02      3.705243747179E-03
   88.500000      1.330281013306E-02      3.463813805001E-03
   88.600000      1.262264140487E-02      3.227571603985E-03
   88.700000      1.199766546822E-02      3.005390752612E-03
   88.800000      1.141469403240E-02      2.802447585037E-03
   88.900000      1.084731290975E-02      2.618229373984E-03
   89.000000      1.027169422078E-02      2.446676710310E-03
   89.100000      9.677346961699E-03      2.279447197663E-03
   89.200000      9.063091193726E-03      2.111617763570E-03
   89.300000      8.439431603550E-03      1.947450691740E-03
   89.400000      7.863429910743E-03      1.803170039072E-03
   89.500000      7.448844052066E-03      1.704635652417E-03
   89.600000      7.327169157934E-03      1.680087700870E-03
   89.700000      7.582282940445E-03      1.750637144073E-03
   89.800000      8.216740783289E-03      1.922518942319E-03
   89.900000      9.166981461338E-03      2.184514852656E-03
   90.000000      1.033214313771E-02      2.511664913308E-03
   90.100000      1.158796860264E-02      2.873558773999E-03
   90.200000      1.281328682711E-02      3.243477343376E-03
   90.300000      1.393050525233E-02      3.604358018020E-03
   90.400000      1.492295364277E-02      3.949117120758E-03
   90.500000      1.582374681043E-02      4.275590217637E-03
   90.600000      1.667542769037E-02      4.578977728580E-03
   90.700000      1.746860442090E-02      4.845916633346E-03
   90.800000      1.812208856312E-02      5.053500753025E-03
   90.900000      1.852553360367E-02      5.174156299297E-03
   91.000000      1.858814629558E-02      5.184494752337E-03
   91.100000      1.826674732284E-02      5.074472472467E-03
   91.200000      1.758062395940E-02      4.853126834162E-03
   91.300000      1.661601188531E-02      4.548660148916E-03
   91.400000      1.550779675357E-02      4.202851812715E-03
   91.500000      1.440768154008E-02      3.861687617307E-03
   91.600000      1.345380628489E-02      3.565039861946E-03
   91.700000      1.274565050999E-02      3.338121909953E-03
   91.800000      1.232170288691E-02      3.186633936822E-03
   91.900000      1.213969612712E-02      3.096485028869E-03
   92.000000      1.208018358874E-02      3.038027334247E-03
   92.100000      1.198460785864E-02      2.973952342944E-03
   92.200000      1.171021017157E-02      2.869341502767E-03
   92.300000      1.117188367290E-02      2.701810319906E-03
   92.400000      1.036332573851E-02      2.469319158473E-03
   92.500000      9.362370703087E-03      2.193277117108E-03
   92.600000      8.322590737956E-03      1.915345350502E-03
   92.700000      7.448685765884E-03      1.687981341011E-03
   92.800000      6.951711295135E-03      1.560907825234E-03
   92.900000      6.975484559789E-03      1.567487703853E-03
   93.000000      7.529764741480E-03      1.715481997858E-03
   93.100000      8.502858043463E-03      1.985389888241E-03
   93.200000      9.721269480978E-03      2.336886974913E-03
   93.300000      1.100462240547E-02      2.720879215139E-03
   93.400000      1.221093862586E-02      3.092681180699E-03
   93.500000      1.325655744336E-02      3.421712984645E-03
   93.600000      1.411225641746E-02      3.694937572253E-03
   93.700000      1.478864999658E-02      3.914145405828E-03
   93.800000      1.531548715502E-02      4.089726828356E-03
   93.900000      1.572744454604E-02      4.234536901979E-03
   94.000000      1.605960716601E-02      4.360469763461E-03
   94.100000      1.634850019417E-02      4.478060681125E-03
   94.200000      1.663660106229E-02      4.597151876829E-03
   94.300000      1.696905421180E-02      4.725741851733E-03
   94.400000      1.737263792309E-02      4.865266335997E-03
   94.500000      1.782969478673E-02      5.003310119349E-03
   94.600000      1.825250648410E-02      5.107671007729E-03
   94.700000      1.846605460528E-02      5.126962150044E-03
   94.800000      1.824029817794E-02      5.001337301934E-03
   94.900000      1.736910364386E-02      4.682663770474E-03
   95.000000      1.575776653129E-02      4.158276359505E-03
   95.100000      1.349083212833E-02      3.468843800761E-03
   95.200000      1.086060925750E-02      2.710981769068E-03
   95.300000      8.344189502311E-03      2.019677095865E-03
   95.400000      6.516726832570E-03      1.533032902755E-03
   95.500000      5.868388253913E-03      1.349473267664E-03
   95.600000      6.532299649471E-03      1.492134106795E-03
   95.700000      8.169309831214E-03      1.894449267371E-03
   95.800000      1.016456251827E-02      2.414624593694E-03
   95.900000      1.187112152005E-02      2.876719537119E-03
   96.000000      1.277560532797E-02      3.126004538318E-03
   96.100000      1.261645302276E-02      3.080068591614E-03
   96.200000      1.144655065717E-02      2.757549077533E-03
   96.300000      9.626733574154E-03      2.273628108955E-03
   96.400000      7.750123272485E-03      1.803089349680E-03
   96.500000      6.512515973573E-03      1.523369111744E-03
   96.600000      6.525153431206E-03      1.557187103431E-03
   96.700000      7.948554115381E-03      1.934304950042E-03
   96.800000      1.036368393556E-02      2.584860826997E-03
   96.900000      1.312487530953E-02      3.365346059933E-03
   97.000000      1.561317992120E-02      4.106888387626E-03
   97.100000      1.737490134898E-02      4.668226696597E-03
   97.200000      1.820328675243E-02      4.975125906762E-03
   97.300000      1.815831894439E-02      5.033976417475E-03
   97.400000      1.752413764590E-02      4.917415591235E-03
   97.500000      1.671442277815E-02      4.729960910379E-03
   97.600000      1.613038750783E-02      4.567975204586E-03
   97.700000      1.597743465433E-02      4.488659707214E-03
   97.800000      1.619666561578E-02      4.497602038039E-03
   97.900000      1.658488827469E-02      4.556308134963E-03
   98.000000      1.690346181022E-02      4.603646848764E-03
   98.100000      1.694023453653E-02      4.581083118663E-03
   98.200000      1.656658368212E-02      4.452027680721E-03
   98.300000      1.576760444723E-02      4.209682162871E-03
   98.400000      1.462773497030E-02      3.873230052572E-03
   98.500000      1.329016128644E-02      3.476732497256E-03
   98.600000      1.190505292093E-02      3.056982983430E-03
   98.700000      1.058094708187E-02      2.645476613689E-03
   98.800000      9.370756461841E-03      2.266482585845E-03
   98.900000      8.297322085041E-03      1.939718265878E-03
   99.000000      7.399661326124E-03      1.684021116365E-03
   99.100000      6.770504877666E-03      1.518543894824E-03
   99.200000      6.535692557700E-03      1.459988936944E-03
   99.300000      6.765082087708E-03      1.516993705585E-03
   99.400000      7.411063752590E-03      1.684591360812E-03
   99.500000      8.357851577092E-03      1.941869599512E-03
   99.600000      9.475018450788E-03      2.254578605844E-03
   99.700000      1.062816564504E-02      2.582257211295E-03
   99.800000      1.168592269113E-02      2.887505951298E-03
   99.900000      1.254953233175E-02      3.144183246123E-03
  100.000000      1.317949572746E-02      3.341835943516E-03
