# M=8, N=4, V0=0.0, V=0.25, PBC
#  time (tJ)                 S₁(n=1)                 S₂(n=1)
    0.000000      0.000000000000E+00      8.881784197001E-16
    0.100000      8.300814702646E-04      1.590265119711E-04
    0.200000      2.697332465213E-03      5.911104650735E-04
    0.300000      4.961706657529E-03      1.176116306845E-03
    0.400000      7.060094138927E-03      1.757687852449E-03
    0.500000      8.556468242043E-03      2.191755826718E-03
    0.600000      9.207269874753E-03      2.387418997778E-03
    0.700000      8.985643331648E-03      2.327187305558E-03
    0.800000      8.059311057633E-03      2.062435733590E-03
    0.900000      6.732206554204E-03      1.689287528099E-03
    1.000000      5.367678835025E-03      1.316051844925E-03
    1.100000      4.310374778652E-03      1.033835102336E-03
    1.200000      3.808368022330E-03      8.978518696170E-04
    1.300000      3.930947352780E-03      9.211431531102E-04
    1.400000      4.555721273825E-03      1.078003125982E-03
    1.500000      5.446960367876E-03      1.313111027028E-03
    1.600000      6.329675739262E-03      1.553716998512E-03
    1.700000      6.942348976609E-03      1.724250084191E-03
    1.800000      7.082428163080E-03      1.763291126140E-03
    1.900000      6.650213086456E-03      1.641162021297E-03
    2.000000      5.686548402086E-03      1.373496491456E-03
    2.100000      4.391973084500E-03      1.024416749888E-03
    2.200000      3.112021319428E-03      6.944301182581E-04
    2.300000      2.271588548623E-03      4.932280682286E-04
    2.400000      2.258234307609E-03      5.043404101872E-04
    2.500000      3.246219843301E-03      7.537777830300E-04
    2.600000      4.949988087806E-03      1.195353210515E-03
    2.700000      6.866581767631E-03      1.720224612440E-03
    2.800000      8.505022012130E-03      2.189042145450E-03
    2.900000      9.480575480847E-03      2.475818897386E-03
    3.000000      9.588765253664E-03      2.507541915904E-03
    3.100000      8.839488606917E-03      2.285079702749E-03
    3.200000      7.441687352181E-03      1.878516720716E-03
    3.300000      5.743755198429E-03      1.400249417241E-03
    3.400000      4.145179892084E-03      9.674617810478E-04
    3.500000      2.996761543941E-03      6.684448901910E-04
    3.600000      2.503876291892E-03      5.438021806268E-04
    3.700000      2.673696504872E-03      5.860417073076E-04
    3.800000      3.340555542998E-03      7.532983707019E-04
    3.900000      4.253717977338E-03      9.885152178615E-04
    4.000000      5.183249452125E-03      1.235816267844E-03
    4.100000      5.965210855236E-03      1.449901058729E-03
    4.200000      6.498673590968E-03      1.599235174296E-03
    4.300000      6.734211034142E-03      1.666706355182E-03
    4.400000      6.671165521565E-03      1.650915652071E-03
    4.500000      6.363606317187E-03      1.568250566133E-03
    4.600000      5.924210293362E-03      1.452790464813E-03
    4.700000      5.513527579841E-03      1.350357051791E-03
    4.800000      5.306839128927E-03      1.305514042977E-03
    4.900000      5.431633553382E-03      1.344779049502E-03
    5.000000      5.881412776957E-03      1.463045720183E-03
    5.100000      6.488144951793E-03      1.620646703069E-03
    5.200000      7.002294242226E-03      1.754711489046E-03
    5.300000      7.195269097519E-03      1.801972307939E-03
    5.400000      6.936085905610E-03      1.724195084130E-03
    5.500000      6.234297068526E-03      1.525240605983E-03
    5.600000      5.242028073881E-03      1.251843051891E-03
    5.700000      4.213716922631E-03      9.772726252291E-04
    5.800000      3.430598949774E-03      7.747590861551E-04
    5.900000      3.103601238967E-03      6.921144402754E-04
    6.000000      3.286217819542E-03      7.381376135502E-04
    6.100000      3.861929643738E-03      8.855491981645E-04
    6.200000      4.628534633079E-03      1.087354264416E-03
    6.300000      5.402095902554E-03      1.297620542044E-03
    6.400000      6.074710792056E-03      1.486550809215E-03
    6.500000      6.618521005588E-03      1.643728053029E-03
    6.600000      7.050115456020E-03      1.770196162066E-03
    6.700000      7.379584756390E-03      1.865938050444E-03
    6.800000      7.576091492194E-03      1.921249841347E-03
    6.900000      7.572221144055E-03      1.917614075958E-03
    7.000000      7.302066475773E-03      1.837726944594E-03
    7.100000      6.747961598136E-03      1.678745479653E-03
    7.200000      5.971000679012E-03      1.460704611622E-03
    7.300000      5.110823456387E-03      1.224517653069E-03
    7.400000      4.350772325805E-03      1.019582645724E-03
    7.500000      3.854516317936E-03      8.866504240290E-04
    7.600000      3.699955665684E-03      8.441793937777E-04
    7.700000      3.857707773416E-03      8.845307373353E-04
    7.800000      4.226094758767E-03      9.811400407833E-04
    7.900000      4.684404003151E-03      1.102175451975E-03
    8.000000      5.137094926906E-03      1.223252701674E-03
    8.100000      5.536271662624E-03      1.333026666314E-03
    8.200000      5.875269910870E-03      1.430046678981E-03
    8.300000      6.160449693423E-03      1.514460892900E-03
    8.400000      6.381568334737E-03      1.580992103264E-03
    8.500000      6.503796415562E-03      1.618449485506E-03
    8.600000      6.490176076308E-03      1.616564351689E-03
    8.700000      6.339167486628E-03      1.575806935848E-03
    8.800000      6.109752740556E-03      1.513196583691E-03
    8.900000      5.913013751621E-03      1.458730105113E-03
    9.000000      5.863908429718E-03      1.442246445250E-03
    9.100000      6.009983624472E-03      1.476516622624E-03
    9.200000      6.283897827140E-03      1.545670347372E-03
    9.300000      6.519686217542E-03      1.606578227241E-03
    9.400000      6.521131790503E-03      1.604872900913E-03
    9.500000      6.144966383983E-03      1.499775748258E-03
    9.600000      5.368676193032E-03      1.286703169288E-03
    9.700000      4.323098660221E-03      1.006616159689E-03
    9.800000      3.279363353135E-03      7.365117524276E-04
    9.900000      2.585670512972E-03      5.638392345437E-04
   10.000000      2.544502530241E-03      5.549540964842E-04
   10.100000      3.245416096885E-03      7.304773524175E-04
   10.200000      4.502911274346E-03      1.057328769689E-03
   10.300000      5.981719876634E-03      1.459855991992E-03
   10.400000      7.338016888542E-03      1.844517884014E-03
   10.500000      8.303246259979E-03      2.127732036797E-03
   10.600000      8.725785856234E-03      2.256701637495E-03
   10.700000      8.577447908711E-03      2.217602036620E-03
   10.800000      7.932730772208E-03      2.031676591828E-03
   10.900000      6.935089745221E-03      1.744320796599E-03
   11.000000      5.765954911300E-03      1.413129167116E-03
   11.100000      4.625514382194E-03      1.098395835408E-03
   11.200000      3.720591743942E-03      8.558919103232E-04
   11.300000      3.240350838494E-03      7.295676064640E-04
   11.400000      3.299854340406E-03      7.426082330142E-04
   11.500000      3.871986623445E-03      8.883838697489E-04
   11.600000      4.775222515410E-03      1.125980967682E-03
   11.700000      5.732570551281E-03      1.385640905318E-03
   11.800000      6.455375525194E-03      1.586340471704E-03
   11.900000      6.724606122823E-03      1.661959686377E-03
   12.000000      6.457330993863E-03      1.586917812954E-03
   12.100000      5.742834220584E-03      1.390113522707E-03
   12.200000      4.834472330374E-03      1.149252721156E-03
   12.300000      4.092884579420E-03      9.652927815680E-04
   12.400000      3.887030658419E-03      9.254831465939E-04
   12.500000      4.428156487477E-03      1.069194728025E-03
   12.600000      5.576561880526E-03      1.370455057573E-03
   12.700000      6.949088650417E-03      1.744645906356E-03
   12.800000      8.126404375699E-03      2.076965698679E-03
   12.900000      8.768541864927E-03      2.261475663802E-03
   13.000000      8.687990487066E-03      2.235757578633E-03
   13.100000      7.881137372270E-03      1.998875305232E-03
   13.200000      6.515231909347E-03      1.607859172415E-03
   13.300000      4.879719199018E-03      1.156610769266E-03
   13.400000      3.319335446628E-03      7.470320567025E-04
   13.500000      2.168712423056E-03      4.630850726528E-04
   13.600000      1.699854263771E-03      3.548121171093E-04
   13.700000      2.038131920937E-03      4.336995656138E-04
   13.800000      3.040005053680E-03      6.763222840194E-04
   13.900000      4.419525437540E-03      1.031912824026E-03
   14.000000      5.888239460497E-03      1.431183695709E-03
   14.100000      7.179970400973E-03      1.796454691680E-03
   14.200000      8.068382068064E-03      2.054521414563E-03
   14.300000      8.397461604607E-03      2.152438251524E-03
   14.400000      8.117763079587E-03      2.073121946541E-03
   14.500000      7.313431043440E-03      1.844695210673E-03
   14.600000      6.204035106882E-03      1.537308293957E-03
   14.700000      5.110939704823E-03      1.244897401942E-03
   14.800000      4.384917975043E-03      1.055752756463E-03
   14.900000      4.276616630142E-03      1.021821782482E-03
   15.000000      4.764996176424E-03      1.139017001192E-03
   15.100000      5.572396554649E-03      1.347622457847E-03
   15.200000      6.335912956879E-03      1.554077897056E-03
   15.300000      6.740113815331E-03      1.666335008889E-03
   15.400000      6.606806955864E-03      1.628890965347E-03
   15.500000      5.941644407138E-03      1.443497931203E-03
   15.600000      4.930213153469E-03      1.167579095181E-03
   15.700000      3.885934477855E-03      8.917910741459E-04
   15.800000      3.158869378090E-03      7.066461213245E-04
   15.900000      3.014176375004E-03      6.718663295269E-04
   16.000000      3.511931398487E-03      7.997462444937E-04
   16.100000      4.489170128069E-03      1.056792767236E-03
   16.200000      5.672994793947E-03      1.379934303227E-03
   16.300000      6.799316935209E-03      1.698436703359E-03
   16.400000      7.672798695715E-03      1.952352035729E-03
   16.500000      8.180368790292E-03      2.102249970349E-03
   16.600000      8.278302558917E-03      2.130467482881E-03
   16.700000      7.972546042178E-03      2.038001577934E-03
   16.800000      7.308537922657E-03      1.841562527573E-03
   16.900000      6.375172652969E-03      1.572552985203E-03
   17.000000      5.313611686388E-03      1.276105591381E-03
   17.100000      4.314509453413E-03      1.006491330427E-03
   17.200000      3.588775905110E-03      8.166208825124E-04
   17.300000      3.304265294935E-03      7.432789021107E-04
   17.400000      3.504694702138E-03      7.937315189788E-04
   17.500000      4.074018460927E-03      9.407243384372E-04
   17.600000      4.790274577795E-03      1.130266550361E-03
   17.700000      5.421952334913E-03      1.300871054612E-03
   17.800000      5.809970234482E-03      1.406942418475E-03
   17.900000      5.914122004029E-03      1.436082787104E-03
   18.000000      5.816835476807E-03      1.412113956712E-03
   18.100000      5.683969014945E-03      1.381929689052E-03
   18.200000      5.691269198289E-03      1.391925804714E-03
   18.300000      5.936217986952E-03      1.464903405174E-03
   18.400000      6.377098606732E-03      1.588306574497E-03
   18.500000      6.850983621009E-03      1.719299256951E-03
   18.600000      7.160043847178E-03      1.804100000495E-03
   18.700000      7.161680068698E-03      1.802218330507E-03
   18.800000      6.822519397723E-03      1.704145732836E-03
   18.900000      6.225956081667E-03      1.534592930445E-03
   19.000000      5.535427718693E-03      1.340612360495E-03
   19.100000      4.926616680448E-03      1.171168494492E-03
   19.200000      4.517183884021E-03      1.058318646493E-03
   19.300000      4.332635410483E-03      1.008515185279E-03
   19.400000      4.323539200590E-03      1.006780194701E-03
   19.500000      4.410385831259E-03      1.029858594032E-03
   19.600000      4.528449788256E-03      1.060417696576E-03
   19.700000      4.657314524438E-03      1.094816130080E-03
   19.800000      4.822731314716E-03      1.141301083875E-03
   19.900000      5.068529391010E-03      1.211084888511E-03
   20.000000      5.415490161745E-03      1.308460004608E-03
   20.100000      5.836864621709E-03      1.425993995477E-03
   20.200000      6.269217467116E-03      1.547208819816E-03
   20.300000      6.646054222549E-03      1.654328718029E-03
   20.400000      6.926618722213E-03      1.735636808392E-03
   20.500000      7.102553983948E-03      1.787524123378E-03
   20.600000      7.180514014854E-03      1.810061845962E-03
   20.700000      7.152233901152E-03      1.799553157486E-03
   20.800000      6.974393813408E-03      1.744113287568E-03
   20.900000      6.579147441952E-03      1.627078593256E-03
   21.000000      5.916449604823E-03      1.438386657059E-03
   21.100000      5.007514669996E-03      1.188559194703E-03
   21.200000      3.982514698994E-03      9.168629544001E-04
   21.300000      3.081455702943E-03      6.867535455140E-04
   21.400000      2.600577872824E-03      5.674778894773E-04
   21.500000      2.765776728325E-03      6.079714396192E-04
   21.600000      3.584280663469E-03      8.141638984653E-04
   21.700000      4.828201409865E-03      1.140664705098E-03
   21.800000      6.149718916215E-03      1.502184256003E-03
   21.900000      7.206535894088E-03      1.801416191405E-03
   22.000000      7.756726475361E-03      1.962570599312E-03
   22.100000      7.716832321577E-03      1.956982953927E-03
   22.200000      7.175631389249E-03      1.810587257750E-03
   22.300000      6.362116825201E-03      1.590915496573E-03
   22.400000      5.575103333765E-03      1.379923443038E-03
   22.500000      5.083341127200E-03      1.244343453480E-03
   22.600000      5.012572378236E-03      1.215137620474E-03
   22.700000      5.302449844727E-03      1.282477689032E-03
   22.800000      5.778795791026E-03      1.405429333552E-03
   22.900000      6.241437071067E-03      1.529827651249E-03
   23.000000      6.520656949426E-03      1.606136617631E-03
   23.100000      6.507324848703E-03      1.601472716312E-03
   23.200000      6.161670154683E-03      1.504405849029E-03
   23.300000      5.510654690801E-03      1.324799519232E-03
   23.400000      4.646047021199E-03      1.091844154629E-03
   23.500000      3.727925980840E-03      8.515490125611E-04
   23.600000      2.983106850369E-03      6.621347171059E-04
   23.700000      2.668592544002E-03      5.844819284968E-04
   23.800000      2.981820967935E-03      6.664924471473E-04
   23.900000      3.966747149357E-03      9.243255837472E-04
   24.000000      5.463154244834E-03      1.327606423406E-03
   24.100000      7.142538521733E-03      1.797007805913E-03
   24.200000      8.606472944301E-03      2.219433503527E-03
   24.300000      9.488460514370E-03      2.479087893063E-03
   24.400000      9.545179580417E-03      2.495018305422E-03
   24.500000      8.723082208702E-03      2.251163001146E-03
   24.600000      7.183783948974E-03      1.806254367160E-03
   24.700000      5.280160760267E-03      1.278097246132E-03
   24.800000      3.488460564147E-03      8.068574307700E-04
   24.900000      2.311286939672E-03      5.105838061885E-04
   25.000000      2.095980644856E-03      4.493448093157E-04
   25.100000      2.776522559699E-03      6.106505557957E-04
   25.200000      3.992332122815E-03      9.200156086895E-04
   25.300000      5.308622908003E-03      1.270666635678E-03
   25.400000      6.359615546754E-03      1.559846736167E-03
   25.500000      6.924391285062E-03      1.718409021268E-03
   25.600000      6.945329585818E-03      1.725049519644E-03
   25.700000      6.507917912346E-03      1.603810232567E-03
   25.800000      5.797547239522E-03      1.409753252442E-03
   25.900000      5.048460719814E-03      1.210351353358E-03
   26.000000      4.495091157870E-03      1.068779876539E-03
   26.100000      4.327216766776E-03      1.031724986627E-03
   26.200000      4.644136551288E-03      1.121229289103E-03
   26.300000      5.412536413042E-03      1.329346552865E-03
   26.400000      6.462198633465E-03      1.615958594530E-03
   26.500000      7.529602684359E-03      1.912273846935E-03
   26.600000      8.317590533758E-03      2.132998366849E-03
   26.700000      8.560715518758E-03      2.197661392941E-03
   26.800000      8.093359148887E-03      2.056801678590E-03
   26.900000      6.907225799440E-03      1.714214533383E-03
   27.000000      5.181166849180E-03      1.235209028190E-03
   27.100000      3.271619677034E-03      7.344457194354E-04
   27.200000      1.664904578571E-03      3.445152287771E-04
   27.300000      9.040918334329E-04      1.747906270742E-04
   27.400000      1.360623836153E-03      2.752624658235E-04
   27.500000      2.810262266915E-03      6.192564497318E-04
   27.600000      4.721027445660E-03      1.112047072031E-03
   27.700000      6.579083746892E-03      1.622246881598E-03
   27.800000      7.979621194334E-03      2.023952524581E-03
   27.900000      8.687308738222E-03      2.233914887578E-03
   28.000000      8.660473270000E-03      2.230957363064E-03
   28.100000      8.030726815598E-03      2.052861781555E-03
   28.200000      7.045849063346E-03      1.775126151789E-03
   28.300000      5.993336856515E-03      1.482232258667E-03
   28.400000      5.124676003480E-03      1.242911402078E-03
   28.500000      4.597800794111E-03      1.096725564341E-03
   28.600000      4.454078003326E-03      1.052854992441E-03
   28.700000      4.637039159597E-03      1.096816522965E-03
   28.800000      5.031380032033E-03      1.199257093012E-03
   28.900000      5.495729836831E-03      1.323007741191E-03
   29.000000      5.884480986438E-03      1.428237459487E-03
   29.100000      6.067255856654E-03      1.478103198457E-03
   29.200000      5.954767681441E-03      1.446985896947E-03
   29.300000      5.530318077947E-03      1.330471935031E-03
   29.400000      4.875017911141E-03      1.152784259572E-03
   29.500000      4.169578488155E-03      9.660320277507E-04
   29.600000      3.659759294699E-03      8.379267575858E-04
   29.700000      3.588268321971E-03      8.298330627565E-04
   29.800000      4.101558082957E-03      9.725946119927E-04
   29.900000      5.137302709554E-03      1.250349255207E-03
   30.000000      6.420975361233E-03      1.600538067474E-03
   30.100000      7.603774193149E-03      1.931933759442E-03
   30.200000      8.383593698864E-03      2.154584178923E-03
   30.300000      8.580390244133E-03      2.209964407083E-03
   30.400000      8.172184518592E-03      2.089246953686E-03
   30.500000      7.287561323920E-03      1.832761320090E-03
   30.600000      6.157734984999E-03      1.511979724875E-03
   30.700000      5.041810857142E-03      1.202761550952E-03
   30.800000      4.148289654293E-03      9.616112217692E-04
   30.900000      3.584559363555E-03      8.140811566042E-04
   31.000000      3.359634759192E-03      7.577754140264E-04
   31.100000      3.424546821269E-03      7.752608244400E-04
   31.200000      3.712240804629E-03      8.481995840497E-04
   31.300000      4.166111776165E-03      9.649496937301E-04
   31.400000      4.747859076353E-03      1.118823896047E-03
   31.500000      5.415744073572E-03      1.300183430536E-03
   31.600000      6.096889493550E-03      1.489197705723E-03
   31.700000      6.684478674482E-03      1.655466200730E-03
   31.800000      7.066434613231E-03      1.766277241160E-03
   31.900000      7.168546286704E-03      1.799722880617E-03
   32.000000      6.989158503423E-03      1.755467079289E-03
   32.100000      6.609014102491E-03      1.656685774097E-03
   32.200000      6.169333596366E-03      1.541206773914E-03
   32.300000      5.819049468617E-03      1.445689989718E-03
   32.400000      5.643743384952E-03      1.390571158171E-03
   32.500000      5.621974225605E-03      1.373240820745E-03
   32.600000      5.655377369262E-03      1.372620741294E-03
   32.700000      5.637965772212E-03      1.362293497878E-03
   32.800000      5.509328492041E-03      1.324963466018E-03
   32.900000      5.275040629096E-03      1.260668029843E-03
   33.000000      4.995036567423E-03      1.184933449938E-03
   33.100000      4.748426445914E-03      1.118809189015E-03
   33.200000      4.592194135123E-03      1.077190686415E-03
   33.300000      4.536882299192E-03      1.062540312695E-03
   33.400000      4.555305198397E-03      1.067634854286E-03
   33.500000      4.618312838004E-03      1.085285964721E-03
   33.600000      4.732410252903E-03      1.118398074642E-03
   33.700000      4.953668564971E-03      1.182999731877E-03
   33.800000      5.363907726644E-03      1.300624765763E-03
   33.900000      6.010491129576E-03      1.482713838763E-03
   34.000000      6.840173810507E-03      1.715106535952E-03
   34.100000      7.681638305830E-03      1.952053231547E-03
   34.200000      8.294176881942E-03      2.125387336188E-03
   34.300000      8.449596997394E-03      2.167214907891E-03
   34.400000      8.011987810266E-03      2.037348523804E-03
   34.500000      6.992220673761E-03      1.743467200411E-03
   34.600000      5.563181092545E-03      1.344439324534E-03
   34.700000      4.031961821730E-03      9.343424771573E-04
   34.800000      2.774611132862E-03      6.130774750341E-04
   34.900000      2.134042940237E-03      4.551239176995E-04
   35.000000      2.274395152943E-03      4.883256386339E-04
   35.100000      3.090895126449E-03      6.896991094112E-04
   35.200000      4.290061567829E-03      9.977576119218E-04
   35.300000      5.546042842934E-03      1.334460768250E-03
   35.400000      6.598428007117E-03      1.627459138940E-03
   35.500000      7.284980221436E-03      1.825373223362E-03
   35.600000      7.540716130338E-03      1.903669277853E-03
   35.700000      7.381107948147E-03      1.863331095857E-03
   35.800000      6.883645654106E-03      1.726523187529E-03
   35.900000      6.176793819055E-03      1.532164317814E-03
   36.000000      5.434524301267E-03      1.331246103215E-03
   36.100000      4.863304114745E-03      1.179411049810E-03
   36.200000      4.661126472717E-03      1.124739726882E-03
   36.300000      4.934009382292E-03      1.191978165287E-03
   36.400000      5.616690026102E-03      1.368618108003E-03
   36.500000      6.480965526174E-03      1.600447886935E-03
   36.600000      7.212223398432E-03      1.802321099497E-03
   36.700000      7.504448573517E-03      1.884005670277E-03
   36.800000      7.153154081827E-03      1.783561626582E-03
   36.900000      6.127637890648E-03      1.495525380410E-03
   37.000000      4.604901097464E-03      1.081314752566E-03
   37.100000      2.955961507904E-03      6.553241999347E-04
   37.200000      1.686047383358E-03      3.498319650572E-04
   37.300000      1.320362896799E-03      2.708603469701E-04
   37.400000      2.133099679323E-03      4.613723901314E-04
   37.500000      3.836347805874E-03      8.856012039209E-04
   37.600000      5.904614416773E-03      1.439982311969E-03
   37.700000      7.829374995739E-03      1.985832158796E-03
   37.800000      9.202989982204E-03      2.391127170334E-03
   37.900000      9.778802782209E-03      2.566620595427E-03
   38.000000      9.495551406171E-03      2.485422405944E-03
   38.100000      8.463881674349E-03      2.182671978799E-03
   38.200000      6.925322751469E-03      1.739324102396E-03
   38.300000      5.199694506210E-03      1.258198805283E-03
   38.400000      3.635291022591E-03      8.402470134954E-04
   38.500000      2.564431460085E-03      5.657639747958E-04
   38.600000      2.236973102153E-03      4.816696756995E-04
   38.700000      2.707911711289E-03      5.941992785483E-04
   38.800000      3.789737719018E-03      8.669367970913E-04
   38.900000      5.146422508568E-03      1.225777175263E-03
   39.000000      6.407924441872E-03      1.572972571834E-03
   39.100000      7.247878579665E-03      1.810413099033E-03
   39.200000      7.449145156707E-03      1.867996302520E-03
   39.300000      6.958914467873E-03      1.728511756053E-03
   39.400000      5.917308005905E-03      1.438820155901E-03
   39.500000      4.643560387456E-03      1.100152742613E-03
   39.600000      3.572534118149E-03      8.376712789442E-04
   39.700000      3.159689905267E-03      7.581603777831E-04
   39.800000      3.761536046665E-03      9.108451281312E-04
   39.900000      5.168461720938E-03      1.266598369191E-03
   40.000000      6.869031744370E-03      1.724499340407E-03
   40.100000      8.356589741096E-03      2.144207974119E-03
   40.200000      9.214949550434E-03      2.392432612717E-03
   40.300000      9.203399174005E-03      2.386382056376E-03
   40.400000      8.300170690634E-03      2.118788724189E-03
   40.500000      6.695209448031E-03      1.656891854636E-03
   40.600000      4.738895750642E-03      1.118020897515E-03
   40.700000      2.864145584539E-03      6.326078064416E-04
   40.800000      1.504990725589E-03      3.083554303256E-04
   40.900000      1.030835138501E-03      2.063821763989E-04
   41.000000      1.606275861771E-03      3.336604702353E-04
   41.100000      2.932341489119E-03      6.495164215667E-04
   41.200000      4.602324773927E-03      1.080285045653E-03
   41.300000      6.267609867510E-03      1.536317930692E-03
   41.400000      7.639745477567E-03      1.928142447223E-03
   41.500000      8.502031919162E-03      2.181250798699E-03
   41.600000      8.728070664002E-03      2.249742127119E-03
   41.700000      8.303772548662E-03      2.127489704651E-03
   41.800000      7.343597129136E-03      1.853153056959E-03
   41.900000      6.087945328056E-03      1.504552667791E-03
   42.000000      4.871279835050E-03      1.180259084778E-03
   42.100000      4.057674086605E-03      9.713423642081E-04
   42.200000      3.922550379863E-03      9.317339543724E-04
   42.300000      4.455895323235E-03      1.058442006013E-03
   42.400000      5.361509893525E-03      1.290761957523E-03
   42.500000      6.251917290637E-03      1.530801148364E-03
   42.600000      6.784321145373E-03      1.678811925296E-03
   42.700000      6.752881429318E-03      1.670088663869E-03
   42.800000      6.141222039942E-03      1.498908622922E-03
   42.900000      5.124926026260E-03      1.220052124429E-03
   43.000000      4.023737712209E-03      9.276695490301E-04
   43.100000      3.211167438594E-03      7.205186286925E-04
   43.200000      2.989854167798E-03      6.677173250358E-04
   43.300000      3.455294508830E-03      7.879716898966E-04
   43.400000      4.449152487546E-03      1.048592397719E-03
   43.500000      5.674949433776E-03      1.381902739404E-03
   43.600000      6.839645429835E-03      1.710023797952E-03
   43.700000      7.727955019944E-03      1.967304349363E-03
   43.800000      8.222905181362E-03      2.113000380314E-03
   43.900000      8.292784870354E-03      2.132859785035E-03
   44.000000      7.963465196440E-03      2.033591951065E-03
   44.100000      7.295609803198E-03      1.836138549078E-03
   44.200000      6.378272287517E-03      1.571709838076E-03
   44.300000      5.335620624552E-03      1.280504555680E-03
   44.400000      4.331864227940E-03      1.009781007302E-03
   44.500000      3.557134087526E-03      8.076771836718E-04
   44.600000      3.182127843061E-03      7.120788065658E-04
   44.700000      3.285783848854E-03      7.380487932398E-04
   44.800000      3.802158783117E-03      8.700798881276E-04
   44.900000      4.544648291247E-03      1.064652120226E-03
   45.000000      5.287945041165E-03      1.264205544855E-03
   45.100000      5.849451512269E-03      1.417805242163E-03
   45.200000      6.142727031986E-03      1.499697973493E-03
   45.300000      6.194260335944E-03      1.517119729466E-03
   45.400000      6.121155261359E-03      1.503386468412E-03
   45.500000      6.075151022216E-03      1.499312342704E-03
   45.600000      6.167796075563E-03      1.531815156326E-03
   45.700000      6.406638997597E-03      1.600115803076E-03
   45.800000      6.687499888100E-03      1.676255477797E-03
   45.900000      6.856029971483E-03      1.719503425542E-03
   46.000000      6.791365203887E-03      1.697256160742E-03
   46.100000      6.463483605834E-03      1.601845957264E-03
   46.200000      5.946117999132E-03      1.454911780245E-03
   46.300000      5.384559888717E-03      1.297435631081E-03
   46.400000      4.930268342038E-03      1.170840006871E-03
   46.500000      4.671539839773E-03      1.098912373264E-03
   46.600000      4.600970994695E-03      1.079566156417E-03
   46.700000      4.637777537645E-03      1.090070200424E-03
   46.800000      4.683099078019E-03      1.102307413395E-03
   46.900000      4.675671639439E-03      1.099602633087E-03
   47.000000      4.625140633928E-03      1.086228585649E-03
   47.100000      4.610136817405E-03      1.084897124022E-03
   47.200000      4.739195435973E-03      1.123997797846E-03
   47.300000      5.087277786742E-03      1.221594267753E-03
   47.400000      5.642252729093E-03      1.374518179679E-03
   47.500000      6.303217852850E-03      1.557778623610E-03
   47.600000      6.928302309118E-03      1.733836755189E-03
   47.700000      7.390216359079E-03      1.866300996787E-03
   47.800000      7.611026798380E-03      1.930961808215E-03
   47.900000      7.568903035531E-03      1.919469388283E-03
   48.000000      7.281415942074E-03      1.835734425323E-03
   48.100000      6.779585196572E-03      1.689386989721E-03
   48.200000      6.092516015789E-03      1.491837462504E-03
   48.300000      5.256502955789E-03      1.257965322753E-03
   48.400000      4.344302077015E-03      1.011812182673E-03
   48.500000      3.493227226148E-03      7.908423354401E-04
   48.600000      2.904830563522E-03      6.429266764520E-04
   48.700000      2.788380173672E-03      6.138038843753E-04
   48.800000      3.248515836282E-03      7.285832739587E-04
   48.900000      4.206282202830E-03      9.756299763757E-04
   49.000000      5.423397559535E-03      1.301969586171E-03
   49.100000      6.587094366116E-03      1.625182954623E-03
   49.200000      7.406054638214E-03      1.859310626354E-03
   49.300000      7.693456030153E-03      1.945171488871E-03
   49.400000      7.420049891101E-03      1.872433918195E-03
   49.500000      6.724430677507E-03      1.683574785046E-03
   49.600000      5.876659757080E-03      1.457431650352E-03
   49.700000      5.199749721396E-03      1.278904320748E-03
   49.800000      4.948943140166E-03      1.207316449368E-03
   49.900000      5.174657336671E-03      1.256213152268E-03
   50.000000      5.713165826665E-03      1.391942811082E-03
   50.100000      6.307634202753E-03      1.550018544375E-03
   50.200000      6.714090271599E-03      1.661035960121E-03
   50.300000      6.768093866222E-03      1.675064720662E-03
   50.400000      6.416650634320E-03      1.575765177449E-03
   50.500000      5.716361231863E-03      1.381244576189E-03
   50.600000      4.807575720357E-03      1.134624972682E-03
   50.700000      3.880498828104E-03      8.905167947411E-04
   50.800000      3.145617839441E-03      7.029636260680E-04
   50.900000      2.802616463731E-03      6.171059667102E-04
   51.000000      2.985835190446E-03      6.633826231599E-04
   51.100000      3.713198496854E-03      8.518834954221E-04
   51.200000      4.885200809018E-03      1.166151054451E-03
   51.300000      6.301902705476E-03      1.558943232715E-03
   51.400000      7.689106234691E-03      1.954705835207E-03
   51.500000      8.746961363070E-03      2.262638485700E-03
   51.600000      9.216416376234E-03      2.399939301176E-03
   51.700000      8.948523209884E-03      2.318973038706E-03
   51.800000      7.957241630671E-03      2.027972839787E-03
   51.900000      6.438197655678E-03      1.595250308799E-03
   52.000000      4.743929411948E-03      1.132389418469E-03
   52.100000      3.317139127039E-03      7.604532831320E-04
   52.200000      2.577317333638E-03      5.709473298057E-04
   52.300000      2.709927209822E-03      5.963597492000E-04
   52.400000      3.536488465244E-03      8.017769968074E-04
   52.500000      4.677784538105E-03      1.100620183270E-03
   52.600000      5.736687030607E-03      1.387750939768E-03
   52.700000      6.418856587194E-03      1.576495949032E-03
   52.800000      6.594986846594E-03      1.625437724368E-03
   52.900000      6.308624861302E-03      1.546110870984E-03
   53.000000      5.739101836811E-03      1.391260501657E-03
   53.100000      5.133985254527E-03      1.230999494031E-03
   53.200000      4.729461420919E-03      1.127699015044E-03
   53.300000      4.678453219184E-03      1.118720590462E-03
   53.400000      5.009811537898E-03      1.210769186877E-03
   53.500000      5.639214735953E-03      1.383930987124E-03
   53.600000      6.417235259201E-03      1.600295176813E-03
   53.700000      7.173242460867E-03      1.812546157089E-03
   53.800000      7.738895316781E-03      1.970917661414E-03
   53.900000      7.962936166795E-03      2.029931418686E-03
   54.000000      7.732276808040E-03      1.957129319676E-03
   54.100000      7.003627508783E-03      1.743909405276E-03
   54.200000      5.837231704449E-03      1.415020033315E-03
   54.300000      4.417487825247E-03      1.030892400629E-03
   54.400000      3.046565311669E-03      6.779695242307E-04
   54.500000      2.100618845812E-03      4.467669985968E-04
   54.600000      1.918645149487E-03      4.035821530344E-04
   54.700000      2.595113219610E-03      5.663017740447E-04
   54.800000      3.895301441730E-03      8.948661340558E-04
   54.900000      5.422673591873E-03      1.301907084151E-03
   55.000000      6.784407758164E-03      1.680826882487E-03
   55.100000      7.689263954519E-03      1.940915365671E-03
   55.200000      8.005012079813E-03      2.035774772332E-03
   55.300000      7.772840395902E-03      1.974085285981E-03
   55.400000      7.175700319920E-03      1.809397936603E-03
   55.500000      6.468136118287E-03      1.614607426162E-03
   55.600000      5.884425829620E-03      1.452845565167E-03
   55.700000      5.552740784619E-03      1.357005973316E-03
   55.800000      5.460985226030E-03      1.325026742221E-03
   55.900000      5.500931405950E-03      1.330212514990E-03
   56.000000      5.546990159175E-03      1.339272552268E-03
   56.100000      5.514662112653E-03      1.328472039163E-03
   56.200000      5.381662447538E-03      1.290982631467E-03
   56.300000      5.175802750862E-03      1.234233517767E-03
   56.400000      4.944871842590E-03      1.171479908288E-03
   56.500000      4.730314069703E-03      1.114048503140E-03
   56.600000      4.560083623186E-03      1.068891180509E-03
   56.700000      4.458059852470E-03      1.041659350822E-03
   56.800000      4.455574621905E-03      1.041402127626E-03
   56.900000      4.594827700400E-03      1.081752247400E-03
   57.000000      4.919305112649E-03      1.175825673723E-03
   57.100000      5.445413847365E-03      1.326556812240E-03
   57.200000      6.123149511403E-03      1.518035890719E-03
   57.300000      6.822344815076E-03      1.714102838318E-03
   57.400000      7.370721343875E-03      1.867235338555E-03
   57.500000      7.619739757968E-03      1.935209007503E-03
   57.600000      7.500882846380E-03      1.898198006491E-03
   57.700000      7.051590716927E-03      1.767800347904E-03
   57.800000      6.402822815767E-03      1.582874112234E-03
   57.900000      5.730209912931E-03      1.393484794335E-03
   58.000000      5.183077310387E-03      1.240380170546E-03
   58.100000      4.822695445222E-03      1.139928986289E-03
   58.200000      4.609848822664E-03      1.081878490003E-03
   58.300000      4.451878346552E-03      1.040784802704E-03
   58.400000      4.274277308406E-03      9.948833697813E-04
   58.500000      4.074908340649E-03      9.422271612065E-04
   58.600000      3.937200242157E-03      9.052438685504E-04
   58.700000      3.996496653973E-03      9.208164903296E-04
   58.800000      4.369148183832E-03      1.020533279286E-03
   58.900000      5.073193550925E-03      1.211008521679E-03
   59.000000      5.992274833010E-03      1.464424535750E-03
   59.100000      6.913713593050E-03      1.724540429504E-03
   59.200000      7.609384216302E-03      1.925878240003E-03
   59.300000      7.912823401750E-03      2.017488849184E-03
   59.400000      7.767684609298E-03      1.980751906408E-03
   59.500000      7.238086330594E-03      1.833874388851E-03
   59.600000      6.481370227750E-03      1.622274385471E-03
   59.700000      5.692427991612E-03      1.400441972366E-03
   59.800000      5.037107965369E-03      1.213974641228E-03
   59.900000      4.605052573834E-03      1.089008522888E-03
   60.000000      4.410566760457E-03      1.031441166520E-03
   60.100000      4.424911139919E-03      1.033113323200E-03
   60.200000      4.600474916326E-03      1.079387109645E-03
   60.300000      4.878127751252E-03      1.153540015629E-03
   60.400000      5.188101156664E-03      1.237049094725E-03
   60.500000      5.451261745206E-03      1.308613177931E-03
   60.600000      5.587939503858E-03      1.346125768608E-03
   60.700000      5.541332466975E-03      1.333767774590E-03
   60.800000      5.310972857149E-03      1.272118247070E-03
   60.900000      4.978939153727E-03      1.185423958366E-03
   61.000000      4.709129980483E-03      1.119610071668E-03
   61.100000      4.707171552891E-03      1.128211472301E-03
   61.200000      5.134968216832E-03      1.249678477327E-03
   61.300000      5.997029571055E-03      1.485219975459E-03
   61.400000      7.095575848970E-03      1.788170958224E-03
   61.500000      8.105886737344E-03      2.072238973277E-03
   61.600000      8.690966572932E-03      2.238099741197E-03
   61.700000      8.604364794664E-03      2.209250317445E-03
   61.800000      7.765168639250E-03      1.962987355680E-03
   61.900000      6.291281052101E-03      1.543502845700E-03
   62.000000      4.484316255821E-03      1.051078185399E-03
   62.100000      2.771783405240E-03      6.110935420254E-04
   62.200000      1.620927427750E-03      3.346483343818E-04
   62.300000      1.405153576497E-03      2.854422645053E-04
   62.400000      2.170059607848E-03      4.641658502733E-04
   62.500000      3.582185162014E-03      8.139319425917E-04
   62.600000      5.206551486554E-03      1.242049394265E-03
   62.700000      6.672735521634E-03      1.648354067390E-03
   62.800000      7.720315740941E-03      1.950099204186E-03
   62.900000      8.211848042025E-03      2.097245695376E-03
   63.000000      8.125805936250E-03      2.077239357104E-03
   63.100000      7.539170789239E-03      1.912125416061E-03
   63.200000      6.609447592471E-03      1.651572240181E-03
   63.300000      5.558805208989E-03      1.363587981688E-03
   63.400000      4.653301886201E-03      1.122518713275E-03
   63.500000      4.160982534269E-03      9.935013654512E-04
   63.600000      4.260647179661E-03      1.014672029927E-03
   63.700000      4.923990229775E-03      1.181878904757E-03
   63.800000      5.912439592298E-03      1.442916724946E-03
   63.900000      6.875981241677E-03      1.707126935937E-03
   64.000000      7.459112639578E-03      1.871079081712E-03
   64.100000      7.399285525830E-03      1.853815122957E-03
   64.200000      6.606413946371E-03      1.629299999971E-03
   64.300000      5.206105279020E-03      1.242628911505E-03
   64.400000      3.534927452543E-03      8.014954989737E-04
   64.500000      2.085649833885E-03      4.437907998069E-04
   64.600000      1.401711611974E-03      2.920418263599E-04
   64.700000      1.894462873490E-03      4.112807667462E-04
   64.800000      3.429432284721E-03      7.860559443233E-04
   64.900000      5.473412879399E-03      1.324889247458E-03
   65.000000      7.488945324820E-03      1.889794168176E-03
   65.100000      9.025248306010E-03      2.339191845014E-03
   65.200000      9.786986398621E-03      2.568569410285E-03
   65.300000      9.669711486946E-03      2.535765450970E-03
   65.400000      8.753942220462E-03      2.265071067704E-03
   65.500000      7.265975756934E-03      1.832693408935E-03
   65.600000      5.521521596708E-03      1.341824452604E-03
   65.700000      3.869163398925E-03      8.966620615534E-04
   65.800000      2.642734516358E-03      5.818620453082E-04
   65.900000      2.109254045216E-03      4.495607233310E-04
   66.000000      2.377252703658E-03      5.130244893872E-04
   66.100000      3.315412321053E-03      7.455060378372E-04
   66.200000      4.619248530088E-03      1.084379100289E-03
   66.300000      5.937394608017E-03      1.442086206328E-03
   66.400000      6.947291424087E-03      1.724906372223E-03
   66.500000      7.412192502892E-03      1.857475197577E-03
   66.600000      7.233292349235E-03      1.806765218391E-03
   66.700000      6.483297047399E-03      1.596536339354E-03
   66.800000      5.404906133776E-03      1.304457937999E-03
   66.900000      4.365023398875E-03      1.039665675229E-03
   67.000000      3.772130847698E-03      9.064807743551E-04
   67.100000      3.968561180035E-03      9.667771309008E-04
   67.200000      4.954258057422E-03      1.215534093654E-03
   67.300000      6.336904041150E-03      1.579916500035E-03
   67.400000      7.654726897717E-03      1.943180196711E-03
   67.500000      8.508240264969E-03      2.184683766809E-03
   67.600000      8.643893104592E-03      2.220813141481E-03
   67.700000      8.003267872783E-03      2.031608494917E-03
   67.800000      6.724324843975E-03      1.664197452593E-03
   67.900000      5.097913725789E-03      1.213751721719E-03
   68.000000      3.494637414571E-03      7.911991973024E-04
   68.100000      2.283343062627E-03      4.907159929772E-04
   68.200000      1.757124361059E-03      3.679293341263E-04
   68.300000      2.038009072499E-03      4.334957503349E-04
   68.400000      2.973948885956E-03      6.597915941469E-04
   68.500000      4.276181250717E-03      9.942199689967E-04
   68.600000      5.673569150945E-03      1.372591567014E-03
   68.700000      6.939342623852E-03      1.729252636631E-03
   68.800000      7.890334230085E-03      2.004543416780E-03
   68.900000      8.391603423292E-03      2.152146192490E-03
   69.000000      8.372879222221E-03      2.147774064565E-03
   69.100000      7.851220209557E-03      1.997447372540E-03
   69.200000      6.946271835318E-03      1.740786534511E-03
   69.300000      5.873936638189E-03      1.444696933091E-03
   69.400000      4.909991112901E-03      1.186251470741E-03
   69.500000      4.319058826968E-03      1.028996638859E-03
   69.600000      4.241388931226E-03      1.001372898555E-03
   69.700000      4.599661643145E-03      1.086668831664E-03
   69.800000      5.155464216478E-03      1.229922948639E-03
   69.900000      5.639118331349E-03      1.359978513232E-03
   70.000000      5.848907151363E-03      1.417915776136E-03
   70.100000      5.710095060711E-03      1.379892361993E-03
   70.200000      5.289891721959E-03      1.264771463913E-03
   70.300000      4.766599229526E-03      1.123785241608E-03
   70.400000      4.361181251280E-03      1.017570695382E-03
   70.500000      4.250432582446E-03      9.913180129721E-04
   70.600000      4.493921129345E-03      1.058923126879E-03
   70.700000      5.017303384856E-03      1.202021700295E-03
   70.800000      5.667230723622E-03      1.382295982416E-03
   70.900000      6.292337218514E-03      1.559365063526E-03
   71.000000      6.796712636564E-03      1.704882645886E-03
   71.100000      7.148559875835E-03      1.806734727454E-03
   71.200000      7.352253199807E-03      1.863391896765E-03
   71.300000      7.407215785920E-03      1.874034007579E-03
   71.400000      7.283768029974E-03      1.832002092218E-03
   71.500000      6.933417333275E-03      1.726512568255E-03
   71.600000      6.325879106387E-03      1.552044446395E-03
   71.700000      5.490016898110E-03      1.319650010420E-03
   71.800000      4.537100995958E-03      1.062643170075E-03
   71.900000      3.653315578404E-03      8.317349588445E-04
   72.000000      3.056481302037E-03      6.802801750962E-04
   72.100000      2.918358637047E-03      6.457974563439E-04
   72.200000      3.278954934718E-03      7.362902796122E-04
   72.300000      4.024533850303E-03      9.277826440981E-04
   72.400000      4.954079765915E-03      1.173998286676E-03
   72.500000      5.865676969086E-03      1.423224536839E-03
   72.600000      6.613160670353E-03      1.634273280532E-03
   72.700000      7.125930994006E-03      1.784667878350E-03
   72.800000      7.396876795012E-03      1.868919234273E-03
   72.900000      7.450079369974E-03      1.890281752424E-03
   73.000000      7.307640577815E-03      1.852594454532E-03
   73.100000      6.976876066049E-03      1.757936816202E-03
   73.200000      6.467294213080E-03      1.611435679240E-03
   73.300000      5.824777301745E-03      1.429299542346E-03
   73.400000      5.156189521867E-03      1.243254852362E-03
   73.500000      4.620458314450E-03      1.095923156963E-03
   73.600000      4.375213611307E-03      1.026753132800E-03
   73.700000      4.494273242974E-03      1.054153509711E-03
   73.800000      4.911607584762E-03      1.162995330181E-03
   73.900000      5.439483617656E-03      1.305385781864E-03
   74.000000      5.843973883223E-03      1.416796247766E-03
   74.100000      5.934911659064E-03      1.442019046281E-03
   74.200000      5.638631896750E-03      1.359934595612E-03
   74.300000      5.033474857116E-03      1.195662748622E-03
   74.400000      4.338006019747E-03      1.013791582191E-03
   74.500000      3.852196174081E-03      8.946910149612E-04
   74.600000      3.855706279550E-03      9.034827622041E-04
   74.700000      4.463714287241E-03      1.064449920418E-03
   74.800000      5.538688167470E-03      1.351064636465E-03
   74.900000      6.785666774804E-03      1.694798440127E-03
   75.000000      7.886700764870E-03      2.007968430267E-03
   75.100000      8.584515341280E-03      2.210798153191E-03
   75.200000      8.727963038655E-03      2.252674445691E-03
   75.300000      8.284551663013E-03      2.121713027549E-03
   75.400000      7.326827626359E-03      1.842589063004E-03
   75.500000      6.005938941389E-03      1.466994120278E-03
   75.600000      4.526997821964E-03      1.062079920919E-03
   75.700000      3.134831654322E-03      7.000525733618E-04
   75.800000      2.107413185597E-03      4.487914444760E-04
   75.900000      1.732055197604E-03      3.615603795331E-04
   76.000000      2.174960987588E-03      4.649378050108E-04
   76.100000      3.322640249767E-03      7.473367568953E-04
   76.200000      4.876712164068E-03      1.153592193631E-03
   76.300000      6.469438464326E-03      1.591495047964E-03
   76.400000      7.735188961064E-03      1.952641139676E-03
   76.500000      8.386807525369E-03      2.143617551583E-03
   76.600000      8.286353291840E-03      2.117414342925E-03
   76.700000      7.488706395200E-03      1.892501403025E-03
   76.800000      6.241914913997E-03      1.550206071279E-03
   76.900000      4.939570504309E-03      1.209071163371E-03
   77.000000      4.037093554849E-03      9.844174927713E-04
   77.100000      3.920915090143E-03      9.480174913445E-04
   77.200000      4.590462937489E-03      1.103346038305E-03
   77.300000      5.691156922004E-03      1.385821904356E-03
   77.400000      6.800017115713E-03      1.687417081681E-03
   77.500000      7.540369199970E-03      1.895488873516E-03
   77.600000      7.666422306746E-03      1.930822293610E-03
   77.700000      7.110824851478E-03      1.771459415947E-03
   77.800000      5.986484478333E-03      1.455690799954E-03
   77.900000      4.550516121590E-03      1.066118202222E-03
   78.000000      3.147145950465E-03      7.030864942272E-04
   78.100000      2.146490298285E-03      4.576238737948E-04
   78.200000      1.866645090114E-03      3.914292117424E-04
   78.300000      2.426884385816E-03      5.266692454928E-04
   78.400000      3.680321605049E-03      8.443231004649E-04
   78.500000      5.338460549889E-03      1.288407072360E-03
   78.600000      7.070629103618E-03      1.774521985528E-03
   78.700000      8.546644024576E-03      2.203025203644E-03
   78.800000      9.474490127608E-03      2.477583104489E-03
   78.900000      9.647226639260E-03      2.527824938031E-03
   79.000000      8.992033034133E-03      2.331128374508E-03
   79.100000      7.606057090306E-03      1.925627777833E-03
   79.200000      5.763212547462E-03      1.406897138285E-03
   79.300000      3.882592350319E-03      9.054202340464E-04
   79.400000      2.461984425359E-03      5.494940120152E-04
   79.500000      1.967294335553E-03      4.252680381347E-04
   79.600000      2.515204946364E-03      5.485594800125E-04
   79.700000      3.762666973278E-03      8.598775661759E-04
   79.800000      5.217683634039E-03      1.245571273750E-03
   79.900000      6.421759701255E-03      1.577689601870E-03
   80.000000      7.061045182267E-03      1.757607779143E-03
   80.100000      7.025695590754E-03      1.747146347625E-03
   80.200000      6.416216071939E-03      1.576353851968E-03
   80.300000      5.499785791906E-03      1.326800730273E-03
   80.400000      4.627865549188E-03      1.098774321060E-03
   80.500000      4.131631433229E-03      9.760640422702E-04
   80.600000      4.208644038462E-03      1.001147533028E-03
   80.700000      4.835303788278E-03      1.167594416883E-03
   80.800000      5.801740679970E-03      1.428738650501E-03
   80.900000      6.836244327232E-03      1.715897609351E-03
   81.000000      7.691279044794E-03      1.957881830411E-03
   81.100000      8.179858039873E-03      2.096021605842E-03
   81.200000      8.186581591126E-03      2.093186655350E-03
   81.300000      7.670691685612E-03      1.938478441531E-03
   81.400000      6.672160841567E-03      1.649705068436E-03
   81.500000      5.322044441460E-03      1.273717761709E-03
   81.600000      3.848880968672E-03      8.822329296800E-04
   81.700000      2.569131007691E-03      5.602426420315E-04
   81.800000      1.844455859856E-03      3.866027633412E-04
   81.900000      1.949701467303E-03      4.108901224160E-04
   82.000000      2.871071607563E-03      6.345703758406E-04
   82.100000      4.315647036894E-03      1.005212815103E-03
   82.200000      5.882613152637E-03      1.428694559063E-03
   82.300000      7.192562888937E-03      1.797214729664E-03
   82.400000      7.974238140882E-03      2.023695448601E-03
   82.500000      8.120527327845E-03      2.069461503267E-03
   82.600000      7.703509673749E-03      1.954133781788E-03
   82.700000      6.942926725921E-03      1.743844608287E-03
   82.800000      6.133392215912E-03      1.523011185827E-03
   82.900000      5.543446828054E-03      1.361755543403E-03
   83.000000      5.309094588529E-03      1.292421568066E-03
   83.100000      5.382510662491E-03      1.303933605195E-03
   83.200000      5.591984261925E-03      1.354349430634E-03
   83.300000      5.750593366170E-03      1.394010341240E-03
   83.400000      5.735136596203E-03      1.387913160211E-03
   83.500000      5.518977772285E-03      1.327784714375E-03
   83.600000      5.162681607316E-03      1.230422032720E-03
   83.700000      4.774476129538E-03      1.125788782040E-03
   83.800000      4.461634859383E-03      1.042600307607E-03
   83.900000      4.295527374403E-03      9.988250494526E-04
   84.000000      4.301740786612E-03      1.000372931593E-03
   84.100000      4.471574306962E-03      1.045955184329E-03
   84.200000      4.784295172500E-03      1.132799012092E-03
   84.300000      5.223754092021E-03      1.258314417153E-03
   84.400000      5.772444249872E-03      1.416399954194E-03
   84.500000      6.384584064231E-03      1.591455192151E-03
   84.600000      6.965827290095E-03      1.755527094968E-03
   84.700000      7.388277622428E-03      1.872750540013E-03
   84.800000      7.536303114567E-03      1.910940509300E-03
   84.900000      7.355319990847E-03      1.855372069132E-03
   85.000000      6.879908362826E-03      1.717430803154E-03
   85.100000      6.229060807038E-03      1.532591042261E-03
   85.200000      5.566932398079E-03      1.347385107154E-03
   85.300000      5.039147791579E-03      1.200942634753E-03
   85.400000      4.711000700349E-03      1.110024336975E-03
   85.500000      4.547078153615E-03      1.065207177386E-03
   85.600000      4.450761990572E-03      1.040393496506E-03
   85.700000      4.335240859373E-03      1.010867461263E-03
   85.800000      4.182498239373E-03      9.704017699625E-04
   85.900000      4.063167846531E-03      9.380485902815E-04
   86.000000      4.109335010507E-03      9.503287781838E-04
   86.100000      4.448093457656E-03      1.042049860645E-03
   86.200000      5.119522268413E-03      1.225097686730E-03
   86.300000      6.026482126035E-03      1.476058773812E-03
   86.400000      6.959252080638E-03      1.739550283530E-03
   86.500000      7.676156237446E-03      1.946603636186E-03
   86.600000      7.989344207262E-03      2.040163249777E-03
   86.700000      7.824179894611E-03      1.996379529543E-03
   86.800000      7.239182083318E-03      1.832501513908E-03
   86.900000      6.404180578823E-03      1.598597021689E-03
   87.000000      5.543174915370E-03      1.357729396737E-03
   87.100000      4.856335513794E-03      1.163931185250E-03
   87.200000      4.452058652728E-03      1.047203756018E-03
   87.300000      4.333432032452E-03      1.010300119217E-03
   87.400000      4.436330313282E-03      1.035911312084E-03
   87.500000      4.671613794497E-03      1.098411097165E-03
   87.600000      4.952653679975E-03      1.173629240927E-03
   87.700000      5.210281171165E-03      1.243056544740E-03
   87.800000      5.394745721280E-03      1.293280961483E-03
   87.900000      5.471203157305E-03      1.314505121593E-03
   88.000000      5.422402995125E-03      1.301867574419E-03
   88.100000      5.264125128200E-03      1.260190508738E-03
   88.200000      5.063249433183E-03      1.208846274209E-03
   88.300000      4.940269614518E-03      1.181456390808E-03
   88.400000      5.042174978538E-03      1.216799181670E-03
   88.500000      5.480547324931E-03      1.342089319836E-03
   88.600000      6.249677130983E-03      1.555161638145E-03
   88.700000      7.186023611028E-03      1.814825990949E-03
   88.800000      8.014132403992E-03      2.046668140739E-03
   88.900000      8.440532880437E-03      2.165195632589E-03
   89.000000      8.249352022709E-03      2.105306647556E-03
   89.100000      7.376022516357E-03      1.850579909206E-03
   89.200000      5.942732232744E-03      1.445874843777E-03
   89.300000      4.246985264187E-03      9.875990902379E-04
   89.400000      2.706197176517E-03      5.942350285106E-04
   89.500000      1.766256164115E-03      3.680982075120E-04
   89.600000      1.744102871948E-03      3.629516303427E-04
   89.700000      2.606906648568E-03      5.693840805276E-04
   89.800000      4.002325858483E-03      9.221836083482E-04
   89.900000      5.511263350871E-03      1.325001704924E-03
   90.000000      6.789279640920E-03      1.681489594528E-03
   90.100000      7.618101758634E-03      1.921224122746E-03
   90.200000      7.917327835064E-03      2.012855223321E-03
   90.300000      7.726277297481E-03      1.963409781276E-03
   90.400000      7.168170554824E-03      1.808162437035E-03
   90.500000      6.412033393331E-03      1.597496927517E-03
   90.600000      5.643024625272E-03      1.385476674916E-03
   90.700000      5.040580132225E-03      1.221286714168E-03
   90.800000      4.752460943838E-03      1.141993953090E-03
   90.900000      4.853618215990E-03      1.164996155103E-03
   91.000000      5.304252822084E-03      1.280920450514E-03
   91.100000      5.944390511131E-03      1.450633809282E-03
   91.200000      6.535203264921E-03      1.610956018322E-03
   91.300000      6.827365564981E-03      1.691196383772E-03
   91.400000      6.637258037584E-03      1.637447854781E-03
   91.500000      5.913704241007E-03      1.436295294403E-03
   91.600000      4.777439648303E-03      1.127423401367E-03
   91.700000      3.518936488759E-03      7.974368884422E-04
   91.800000      2.544567196184E-03      5.543854262873E-04
   91.900000      2.260990673537E-03      4.909711904477E-04
   92.000000      2.890053145114E-03      6.501866687514E-04
   92.100000      4.280384796691E-03      1.007179668566E-03
   92.200000      6.013236147786E-03      1.475066679999E-03
   92.300000      7.632625413819E-03      1.932767138127E-03
   92.400000      8.766155767854E-03      2.264058799721E-03
   92.500000      9.195120464745E-03      2.392961423452E-03
   92.600000      8.883482416602E-03      2.302921981021E-03
   92.700000      7.962523537853E-03      2.034704564502E-03
   92.800000      6.679205849791E-03      1.666716025743E-03
   92.900000      5.325326399823E-03      1.287661773651E-03
   93.000000      4.167750178466E-03      9.724592590257E-04
   93.100000      3.397514477553E-03      7.684931188117E-04
   93.200000      3.107538106293E-03      6.932093891301E-04
   93.300000      3.289982820134E-03      7.391258368989E-04
   93.400000      3.843448394323E-03      8.808597161203E-04
   93.500000      4.605668299562E-03      1.080788840939E-03
   93.600000      5.395994014840E-03      1.293509019066E-03
   93.700000      6.043962272635E-03      1.471670430159E-03
   93.800000      6.415298743329E-03      1.575321838890E-03
   93.900000      6.443197604596E-03      1.583797754764E-03
   94.000000      6.155369731179E-03      1.505550733884E-03
   94.100000      5.681249243066E-03      1.379843983635E-03
   94.200000      5.228504284675E-03      1.266443495477E-03
   94.300000      5.027180125448E-03      1.224763288415E-03
   94.400000      5.240573459742E-03      1.289723222905E-03
   94.500000      5.855189468171E-03      1.454644287662E-03
   94.600000      6.659675555958E-03      1.669733296084E-03
   94.700000      7.356885873252E-03      1.858415757611E-03
   94.800000      7.684579038136E-03      1.945754989780E-03
   94.900000      7.496166483941E-03      1.887381023219E-03
   95.000000      6.800149531921E-03      1.686749033301E-03
   95.100000      5.754358607053E-03      1.393598745659E-03
   95.200000      4.617675340137E-03      1.084815239293E-03
   95.300000      3.671570674913E-03      8.365012422720E-04
   95.400000      3.131830161828E-03      6.993514116467E-04
   95.500000      3.079964938599E-03      6.869508415972E-04
   95.600000      3.448152252870E-03      7.798747637651E-04
   95.700000      4.075145563759E-03      9.409999367769E-04
   95.800000      4.798567772467E-03      1.132981100419E-03
   95.900000      5.512810999648E-03      1.329360082587E-03
   96.000000      6.170631932814E-03      1.515542482172E-03
   96.100000      6.749811060029E-03      1.682028364755E-03
   96.200000      7.215993417640E-03      1.816402124493E-03
   96.300000      7.509416242281E-03      1.900541822794E-03
   96.400000      7.563760948048E-03      1.915582921064E-03
   96.500000      7.342235743532E-03      1.851847502694E-03
   96.600000      6.867977737897E-03      1.717433921125E-03
   96.700000      6.231893964911E-03      1.539516624568E-03
   96.800000      5.571161532878E-03      1.356407595342E-03
   96.900000      5.021627906529E-03      1.203756443158E-03
   97.000000      4.661776820770E-03      1.101827925432E-03
   97.100000      4.485706949063E-03      1.050475743936E-03
   97.200000      4.430396617950E-03      1.034307518472E-03
   97.300000      4.430703124918E-03      1.034895780246E-03
   97.400000      4.460103930610E-03      1.042950803309E-03
   97.500000      4.539533757548E-03      1.063419442209E-03
   97.600000      4.716988415587E-03      1.110546477830E-03
   97.700000      5.029150783626E-03      1.195797012917E-03
   97.800000      5.461910211331E-03      1.315911111737E-03
   97.900000      5.934443382706E-03      1.448703273369E-03
   98.000000      6.324690397384E-03      1.560152467929E-03
   98.100000      6.525460368417E-03      1.619950339115E-03
   98.200000      6.499708821238E-03      1.617489948043E-03
   98.300000      6.307205850161E-03      1.569271799501E-03
   98.400000      6.088012639255E-03      1.512657681640E-03
   98.500000      5.999923594731E-03      1.487908094970E-03
   98.600000      6.127174664200E-03      1.516870428606E-03
   98.700000      6.418638013049E-03      1.589084878915E-03
   98.800000      6.708239445741E-03      1.662994027435E-03
   98.900000      6.792737375378E-03      1.682779380698E-03
   99.000000      6.516769079289E-03      1.603680261040E-03
   99.100000      5.836941895441E-03      1.414350968375E-03
   99.200000      4.850033542956E-03      1.146014707262E-03
   99.300000      3.779432620498E-03      8.642128286085E-04
   99.400000      2.922342333618E-03      6.467888264816E-04
   99.500000      2.560517630396E-03      5.575719382007E-04
   99.600000      2.839619734780E-03      6.263669277444E-04
   99.700000      3.691653707088E-03      8.421085862904E-04
   99.800000      4.894258069704E-03      1.159664040779E-03
   99.900000      6.184052544027E-03      1.515163128897E-03
  100.000000      7.328064951099E-03      1.842549557368E-03
