# M=16, N=8, V0=0.0, V=0.25, PBC
#  time (tJ)                 S₁(n=1)                 S₂(n=1)
    0.000000      0.000000000000E+00      4.440892098501E-16
    0.100000      8.156874716239E-04      1.560342875413E-04
    0.200000      2.658751576569E-03      5.819443251309E-04
    0.300000      4.916388982928E-03      1.165051702500E-03
    0.400000      7.053035471951E-03      1.758823202589E-03
    0.500000      8.657067104382E-03      2.229025358290E-03
    0.600000      9.505902897752E-03      2.493208495399E-03
    0.700000      9.592660345068E-03      2.540480678836E-03
    0.800000      9.105694720469E-03      2.426343236909E-03
    0.900000      8.366282056313E-03      2.246589045037E-03
    1.000000      7.737258820956E-03      2.101303745254E-03
    1.100000      7.514828405006E-03      2.062338201700E-03
    1.200000      7.816013121939E-03      2.154769658387E-03
    1.300000      8.531695750359E-03      2.356487858734E-03
    1.400000      9.422136140792E-03      2.613029272186E-03
    1.500000      1.024425572220E-02      2.859927795260E-03
    1.600000      1.082083252438E-02      3.043675651484E-03
    1.700000      1.106687870005E-02      3.134703717356E-03
    1.800000      1.098744962978E-02      3.130052229300E-03
    1.900000      1.065562174836E-02      3.047574430397E-03
    2.000000      1.018124333292E-02      2.915986692725E-03
    2.100000      9.679695004824E-03      2.765255392693E-03
    2.200000      9.241830362585E-03      2.620182872116E-03
    2.300000      8.911256037262E-03      2.497778562951E-03
    2.400000      8.693787787541E-03      2.407254050584E-03
    2.500000      8.581688918275E-03      2.350917781947E-03
    2.600000      8.559610437051E-03      2.324798984471E-03
    2.700000      8.597937165880E-03      2.318892488081E-03
    2.800000      8.648309617359E-03      2.317750271823E-03
    2.900000      8.647825791125E-03      2.302292153478E-03
    3.000000      8.530883062120E-03      2.253172730040E-03
    3.100000      8.244380859955E-03      2.155203059796E-03
    3.200000      7.761701090177E-03      2.001663758957E-03
    3.300000      7.092132800506E-03      1.797177194136E-03
    3.400000      6.283894323931E-03      1.558163189268E-03
    3.500000      5.420075777054E-03      1.310585590422E-03
    3.600000      4.608060271533E-03      1.085422248773E-03
    3.700000      3.963964498309E-03      9.128361685722E-04
    3.800000      3.592364589971E-03      8.163005976236E-04
    3.900000      3.558711145656E-03      8.079525112930E-04
    4.000000      3.860910482392E-03      8.862586558869E-04
    4.100000      4.427027878184E-03      1.036679328232E-03
    4.200000      5.146311974306E-03      1.235388910606E-03
    4.300000      5.906917702058E-03      1.455304594348E-03
    4.400000      6.623711136859E-03      1.672873456782E-03
    4.500000      7.253626892989E-03      1.873587589373E-03
    4.600000      7.797519173345E-03      2.054347411414E-03
    4.700000      8.288148894739E-03      2.221694688599E-03
    4.800000      8.768626988207E-03      2.386386875478E-03
    4.900000      9.269956718780E-03      2.556270625669E-03
    5.000000      9.793726019884E-03      2.730291300364E-03
    5.100000      1.030305320385E-02      2.896260105217E-03
    5.200000      1.072799241903E-02      3.033629155030E-03
    5.300000      1.098947367516E-02      3.120466608387E-03
    5.400000      1.103187436592E-02      3.141934488523E-03
    5.500000      1.084762156349E-02      3.096727332596E-03
    5.600000      1.048430133359E-02      2.998602930509E-03
    5.700000      1.003242107313E-02      2.872127778072E-03
    5.800000      9.596737370293E-03      2.744240098568E-03
    5.900000      9.259043532497E-03      2.635095552653E-03
    6.000000      9.046879747185E-03      2.552028595091E-03
    6.100000      8.926593708480E-03      2.489115420135E-03
    6.200000      8.829294816860E-03      2.432332411716E-03
    6.300000      8.691501527695E-03      2.367789080269E-03
    6.400000      8.485228700158E-03      2.289137793918E-03
    6.500000      8.227618955498E-03      2.200676261892E-03
    6.600000      7.969396917073E-03      2.114689718828E-03
    6.700000      7.766149193660E-03      2.044302489594E-03
    6.800000      7.643514908099E-03      1.995271527119E-03
    6.900000      7.575090442288E-03      1.960758246404E-03
    7.000000      7.487464933632E-03      1.921872025280E-03
    7.100000      7.288860778849E-03      1.854242828396E-03
    7.200000      6.906897878399E-03      1.738187359980E-03
    7.300000      6.321420466689E-03      1.568375947807E-03
    7.400000      5.581623806249E-03      1.358993565795E-03
    7.500000      4.801042118864E-03      1.142136712260E-03
    7.600000      4.131426412419E-03      9.598028931284E-04
    7.700000      3.725408664571E-03      8.522029158105E-04
    7.800000      3.695448671245E-03      8.463476460321E-04
    7.900000      4.072243106057E-03      9.485794709536E-04
    8.000000      4.784434948661E-03      1.143204408248E-03
    8.100000      5.686754377932E-03      1.397312682598E-03
    8.200000      6.615365304327E-03      1.670011456954E-03
    8.300000      7.435413114288E-03      1.923184681471E-03
    8.400000      8.069332584835E-03      2.130742125946E-03
    8.500000      8.505226026190E-03      2.283988098878E-03
    8.600000      8.787151412514E-03      2.391901632580E-03
    8.700000      8.992682911777E-03      2.476431853017E-03
    8.800000      9.208536979334E-03      2.564129810680E-03
    8.900000      9.510127658039E-03      2.676395662530E-03
    9.000000      9.938648570141E-03      2.821139797390E-03
    9.100000      1.047048086863E-02      2.988513315505E-03
    9.200000      1.100727749886E-02      3.152392141983E-03
    9.300000      1.141649307444E-02      3.277587526278E-03
    9.400000      1.158337741938E-02      3.330762035499E-03
    9.500000      1.144538572346E-02      3.291492093954E-03
    9.600000      1.100894193397E-02      3.159552606357E-03
    9.700000      1.034842082620E-02      2.955636308106E-03
    9.800000      9.586758568107E-03      2.715069621026E-03
    9.900000      8.858983404626E-03      2.476776916854E-03
   10.000000      8.266117421243E-03      2.271653245462E-03
   10.100000      7.844017479778E-03      2.114750989871E-03
   10.200000      7.567238564470E-03      2.004070825186E-03
   10.300000      7.376246301896E-03      1.925915535736E-03
   10.400000      7.211659333799E-03      1.863958011807E-03
   10.500000      7.042029964059E-03      1.807668533768E-03
   10.600000      6.874246130854E-03      1.756242239956E-03
   10.700000      6.743403516341E-03      1.716443324543E-03
   10.800000      6.686016792341E-03      1.695782387359E-03
   10.900000      6.708440287039E-03      1.694760596413E-03
   11.000000      6.768872890368E-03      1.702443759802E-03
   11.100000      6.785929135790E-03      1.698096028145E-03
   11.200000      6.670523340508E-03      1.658712705202E-03
   11.300000      6.365534701582E-03      1.569408879013E-03
   11.400000      5.876591952879E-03      1.432110303009E-03
   11.500000      5.282411060310E-03      1.268557249786E-03
   11.600000      4.719017688602E-03      1.115984460042E-03
   11.700000      4.340209334010E-03      1.016875697345E-03
   11.800000      4.269926183274E-03      1.006542652330E-03
   11.900000      4.569428346910E-03      1.102964461972E-03
   12.000000      5.228575628344E-03      1.302177091637E-03
   12.100000      6.167014694061E-03      1.580179411480E-03
   12.200000      7.246186725237E-03      1.899935033527E-03
   12.300000      8.312256722662E-03      2.220599222087E-03
   12.400000      9.237487634131E-03      2.506028142979E-03
   12.500000      9.938312218876E-03      2.730670757687E-03
   12.600000      1.037938582016E-02      2.882360072761E-03
   12.700000      1.057093835928E-02      2.962533936003E-03
   12.800000      1.056233494962E-02      2.984635558851E-03
   12.900000      1.043255434861E-02      2.971038353234E-03
   13.000000      1.027694351320E-02      2.948376536251E-03
   13.100000      1.018950395773E-02      2.941221517547E-03
   13.200000      1.024004152755E-02      2.964821430844E-03
   13.300000      1.044320237699E-02      3.018760313995E-03
   13.400000      1.073041557456E-02      3.084141519316E-03
   13.500000      1.096484608121E-02      3.126532108746E-03
   13.600000      1.099203401703E-02      3.105195237768E-03
   13.700000      1.068926468670E-02      2.986601040715E-03
   13.800000      1.000439383943E-02      2.757938539140E-03
   13.900000      8.979607972045E-03      2.435514638311E-03
   14.000000      7.754048264463E-03      2.064154457860E-03
   14.100000      6.541635416550E-03      1.706745505392E-03
   14.200000      5.582882732963E-03      1.426780869369E-03
   14.300000      5.070401732083E-03      1.269631290566E-03
   14.400000      5.066160987319E-03      1.249043830759E-03
   14.500000      5.474183365176E-03      1.343604323649E-03
   14.600000      6.095185169289E-03      1.504274822573E-03
   14.700000      6.705089561933E-03      1.670104378359E-03
   14.800000      7.118096271703E-03      1.786442622193E-03
   14.900000      7.227181068822E-03      1.819518423139E-03
   15.000000      7.019459157732E-03      1.763126063365E-03
   15.100000      6.566408679094E-03      1.636449360996E-03
   15.200000      5.993565155853E-03      1.475278114523E-03
   15.300000      5.441258524006E-03      1.320705701471E-03
   15.400000      5.034434307188E-03      1.209267777580E-03
   15.500000      4.867850610799E-03      1.166794948495E-03
   15.600000      4.993378511498E-03      1.206102839575E-03
   15.700000      5.406427023752E-03      1.327177769052E-03
   15.800000      6.049366081565E-03      1.518326803176E-03
   15.900000      6.832733075780E-03      1.757646520017E-03
   16.000000      7.654986819820E-03      2.015335431396E-03
   16.100000      8.414061252101E-03      2.257928881099E-03
   16.200000      9.017765513399E-03      2.454961485697E-03
   16.300000      9.402676368053E-03      2.587047198691E-03
   16.400000      9.558208935340E-03      2.652747455266E-03
   16.500000      9.540603351950E-03      2.670937592579E-03
   16.600000      9.466354544922E-03      2.676362291171E-03
   16.700000      9.483675621399E-03      2.708538508239E-03
   16.800000      9.721093930543E-03      2.797120848071E-03
   16.900000      1.021627575357E-02      2.948904490623E-03
   17.000000      1.088179394770E-02      3.141713616715E-03
   17.100000      1.154255810714E-02      3.328264133834E-03
   17.200000      1.199520331504E-02      3.449458331330E-03
   17.300000      1.206700232657E-02      3.452921113380E-03
   17.400000      1.166382561551E-02      3.310437086473E-03
   17.500000      1.079658184624E-02      3.028198778757E-03
   17.600000      9.581713149441E-03      2.646330711719E-03
   17.700000      8.216801191726E-03      2.227975109297E-03
   17.800000      6.936182678583E-03      1.841806068065E-03
   17.900000      5.952574681064E-03      1.543847484873E-03
   18.000000      5.392965158678E-03      1.364275612165E-03
   18.100000      5.256705534057E-03      1.302756449684E-03
   18.200000      5.433816772060E-03      1.332770071435E-03
   18.300000      5.764656635321E-03      1.412515960021E-03
   18.400000      6.094754914388E-03      1.498321785916E-03
   18.500000      6.311016421388E-03      1.556361863217E-03
   18.600000      6.360004415299E-03      1.569692461072E-03
   18.700000      6.249301101160E-03      1.539494117510E-03
   18.800000      6.034711650036E-03      1.481255010984E-03
   18.900000      5.798349690196E-03      1.417891544309E-03
   19.000000      5.623695712471E-03      1.372247949565E-03
   19.100000      5.573687694182E-03      1.361105898451E-03
   19.200000      5.676748811887E-03      1.392016564485E-03
   19.300000      5.923622497518E-03      1.463253583590E-03
   19.400000      6.275962487657E-03      1.566262107023E-03
   19.500000      6.683594090789E-03      1.689365932469E-03
   19.600000      7.102097771250E-03      1.821326360742E-03
   19.700000      7.503039610641E-03      1.953648749791E-03
   19.800000      7.874730165302E-03      2.081192245281E-03
   19.900000      8.216141912030E-03      2.201403601022E-03
   20.000000      8.529026400192E-03      2.313048959371E-03
   20.100000      8.813227150872E-03      2.415405324866E-03
   20.200000      9.067632387820E-03      2.508443644739E-03
   20.300000      9.295399170569E-03      2.593790657650E-03
   20.400000      9.509282518154E-03      2.675584053236E-03
   20.500000      9.732543457640E-03      2.760127487003E-03
   20.600000      9.992568891216E-03      2.853700071266E-03
   20.700000      1.030715075601E-02      2.958840688641E-03
   20.800000      1.066749023138E-02      3.070469239301E-03
   20.900000      1.102699098289E-02      3.173769489651E-03
   21.000000      1.130528787819E-02      3.245448472252E-03
   21.100000      1.140818528580E-02      3.258803297885E-03
   21.200000      1.125514956192E-02      3.191410415905E-03
   21.300000      1.080462747713E-02      3.032920004470E-03
   21.400000      1.006996203074E-02      2.790046123995E-03
   21.500000      9.121588766276E-03      2.486661160616E-03
   21.600000      8.074273139249E-03      2.158656637119E-03
   21.700000      7.061193274783E-03      1.845204561048E-03
   21.800000      6.200260215918E-03      1.579400924249E-03
   21.900000      5.564363177353E-03      1.381413240971E-03
   22.000000      5.170411189860E-03      1.256140589055E-03
   22.100000      4.990171060599E-03      1.195544293551E-03
   22.200000      4.971585778821E-03      1.184056336320E-03
   22.300000      5.058265227491E-03      1.204575532658E-03
   22.400000      5.201656767346E-03      1.242835900194E-03
   22.500000      5.366660002138E-03      1.289126174744E-03
   22.600000      5.532916658823E-03      1.337785363257E-03
   22.700000      5.692843301066E-03      1.385857556700E-03
   22.800000      5.847510837484E-03      1.432318748555E-03
   22.900000      6.003025264662E-03      1.478458386460E-03
   23.000000      6.170946560328E-03      1.528843533066E-03
   23.100000      6.372147988786E-03      1.591528707791E-03
   23.200000      6.637241930904E-03      1.676307448498E-03
   23.300000      6.997052274319E-03      1.790842591067E-03
   23.400000      7.461545768560E-03      1.935938595589E-03
   23.500000      7.997212886773E-03      2.102226218294E-03
   23.600000      8.527343397625E-03      2.270451593614E-03
   23.700000      8.960058414137E-03      2.416252111673E-03
   23.800000      9.223367912411E-03      2.518267286741E-03
   23.900000      9.293181518802E-03      2.566626310391E-03
   24.000000      9.207407657931E-03      2.568209164795E-03
   24.100000      9.059620282251E-03      2.546028701857E-03
   24.200000      8.968626049239E-03      2.532316819137E-03
   24.300000      9.034482139842E-03      2.557487217460E-03
   24.400000      9.306423370433E-03      2.638959107208E-03
   24.500000      9.770031482188E-03      2.774045071122E-03
   24.600000      1.034397381515E-02      2.939604886567E-03
   24.700000      1.089641098968E-02      3.098571178394E-03
   24.800000      1.128792376202E-02      3.210864126816E-03
   24.900000      1.141449985774E-02      3.244711599946E-03
   25.000000      1.123124974341E-02      3.184550502937E-03
   25.100000      1.075601092794E-02      3.033326242966E-03
   25.200000      1.005640456225E-02      2.809315438519E-03
   25.300000      9.225332655029E-03      2.539531997669E-03
   25.400000      8.352368658888E-03      2.252570227983E-03
   25.500000      7.503679319175E-03      1.973232225225E-03
   25.600000      6.721581496722E-03      1.719944977055E-03
   25.700000      6.036300135397E-03      1.504580509357E-03
   25.800000      5.473318474271E-03      1.333516631216E-03
   25.900000      5.050502141755E-03      1.208836653657E-03
   26.000000      4.771983465103E-03      1.129191111112E-03
   26.100000      4.628318679741E-03      1.090499904379E-03
   26.200000      4.603724240734E-03      1.086916940608E-03
   26.300000      4.684001905638E-03      1.112213946568E-03
   26.400000      4.858033452981E-03      1.161231957661E-03
   26.500000      5.114237421931E-03      1.230722009848E-03
   26.600000      5.439010173212E-03      1.319045041403E-03
   26.700000      5.817122751909E-03      1.424796807578E-03
   26.800000      6.231882191039E-03      1.545123654039E-03
   26.900000      6.664523637973E-03      1.674838247237E-03
   27.000000      7.093415560957E-03      1.807131667018E-03
   27.100000      7.496275096813E-03      1.935784113700E-03
   27.200000      7.858249904676E-03      2.057761356832E-03
   27.300000      8.181963618019E-03      2.174568531542E-03
   27.400000      8.489764942092E-03      2.291134864808E-03
   27.500000      8.811933885582E-03      2.412246130681E-03
   27.600000      9.163833053023E-03      2.538028995466E-03
   27.700000      9.526122601806E-03      2.660890721482E-03
   27.800000      9.845340840533E-03      2.766018400593E-03
   27.900000      1.005566923188E-02      2.836028790187E-03
   28.000000      1.010819258310E-02      2.858282908715E-03
   28.100000      9.995141032367E-03      2.831761585617E-03
   28.200000      9.760865022503E-03      2.770122618637E-03
   28.300000      9.494697157431E-03      2.698905094856E-03
   28.400000      9.305006755100E-03      2.647305851622E-03
   28.500000      9.279207757344E-03      2.637440495285E-03
   28.600000      9.443172237657E-03      2.675346177896E-03
   28.700000      9.743531917273E-03      2.747493676783E-03
   28.800000      1.006752728194E-02      2.824398858517E-03
   28.900000      1.028558294392E-02      2.870006288610E-03
   29.000000      1.029234188919E-02      2.853172818091E-03
   29.100000      1.003318262110E-02      2.756857139047E-03
   29.200000      9.511751492144E-03      2.581813290355E-03
   29.300000      8.779113875073E-03      2.344094959268E-03
   29.400000      7.910689213344E-03      2.068311853981E-03
   29.500000      6.982301431320E-03      1.780122940737E-03
   29.600000      6.056904113411E-03      1.501242149595E-03
   29.700000      5.186155191402E-03      1.248475671310E-03
   29.800000      4.421937487605E-03      1.035960906906E-03
   29.900000      3.828178263632E-03      8.780469540932E-04
   30.000000      3.481310393139E-03      7.900076426557E-04
   30.100000      3.450274730389E-03      7.851159174992E-04
   30.200000      3.763671084824E-03      8.688508370960E-04
   30.300000      4.384015480486E-03      1.033017477459E-03
   30.400000      5.203486399025E-03      1.253274846711E-03
   30.500000      6.070951557193E-03      1.492514346242E-03
   30.600000      6.835171356689E-03      1.710082681117E-03
   30.700000      7.385319525635E-03      1.874073946856E-03
   30.800000      7.680473234108E-03      1.972113350815E-03
   30.900000      7.761933241577E-03      2.016116301274E-03
   31.000000      7.744048545822E-03      2.038523370893E-03
   31.100000      7.782138827572E-03      2.080727120878E-03
   31.200000      8.018548181401E-03      2.177533558438E-03
   31.300000      8.517959994710E-03      2.343253560352E-03
   31.400000      9.228922993243E-03      2.564647991205E-03
   31.500000      1.000567536030E-02      2.803557488789E-03
   31.600000      1.066711524303E-02      3.008547863231E-03
   31.700000      1.105460569323E-02      3.131634178748E-03
   31.800000      1.107642055368E-02      3.144328754192E-03
   31.900000      1.073327579657E-02      3.047521858450E-03
   32.000000      1.012025011917E-02      2.871888035060E-03
   32.100000      9.404974613839E-03      2.668768211981E-03
   32.200000      8.787179920622E-03      2.494625301452E-03
   32.300000      8.445955640324E-03      2.394142397673E-03
   32.400000      8.473587933528E-03      2.387248354023E-03
   32.500000      8.821009424202E-03      2.463874493014E-03
   32.600000      9.328180936582E-03      2.587672617446E-03
   32.700000      9.801088551392E-03      2.707150135291E-03
   32.800000      1.006887709726E-02      2.770576016202E-03
   32.900000      1.001906171174E-02      2.740169512582E-03
   33.000000      9.613560720783E-03      2.601643461437E-03
   33.100000      8.887069342081E-03      2.366824750769E-03
   33.200000      7.933926230007E-03      2.069209803616E-03
   33.300000      6.889963152876E-03      1.754271310122E-03
   33.400000      5.909904159594E-03      1.467599974224E-03
   33.500000      5.134984107185E-03      1.244271712286E-03
   33.600000      4.646767578812E-03      1.102168163347E-03
   33.700000      4.441673546934E-03      1.040591073041E-03
   33.800000      4.458887435738E-03      1.043854489343E-03
   33.900000      4.616878034809E-03      1.088155293445E-03
   34.000000      4.836708985392E-03      1.149341774798E-03
   34.100000      5.057640354708E-03      1.209360106063E-03
   34.200000      5.247058904496E-03      1.259967043880E-03
   34.300000      5.405039401763E-03      1.303351641168E-03
   34.400000      5.561718006176E-03      1.350194506228E-03
   34.500000      5.767081400499E-03      1.416146991117E-03
   34.600000      6.076174906807E-03      1.517698517924E-03
   34.700000      6.533974588665E-03      1.668093630411E-03
   34.800000      7.163523498690E-03      1.873650949325E-03
   34.900000      7.957986517384E-03      2.130768122973E-03
   35.000000      8.873076050768E-03      2.424112561734E-03
   35.100000      9.822758765717E-03      2.726786866908E-03
   35.200000      1.068996833231E-02      3.003271024308E-03
   35.300000      1.135083754468E-02      3.215420442192E-03
   35.400000      1.170163771364E-02      3.330771341202E-03
   35.500000      1.168289713076E-02      3.331241549495E-03
   35.600000      1.129725653747E-02      3.219573252139E-03
   35.700000      1.061694736562E-02      3.021022100952E-03
   35.800000      9.777605188544E-03      2.778991613615E-03
   35.900000      8.957262418204E-03      2.545219019994E-03
   36.000000      8.339440638002E-03      2.367044623261E-03
   36.100000      8.056893604116E-03      2.275461163102E-03
   36.200000      8.137882031854E-03      2.277530707169E-03
   36.300000      8.501372259783E-03      2.355378493507E-03
   36.400000      8.995574418522E-03      2.471853406373E-03
   36.500000      9.449288173497E-03      2.580894581051E-03
   36.600000      9.714365969271E-03      2.639398087797E-03
   36.700000      9.693234499438E-03      2.617294970099E-03
   36.800000      9.351932426450E-03      2.503504000148E-03
   36.900000      8.720180689513E-03      2.306907061989E-03
   37.000000      7.881015017453E-03      2.052899794653E-03
   37.100000      6.952932836338E-03      1.776955604452E-03
   37.200000      6.066971328453E-03      1.516901918837E-03
   37.300000      5.340957792612E-03      1.305435727976E-03
   37.400000      4.855700869490E-03      1.164097175303E-03
   37.500000      4.640340662012E-03      1.099659758588E-03
   37.600000      4.669820239530E-03      1.103656783149E-03
   37.700000      4.872835158643E-03      1.155373750291E-03
   37.800000      5.150060846351E-03      1.227952314850E-03
   37.900000      5.402912240240E-03      1.296329324057E-03
   38.000000      5.566056162133E-03      1.344885900164E-03
   38.100000      5.630889820388E-03      1.372362083256E-03
   38.200000      5.650858198138E-03      1.392154575182E-03
   38.300000      5.723095882266E-03      1.427553042805E-03
   38.400000      5.945536461058E-03      1.503323506077E-03
   38.500000      6.374524956011E-03      1.636553889162E-03
   38.600000      7.010208362763E-03      1.830123525447E-03
   38.700000      7.798092324408E-03      2.071243895192E-03
   38.800000      8.645333102450E-03      2.335537579308E-03
   38.900000      9.452005034830E-03      2.594876805294E-03
   39.000000      1.014086079861E-02      2.825664616625E-03
   39.100000      1.067353157723E-02      3.014123474705E-03
   39.200000      1.104974084771E-02      3.156569009418E-03
   39.300000      1.129180822322E-02      3.255008390020E-03
   39.400000      1.142140199645E-02      3.310659411828E-03
   39.500000      1.143826248940E-02      3.319070696862E-03
   39.600000      1.131144847502E-02      3.269854971061E-03
   39.700000      1.099157583572E-02      3.151839415200E-03
   39.800000      1.044288060559E-02      2.961647385586E-03
   39.900000      9.679530743450E-03      2.711650218399E-03
   40.000000      8.787166863764E-03      2.432910876502E-03
   40.100000      7.918909345050E-03      2.170476268966E-03
   40.200000      7.260031048356E-03      1.971531190935E-03
   40.300000      6.955924669278E-03      1.870189328461E-03
   40.400000      7.037021056436E-03      1.874623820202E-03
   40.500000      7.408766070743E-03      1.961896876487E-03
   40.600000      7.892828994955E-03      2.083240583627E-03
   40.700000      8.282040140283E-03      2.178645218334E-03
   40.800000      8.399379185126E-03      2.195976203219E-03
   40.900000      8.147805646427E-03      2.107940145253E-03
   41.000000      7.536716921192E-03      1.920844410052E-03
   41.100000      6.680008045677E-03      1.672035526733E-03
   41.200000      5.767925639860E-03      1.417039805745E-03
   41.300000      5.016891121266E-03      1.211169014607E-03
   41.400000      4.592708834696E-03      1.092247725494E-03
   41.500000      4.531579758127E-03      1.070456832432E-03
   41.600000      4.752455376161E-03      1.128398379639E-03
   41.700000      5.121548797689E-03      1.230589423276E-03
   41.800000      5.502433381741E-03      1.338247753898E-03
   41.900000      5.796443188862E-03      1.423666407669E-03
   42.000000      5.970429382530E-03      1.479113705964E-03
   42.100000      6.064176174187E-03      1.517597320873E-03
   42.200000      6.174184391245E-03      1.565957853931E-03
   42.300000      6.414863207817E-03      1.653423009506E-03
   42.400000      6.866682289048E-03      1.800051608941E-03
   42.500000      7.539043722357E-03      2.009097675274E-03
   42.600000      8.368377543011E-03      2.265550131173E-03
   42.700000      9.245028017157E-03      2.540746137843E-03
   42.800000      1.005111841575E-02      2.800919877322E-03
   42.900000      1.069217180132E-02      3.016487751196E-03
   43.000000      1.111606656573E-02      3.168998135640E-03
   43.100000      1.131853296275E-02      3.253783286234E-03
   43.200000      1.133541420712E-02      3.277973573702E-03
   43.300000      1.122399092802E-02      3.255115540120E-03
   43.400000      1.103874377832E-02      3.198686449521E-03
   43.500000      1.080957867213E-02      3.117014930888E-03
   43.600000      1.053206810213E-02      3.011458005456E-03
   43.700000      1.017646843726E-02      2.878380686074E-03
   43.800000      9.711388711201E-03      2.713976585139E-03
   43.900000      9.129085478460E-03      2.519785484778E-03
   44.000000      8.461081220986E-03      2.306365092647E-03
   44.100000      7.778073998971E-03      2.093178204469E-03
   44.200000      7.172435625967E-03      1.904216558410E-03
   44.300000      6.726688986917E-03      1.760682757089E-03
   44.400000      6.480896271551E-03      1.673470579428E-03
   44.500000      6.418888430062E-03      1.638581732222E-03
   44.600000      6.474664217070E-03      1.637719932130E-03
   44.700000      6.550514025569E-03      1.644360563624E-03
   44.800000      6.550992181557E-03      1.633331488488E-03
   44.900000      6.420992638693E-03      1.590303505784E-03
   45.000000      6.167146484223E-03      1.517351235316E-03
   45.100000      5.855774470523E-03      1.432135200447E-03
   45.200000      5.588957738109E-03      1.360791275798E-03
   45.300000      5.463514648397E-03      1.327260639346E-03
   45.400000      5.526075736024E-03      1.343402529117E-03
   45.500000      5.750973171120E-03      1.404052609579E-03
   45.600000      6.055633478085E-03      1.489222780263E-03
   45.700000      6.338888190754E-03      1.572667464915E-03
   45.800000      6.523103252380E-03      1.633317840797E-03
   45.900000      6.586231954887E-03      1.664791861425E-03
   46.000000      6.573686481433E-03      1.678913559432E-03
   46.100000      6.584781520076E-03      1.701641979677E-03
   46.200000      6.734549870323E-03      1.762981531853E-03
   46.300000      7.103680748922E-03      1.884970081711E-03
   46.400000      7.703051055142E-03      2.072635352250E-03
   46.500000      8.470936017834E-03      2.311530684036E-03
   46.600000      9.298081295163E-03      2.572660677953E-03
   46.700000      1.006659257076E-02      2.822498991356E-03
   46.800000      1.068764644368E-02      3.033727176108E-03
   46.900000      1.112438350284E-02      3.192170966528E-03
   47.000000      1.139267336231E-02      3.297232466783E-03
   47.100000      1.153968728092E-02      3.356119604939E-03
   47.200000      1.160661164314E-02      3.375048115191E-03
   47.300000      1.159143091604E-02      3.352050807484E-03
   47.400000      1.143848839470E-02      3.275367290271E-03
   47.500000      1.106682408201E-02      3.128822169335E-03
   47.600000      1.041667084217E-02      2.902226294245E-03
   47.700000      9.489618811514E-03      2.602162285829E-03
   47.800000      8.369768678402E-03      2.257784345606E-03
   47.900000      7.219642050635E-03      1.917891565351E-03
   48.000000      6.248441721016E-03      1.638943257941E-03
   48.100000      5.655553900888E-03      1.467541105819E-03
   48.200000      5.555326298700E-03      1.423642252349E-03
   48.300000      5.893516559901E-03      1.491192134124E-03
   48.400000      6.450584912182E-03      1.620628717693E-03
   48.500000      6.953448745491E-03      1.743512892790E-03
   48.600000      7.171331720271E-03      1.794926652765E-03
   48.700000      6.976817446116E-03      1.736052250489E-03
   48.800000      6.379405583699E-03      1.568827146410E-03
   48.900000      5.527221272880E-03      1.337060420445E-03
   49.000000      4.674551406250E-03      1.113045897784E-03
   49.100000      4.118222585289E-03      9.738485094934E-04
   49.200000      4.102976144650E-03      9.752133825436E-04
   49.300000      4.696164863371E-03      1.132069466777E-03
   49.400000      5.738038362801E-03      1.412461323386E-03
   49.500000      6.938723916386E-03      1.747165236943E-03
   49.600000      7.993764159244E-03      2.051837138843E-03
   49.700000      8.666558540607E-03      2.254217782250E-03
   49.800000      8.842628732566E-03      2.317211719239E-03
   49.900000      8.552595287544E-03      2.250143232165E-03
   50.000000      7.961601471411E-03      2.104618579243E-03
   50.100000      7.328116899703E-03      1.956715727321E-03
   50.200000      6.938529454311E-03      1.881819320722E-03
   50.300000      7.018600510526E-03      1.930723190836E-03
   50.400000      7.626853495002E-03      2.114862870652E-03
   50.500000      8.621919385641E-03      2.405050527469E-03
   50.600000      9.759124326757E-03      2.743191172982E-03
   50.700000      1.079622584821E-02      3.061987236071E-03
   50.800000      1.155591650904E-02      3.305216188503E-03
   50.900000      1.195474727709E-02      3.441601836862E-03
   51.000000      1.200258058611E-02      3.468289981375E-03
   51.100000      1.177642620954E-02      3.404209481938E-03
   51.200000      1.137814358806E-02      3.277422374474E-03
   51.300000      1.089102770806E-02      3.112447433889E-03
   51.400000      1.035234758712E-02      2.922820240701E-03
   51.500000      9.754137152906E-03      2.711272655550E-03
   51.600000      9.070561344271E-03      2.476227287890E-03
   51.700000      8.294345081820E-03      2.220467428519E-03
   51.800000      7.461627847023E-03      1.957083445360E-03
   51.900000      6.653544777252E-03      1.709362726162E-03
   52.000000      5.973369441677E-03      1.504376155962E-03
   52.100000      5.507571691334E-03      1.363153873946E-03
   52.200000      5.288315923938E-03      1.292085854790E-03
   52.300000      5.277321289483E-03      1.279742669712E-03
   52.400000      5.381196286270E-03      1.300910152537E-03
   52.500000      5.491537623851E-03      1.326384686554E-03
   52.600000      5.529308125262E-03      1.334473291383E-03
   52.700000      5.474076947328E-03      1.319358713409E-03
   52.800000      5.369227006764E-03      1.292849645260E-03
   52.900000      5.303095839335E-03      1.278889597377E-03
   53.000000      5.372619318638E-03      1.303245440525E-03
   53.100000      5.641559310595E-03      1.382701685995E-03
   53.200000      6.109797237027E-03      1.518078699686E-03
   53.300000      6.710943104713E-03      1.693585678361E-03
   53.400000      7.340416580964E-03      1.882308211262E-03
   53.500000      7.894479085612E-03      2.055241162345E-03
   53.600000      8.301070866733E-03      2.190192172256E-03
   53.700000      8.534694944686E-03      2.277416794173E-03
   53.800000      8.614795265992E-03      2.320573239018E-03
   53.900000      8.592306476943E-03      2.333594720937E-03
   54.000000      8.532647845399E-03      2.335453994129E-03
   54.100000      8.501647703711E-03      2.345043392482E-03
   54.200000      8.554929075096E-03      2.377624070836E-03
   54.300000      8.728929534993E-03      2.443089629443E-03
   54.400000      9.035279113680E-03      2.545342566906E-03
   54.500000      9.461050761811E-03      2.681854662372E-03
   54.600000      9.971696389438E-03      2.842987067094E-03
   54.700000      1.051231838508E-02      3.011486806160E-03
   54.800000      1.100859145644E-02      3.163184891146E-03
   54.900000      1.137292774271E-02      3.269866584702E-03
   55.000000      1.151922094877E-02      3.304504842620E-03
   55.100000      1.138309358705E-02      3.247885891866E-03
   55.200000      1.094096581817E-02      3.094682311326E-03
   55.300000      1.022190040473E-02      2.856756810771E-03
   55.400000      9.308109235568E-03      2.562115977916E-03
   55.500000      8.321964753729E-03      2.249283877052E-03
   55.600000      7.399616256681E-03      1.958425113504E-03
   55.700000      6.655234914061E-03      1.721718664429E-03
   55.800000      6.147560675360E-03      1.555827792058E-03
   55.900000      5.866028435983E-03      1.458714340979E-03
   56.000000      5.742501706254E-03      1.411739535262E-03
   56.100000      5.677951582634E-03      1.386431981550E-03
   56.200000      5.574054391778E-03      1.353974426307E-03
   56.300000      5.364233005655E-03      1.294723613579E-03
   56.400000      5.037444498891E-03      1.205084615841E-03
   56.500000      4.647917486187E-03      1.099760183219E-03
   56.600000      4.306261961391E-03      1.008585289757E-03
   56.700000      4.150282688291E-03      9.685555621277E-04
   56.800000      4.301686633336E-03      1.012961690709E-03
   56.900000      4.825217268326E-03      1.160460177406E-03
   57.000000      5.699512558822E-03      1.407195439375E-03
   57.100000      6.805956280152E-03      1.724576261543E-03
   57.200000      7.957364585898E-03      2.063993986665E-03
   57.300000      8.952417910217E-03      2.367873945985E-03
   57.400000      9.625409337623E-03      2.584449607463E-03
   57.500000      9.883731781823E-03      2.682177893755E-03
   57.600000      9.730197908431E-03      2.659369821530E-03
   57.700000      9.265832355104E-03      2.545691866100E-03
   57.800000      8.669934085521E-03      2.394515071009E-03
   57.900000      8.157432318608E-03      2.267972841626E-03
   58.000000      7.922682606514E-03      2.219066081206E-03
   58.100000      8.084902571774E-03      2.276313264627E-03
   58.200000      8.636963071635E-03      2.435782728119E-03
   58.300000      9.432855696687E-03      2.663001913646E-03
   58.400000      1.025780510761E-02      2.903985674337E-03
   58.500000      1.091151089399E-02      3.101617167513E-03
   58.600000      1.125852875970E-02      3.211952915196E-03
   58.700000      1.125145682916E-02      3.215308394277E-03
   58.800000      1.092990828471E-02      3.119048256304E-03
   58.900000      1.039730974985E-02      2.952000537520E-03
   59.000000      9.783060735040E-03      2.753173127719E-03
   59.100000      9.203498100955E-03      2.559000939641E-03
   59.200000      8.732939419840E-03      2.393282763856E-03
   59.300000      8.388077895004E-03      2.262518744267E-03
   59.400000      8.128126396183E-03      2.157243815282E-03
   59.500000      7.875641285372E-03      2.058012319089E-03
   59.600000      7.550042942028E-03      1.943554430906E-03
   59.700000      7.095152522784E-03      1.798497232916E-03
   59.800000      6.494075225391E-03      1.618694754490E-03
   59.900000      5.774757172861E-03      1.413188991858E-03
   60.000000      5.009271596977E-03      1.202725674757E-03
   60.100000      4.306775768614E-03      1.015398211253E-03
   60.200000      3.795473821419E-03      8.804253012160E-04
   60.300000      3.583103831626E-03      8.213788558598E-04
   60.400000      3.712717007784E-03      8.503829913296E-04
   60.500000      4.158355146487E-03      9.647908523815E-04
   60.600000      4.840637253719E-03      1.147450561692E-03
   60.700000      5.646682522505E-03      1.370818215670E-03
   60.800000      6.458119637204E-03      1.604002879435E-03
   60.900000      7.179112703651E-03      1.820717907431E-03
   61.000000      7.756248162077E-03      2.005562653930E-03
   61.100000      8.186035442142E-03      2.156434736098E-03
   61.200000      8.508878781803E-03      2.282176345697E-03
   61.300000      8.790964123287E-03      2.396354893494E-03
   61.400000      9.095394460066E-03      2.509649787477E-03
   61.500000      9.443975247430E-03      2.623964410688E-03
   61.600000      9.796662923654E-03      2.730751756360E-03
   61.700000      1.007847623233E-02      2.814325761730E-03
   61.800000      1.022109402882E-02      2.858827256023E-03
   61.900000      1.019112673766E-02      2.855932662165E-03
   62.000000      1.000285124372E-02      2.810026472796E-03
   62.100000      9.715827271589E-03      2.738551541491E-03
   62.200000      9.419941034567E-03      2.667161010943E-03
   62.300000      9.212945488029E-03      2.621325369045E-03
   62.400000      9.173204038611E-03      2.617405472972E-03
   62.500000      9.326100940564E-03      2.656402615244E-03
   62.600000      9.617209846981E-03      2.722615540292E-03
   62.700000      9.928369487744E-03      2.787689041018E-03
   62.800000      1.012734272257E-02      2.818708303749E-03
   62.900000      1.010914874949E-02      2.787735645984E-03
   63.000000      9.819618278729E-03      2.679877788575E-03
   63.100000      9.264786694638E-03      2.497597192100E-03
   63.200000      8.507827863084E-03      2.260214605923E-03
   63.300000      7.654462661860E-03      1.998944106072E-03
   63.400000      6.828221978492E-03      1.748961465232E-03
   63.500000      6.139096937945E-03      1.540683051525E-03
   63.600000      5.654311902831E-03      1.392538499638E-03
   63.700000      5.382852617777E-03      1.307096914021E-03
   63.800000      5.278501378819E-03      1.271570935752E-03
   63.900000      5.258295000307E-03      1.262635046696E-03
   64.000000      5.231470226079E-03      1.254355878037E-03
   64.100000      5.131268588056E-03      1.227100294068E-03
   64.200000      4.939537325064E-03      1.174844961946E-03
   64.300000      4.696449084425E-03      1.108572398054E-03
   64.400000      4.492665224496E-03      1.054429444934E-03
   64.500000      4.446620648470E-03      1.046824632201E-03
   64.600000      4.672867321172E-03      1.118224415220E-03
   64.700000      5.244281508567E-03      1.288565269872E-03
   64.800000      6.152669749255E-03      1.557502241309E-03
   64.900000      7.297705465049E-03      1.901987704390E-03
   65.000000      8.521479525499E-03      2.280098629269E-03
   65.100000      9.654380868988E-03      2.640123783666E-03
   65.200000      1.054941813447E-02      2.932348641250E-03
   65.300000      1.110491416912E-02      3.120268000351E-03
   65.400000      1.127839831199E-02      3.188296056029E-03
   65.500000      1.109242185790E-02      3.144220137873E-03
   65.600000      1.063084552987E-02      3.016188354719E-03
   65.700000      1.002438653585E-02      2.845415534189E-03
   65.800000      9.425564419947E-03      2.676654494899E-03
   65.900000      8.973973088134E-03      2.548672017293E-03
   66.000000      8.760442517243E-03      2.486606125025E-03
   66.100000      8.810185140286E-03      2.497440625620E-03
   66.200000      9.084426971299E-03      2.569187078044E-03
   66.300000      9.486920920351E-03      2.673832277483E-03
   66.400000      9.884306601345E-03      2.773628160136E-03
   66.500000      1.014067317104E-02      2.829745934981E-03
   66.600000      1.015047730594E-02      2.811675499211E-03
   66.700000      9.861801049083E-03      2.705217441087E-03
   66.800000      9.288270332947E-03      2.516817901423E-03
   66.900000      8.508290425604E-03      2.272614330044E-03
   67.000000      7.650483249203E-03      2.011917787698E-03
   67.100000      6.865076999914E-03      1.776623426010E-03
   67.200000      6.282319505082E-03      1.599590356930E-03
   67.300000      5.966012047764E-03      1.495681790916E-03
   67.400000      5.888700194812E-03      1.458489271417E-03
   67.500000      5.952240274113E-03      1.463889508792E-03
   67.600000      6.034269550341E-03      1.479162568993E-03
   67.700000      6.030654431910E-03      1.474401728045E-03
   67.800000      5.884210299243E-03      1.432205099289E-03
   67.900000      5.597139267320E-03      1.352471310561E-03
   68.000000      5.226500245341E-03      1.251158003121E-03
   68.100000      4.865464586771E-03      1.154208388174E-03
   68.200000      4.616473088349E-03      1.089491489868E-03
   68.300000      4.564429610002E-03      1.079870025328E-03
   68.400000      4.758347003001E-03      1.139404374576E-03
   68.500000      5.207043014769E-03      1.272875649627E-03
   68.600000      5.887401936378E-03      1.477235161127E-03
   68.700000      6.756424429828E-03      1.743047284964E-03
   68.800000      7.757475441414E-03      2.054690710216E-03
   68.900000      8.817965990588E-03      2.389545472796E-03
   69.000000      9.845114735325E-03      2.717724225394E-03
   69.100000      1.073037055421E-02      3.004264017545E-03
   69.200000      1.136683842913E-02      3.214753237091E-03
   69.300000      1.167474675276E-02      3.323523518092E-03
   69.400000      1.162589914777E-02      3.321733155939E-03
   69.500000      1.125843796224E-02      3.221918923465E-03
   69.600000      1.067568525115E-02      3.056437844643E-03
   69.700000      1.002639812164E-02      2.869421759925E-03
   69.800000      9.467519073545E-03      2.704495724554E-03
   69.900000      9.115586114386E-03      2.592379299098E-03
   70.000000      9.005308944658E-03      2.542720408997E-03
   70.100000      9.082615033991E-03      2.542961502064E-03
   70.200000      9.235579593482E-03      2.564370283783E-03
   70.300000      9.339530203978E-03      2.572734140420E-03
   70.400000      9.296086121768E-03      2.539712869109E-03
   70.500000      9.056989873872E-03      2.451008311959E-03
   70.600000      8.630243059842E-03      2.309119462462E-03
   70.700000      8.070642544987E-03      2.130684481249E-03
   70.800000      7.460092346607E-03      1.940269274621E-03
   70.900000      6.884853593144E-03      1.763244493196E-03
   71.000000      6.416614562983E-03      1.619983022010E-03
   71.100000      6.100937835746E-03      1.522457420754E-03
   71.200000      5.951633419956E-03      1.473137600021E-03
   71.300000      5.948595698746E-03      1.465465240451E-03
   71.400000      6.040704511603E-03      1.485274531333E-03
   71.500000      6.155748274857E-03      1.513048761351E-03
   71.600000      6.215576057225E-03      1.527325430370E-03
   71.700000      6.154089728755E-03      1.509462953857E-03
   71.800000      5.936067247328E-03      1.449293199852E-03
   71.900000      5.573386287807E-03      1.350251220781E-03
   72.000000      5.133445321016E-03      1.231970561161E-03
   72.100000      4.734320867545E-03      1.128545098286E-03
   72.200000      4.523916383165E-03      1.081805037001E-03
   72.300000      4.645490978230E-03      1.130692695593E-03
   72.400000      5.194853645097E-03      1.299483096988E-03
   72.500000      6.174491943799E-03      1.588468187782E-03
   72.600000      7.466779253304E-03      1.970375975730E-03
   72.700000      8.867785746794E-03      2.394253549027E-03
   72.800000      1.015303708824E-02      2.796293211086E-03
   72.900000      1.112957975516E-02      3.114884868093E-03
   73.000000      1.167254570863E-02      3.305778420727E-03
   73.100000      1.174713315320E-02      3.353089072508E-03
   73.200000      1.141345854898E-02      3.272994948429E-03
   73.300000      1.081296297012E-02      3.108984100370E-03
   73.400000      1.013749088100E-02      2.919809940060E-03
   73.500000      9.585989494782E-03      2.763297047031E-03
   73.600000      9.317097872001E-03      2.680318270205E-03
   73.700000      9.393759459330E-03      2.683350918934E-03
   73.800000      9.731017065851E-03      2.752953607164E-03
   73.900000      1.013621611447E-02      2.843476035786E-03
   74.000000      1.039507246331E-02      2.896767580580E-03
   74.100000      1.033146224699E-02      2.860236706066E-03
   74.200000      9.850617799154E-03      2.704052483177E-03
   74.300000      8.966253239312E-03      2.432159180710E-03
   74.400000      7.805450841904E-03      2.083322482771E-03
   74.500000      6.585693252427E-03      1.721344350018E-03
   74.600000      5.560266456774E-03      1.417046497089E-03
   74.700000      4.941735557767E-03      1.227485222173E-03
   74.800000      4.830786354108E-03      1.179049180137E-03
   74.900000      5.180926417829E-03      1.260034633123E-03
   75.000000      5.816813925525E-03      1.425210064562E-03
   75.100000      6.502583582014E-03      1.610789761040E-03
   75.200000      7.020766349010E-03      1.754618030226E-03
   75.300000      7.229867627868E-03      1.814611896028E-03
   75.400000      7.093639421199E-03      1.779337249097E-03
   75.500000      6.679499085747E-03      1.667705986625E-03
   75.600000      6.129045180288E-03      1.518944573583E-03
   75.700000      5.608596897493E-03      1.377509526643E-03
   75.800000      5.252716050213E-03      1.279086532366E-03
   75.900000      5.126037079462E-03      1.242678362281E-03
   76.000000      5.226408139534E-03      1.270677114836E-03
   76.100000      5.514611631997E-03      1.355198453957E-03
   76.200000      5.944842242619E-03      1.486457664903E-03
   76.300000      6.486163758760E-03      1.658622578627E-03
   76.400000      7.129768549822E-03      1.870386643369E-03
   76.500000      7.878799634612E-03      2.120492793288E-03
   76.600000      8.724072557961E-03      2.401143066617E-03
   76.700000      9.618176813150E-03      2.693373511393E-03
   76.800000      1.046857989575E-02      2.967545010912E-03
   76.900000      1.116051094212E-02      3.189580572421E-03
   77.000000      1.159530488851E-02      3.330712471916E-03
   77.100000      1.172314845315E-02      3.376683105492E-03
   77.200000      1.155870483997E-02      3.332430494679E-03
   77.300000      1.117626054643E-02      3.220203312068E-03
   77.400000      1.068629430649E-02      3.071850913925E-03
   77.500000      1.019980965174E-02      2.918413179230E-03
   77.600000      9.791714553094E-03      2.781053048769E-03
   77.700000      9.479373750925E-03      2.666526075552E-03
   77.800000      9.228562643415E-03      2.568283773889E-03
   77.900000      8.980269298284E-03      2.471994821394E-03
   78.000000      8.679442252043E-03      2.362760716376E-03
   78.100000      8.294200535298E-03      2.231133469320E-03
   78.200000      7.823183608675E-03      2.076070519198E-03
   78.300000      7.292198486254E-03      1.904530835954E-03
   78.400000      6.743234118809E-03      1.728742527602E-03
   78.500000      6.221100375412E-03      1.562733217845E-03
   78.600000      5.764163483758E-03      1.419449164242E-03
   78.700000      5.402678484984E-03      1.309042499512E-03
   78.800000      5.161491894793E-03      1.238178601770E-03
   78.900000      5.059885618044E-03      1.209872168414E-03
   79.000000      5.104989755099E-03      1.223458232977E-03
   79.100000      5.284583708706E-03      1.274624681475E-03
   79.200000      5.568717826735E-03      1.355676771633E-03
   79.300000      5.918747783208E-03      1.456207759853E-03
   79.400000      6.293483325697E-03      1.564172366435E-03
   79.500000      6.650272084555E-03      1.667197707558E-03
   79.600000      6.948000784640E-03      1.753973901658E-03
   79.700000      7.153735059478E-03      1.815725551887E-03
   79.800000      7.249489989218E-03      1.847893127120E-03
   79.900000      7.238083765376E-03      1.852040269999E-03
   80.000000      7.148082638308E-03      1.837588645878E-03
   80.100000      7.036330919038E-03      1.822455459996E-03
   80.200000      6.985275245604E-03      1.831414030310E-03
   80.300000      7.091698158997E-03      1.891381983538E-03
   80.400000      7.443526356407E-03      2.023951906763E-03
   80.500000      8.084463514868E-03      2.236970069999E-03
   80.600000      8.978747302136E-03      2.518143187219E-03
   80.700000      1.000400562860E-02      2.833775282590E-03
   80.800000      1.098359804553E-02      3.134435318684E-03
   80.900000      1.173725602648E-02      3.366908402453E-03
   81.000000      1.212885700940E-02      3.489102005454E-03
   81.100000      1.210100633420E-02      3.482859895960E-03
   81.200000      1.168972877237E-02      3.359804984977E-03
   81.300000      1.101572608132E-02      3.157554384626E-03
   81.400000      1.025382768419E-02      2.927175717051E-03
   81.500000      9.584420780960E-03      2.716187376093E-03
   81.600000      9.122026629468E-03      2.553291812860E-03
   81.700000      8.854566838323E-03      2.440498680516E-03
   81.800000      8.674442655619E-03      2.355472954758E-03
   81.900000      8.447025375736E-03      2.262953126175E-03
   82.000000      8.063469217371E-03      2.130579260764E-03
   82.100000      7.477539382279E-03      1.942906197838E-03
   82.200000      6.719212715211E-03      1.708354757786E-03
   82.300000      5.882566437033E-03      1.456865112457E-03
   82.400000      5.098847296547E-03      1.229717114785E-03
   82.500000      4.506999462754E-03      1.065833283031E-03
   82.600000      4.221667057615E-03      9.898153554446E-04
   82.700000      4.289775266196E-03      1.005785064914E-03
   82.800000      4.653321933038E-03      1.098470085718E-03
   82.900000      5.183532382568E-03      1.240092880490E-03
   83.000000      5.751123812868E-03      1.399687367507E-03
   83.100000      6.266778084596E-03      1.551183510820E-03
   83.200000      6.688429138411E-03      1.677863599031E-03
   83.300000      7.005071087493E-03      1.772804891489E-03
   83.400000      7.217746774254E-03      1.836634551429E-03
   83.500000      7.335846347537E-03      1.874599732148E-03
   83.600000      7.380650908321E-03      1.894502045643E-03
   83.700000      7.384785832659E-03      1.905938232849E-03
   83.800000      7.387957782832E-03      1.920232037146E-03
   83.900000      7.431942783686E-03      1.949985779354E-03
   84.000000      7.556253723702E-03      2.007483765554E-03
   84.100000      7.793270904704E-03      2.101987357162E-03
   84.200000      8.160618565532E-03      2.236769454277E-03
   84.300000      8.653400705797E-03      2.407080343966E-03
   84.400000      9.240680015629E-03      2.599953033303E-03
   84.500000      9.864192637930E-03      2.796049841676E-03
   84.600000      1.044429895969E-02      2.973034188745E-03
   84.700000      1.089954930286E-02      3.109566358539E-03
   84.800000      1.116724919119E-02      3.189058526633E-03
   84.900000      1.121543952562E-02      3.202614113627E-03
   85.000000      1.104722137634E-02      3.150843443414E-03
   85.100000      1.069972668026E-02      3.044304589337E-03
   85.200000      1.023883616877E-02      2.902204163892E-03
   85.300000      9.749366731771E-03      2.748967392272E-03
   85.400000      9.318649389648E-03      2.608656910062E-03
   85.500000      9.011182354706E-03      2.498078788133E-03
   85.600000      8.839431392321E-03      2.420471657187E-03
   85.700000      8.748295861845E-03      2.362328575527E-03
   85.800000      8.627110084749E-03      2.295555017055E-03
   85.900000      8.344404056679E-03      2.185617068107E-03
   86.000000      7.791803250474E-03      2.003995665672E-03
   86.100000      6.924849612081E-03      1.741072431754E-03
   86.200000      5.791062879724E-03      1.414594056724E-03
   86.300000      4.538041213886E-03      1.069766859002E-03
   86.400000      3.397315533752E-03      7.697157410971E-04
   86.500000      2.639878909800E-03      5.785756564185E-04
   86.600000      2.492646446892E-03      5.424670134775E-04
   86.700000      3.023656761373E-03      6.747603794692E-04
   86.800000      4.094831070407E-03      9.507873937493E-04
   86.900000      5.443178032082E-03      1.313925386829E-03
   87.000000      6.784809020109E-03      1.691030468681E-03
   87.100000      7.882724167394E-03      2.012067942557E-03
   87.200000      8.586853849526E-03      2.227659358807E-03
   87.300000      8.851368285546E-03      2.319438407786E-03
   87.400000      8.730042991111E-03      2.300948517156E-03
   87.500000      8.353048496516E-03      2.210086694197E-03
   87.600000      7.891534499535E-03      2.096534947531E-03
   87.700000      7.517540304161E-03      2.008461923876E-03
   87.800000      7.365928944871E-03      1.982025238128E-03
   87.900000      7.504764615458E-03      2.035506776979E-03
   88.000000      7.924163232383E-03      2.168159824136E-03
   88.100000      8.550001944175E-03      2.362715782284E-03
   88.200000      9.272254778689E-03      2.590183107551E-03
   88.300000      9.973177522251E-03      2.815810761387E-03
   88.400000      1.054899625322E-02      3.005431827474E-03
   88.500000      1.092425241364E-02      3.131521332517E-03
   88.600000      1.105943371826E-02      3.178165668522E-03
   88.700000      1.095372331170E-02      3.143980138637E-03
   88.800000      1.064453727878E-02      3.042123970012E-03
   88.900000      1.020246181112E-02      2.897098164118E-03
   89.000000      9.718721117428E-03      2.738858712821E-03
   89.100000      9.285829301106E-03      2.595607536031E-03
   89.200000      8.975614676742E-03      2.487067098649E-03
   89.300000      8.816799462276E-03      2.419901332734E-03
   89.400000      8.779829689371E-03      2.386297800152E-03
   89.500000      8.785980154771E-03      2.365882570435E-03
   89.600000      8.733719525096E-03      2.330439206225E-03
   89.700000      8.523501613357E-03      2.250516321523E-03
   89.800000      8.077465976604E-03      2.102865817734E-03
   89.900000      7.355871940391E-03      1.877550695335E-03
   90.000000      6.371681072038E-03      1.583353894506E-03
   90.100000      5.203523397028E-03      1.249891711798E-03
   90.200000      4.003448526721E-03      9.249106063551E-04
   90.300000      2.992112254661E-03      6.660029160979E-04
   90.400000      2.427331296047E-03      5.275412144430E-04
   90.500000      2.507723362467E-03      5.456393206269E-04
   90.600000      3.233553079676E-03      7.255771568242E-04
   90.700000      4.417389952267E-03      1.036438991041E-03
   90.800000      5.793748776689E-03      1.416156338865E-03
   90.900000      7.086919591444E-03      1.786927829749E-03
   91.000000      8.065474406055E-03      2.077131519829E-03
   91.100000      8.594291642381E-03      2.242856072481E-03
   91.200000      8.667795376448E-03      2.281447875581E-03
   91.300000      8.412284930563E-03      2.231642907634E-03
   91.400000      8.053773701437E-03      2.159412779068E-03
   91.500000      7.854242557787E-03      2.133995852419E-03
   91.600000      8.018827793820E-03      2.202577889962E-03
   91.700000      8.586629134898E-03      2.372978750995E-03
   91.800000      9.405225149723E-03      2.610931867089E-03
   91.900000      1.022514495554E-02      2.853074499883E-03
   92.000000      1.080400590802E-02      3.030737098659E-03
   92.100000      1.098232662491E-02      3.095456411419E-03
   92.200000      1.072759306983E-02      3.036530343682E-03
   92.300000      1.014210381418E-02      2.884126817968E-03
   92.400000      9.434375511765E-03      2.697151148778E-03
   92.500000      8.856977719550E-03      2.540957933067E-03
   92.600000      8.611695761196E-03      2.463704960668E-03
   92.700000      8.753117878194E-03      2.480259428511E-03
   92.800000      9.171909919581E-03      2.569172537000E-03
   92.900000      9.666649075733E-03      2.682877130486E-03
   93.000000      1.003335728179E-02      2.766213551794E-03
   93.100000      1.012758941184E-02      2.775662423084E-03
   93.200000      9.894014254203E-03      2.692170132050E-03
   93.300000      9.365919080416E-03      2.523703483672E-03
   93.400000      8.639453512307E-03      2.298090575408E-03
   93.500000      7.833174067182E-03      2.050383496801E-03
   93.600000      7.048554403639E-03      1.810494400462E-03
   93.700000      6.345235782966E-03      1.595838657213E-03
   93.800000      5.736226517772E-03      1.410904882029E-03
   93.900000      5.203610927375E-03      1.252474408118E-03
   94.000000      4.729510513846E-03      1.117031105508E-03
   94.100000      4.323861787011E-03      1.006518022537E-03
   94.200000      4.031809243297E-03      9.299192190682E-04
   94.300000      3.916621579051E-03      9.003672354830E-04
   94.400000      4.027591049445E-03      9.295223107939E-04
   94.500000      4.374637876329E-03      1.021992184077E-03
   94.600000      4.923011506093E-03      1.172274523842E-03
   94.700000      5.604610046988E-03      1.365416392521E-03
   94.800000      6.338063025612E-03      1.580969221497E-03
   94.900000      7.049843115141E-03      1.798563604787E-03
   95.000000      7.690419846734E-03      2.002961521973E-03
   95.100000      8.241711117944E-03      2.186817985861E-03
   95.200000      8.714163578620E-03      2.350347633275E-03
   95.300000      9.134224773913E-03      2.498247292134E-03
   95.400000      9.526272663798E-03      2.635187611069E-03
   95.500000      9.896573578297E-03      2.761677605330E-03
   95.600000      1.022656422412E-02      2.871991213100E-03
   95.700000      1.047717536953E-02      2.955143551703E-03
   95.800000      1.060169211872E-02      2.998793909400E-03
   95.900000      1.056423822093E-02      2.994758894570E-03
   96.000000      1.035933090489E-02      2.943963522194E-03
   96.100000      1.002546221706E-02      2.858538153195E-03
   96.200000      9.645949697452E-03      2.759592347431E-03
   96.300000      9.330558824079E-03      2.670820177696E-03
   96.400000      9.169017787658E-03      2.609967903540E-03
   96.500000      9.172599322411E-03      2.581512344710E-03
   96.600000      9.267265136757E-03      2.573921503392E-03
   96.700000      9.339451059912E-03      2.563343002494E-03
   96.800000      9.283781493244E-03      2.522951686109E-03
   96.900000      9.038245542466E-03      2.434550721582E-03
   97.000000      8.605325879356E-03      2.297583957692E-03
   97.100000      8.054478768064E-03      2.131290093649E-03
   97.200000      7.502950432340E-03      1.968288407324E-03
   97.300000      7.077612847932E-03      1.841507234624E-03
   97.400000      6.863645397594E-03      1.769543940908E-03
   97.500000      6.848870072740E-03      1.746797984747E-03
   97.600000      6.909117772616E-03      1.743271315160E-03
   97.700000      6.867379076668E-03      1.715164565160E-03
   97.800000      6.572452576640E-03      1.622803459920E-03
   97.900000      5.959554903503E-03      1.448997364454E-03
   98.000000      5.084588494919E-03      1.210242429379E-03
   98.100000      4.125273779989E-03      9.556600055198E-04
   98.200000      3.341961173708E-03      7.532626541269E-04
   98.300000      2.995637308911E-03      6.681582192405E-04
   98.400000      3.248920221036E-03      7.405798429780E-04
   98.500000      4.098377895868E-03      9.718210316221E-04
   98.600000      5.370331980888E-03      1.323186391038E-03
   98.700000      6.792166044507E-03      1.728163001117E-03
   98.800000      8.095330042548E-03      2.113162232451E-03
   98.900000      9.086943235999E-03      2.419277768207E-03
   99.000000      9.683594791607E-03      2.617582040709E-03
   99.100000      9.913849169870E-03      2.713325067770E-03
   99.200000      9.893907961206E-03      2.738717112973E-03
   99.300000      9.784124203976E-03      2.738005401059E-03
   99.400000      9.736525132539E-03      2.750805249549E-03
   99.500000      9.842743997911E-03      2.799476194542E-03
   99.600000      1.010121234589E-02      2.884118917538E-03
   99.700000      1.043256911963E-02      2.985622992368E-03
   99.800000      1.072725009001E-02      3.074422009304E-03
   99.900000      1.088707740753E-02      3.121157814381E-03
  100.000000      1.085009533494E-02      3.105594850707E-03
