# M=16, N=8, V0=0.0, V=0.25, PBC
#  time (tJ)                 S₁(ℓ=8)                 S₂(ℓ=8)
    0.000000      1.270191330997E+00      9.635005380843E-01
    0.100000      1.270634380219E+00      9.637366533940E-01
    0.200000      1.271833449149E+00      9.643713438190E-01
    0.300000      1.273449152030E+00      9.652057744258E-01
    0.400000      1.275047865131E+00      9.659750689323E-01
    0.500000      1.276244112282E+00      9.664252898637E-01
    0.600000      1.276820787405E+00      9.663840043042E-01
    0.700000      1.276785288548E+00      9.658034979412E-01
    0.800000      1.276344388959E+00      9.647658373993E-01
    0.900000      1.275808783867E+00      9.634518861727E-01
    1.000000      1.275467994318E+00      9.620872751383E-01
    1.100000      1.275498230751E+00      9.608836446271E-01
    1.200000      1.275926150818E+00      9.599921179042E-01
    1.300000      1.276638652084E+00      9.594794331523E-01
    1.400000      1.277442220059E+00      9.593285965449E-01
    1.500000      1.278136137627E+00      9.594586473467E-01
    1.600000      1.278579837846E+00      9.597543339101E-01
    1.700000      1.278735575974E+00      9.600965797929E-01
    1.800000      1.278669865706E+00      9.603873704015E-01
    1.900000      1.278516057575E+00      9.605661828554E-01
    2.000000      1.278414277878E+00      9.606176978485E-01
    2.100000      1.278457754962E+00      9.605716321554E-01
    2.200000      1.278668137283E+00      9.604954721104E-01
    2.300000      1.279002449776E+00      9.604805763234E-01
    2.400000      1.279384710739E+00      9.606224570614E-01
    2.500000      1.279745954301E+00      9.609975086405E-01
    2.600000      1.280045958904E+00      9.616406873148E-01
    2.700000      1.280269007221E+00      9.625304026962E-01
    2.800000      1.280407689626E+00      9.635865334501E-01
    2.900000      1.280453136666E+00      9.646842476951E-01
    3.000000      1.280399627446E+00      9.656811713673E-01
    3.100000      1.280243056521E+00      9.664507219513E-01
    3.200000      1.279975159870E+00      9.669121913484E-01
    3.300000      1.279589844448E+00      9.670490573439E-01
    3.400000      1.279099338264E+00      9.669104139044E-01
    3.500000      1.278557778707E+00      9.665953201137E-01
    3.600000      1.278062756921E+00      9.662250306541E-01
    3.700000      1.277708176439E+00      9.659116958875E-01
    3.800000      1.277536672563E+00      9.657324519330E-01
    3.900000      1.277534117575E+00      9.657147132448E-01
    4.000000      1.277665348648E+00      9.658340183709E-01
    4.100000      1.277896443138E+00      9.660226292111E-01
    4.200000      1.278191086281E+00      9.661860810993E-01
    4.300000      1.278510809526E+00      9.662246565193E-01
    4.400000      1.278814340382E+00      9.660558609806E-01
    4.500000      1.279055630744E+00      9.656328924784E-01
    4.600000      1.279215134899E+00      9.649546091896E-01
    4.700000      1.279326053137E+00      9.640652810024E-01
    4.800000      1.279456304923E+00      9.630458109794E-01
    4.900000      1.279664928241E+00      9.619997641143E-01
    5.000000      1.279954321040E+00      9.610368591831E-01
    5.100000      1.280264675632E+00      9.602552764456E-01
    5.200000      1.280507402854E+00      9.597242385628E-01
    5.300000      1.280606239780E+00      9.594699886828E-01
    5.400000      1.280531681614E+00      9.594696684448E-01
    5.500000      1.280313708288E+00      9.596567047272E-01
    5.600000      1.280026065774E+00      9.599379165013E-01
    5.700000      1.279758776582E+00      9.602183790112E-01
    5.800000      1.279595397779E+00      9.604273653857E-01
    5.900000      1.279594486252E+00      9.605384854341E-01
    6.000000      1.279775038306E+00      9.605788648566E-01
    6.100000      1.280104841854E+00      9.606245932843E-01
    6.200000      1.280499273289E+00      9.607821433479E-01
    6.300000      1.280844843720E+00      9.611584389060E-01
    6.400000      1.281047295180E+00      9.618260221640E-01
    6.500000      1.281075263426E+00      9.627932222857E-01
    6.600000      1.280965086003E+00      9.639899793745E-01
    6.700000      1.280785094899E+00      9.652761982497E-01
    6.800000      1.280587398123E+00      9.664718954255E-01
    6.900000      1.280384749768E+00      9.674003791357E-01
    7.000000      1.280165248351E+00      9.679313139252E-01
    7.100000      1.279911715567E+00      9.680116194158E-01
    7.200000      1.279598485609E+00      9.676772273928E-01
    7.300000      1.279195023791E+00      9.670444588017E-01
    7.400000      1.278697867132E+00      9.662838697664E-01
    7.500000      1.278164884764E+00      9.655819065711E-01
    7.600000      1.277707018937E+00      9.650978355722E-01
    7.700000      1.277423019141E+00      9.649254302314E-01
    7.800000      1.277345258975E+00      9.650693813737E-01
    7.900000      1.277454704824E+00      9.654436573780E-01
    8.000000      1.277708847411E+00      9.658930697363E-01
    8.100000      1.278047080055E+00      9.662323031958E-01
    8.200000      1.278396788431E+00      9.662917138627E-01
    8.300000      1.278679371913E+00      9.659581692961E-01
    8.400000      1.278823996820E+00      9.652017506111E-01
    8.500000      1.278794512004E+00      9.640833331471E-01
    8.600000      1.278616368840E+00      9.627421050417E-01
    8.700000      1.278375110324E+00      9.613655033197E-01
    8.800000      1.278178316636E+00      9.601474122885E-01
    8.900000      1.278108191657E+00      9.592439484212E-01
    9.000000      1.278199243588E+00      9.587384555538E-01
    9.100000      1.278430969528E+00      9.586262626063E-01
    9.200000      1.278730716470E+00      9.588241839595E-01
    9.300000      1.279000878465E+00      9.592012639731E-01
    9.400000      1.279161435834E+00      9.596198242924E-01
    9.500000      1.279179114508E+00      9.599732353643E-01
    9.600000      1.279072183250E+00      9.602098786795E-01
    9.700000      1.278897442882E+00      9.603390120712E-01
    9.800000      1.278737421815E+00      9.604201220509E-01
    9.900000      1.278687603139E+00      9.605409094778E-01
   10.000000      1.278822983270E+00      9.607905765138E-01
   10.100000      1.279154440803E+00      9.612353923456E-01
   10.200000      1.279604554639E+00      9.619025350473E-01
   10.300000      1.280026193707E+00      9.627754050808E-01
   10.400000      1.280267974467E+00      9.637994851911E-01
   10.500000      1.280249340227E+00      9.648943359573E-01
   10.600000      1.279992972521E+00      9.659665000553E-01
   10.700000      1.279605408145E+00      9.669202704010E-01
   10.800000      1.279224772227E+00      9.676666760999E-01
   10.900000      1.278956700178E+00      9.681330898081E-01
   11.000000      1.278833666786E+00      9.682750569819E-01
   11.100000      1.278810203151E+00      9.680888059772E-01
   11.200000      1.278785962296E+00      9.676195597585E-01
   11.300000      1.278662029997E+00      9.669597027796E-01
   11.400000      1.278388778582E+00      9.662333647845E-01
   11.500000      1.277986123866E+00      9.655692787972E-01
   11.600000      1.277537274739E+00      9.650692448858E-01
   11.700000      1.277157224836E+00      9.647822563953E-01
   11.800000      1.276943460511E+00      9.646928568609E-01
   11.900000      1.276936786312E+00      9.647273664937E-01
   12.000000      1.277119114226E+00      9.647755678083E-01
   12.100000      1.277439432335E+00      9.647207295136E-01
   12.200000      1.277833036017E+00      9.644690021117E-01
   12.300000      1.278226290602E+00      9.639705004703E-01
   12.400000      1.278536721575E+00      9.632279525294E-01
   12.500000      1.278684943176E+00      9.622930661431E-01
   12.600000      1.278627775596E+00      9.612540492608E-01
   12.700000      1.278381125449E+00      9.602189246069E-01
   12.800000      1.278015311925E+00      9.592984316485E-01
   12.900000      1.277632742561E+00      9.585904532110E-01
   13.000000      1.277338740693E+00      9.581664536899E-01
   13.100000      1.277218980841E+00      9.580602866472E-01
   13.200000      1.277323232431E+00      9.582608025104E-01
   13.300000      1.277653945616E+00      9.587109430868E-01
   13.400000      1.278161654744E+00      9.593162052598E-01
   13.500000      1.278741015750E+00      9.599637104267E-01
   13.600000      1.279251044009E+00      9.605496666608E-01
   13.700000      1.279570767188E+00      9.610087562432E-01
   13.800000      1.279640530404E+00      9.613358579001E-01
   13.900000      1.279479281116E+00      9.615907664165E-01
   14.000000      1.279179679170E+00      9.618813117475E-01
   14.100000      1.278875226435E+00      9.623281582965E-01
   14.200000      1.278694007934E+00      9.630220712065E-01
   14.300000      1.278718918648E+00      9.639879620875E-01
   14.400000      1.278963746793E+00      9.651680272400E-01
   14.500000      1.279364454869E+00      9.664298397787E-01
   14.600000      1.279796408974E+00      9.675970273777E-01
   14.700000      1.280125875041E+00      9.684930829667E-01
   14.800000      1.280255773170E+00      9.689851707637E-01
   14.900000      1.280151609524E+00      9.690155210241E-01
   15.000000      1.279853961404E+00      9.686126129471E-01
   15.100000      1.279460926807E+00      9.678809200323E-01
   15.200000      1.279083224010E+00      9.669740667060E-01
   15.300000      1.278800112541E+00      9.660598150550E-01
   15.400000      1.278642302243E+00      9.652855997888E-01
   15.500000      1.278597121021E+00      9.647510859650E-01
   15.600000      1.278631714972E+00      9.644912135913E-01
   15.700000      1.278717720487E+00      9.644710872310E-01
   15.800000      1.278835006901E+00      9.645932330350E-01
   15.900000      1.278961947176E+00      9.647171058470E-01
   16.000000      1.279064878985E+00      9.646890181658E-01
   16.100000      1.279096798516E+00      9.643778535406E-01
   16.200000      1.279008626538E+00      9.637093237757E-01
   16.300000      1.278767159259E+00      9.626905248014E-01
   16.400000      1.278375393610E+00      9.614175966220E-01
   16.500000      1.277887606243E+00      9.600621762954E-01
   16.600000      1.277404240734E+00      9.588368839894E-01
   16.700000      1.277045634809E+00      9.579459957799E-01
   16.800000      1.276914154435E+00      9.575333174521E-01
   16.900000      1.277058486160E+00      9.576424329218E-01
   17.000000      1.277452875081E+00      9.582025943342E-01
   17.100000      1.277996950006E+00      9.590463590340E-01
   17.200000      1.278540643110E+00      9.599551050018E-01
   17.300000      1.278927256650E+00      9.607195422504E-01
   17.400000      1.279043399317E+00      9.611975082815E-01
   17.500000      1.278857206092E+00      9.613521670178E-01
   17.600000      1.278432324732E+00      9.612597262864E-01
   17.700000      1.277912109721E+00      9.610848904707E-01
   17.800000      1.277473626888E+00      9.610315787300E-01
   17.900000      1.277273372257E+00      9.612831747748E-01
   18.000000      1.277393767496E+00      9.619489789576E-01
   18.100000      1.277796264048E+00      9.630313519055E-01
   18.200000      1.278354221395E+00      9.644222068246E-01
   18.300000      1.278915793730E+00      9.659294847280E-01
   18.400000      1.279348681078E+00      9.673257728219E-01
   18.500000      1.279578886863E+00      9.684045968098E-01
   18.600000      1.279610651864E+00      9.690277776725E-01
   18.700000      1.279511865052E+00      9.691510826716E-01
   18.800000      1.279368808535E+00      9.688237919101E-01
   18.900000      1.279256711242E+00      9.681666288365E-01
   19.000000      1.279237667102E+00      9.673377134474E-01
   19.100000      1.279352826456E+00      9.664966036953E-01
   19.200000      1.279610267483E+00      9.657738631717E-01
   19.300000      1.279978615908E+00      9.652503767384E-01
   19.400000      1.280395770893E+00      9.649480506058E-01
   19.500000      1.280789534529E+00      9.648316373583E-01
   19.600000      1.281095247907E+00      9.648200973746E-01
   19.700000      1.281263918218E+00      9.648051581241E-01
   19.800000      1.281264679085E+00      9.646743578432E-01
   19.900000      1.281096037093E+00      9.643354218762E-01
   20.000000      1.280799699635E+00      9.637381608619E-01
   20.100000      1.280447068008E+00      9.628895933828E-01
   20.200000      1.280098632284E+00      9.618582623200E-01
   20.300000      1.279773497336E+00      9.607650677592E-01
   20.400000      1.279461697045E+00      9.597604658227E-01
   20.500000      1.279163023971E+00      9.589914802548E-01
   20.600000      1.278911617056E+00      9.585659701493E-01
   20.700000      1.278766340121E+00      9.585243664459E-01
   20.800000      1.278772198023E+00      9.588286081154E-01
   20.900000      1.278920136197E+00      9.593733559720E-01
   21.000000      1.279144436338E+00      9.600170686854E-01
   21.100000      1.279357555870E+00      9.606233357956E-01
   21.200000      1.279477192480E+00      9.610991301543E-01
   21.300000      1.279443052776E+00      9.614178199384E-01
   21.400000      1.279232668176E+00      9.616201928862E-01
   21.500000      1.278873714194E+00      9.617943029621E-01
   21.600000      1.278445406844E+00      9.620420413600E-01
   21.700000      1.278048906498E+00      9.624444494553E-01
   21.800000      1.277764536791E+00      9.630372606708E-01
   21.900000      1.277629718071E+00      9.638031622578E-01
   22.000000      1.277641649322E+00      9.646802603860E-01
   22.100000      1.277774603474E+00      9.655807613962E-01
   22.200000      1.277990354478E+00      9.664122384302E-01
   22.300000      1.278235078791E+00      9.670955478743E-01
   22.400000      1.278439767635E+00      9.675761834748E-01
   22.500000      1.278555548885E+00      9.678280049672E-01
   22.600000      1.278593347890E+00      9.678501719279E-01
   22.700000      1.278614009829E+00      9.676604214883E-01
   22.800000      1.278679927740E+00      9.672894136986E-01
   22.900000      1.278815588701E+00      9.667794136145E-01
   23.000000      1.279016489963E+00      9.661858412711E-01
   23.100000      1.279276624842E+00      9.655757657773E-01
   23.200000      1.279589427592E+00      9.650178261849E-01
   23.300000      1.279933265227E+00      9.645640639591E-01
   23.400000      1.280266637913E+00      9.642312433633E-01
   23.500000      1.280535265903E+00      9.639916482152E-01
   23.600000      1.280684658920E+00      9.637792459815E-01
   23.700000      1.280675478407E+00      9.635097411271E-01
   23.800000      1.280493678722E+00      9.631072742628E-01
   23.900000      1.280156026306E+00      9.625289429109E-01
   24.000000      1.279714464871E+00      9.617802825221E-01
   24.100000      1.279253818160E+00      9.609182660734E-01
   24.200000      1.278870732549E+00      9.600416592391E-01
   24.300000      1.278646915755E+00      9.592711308532E-01
   24.400000      1.278636191537E+00      9.587233621756E-01
   24.500000      1.278851944415E+00      9.584846233326E-01
   24.600000      1.279241758459E+00      9.585898637050E-01
   24.700000      1.279677703749E+00      9.590129657470E-01
   24.800000      1.279999123594E+00      9.596718327997E-01
   24.900000      1.280088993820E+00      9.604481204046E-01
   25.000000      1.279927951759E+00      9.612165807059E-01
   25.100000      1.279590050328E+00      9.618754189382E-01
   25.200000      1.279193909205E+00      9.623689386916E-01
   25.300000      1.278836346224E+00      9.626971454786E-01
   25.400000      1.278535795256E+00      9.629114575453E-01
   25.500000      1.278274642026E+00      9.630985717431E-01
   25.600000      1.278039586576E+00      9.633556147645E-01
   25.700000      1.277827368245E+00      9.637609825108E-01
   25.800000      1.277641967758E+00      9.643478799795E-01
   25.900000      1.277492935613E+00      9.650895621606E-01
   26.000000      1.277387366902E+00      9.659032556204E-01
   26.100000      1.277327713748E+00      9.666728680146E-01
   26.200000      1.277314963444E+00      9.672823140146E-01
   26.300000      1.277351111993E+00      9.676467593169E-01
   26.400000      1.277445084951E+00      9.677309314254E-01
   26.500000      1.277614272615E+00      9.675502039723E-01
   26.600000      1.277869011963E+00      9.671573942209E-01
   26.700000      1.278196807726E+00      9.666227810110E-01
   26.800000      1.278563841876E+00      9.660155716340E-01
   26.900000      1.278927136580E+00      9.653925045385E-01
   27.000000      1.279246199405E+00      9.647949762518E-01
   27.100000      1.279491127674E+00      9.642519371522E-01
   27.200000      1.279652776747E+00      9.637836209891E-01
   27.300000      1.279746073142E+00      9.634019027918E-01
   27.400000      1.279803171963E+00      9.631062041942E-01
   27.500000      1.279856134340E+00      9.628775800969E-01
   27.600000      1.279912092502E+00      9.626758432223E-01
   27.700000      1.279941565766E+00      9.624441421122E-01
   27.800000      1.279891916021E+00      9.621225329767E-01
   27.900000      1.279718236539E+00      9.616679884354E-01
   28.000000      1.279413050429E+00      9.610745237659E-01
   28.100000      1.279023025596E+00      9.603853216878E-01
   28.200000      1.278638510625E+00      9.596902662601E-01
   28.300000      1.278354607002E+00      9.591072961872E-01
   28.400000      1.278233292225E+00      9.587525284033E-01
   28.500000      1.278288825643E+00      9.587089190565E-01
   28.600000      1.278493967541E+00      9.590039027334E-01
   28.700000      1.278790864127E+00      9.596029719391E-01
   28.800000      1.279102268486E+00      9.604204503494E-01
   28.900000      1.279347763312E+00      9.613430946304E-01
   29.000000      1.279455384096E+00      9.622584357960E-01
   29.100000      1.279380667360E+00      9.630790618780E-01
   29.200000      1.279122669557E+00      9.637564687084E-01
   29.300000      1.278723584890E+00      9.642824401249E-01
   29.400000      1.278249590080E+00      9.646801454979E-01
   29.500000      1.277765940579E+00      9.649897157394E-01
   29.600000      1.277310983978E+00      9.652535503447E-01
   29.700000      1.276892037440E+00      9.655053233479E-01
   29.800000      1.276512903077E+00      9.657642485241E-01
   29.900000      1.276198782068E+00      9.660337351810E-01
   30.000000      1.276000619861E+00      9.663023964185E-01
   30.100000      1.275984084020E+00      9.665459172870E-01
   30.200000      1.276193987575E+00      9.667296625087E-01
   30.300000      1.276624711098E+00      9.668127874718E-01
   30.400000      1.277215082242E+00      9.667545400316E-01
   30.500000      1.277860445799E+00      9.665227781532E-01
   30.600000      1.278439623827E+00      9.661037554643E-01
   30.700000      1.278853336033E+00      9.655108992256E-01
   30.800000      1.279057990957E+00      9.647890582474E-01
   30.900000      1.279084749762E+00      9.640107336618E-01
   31.000000      1.279025558620E+00      9.632629993672E-01
   31.100000      1.278999247001E+00      9.626275133734E-01
   31.200000      1.279106704471E+00      9.621593015161E-01
   31.300000      1.279394277577E+00      9.618711712742E-01
   31.400000      1.279833156698E+00      9.617292740664E-01
   31.500000      1.280321462336E+00      9.616621593606E-01
   31.600000      1.280714409476E+00      9.615816861135E-01
   31.700000      1.280876276480E+00      9.614103879683E-01
   31.800000      1.280738438668E+00      9.611073547533E-01
   31.900000      1.280334477106E+00      9.606843639287E-01
   32.000000      1.279787257607E+00      9.602063762236E-01
   32.100000      1.279265015792E+00      9.597751950363E-01
   32.200000      1.278928771502E+00      9.595006936630E-01
   32.300000      1.278878631225E+00      9.594685752820E-01
   32.400000      1.279123400672E+00      9.597153039827E-01
   32.500000      1.279577163460E+00      9.602186632050E-01
   32.600000      1.280091999383E+00      9.609068620134E-01
   32.700000      1.280514876696E+00      9.616822815894E-01
   32.800000      1.280729387943E+00      9.624507178901E-01
   32.900000      1.280677920707E+00      9.631456130882E-01
   33.000000      1.280366800628E+00      9.637396877052E-01
   33.100000      1.279845378079E+00      9.642419521135E-01
   33.200000      1.279183632747E+00      9.646836503182E-01
   33.300000      1.278468403040E+00      9.651000394280E-01
   33.400000      1.277796434739E+00      9.655150837107E-01
   33.500000      1.277254233892E+00      9.659335735418E-01
   33.600000      1.276894823092E+00      9.663413044319E-01
   33.700000      1.276724598288E+00      9.667106028060E-01
   33.800000      1.276705963439E+00      9.670071312618E-01
   33.900000      1.276775762463E+00      9.671949503543E-01
   34.000000      1.276872112686E+00      9.672393594383E-01
   34.100000      1.276956758053E+00      9.671093797248E-01
   34.200000      1.277022971350E+00      9.667823759308E-01
   34.300000      1.277084592046E+00      9.662518312201E-01
   34.400000      1.277157600645E+00      9.655365517460E-01
   34.500000      1.277249509318E+00      9.646871247002E-01
   34.600000      1.277364681282E+00      9.637847175026E-01
   34.700000      1.277516580814E+00      9.629290651335E-01
   34.800000      1.277733576770E+00      9.622165567155E-01
   34.900000      1.278049642129E+00      9.617142944264E-01
   35.000000      1.278478271361E+00      9.614394299058E-01
   35.100000      1.278987823030E+00      9.613526658965E-01
   35.200000      1.279498701584E+00      9.613699758518E-01
   35.300000      1.279904546975E+00      9.613893191288E-01
   35.400000      1.280107338808E+00      9.613229577104E-01
   35.500000      1.280054010039E+00      9.611239024133E-01
   35.600000      1.279755272131E+00      9.607978149163E-01
   35.700000      1.279283747793E+00      9.603977792064E-01
   35.800000      1.278761373472E+00      9.600058454989E-01
   35.900000      1.278335618736E+00      9.597093814330E-01
   36.000000      1.278140931663E+00      9.595805564207E-01
   36.100000      1.278262337530E+00      9.596641099022E-01
   36.200000      1.278711887079E+00      9.599739311830E-01
   36.300000      1.279420247761E+00      9.604955060901E-01
   36.400000      1.280247132211E+00      9.611906409124E-01
   36.500000      1.281014733567E+00      9.620027418379E-01
   36.600000      1.281556687235E+00      9.628632437926E-01
   36.700000      1.281761379682E+00      9.637003999555E-01
   36.800000      1.281595656355E+00      9.644501946615E-01
   36.900000      1.281106816745E+00      9.650672419343E-01
   37.000000      1.280404824248E+00      9.655329157470E-01
   37.100000      1.279628326203E+00      9.658586268218E-01
   37.200000      1.278906260173E+00      9.660828662362E-01
   37.300000      1.278339920098E+00      9.662610600766E-01
   37.400000      1.277992838324E+00      9.664487099049E-01
   37.500000      1.277878480848E+00      9.666815102187E-01
   37.600000      1.277950674490E+00      9.669593677076E-01
   37.700000      1.278109652307E+00      9.672414109047E-01
   37.800000      1.278233467379E+00      9.674550851948E-01
   37.900000      1.278230050229E+00      9.675165139547E-01
   38.000000      1.278079436508E+00      9.673549318378E-01
   38.100000      1.277838540693E+00      9.669330641855E-01
   38.200000      1.277600176181E+00      9.662575291163E-01
   38.300000      1.277440684870E+00      9.653772401317E-01
   38.400000      1.277404093974E+00      9.643717807578E-01
   38.500000      1.277501947609E+00      9.633344072523E-01
   38.600000      1.277716636210E+00      9.623549277365E-01
   38.700000      1.278005370428E+00      9.615064010570E-01
   38.800000      1.278305897382E+00      9.608373366751E-01
   38.900000      1.278547575510E+00      9.603689672095E-01
   39.000000      1.278677920975E+00      9.600960980979E-01
   39.100000      1.278696019911E+00      9.599903334939E-01
   39.200000      1.278652973562E+00      9.600054986049E-01
   39.300000      1.278616733970E+00      9.600855927071E-01
   39.400000      1.278639233589E+00      9.601750361256E-01
   39.500000      1.278736413407E+00      9.602299874987E-01
   39.600000      1.278871948742E+00      9.602288876394E-01
   39.700000      1.278964276238E+00      9.601798791379E-01
   39.800000      1.278935170815E+00      9.601220035857E-01
   39.900000      1.278770252883E+00      9.601172797299E-01
   40.000000      1.278547835353E+00      9.602337085511E-01
   40.100000      1.278407069865E+00      9.605242505969E-01
   40.200000      1.278463906719E+00      9.610100416901E-01
   40.300000      1.278747527712E+00      9.616743049297E-01
   40.400000      1.279206405467E+00      9.624677636271E-01
   40.500000      1.279742084454E+00      9.633214107274E-01
   40.600000      1.280232121564E+00      9.641613977189E-01
   40.700000      1.280552368541E+00      9.649226425148E-01
   40.800000      1.280608061832E+00      9.655595738570E-01
   40.900000      1.280356007194E+00      9.660527917580E-01
   41.000000      1.279825806869E+00      9.664102206007E-01
   41.100000      1.279129988187E+00      9.666619064627E-01
   41.200000      1.278431635410E+00      9.668491462516E-01
   41.300000      1.277892146039E+00      9.670103603601E-01
   41.400000      1.277620686066E+00      9.671672801000E-01
   41.500000      1.277642546818E+00      9.673152918040E-01
   41.600000      1.277894637346E+00      9.674210804146E-01
   41.700000      1.278246298080E+00      9.674290678197E-01
   41.800000      1.278545820425E+00      9.672757899254E-01
   41.900000      1.278683864478E+00      9.669088878810E-01
   42.000000      1.278634110478E+00      9.663055837115E-01
   42.100000      1.278452358241E+00      9.654850039122E-01
   42.200000      1.278241293827E+00      9.645097898167E-01
   42.300000      1.278103538723E+00      9.634750827427E-01
   42.400000      1.278103631046E+00      9.624868785087E-01
   42.500000      1.278249662946E+00      9.616359133314E-01
   42.600000      1.278498363306E+00      9.609758078388E-01
   42.700000      1.278776116329E+00      9.605132936728E-01
   42.800000      1.279006176197E+00      9.602137489090E-01
   42.900000      1.279133945888E+00      9.600191239729E-01
   43.000000      1.279141349329E+00      9.598708748153E-01
   43.100000      1.279051548066E+00      9.597297088934E-01
   43.200000      1.278923947677E+00      9.595863773644E-01
   43.300000      1.278835523419E+00      9.594615402447E-01
   43.400000      1.278849613024E+00      9.593962235807E-01
   43.500000      1.278981745383E+00      9.594368143007E-01
   43.600000      1.279187017034E+00      9.596196382831E-01
   43.700000      1.279388448388E+00      9.599597848334E-01
   43.800000      1.279527793117E+00      9.604470950805E-01
   43.900000      1.279593663495E+00      9.610497496719E-01
   44.000000      1.279615636815E+00      9.617235721121E-01
   44.100000      1.279638065695E+00      9.624236926561E-01
   44.200000      1.279695212690E+00      9.631148405753E-01
   44.300000      1.279800076428E+00      9.637771891171E-01
   44.400000      1.279944184729E+00      9.644061697842E-01
   44.500000      1.280099592597E+00      9.650066697844E-01
   44.600000      1.280223498905E+00      9.655839977510E-01
   44.700000      1.280267262816E+00      9.661352662054E-01
   44.800000      1.280187712455E+00      9.666447970731E-01
   44.900000      1.279964142067E+00      9.670856347134E-01
   45.000000      1.279621886037E+00      9.674267345576E-01
   45.100000      1.279245185984E+00      9.676429286602E-01
   45.200000      1.278954385045E+00      9.677234717339E-01
   45.300000      1.278845343892E+00      9.676754430192E-01
   45.400000      1.278940820329E+00      9.675203071535E-01
   45.500000      1.279180151396E+00      9.672846718356E-01
   45.600000      1.279445110479E+00      9.669886762133E-01
   45.700000      1.279610582322E+00      9.666366310545E-01
   45.800000      1.279592781291E+00      9.662140179067E-01
   45.900000      1.279372657160E+00      9.656927807702E-01
   46.000000      1.278990462986E+00      9.650437055656E-01
   46.100000      1.278530714534E+00      9.642518017638E-01
   46.200000      1.278104596240E+00      9.633292064577E-01
   46.300000      1.277814610297E+00      9.623208111754E-01
   46.400000      1.277710743947E+00      9.613002305925E-01
   46.500000      1.277763856097E+00      9.603569112476E-01
   46.600000      1.277875607098E+00      9.595779998034E-01
   46.700000      1.277928559940E+00      9.590301366600E-01
   46.800000      1.277851518163E+00      9.587460930590E-01
   46.900000      1.277658956227E+00      9.587192633851E-01
   47.000000      1.277440383027E+00      9.589063804993E-01
   47.100000      1.277302218639E+00      9.592367474777E-01
   47.200000      1.277304328805E+00      9.596256060488E-01
   47.300000      1.277438343946E+00      9.599897416895E-01
   47.400000      1.277632900929E+00      9.602639792634E-01
   47.500000      1.277775825839E+00      9.604168593799E-01
   47.600000      1.277761655866E+00      9.604624275261E-01
   47.700000      1.277542552576E+00      9.604637052061E-01
   47.800000      1.277158993041E+00      9.605235267181E-01
   47.900000      1.276735105456E+00      9.607610583635E-01
   48.000000      1.276436737726E+00      9.612772776214E-01
   48.100000      1.276405502516E+00      9.621182996678E-01
   48.200000      1.276699919673E+00      9.632490102566E-01
   48.300000      1.277273858459E+00      9.645485103144E-01
   48.400000      1.277986594328E+00      9.658326836252E-01
   48.500000      1.278638076234E+00      9.668997693660E-01
   48.600000      1.279033629625E+00      9.675860967396E-01
   48.700000      1.279047247960E+00      9.678146836383E-01
   48.800000      1.278671070057E+00      9.676205529169E-01
   48.900000      1.278033390449E+00      9.671427654697E-01
   49.000000      1.277369107051E+00      9.665830412382E-01
   49.100000      1.276943932266E+00      9.661424019886E-01
   49.200000      1.276959724010E+00      9.659565327806E-01
   49.300000      1.277483431208E+00      9.660524905046E-01
   49.400000      1.278422107862E+00      9.663417584052E-01
   49.500000      1.279541644510E+00      9.666508351814E-01
   49.600000      1.280540689776E+00      9.667774865239E-01
   49.700000      1.281150683475E+00      9.665537983016E-01
   49.800000      1.281214348779E+00      9.658970894500E-01
   49.900000      1.280731103685E+00      9.648345875272E-01
   50.000000      1.279858570455E+00      9.634957066471E-01
   50.100000      1.278863170964E+00      9.620754601560E-01
   50.200000      1.278025273608E+00      9.607815420900E-01
   50.300000      1.277543673179E+00      9.597823380768E-01
   50.400000      1.277486924823E+00      9.591712917082E-01
   50.500000      1.277788989682E+00      9.589557088537E-01
   50.600000      1.278279318096E+00      9.590689386956E-01
   50.700000      1.278750108745E+00      9.593978435312E-01
   50.800000      1.279045537158E+00      9.598147935401E-01
   50.900000      1.279115489166E+00      9.602052095934E-01
   51.000000      1.279008799010E+00      9.604862939979E-01
   51.100000      1.278830571072E+00      9.606172919702E-01
   51.200000      1.278683117238E+00      9.606036984295E-01
   51.300000      1.278617512021E+00      9.604963388119E-01
   51.400000      1.278626450590E+00      9.603832803278E-01
   51.500000      1.278667224843E+00      9.603719354436E-01
   51.600000      1.278690249241E+00      9.605625799291E-01
   51.700000      1.278659175673E+00      9.610204253711E-01
   51.800000      1.278563412397E+00      9.617561883208E-01
   51.900000      1.278422482542E+00      9.627219076154E-01
   52.000000      1.278283773966E+00      9.638220102004E-01
   52.100000      1.278210241231E+00      9.649344456832E-01
   52.200000      1.278255675636E+00      9.659356765097E-01
   52.300000      1.278443664361E+00      9.667246376475E-01
   52.400000      1.278741873334E+00      9.672416034738E-01
   52.500000      1.279050245186E+00      9.674779856790E-01
   52.600000      1.279253504824E+00      9.674743437788E-01
   52.700000      1.279295612543E+00      9.673070784090E-01
   52.800000      1.279221190693E+00      9.670677197505E-01
   52.900000      1.279159152515E+00      9.668403762871E-01
   53.000000      1.279246041206E+00      9.666824813874E-01
   53.100000      1.279539141029E+00      9.666125118529E-01
   53.200000      1.279998808018E+00      9.666066676549E-01
   53.300000      1.280532401429E+00      9.666047781886E-01
   53.400000      1.281044153668E+00      9.665240814267E-01
   53.500000      1.281457255562E+00      9.662782703516E-01
   53.600000      1.281720530580E+00      9.657983843330E-01
   53.700000      1.281813118059E+00      9.650516914656E-01
   53.800000      1.281737313686E+00      9.640547758709E-01
   53.900000      1.281499538821E+00      9.628776942988E-01
   54.000000      1.281116623518E+00      9.616371228809E-01
   54.100000      1.280644834277E+00      9.604779343353E-01
   54.200000      1.280182834876E+00      9.595452600449E-01
   54.300000      1.279837816671E+00      9.589528927895E-01
   54.400000      1.279676819445E+00      9.587569976906E-01
   54.500000      1.279695953217E+00      9.589436003688E-01
   54.600000      1.279833527608E+00      9.594333991095E-01
   54.700000      1.280010936720E+00      9.601010096322E-01
   54.800000      1.280169013633E+00      9.608019745196E-01
   54.900000      1.280272604228E+00      9.614011985434E-01
   55.000000      1.280287737712E+00      9.617986672999E-01
   55.100000      1.280170580619E+00      9.619494259034E-01
   55.200000      1.279893379605E+00      9.618743349722E-01
   55.300000      1.279477646209E+00      9.616579251692E-01
   55.400000      1.278988861758E+00      9.614314497547E-01
   55.500000      1.278503517435E+00      9.613429133039E-01
   55.600000      1.278087313508E+00      9.615200225440E-01
   55.700000      1.277782132329E+00      9.620350869956E-01
   55.800000      1.277605596524E+00      9.628816939203E-01
   55.900000      1.277551310370E+00      9.639707887625E-01
   56.000000      1.277580699896E+00      9.651487498198E-01
   56.100000      1.277623791112E+00      9.662335228455E-01
   56.200000      1.277607647599E+00      9.670591792732E-01
   56.300000      1.277483395907E+00      9.675165352209E-01
   56.400000      1.277241568175E+00      9.675786156735E-01
   56.500000      1.276922668781E+00      9.673041395131E-01
   56.600000      1.276612894027E+00      9.668183130954E-01
   56.700000      1.276425849398E+00      9.662764067870E-01
   56.800000      1.276469593446E+00      9.658203424063E-01
   56.900000      1.276806794158E+00      9.655404800366E-01
   57.000000      1.277424007788E+00      9.654531390234E-01
   57.100000      1.278230677799E+00      9.654995078909E-01
   57.200000      1.279083454884E+00      9.655652144513E-01
   57.300000      1.279820644135E+00      9.655141830226E-01
   57.400000      1.280301698028E+00      9.652271378655E-01
   57.500000      1.280440980821E+00      9.646347264511E-01
   57.600000      1.280227391696E+00      9.637373460214E-01
   57.700000      1.279728831781E+00      9.626075373732E-01
   57.800000      1.279076887348E+00      9.613752301619E-01
   57.900000      1.278432486289E+00      9.602000765890E-01
   58.000000      1.277947726011E+00      9.592377048215E-01
   58.100000      1.277735523942E+00      9.586076145311E-01
   58.200000      1.277851142304E+00      9.583697924236E-01
   58.300000      1.278265263752E+00      9.585152102431E-01
   58.400000      1.278843533867E+00      9.589722724726E-01
   58.500000      1.279391320534E+00      9.596272493742E-01
   58.600000      1.279736151579E+00      9.603527409803E-01
   58.700000      1.279794689728E+00      9.610359244056E-01
   58.800000      1.279597215218E+00      9.615990406271E-01
   58.900000      1.279259333894E+00      9.620080698375E-01
   59.000000      1.278921402382E+00      9.622700498950E-01
   59.100000      1.278687171423E+00      9.624228501857E-01
   59.200000      1.278589870361E+00      9.625222192162E-01
   59.300000      1.278599254170E+00      9.626297645663E-01
   59.400000      1.278648614191E+00      9.628033055378E-01
   59.500000      1.278659273249E+00      9.630890836168E-01
   59.600000      1.278565732805E+00      9.635146227894E-01
   59.700000      1.278338310969E+00      9.640818918385E-01
   59.800000      1.277988034475E+00      9.647622126796E-01
   59.900000      1.277557875134E+00      9.654957795847E-01
   60.000000      1.277110780518E+00      9.661984833024E-01
   60.100000      1.276717204544E+00      9.667766981537E-01
   60.200000      1.276446090536E+00      9.671476856125E-01
   60.300000      1.276357711635E+00      9.672606706074E-01
   60.400000      1.276491910591E+00      9.671123975046E-01
   60.500000      1.276851426567E+00      9.667514058394E-01
   60.600000      1.277387404920E+00      9.662676127919E-01
   60.700000      1.277997738769E+00      9.657681870879E-01
   60.800000      1.278560694950E+00      9.653462046014E-01
   60.900000      1.278990407598E+00      9.650525720771E-01
   61.000000      1.279273720813E+00      9.648813200165E-01
   61.100000      1.279465560188E+00      9.647731138754E-01
   61.200000      1.279640716931E+00      9.646346067253E-01
   61.300000      1.279844675379E+00      9.643661741914E-01
   61.400000      1.280082577283E+00      9.638896869552E-01
   61.500000      1.280330009415E+00      9.631701568526E-01
   61.600000      1.280541319403E+00      9.622278656308E-01
   61.700000      1.280648849864E+00      9.611395414106E-01
   61.800000      1.280581435950E+00      9.600284750457E-01
   61.900000      1.280319368669E+00      9.590448056539E-01
   62.000000      1.279913288207E+00      9.583386919823E-01
   62.100000      1.279466841831E+00      9.580305079378E-01
   62.200000      1.279101621606E+00      9.581834274182E-01
   62.300000      1.278920522311E+00      9.587846062122E-01
   62.400000      1.278973601019E+00      9.597409327256E-01
   62.500000      1.279238038011E+00      9.608930124832E-01
   62.600000      1.279632302135E+00      9.620464601106E-01
   62.700000      1.280036000141E+00      9.630141360230E-01
   62.800000      1.280326883478E+00      9.636591390934E-01
   62.900000      1.280414173452E+00      9.639277097034E-01
   63.000000      1.280255793257E+00      9.638632653018E-01
   63.100000      1.279867229442E+00      9.635963655102E-01
   63.200000      1.279316759296E+00      9.633104520067E-01
   63.300000      1.278702578289E+00      9.631903775422E-01
   63.400000      1.278122165276E+00      9.633684556015E-01
   63.500000      1.277647652841E+00      9.638862503478E-01
   63.600000      1.277317000631E+00      9.646853886244E-01
   63.700000      1.277138298388E+00      9.656287228241E-01
   63.800000      1.277084854173E+00      9.665412739680E-01
   63.900000      1.277095234125E+00      9.672554120426E-01
   64.000000      1.277097248635E+00      9.676476586706E-01
   64.100000      1.277039231370E+00      9.676608020032E-01
   64.200000      1.276905604457E+00      9.673100158734E-01
   64.300000      1.276722281542E+00      9.666743494964E-01
   64.400000      1.276551757351E+00      9.658767151760E-01
   64.500000      1.276466010883E+00      9.650570620017E-01
   64.600000      1.276527747204E+00      9.643441024886E-01
   64.700000      1.276781981005E+00      9.638303348198E-01
   64.800000      1.277231497923E+00      9.635539234470E-01
   64.900000      1.277823376059E+00      9.634902045818E-01
   65.000000      1.278469749146E+00      9.635551047774E-01
   65.100000      1.279079670365E+00      9.636216507005E-01
   65.200000      1.279573083970E+00      9.635482953487E-01
   65.300000      1.279886982898E+00      9.632143959216E-01
   65.400000      1.279987153833E+00      9.625551958564E-01
   65.500000      1.279873589074E+00      9.615873549805E-01
   65.600000      1.279579675003E+00      9.604168872805E-01
   65.700000      1.279178528593E+00      9.592243159000E-01
   65.800000      1.278782210051E+00      9.582271656559E-01
   65.900000      1.278513097728E+00      9.576273173576E-01
   66.000000      1.278462690528E+00      9.575578517747E-01
   66.100000      1.278670474489E+00      9.580465487462E-01
   66.200000      1.279118500528E+00      9.590083430491E-01
   66.300000      1.279735967099E+00      9.602685616749E-01
   66.400000      1.280414082799E+00      9.616082282405E-01
   66.500000      1.281022815372E+00      9.628170419380E-01
   66.600000      1.281434440397E+00      9.637397870535E-01
   66.700000      1.281557121493E+00      9.643057101196E-01
   66.800000      1.281366514301E+00      9.645355119448E-01
   66.900000      1.280918026332E+00      9.645260991233E-01
   67.000000      1.280328149410E+00      9.644185509697E-01
   67.100000      1.279725749865E+00      9.643586189496E-01
   67.200000      1.279214119897E+00      9.644601343308E-01
   67.300000      1.278861445124E+00      9.647797440106E-01
   67.400000      1.278688841783E+00      9.653075141857E-01
   67.500000      1.278657882164E+00      9.659736357338E-01
   67.600000      1.278682380019E+00      9.666678513678E-01
   67.700000      1.278664287155E+00      9.672659104034E-01
   67.800000      1.278537289025E+00      9.676566146773E-01
   67.900000      1.278296592101E+00      9.677638228023E-01
   68.000000      1.277995494835E+00      9.675597074891E-01
   68.100000      1.277705237681E+00      9.670678534814E-01
   68.200000      1.277473767397E+00      9.663567228687E-01
   68.300000      1.277329794407E+00      9.655253414104E-01
   68.400000      1.277299988558E+00      9.646839566081E-01
   68.500000      1.277405711896E+00      9.639330393647E-01
   68.600000      1.277646727569E+00      9.633441916516E-01
   68.700000      1.277999365206E+00      9.629461518060E-01
   68.800000      1.278429898891E+00      9.627184371825E-01
   68.900000      1.278901279029E+00      9.625945821479E-01
   69.000000      1.279368992055E+00      9.624761087963E-01
   69.100000      1.279770443358E+00      9.622564323149E-01
   69.200000      1.280031891307E+00      9.618506173388E-01
   69.300000      1.280102124794E+00      9.612235923947E-01
   69.400000      1.279973153597E+00      9.604082231261E-01
   69.500000      1.279685075833E+00      9.595066381900E-01
   69.600000      1.279319391189E+00      9.586726090376E-01
   69.700000      1.278984251579E+00      9.580779110525E-01
   69.800000      1.278790818263E+00      9.578701807643E-01
   69.900000      1.278818391498E+00      9.581330563685E-01
   70.000000      1.279079699416E+00      9.588602450945E-01
   70.100000      1.279521410460E+00      9.599523116700E-01
   70.200000      1.280064787537E+00      9.612384177200E-01
   70.300000      1.280646408511E+00      9.625172424227E-01
   70.400000      1.281214129576E+00      9.636053588716E-01
   70.500000      1.281677201969E+00      9.643796955963E-01
   70.600000      1.281909911348E+00      9.648031625126E-01
   70.700000      1.281832756631E+00      9.649274097056E-01
   70.800000      1.281468330277E+00      9.648726681091E-01
   70.900000      1.280937329333E+00      9.647908266936E-01
   71.000000      1.280395245056E+00      9.648227826407E-01
   71.100000      1.279954730510E+00      9.650623640291E-01
   71.200000      1.279654182950E+00      9.655357008560E-01
   71.300000      1.279479389092E+00      9.661986732375E-01
   71.400000      1.279395179757E+00      9.669496566778E-01
   71.500000      1.279353038421E+00      9.676525259741E-01
   71.600000      1.279296204121E+00      9.681650342893E-01
   71.700000      1.279176660723E+00      9.683680444153E-01
   71.800000      1.278972737196E+00      9.681907591560E-01
   71.900000      1.278687417806E+00      9.676271106239E-01
   72.000000      1.278336486190E+00      9.667398475009E-01
   72.100000      1.277951285744E+00      9.656510612810E-01
   72.200000      1.277590282582E+00      9.645197932464E-01
   72.300000      1.277339327238E+00      9.635091479674E-01
   72.400000      1.277285045672E+00      9.627482245126E-01
   72.500000      1.277468586589E+00      9.622980183087E-01
   72.600000      1.277852317823E+00      9.621325594712E-01
   72.700000      1.278320590077E+00      9.621438554676E-01
   72.800000      1.278721153011E+00      9.621715669605E-01
   72.900000      1.278924056156E+00      9.620493569959E-01
   73.000000      1.278860247266E+00      9.616541028849E-01
   73.100000      1.278531231484E+00      9.609438434823E-01
   73.200000      1.278007060084E+00      9.599744067256E-01
   73.300000      1.277413758301E+00      9.588906881780E-01
   73.400000      1.276893534046E+00      9.578947344919E-01
   73.500000      1.276579426858E+00      9.571982363349E-01
   73.600000      1.276560526632E+00      9.569709220821E-01
   73.700000      1.276852058091E+00      9.572976320200E-01
   73.800000      1.277385069442E+00      9.581549653657E-01
   73.900000      1.278021779766E+00      9.594137499276E-01
   74.000000      1.278596810939E+00      9.608673728014E-01
   74.100000      1.278969340391E+00      9.622796210288E-01
   74.200000      1.279063232366E+00      9.634404650527E-01
   74.300000      1.278880262094E+00      9.642155238887E-01
   74.400000      1.278491535430E+00      9.645759298542E-01
   74.500000      1.278018979146E+00      9.646002601787E-01
   74.600000      1.277609772698E+00      9.644479412742E-01
   74.700000      1.277400750996E+00      9.643116002623E-01
   74.800000      1.277471524460E+00      9.643616640120E-01
   74.900000      1.277793636166E+00      9.646985663988E-01
   75.000000      1.278230708863E+00      9.653259074548E-01
   75.100000      1.278606804854E+00      9.661521611235E-01
   75.200000      1.278783544810E+00      9.670200261591E-01
   75.300000      1.278712203363E+00      9.677535514230E-01
   75.400000      1.278444502324E+00      9.682073018385E-01
   75.500000      1.278096528662E+00      9.683019890918E-01
   75.600000      1.277789047390E+00      9.680371065244E-01
   75.700000      1.277599637613E+00      9.674799496403E-01
   75.800000      1.277541498153E+00      9.667379772948E-01
   75.900000      1.277578117499E+00      9.659254276902E-01
   76.000000      1.277655384945E+00      9.651350550862E-01
   76.100000      1.277722180539E+00      9.644224186617E-01
   76.200000      1.277743439937E+00      9.638046273655E-01
   76.300000      1.277716457411E+00      9.632699481051E-01
   76.400000      1.277672859821E+00      9.627915450473E-01
   76.500000      1.277661452815E+00      9.623390068446E-01
   76.600000      1.277720475966E+00      9.618845543130E-01
   76.700000      1.277852810122E+00      9.614049148865E-01
   76.800000      1.278018358547E+00      9.608825786056E-01
   76.900000      1.278153343008E+00      9.603100246777E-01
   77.000000      1.278205255589E+00      9.596975825041E-01
   77.100000      1.278151245549E+00      9.590816945717E-01
   77.200000      1.277993824970E+00      9.585280610731E-01
   77.300000      1.277769262296E+00      9.581250136028E-01
   77.400000      1.277554373441E+00      9.579660736367E-01
   77.500000      1.277441478785E+00      9.581252906348E-01
   77.600000      1.277497533471E+00      9.586327691421E-01
   77.700000      1.277727517636E+00      9.594592465870E-01
   77.800000      1.278071899902E+00      9.605166088380E-01
   77.900000      1.278443641647E+00      9.616759241423E-01
   78.000000      1.278770689538E+00      9.627978872628E-01
   78.100000      1.279020732516E+00      9.637656761435E-01
   78.200000      1.279196008699E+00      9.645095918367E-01
   78.300000      1.279313753163E+00      9.650165885298E-01
   78.400000      1.279395235865E+00      9.653237845089E-01
   78.500000      1.279452950556E+00      9.655004394402E-01
   78.600000      1.279474302557E+00      9.656256528704E-01
   78.700000      1.279445233791E+00      9.657686383151E-01
   78.800000      1.279372667828E+00      9.659757139472E-01
   78.900000      1.279284260719E+00      9.662647878332E-01
   79.000000      1.279218715675E+00      9.666256912177E-01
   79.100000      1.279212326193E+00      9.670239851332E-01
   79.200000      1.279287764987E+00      9.674065700300E-01
   79.300000      1.279449958614E+00      9.677086741105E-01
   79.400000      1.279692092096E+00      9.678626517389E-01
   79.500000      1.279995593909E+00      9.678089429456E-01
   79.600000      1.280323090619E+00      9.675085266791E-01
   79.700000      1.280614857768E+00      9.669546902038E-01
   79.800000      1.280792768812E+00      9.661805988329E-01
   79.900000      1.280780352940E+00      9.652587174039E-01
   80.000000      1.280535075723E+00      9.642893499719E-01
   80.100000      1.280077862460E+00      9.633788303378E-01
   80.200000      1.279502346567E+00      9.626125012219E-01
   80.300000      1.278948969832E+00      9.620313362945E-01
   80.400000      1.278548420868E+00      9.616212066371E-01
   80.500000      1.278372155689E+00      9.613194490995E-01
   80.600000      1.278422196736E+00      9.610366769164E-01
   80.700000      1.278639159351E+00      9.606864739515E-01
   80.800000      1.278917111068E+00      9.602141284451E-01
   80.900000      1.279129375101E+00      9.596171876895E-01
   81.000000      1.279168233290E+00      9.589530288943E-01
   81.100000      1.278987574981E+00      9.583307690592E-01
   81.200000      1.278625511578E+00      9.578876589885E-01
   81.300000      1.278188813655E+00      9.577545398219E-01
   81.400000      1.277807132243E+00      9.580196246162E-01
   81.500000      1.277583949416E+00      9.587017811015E-01
   81.600000      1.277561202915E+00      9.597417746434E-01
   81.700000      1.277709596429E+00      9.610137431967E-01
   81.800000      1.277944003516E+00      9.623527414250E-01
   81.900000      1.278156549264E+00      9.635902589132E-01
   82.000000      1.278255626323E+00      9.645888476560E-01
   82.100000      1.278198568051E+00      9.652683680377E-01
   82.200000      1.278007245876E+00      9.656186789623E-01
   82.300000      1.277758594749E+00      9.656964240980E-01
   82.400000      1.277552226545E+00      9.656069543270E-01
   82.500000      1.277467014949E+00      9.654760357650E-01
   82.600000      1.277529138650E+00      9.654187120868E-01
   82.700000      1.277713301937E+00      9.655132144148E-01
   82.800000      1.277969198120E+00      9.657856798520E-01
   82.900000      1.278254001917E+00      9.662076081624E-01
   83.000000      1.278552154701E+00      9.667043733645E-01
   83.100000      1.278871180922E+00      9.671713326451E-01
   83.200000      1.279219883902E+00      9.674943174903E-01
   83.300000      1.279588999036E+00      9.675722159534E-01
   83.400000      1.279945440399E+00      9.673392939078E-01
   83.500000      1.280243974912E+00      9.667834086759E-01
   83.600000      1.280443781329E+00      9.659546845490E-01
   83.700000      1.280522418620E+00      9.649596621841E-01
   83.800000      1.280481236627E+00      9.639394589011E-01
   83.900000      1.280341190907E+00      9.630360152606E-01
   84.000000      1.280140179355E+00      9.623554727567E-01
   84.100000      1.279927264429E+00      9.619397215556E-01
   84.200000      1.279748322479E+00      9.617552775804E-01
   84.300000      1.279631886952E+00      9.617036505096E-01
   84.400000      1.279587221119E+00      9.616509636529E-01
   84.500000      1.279610893962E+00      9.614687264216E-01
   84.600000      1.279689537208E+00      9.610740821616E-01
   84.700000      1.279791968756E+00      9.604577546340E-01
   84.800000      1.279859898831E+00      9.596914928237E-01
   84.900000      1.279826052961E+00      9.589129559779E-01
   85.000000      1.279653365236E+00      9.582925622025E-01
   85.100000      1.279356919988E+00      9.579916310480E-01
   85.200000      1.278994091226E+00      9.581228630254E-01
   85.300000      1.278643646992E+00      9.587227576197E-01
   85.400000      1.278386146505E+00      9.597418673854E-01
   85.500000      1.278279392300E+00      9.610541307020E-01
   85.600000      1.278336629506E+00      9.624822339937E-01
   85.700000      1.278514319301E+00      9.638329880716E-01
   85.800000      1.278711708536E+00      9.649353682785E-01
   85.900000      1.278795034860E+00      9.656738458704E-01
   86.000000      1.278652422769E+00      9.660104913953E-01
   86.100000      1.278244154073E+00      9.659910088297E-01
   86.200000      1.277616497339E+00      9.657326019089E-01
   86.300000      1.276886021773E+00      9.653953371733E-01
   86.400000      1.276215988257E+00      9.651427704668E-01
   86.500000      1.275779346835E+00      9.651009075638E-01
   86.600000      1.275707678100E+00      9.653258724022E-01
   86.700000      1.276045814869E+00      9.657890823169E-01
   86.800000      1.276733800397E+00      9.663842671520E-01
   86.900000      1.277631140168E+00      9.669546092200E-01
   87.000000      1.278554863667E+00      9.673328106532E-01
   87.100000      1.279326746139E+00      9.673837907634E-01
   87.200000      1.279832232234E+00      9.670393892799E-01
   87.300000      1.280041827023E+00      9.663163992166E-01
   87.400000      1.280000873222E+00      9.653131109989E-01
   87.500000      1.279797647935E+00      9.641850595406E-01
   87.600000      1.279534502838E+00      9.631066269110E-01
   87.700000      1.279304345424E+00      9.622292638135E-01
   87.800000      1.279167455106E+00      9.616475065069E-01
   87.900000      1.279139175355E+00      9.613808178120E-01
   88.000000      1.279191611720E+00      9.613743529258E-01
   88.100000      1.279276002255E+00      9.615169038179E-01
   88.200000      1.279359533878E+00      9.616705893964E-01
   88.300000      1.279438949449E+00      9.617049010588E-01
   88.400000      1.279520748055E+00      9.615277432661E-01
   88.500000      1.279595201124E+00      9.611076950450E-01
   88.600000      1.279625889062E+00      9.604837659002E-01
   88.700000      1.279567895232E+00      9.597606661528E-01
   88.800000      1.279406252100E+00      9.590894194986E-01
   88.900000      1.279176043161E+00      9.586358328135E-01
   89.000000      1.278941156579E+00      9.585427721168E-01
   89.100000      1.278753877738E+00      9.588949552340E-01
   89.200000      1.278638301578E+00      9.596954697149E-01
   89.300000      1.278595258999E+00      9.608608624689E-01
   89.400000      1.278606225204E+00      9.622369707937E-01
   89.500000      1.278633903647E+00      9.636319322743E-01
   89.600000      1.278632521342E+00      9.648577610462E-01
   89.700000      1.278558706132E+00      9.657694384448E-01
   89.800000      1.278360204402E+00      9.662918146108E-01
   89.900000      1.277978847384E+00      9.664291003923E-01
   90.000000      1.277396202905E+00      9.662570168640E-01
   90.100000      1.276665785139E+00      9.659014446544E-01
   90.200000      1.275911214150E+00      9.655089949247E-01
   90.300000      1.275296879355E+00      9.652151754644E-01
   90.400000      1.274975801485E+00      9.651157226625E-01
   90.500000      1.275037804699E+00      9.652462911869E-01
   90.600000      1.275486202491E+00      9.655745667639E-01
   90.700000      1.276242043082E+00      9.660068212233E-01
   90.800000      1.277161627021E+00      9.664082955326E-01
   90.900000      1.278058718455E+00      9.666340001850E-01
   91.000000      1.278747365176E+00      9.665638758145E-01
   91.100000      1.279106665383E+00      9.661342804294E-01
   91.200000      1.279130795889E+00      9.653574253933E-01
   91.300000      1.278934852565E+00      9.643225842241E-01
   91.400000      1.278703423761E+00      9.631775616743E-01
   91.500000      1.278612880247E+00      9.620945459426E-01
   91.600000      1.278757644452E+00      9.612289445687E-01
   91.700000      1.279117239645E+00      9.606817055409E-01
   91.800000      1.279578123701E+00      9.604748790743E-01
   91.900000      1.279982141402E+00      9.605474091417E-01
   92.000000      1.280181889106E+00      9.607736646659E-01
   92.100000      1.280090209092E+00      9.610010878769E-01
   92.200000      1.279713780739E+00      9.610966437286E-01
   92.300000      1.279158891579E+00      9.609873764096E-01
   92.400000      1.278603730577E+00      9.606814920618E-01
   92.500000      1.278242703534E+00      9.602635323122E-01
   92.600000      1.278217997495E+00      9.598669908213E-01
   92.700000      1.278560258996E+00      9.596350677101E-01
   92.800000      1.279162518115E+00      9.596821890766E-01
   92.900000      1.279829385230E+00      9.600662185185E-01
   93.000000      1.280364252545E+00      9.607767116117E-01
   93.100000      1.280631273367E+00      9.617401599639E-01
   93.200000      1.280584480853E+00      9.628394316932E-01
   93.300000      1.280264573614E+00      9.639415479297E-01
   93.400000      1.279771070103E+00      9.649261221501E-01
   93.500000      1.279222736240E+00      9.657071451008E-01
   93.600000      1.278718087569E+00      9.662435355166E-01
   93.700000      1.278303238614E+00      9.665379555918E-01
   93.800000      1.277969571515E+00      9.666270192949E-01
   93.900000      1.277687756031E+00      9.665677250254E-01
   94.000000      1.277439371797E+00      9.664243393689E-01
   94.100000      1.277230151334E+00      9.662578183347E-01
   94.200000      1.277080768837E+00      9.661175958718E-01
   94.300000      1.277013300329E+00      9.660345489413E-01
   94.400000      1.277049457347E+00      9.660147709991E-01
   94.500000      1.277205446737E+00      9.660358463869E-01
   94.600000      1.277479133651E+00      9.660488869750E-01
   94.700000      1.277835331427E+00      9.659888084317E-01
   94.800000      1.278210126147E+00      9.657917928561E-01
   94.900000      1.278545394586E+00      9.654145860787E-01
   95.000000      1.278818469803E+00      9.648484403825E-01
   95.100000      1.279042214676E+00      9.641228533117E-01
   95.200000      1.279245676588E+00      9.632991029590E-01
   95.300000      1.279446357314E+00      9.624572247598E-01
   95.400000      1.279631191690E+00      9.616803694230E-01
   95.500000      1.279777349015E+00      9.610388977407E-01
   95.600000      1.279869463417E+00      9.605761726889E-01
   95.700000      1.279893556818E+00      9.602995594655E-01
   95.800000      1.279830098003E+00      9.601809676581E-01
   95.900000      1.279663881915E+00      9.601685040536E-01
   96.000000      1.279408013295E+00      9.602052841292E-01
   96.100000      1.279119903589E+00      9.602474952772E-01
   96.200000      1.278890648220E+00      9.602748733114E-01
   96.300000      1.278812665277E+00      9.602918279966E-01
   96.400000      1.278943582019E+00      9.603222038189E-01
   96.500000      1.279281272863E+00      9.604018661630E-01
   96.600000      1.279756099200E+00      9.605714925051E-01
   96.700000      1.280241594484E+00      9.608698608841E-01
   96.800000      1.280587005246E+00      9.613272983793E-01
   96.900000      1.280669636632E+00      9.619593679406E-01
   97.000000      1.280445661287E+00      9.627612070050E-01
   97.100000      1.279969481547E+00      9.637029447484E-01
   97.200000      1.279374782530E+00      9.647269018828E-01
   97.300000      1.278828435472E+00      9.657481259971E-01
   97.400000      1.278471207230E+00      9.666606790377E-01
   97.500000      1.278359655833E+00      9.673519393298E-01
   97.600000      1.278430137264E+00      9.677252060927E-01
   97.700000      1.278519636478E+00      9.677270421342E-01
   97.800000      1.278442218547E+00      9.673711875462E-01
   97.900000      1.278081104889E+00      9.667480624153E-01
   98.000000      1.277448838589E+00      9.660109168310E-01
   98.100000      1.276685606486E+00      9.653377729037E-01
   98.200000      1.276000166654E+00      9.648795152206E-01
   98.300000      1.275587805412E+00      9.647125603398E-01
   98.400000      1.275567686471E+00      9.648141391997E-01
   98.500000      1.275962288297E+00      9.650692568729E-01
   98.600000      1.276695798855E+00      9.653061188637E-01
   98.700000      1.277599020866E+00      9.653475922323E-01
   98.800000      1.278455168989E+00      9.650630126937E-01
   98.900000      1.279066918784E+00      9.644061669653E-01
   99.000000      1.279323237365E+00      9.634293382144E-01
   99.100000      1.279239868337E+00      9.622692555589E-01
   99.200000      1.278949283021E+00      9.611087451150E-01
   99.300000      1.278631340155E+00      9.601261048074E-01
   99.400000      1.278424903864E+00      9.594488332679E-01
   99.500000      1.278394075566E+00      9.591262727931E-01
   99.600000      1.278540033889E+00      9.591277118730E-01
   99.700000      1.278821010844E+00      9.593627819711E-01
   99.800000      1.279167547654E+00      9.597142416934E-01
   99.900000      1.279500369890E+00      9.600716576288E-01
  100.000000      1.279758453379E+00      9.603572039393E-01
