# M=12, N=6, V0=0.0, V=0.25, PBC
#  time (tJ)                 S₁(ℓ=6)                 S₂(ℓ=6)
    0.000000      1.175475821530E+00      8.854158610909E-01
    0.100000      1.175912063643E+00      8.856503669739E-01
    0.200000      1.177089513454E+00      8.862758350226E-01
    0.300000      1.178665566107E+00      8.870810207130E-01
    0.400000      1.180202385705E+00      8.877826025110E-01
    0.500000      1.181312392028E+00      8.881047194496E-01
    0.600000      1.181779671791E+00      8.878525233125E-01
    0.700000      1.181611436636E+00      8.869595076201E-01
    0.800000      1.181005312750E+00      8.854988486164E-01
    0.900000      1.180256856492E+00      8.836610970211E-01
    1.000000      1.179647641982E+00      8.817096260475E-01
    1.100000      1.179358957701E+00      8.799284414214E-01
    1.200000      1.179450524348E+00      8.785742029929E-01
    1.300000      1.179882268533E+00      8.778382316797E-01
    1.400000      1.180543810527E+00      8.778191637136E-01
    1.500000      1.181278150958E+00      8.785062208723E-01
    1.600000      1.181922815892E+00      8.797764622714E-01
    1.700000      1.182355021381E+00      8.814121660389E-01
    1.800000      1.182522596709E+00      8.831413747828E-01
    1.900000      1.182458171883E+00      8.846953760115E-01
    2.000000      1.182244126864E+00      8.858676467333E-01
    2.100000      1.181935221234E+00      8.865567321815E-01
    2.200000      1.181545836770E+00      8.867818648305E-01
    2.300000      1.181100940834E+00      8.866695148106E-01
    2.400000      1.180674792910E+00      8.864158352479E-01
    2.500000      1.180379875491E+00      8.862334237789E-01
    2.600000      1.180311957572E+00      8.862935621404E-01
    2.700000      1.180478722516E+00      8.866777955624E-01
    2.800000      1.180785078432E+00      8.873526079029E-01
    2.900000      1.181127168587E+00      8.881754651345E-01
    3.000000      1.181443256746E+00      8.889309426845E-01
    3.100000      1.181727053841E+00      8.893865615367E-01
    3.200000      1.181956929440E+00      8.893532725322E-01
    3.300000      1.182022144049E+00      8.887358036255E-01
    3.400000      1.181847838291E+00      8.875612374032E-01
    3.500000      1.181493450510E+00      8.859784028271E-01
    3.600000      1.181148273101E+00      8.842261524364E-01
    3.700000      1.181048932838E+00      8.825763067019E-01
    3.800000      1.181292854372E+00      8.812658898721E-01
    3.900000      1.181742530319E+00      8.804392070042E-01
    4.000000      1.182186734319E+00      8.801188716102E-01
    4.100000      1.182480656266E+00      8.802151130005E-01
    4.200000      1.182587212212E+00      8.805685272674E-01
    4.300000      1.182529835157E+00      8.810094315470E-01
    4.400000      1.182323136350E+00      8.814122831523E-01
    4.500000      1.181993682003E+00      8.817274973797E-01
    4.600000      1.181613961791E+00      8.819830187117E-01
    4.700000      1.181297801136E+00      8.822597443525E-01
    4.800000      1.181131527274E+00      8.826536639103E-01
    4.900000      1.181093791486E+00      8.832399966276E-01
    5.000000      1.181083670849E+00      8.840502574945E-01
    5.100000      1.181015371284E+00      8.850651489573E-01
    5.200000      1.180890497315E+00      8.862193188743E-01
    5.300000      1.180777068925E+00      8.874117825038E-01
    5.400000      1.180730014213E+00      8.885180757857E-01
    5.500000      1.180733552021E+00      8.894040282704E-01
    5.600000      1.180750440597E+00      8.899431484407E-01
    5.700000      1.180738046615E+00      8.900385694678E-01
    5.800000      1.180647712104E+00      8.896470758845E-01
    5.900000      1.180421678224E+00      8.887988946823E-01
    6.000000      1.180055985297E+00      8.876047907079E-01
    6.100000      1.179642399033E+00      8.862432325145E-01
    6.200000      1.179338945496E+00      8.849257226491E-01
    6.300000      1.179303747344E+00      8.838466989163E-01
    6.400000      1.179620791610E+00      8.831323091565E-01
    6.500000      1.180245218252E+00      8.828054962485E-01
    6.600000      1.181007821554E+00      8.827806906293E-01
    6.700000      1.181686119477E+00      8.828912994845E-01
    6.800000      1.182075913466E+00      8.829416273479E-01
    6.900000      1.182073574622E+00      8.827669153254E-01
    7.000000      1.181705451199E+00      8.822836729670E-01
    7.100000      1.181116531186E+00      8.815168981401E-01
    7.200000      1.180508075706E+00      8.805983130486E-01
    7.300000      1.180076363797E+00      8.797373673087E-01
    7.400000      1.179963140971E+00      8.791727102964E-01
    7.500000      1.180203730959E+00      8.791154989236E-01
    7.600000      1.180707895342E+00      8.796970952971E-01
    7.700000      1.181300093996E+00      8.809325890012E-01
    7.800000      1.181793893791E+00      8.827087781739E-01
    7.900000      1.182048350825E+00      8.848010975951E-01
    8.000000      1.181967781042E+00      8.869178992809E-01
    8.100000      1.181560652271E+00      8.887623724701E-01
    8.200000      1.180962058434E+00      8.900950769580E-01
    8.300000      1.180396583656E+00      8.907787468688E-01
    8.400000      1.180073060632E+00      8.907943329549E-01
    8.500000      1.180071634842E+00      8.902292321168E-01
    8.600000      1.180328575524E+00      8.892474469497E-01
    8.700000      1.180696939115E+00      8.880525745694E-01
    8.800000      1.181041581270E+00      8.868505676220E-01
    8.900000      1.181293379138E+00      8.858157186350E-01
    9.000000      1.181436120594E+00      8.850628731499E-01
    9.100000      1.181507482231E+00      8.846297597735E-01
    9.200000      1.181567696181E+00      8.844730073825E-01
    9.300000      1.181667312400E+00      8.844795626760E-01
    9.400000      1.181839988512E+00      8.844929849456E-01
    9.500000      1.182062465220E+00      8.843517957609E-01
    9.600000      1.182244360274E+00      8.839337992411E-01
    9.700000      1.182277184405E+00      8.831960284771E-01
    9.800000      1.182118636804E+00      8.821972001888E-01
    9.900000      1.181824432183E+00      8.810919207802E-01
   10.000000      1.181505405905E+00      8.800946326602E-01
   10.100000      1.181270008465E+00      8.794230697638E-01
   10.200000      1.181190091935E+00      8.792396223622E-01
   10.300000      1.181290028204E+00      8.796098888182E-01
   10.400000      1.181537356106E+00      8.804907942274E-01
   10.500000      1.181880313336E+00      8.817497389380E-01
   10.600000      1.182217165889E+00      8.832058507621E-01
   10.700000      1.182404132149E+00      8.846778932871E-01
   10.800000      1.182313721622E+00      8.860226532198E-01
   10.900000      1.181893590785E+00      8.871530404956E-01
   11.000000      1.181227010478E+00      8.880345149864E-01
   11.100000      1.180517125864E+00      8.886672071357E-01
   11.200000      1.179983482902E+00      8.890648800169E-01
   11.300000      1.179721298224E+00      8.892398181127E-01
   11.400000      1.179721152419E+00      8.891976131150E-01
   11.500000      1.179943517188E+00      8.889410370114E-01
   11.600000      1.180348137785E+00      8.884791360307E-01
   11.700000      1.180882179636E+00      8.878361936140E-01
   11.800000      1.181463246457E+00      8.870554081519E-01
   11.900000      1.181989561792E+00      8.861945367604E-01
   12.000000      1.182359864011E+00      8.853148414039E-01
   12.100000      1.182528941826E+00      8.844682910337E-01
   12.200000      1.182492336888E+00      8.836888368057E-01
   12.300000      1.182249890732E+00      8.829912035935E-01
   12.400000      1.181857231797E+00      8.823767379722E-01
   12.500000      1.181436750144E+00      8.818429026993E-01
   12.600000      1.181137897553E+00      8.813923877168E-01
   12.700000      1.181075387745E+00      8.810389857917E-01
   12.800000      1.181284808850E+00      8.808087699443E-01
   12.900000      1.181716959028E+00      8.807357810140E-01
   13.000000      1.182256833541E+00      8.808520635426E-01
   13.100000      1.182755791416E+00      8.811738784510E-01
   13.200000      1.183053262672E+00      8.816893245546E-01
   13.300000      1.183024018890E+00      8.823549313838E-01
   13.400000      1.182647989191E+00      8.831065374279E-01
   13.500000      1.182001339702E+00      8.838820943701E-01
   13.600000      1.181231897970E+00      8.846451766127E-01
   13.700000      1.180536693260E+00      8.853949700938E-01
   13.800000      1.180107653484E+00      8.861551003082E-01
   13.900000      1.180061322026E+00      8.869460869206E-01
   14.000000      1.180398287256E+00      8.877559174363E-01
   14.100000      1.180971159887E+00      8.885241135324E-01
   14.200000      1.181480592008E+00      8.891475188791E-01
   14.300000      1.181679451641E+00      8.895062561542E-01
   14.400000      1.181510295951E+00      8.895006014903E-01
   14.500000      1.181119422504E+00      8.890856382255E-01
   14.600000      1.180752634794E+00      8.882907415685E-01
   14.700000      1.180575198456E+00      8.872155785385E-01
   14.800000      1.180637857143E+00      8.860029452092E-01
   14.900000      1.180940768676E+00      8.847985040595E-01
   15.000000      1.181456169270E+00      8.837135372979E-01
   15.100000      1.182114285114E+00      8.828054897279E-01
   15.200000      1.182768170282E+00      8.820824712036E-01
   15.300000      1.183208783353E+00      8.815262611702E-01
   15.400000      1.183296587538E+00      8.811197633242E-01
   15.500000      1.183052893584E+00      8.808638713645E-01
   15.600000      1.182651817280E+00      8.807758479576E-01
   15.700000      1.182322301863E+00      8.808725582363E-01
   15.800000      1.182211712866E+00      8.811507466816E-01
   15.900000      1.182310567617E+00      8.815778338131E-01
   16.000000      1.182492594501E+00      8.820998250430E-01
   16.100000      1.182636957746E+00      8.826622796129E-01
   16.200000      1.182697591051E+00      8.832325003879E-01
   16.300000      1.182682880846E+00      8.838106749529E-01
   16.400000      1.182604622834E+00      8.844241906600E-01
   16.500000      1.182459202776E+00      8.851081814720E-01
   16.600000      1.182259636765E+00      8.858814748242E-01
   16.700000      1.182066027284E+00      8.867282255329E-01
   16.800000      1.181957134334E+00      8.875924763413E-01
   16.900000      1.181948194503E+00      8.883876422319E-01
   17.000000      1.181951090437E+00      8.890172650843E-01
   17.100000      1.181817195315E+00      8.893991809290E-01
   17.200000      1.181483615061E+00      8.894843599742E-01
   17.300000      1.181061116559E+00      8.892645627216E-01
   17.400000      1.180760887669E+00      8.887677598137E-01
   17.500000      1.180739071760E+00      8.880444977932E-01
   17.600000      1.181028152880E+00      8.871510829098E-01
   17.700000      1.181551719635E+00      8.861366784462E-01
   17.800000      1.182173778303E+00      8.850403058900E-01
   17.900000      1.182751385892E+00      8.838990207156E-01
   18.000000      1.183145204515E+00      8.827616077486E-01
   18.100000      1.183272835136E+00      8.816978348250E-01
   18.200000      1.183103630508E+00      8.807955887670E-01
   18.300000      1.182661244029E+00      8.801455998171E-01
   18.400000      1.182060298927E+00      8.798201009669E-01
   18.500000      1.181487765041E+00      8.798533675733E-01
   18.600000      1.181131913481E+00      8.802296017167E-01
   18.700000      1.181091094148E+00      8.808809552467E-01
   18.800000      1.181323922626E+00      8.816975394187E-01
   18.900000      1.181736307573E+00      8.825502598995E-01
   19.000000      1.182190645905E+00      8.833235657652E-01
   19.100000      1.182523872146E+00      8.839489885818E-01
   19.200000      1.182602039368E+00      8.844258101762E-01
   19.300000      1.182380524310E+00      8.848173266737E-01
   19.400000      1.181924855798E+00      8.852212232659E-01
   19.500000      1.181359346416E+00      8.857257123289E-01
   19.600000      1.180798133926E+00      8.863709732788E-01
   19.700000      1.180326827657E+00      8.871324101473E-01
   19.800000      1.180018080366E+00      8.879301332969E-01
   19.900000      1.179936882173E+00      8.886559928247E-01
   20.000000      1.180122757155E+00      8.892034398086E-01
   20.100000      1.180558860170E+00      8.894884640171E-01
   20.200000      1.181163965975E+00      8.894576587590E-01
   20.300000      1.181824950441E+00      8.890864581095E-01
   20.400000      1.182438471284E+00      8.883739539551E-01
   20.500000      1.182790103019E+00      8.873405425805E-01
   20.600000      1.182729929758E+00      8.860318156451E-01
   20.700000      1.182302044739E+00      8.845273460330E-01
   20.800000      1.181704294503E+00      8.829479975338E-01
   20.900000      1.181165414771E+00      8.814529875093E-01
   21.000000      1.180831962517E+00      8.802204420994E-01
   21.100000      1.180762880826E+00      8.794122050901E-01
   21.200000      1.180953170696E+00      8.791320032493E-01
   21.300000      1.181341049236E+00      8.793916064983E-01
   21.400000      1.181842028743E+00      8.800993632425E-01
   21.500000      1.182320260762E+00      8.810787979583E-01
   21.600000      1.182561343982E+00      8.821139868898E-01
   21.700000      1.182430857958E+00      8.830077568428E-01
   21.800000      1.181995465981E+00      8.836334989253E-01
   21.900000      1.181457554234E+00      8.839641619973E-01
   22.000000      1.181016667775E+00      8.840709970542E-01
   22.100000      1.180740518153E+00      8.840950443700E-01
   22.200000      1.180594864200E+00      8.842018531761E-01
   22.300000      1.180547716376E+00      8.845328670765E-01
   22.400000      1.180599158778E+00      8.851658532268E-01
   22.500000      1.180733301051E+00      8.860930121392E-01
   22.600000      1.180863892319E+00      8.872204385417E-01
   22.700000      1.180879303450E+00      8.883877312219E-01
   22.800000      1.180738555146E+00      8.894024197980E-01
   22.900000      1.180509159305E+00      8.900806914347E-01
   23.000000      1.180350570400E+00      8.902845392823E-01
   23.100000      1.180440775145E+00      8.899473077432E-01
   23.200000      1.180844188930E+00      8.890842867833E-01
   23.300000      1.181432387046E+00      8.877893127391E-01
   23.400000      1.181983741129E+00      8.862194359980E-01
   23.500000      1.182331434184E+00      8.845689515853E-01
   23.600000      1.182419738572E+00      8.830353664982E-01
   23.700000      1.182278962866E+00      8.817839456675E-01
   23.800000      1.181998833700E+00      8.809201279061E-01
   23.900000      1.181717346296E+00      8.804764997408E-01
   24.000000      1.181523200344E+00      8.804150432232E-01
   24.100000      1.181468200988E+00      8.806414653426E-01
   24.200000      1.181570194668E+00      8.810286967285E-01
   24.300000      1.181815220314E+00      8.814476101863E-01
   24.400000      1.182169112236E+00      8.818006448178E-01
   24.500000      1.182548052398E+00      8.820494384517E-01
   24.600000      1.182795259348E+00      8.822259247706E-01
   24.700000      1.182763808856E+00      8.824207973889E-01
   24.800000      1.182407999971E+00      8.827515554427E-01
   24.900000      1.181822778746E+00      8.833196750386E-01
   25.000000      1.181199278753E+00      8.841699451991E-01
   25.100000      1.180718540392E+00      8.852647962409E-01
   25.200000      1.180460802105E+00      8.864832154077E-01
   25.300000      1.180395543552E+00      8.876473494844E-01
   25.400000      1.180437885165E+00      8.885705265095E-01
   25.500000      1.180505477662E+00      8.891112492854E-01
   25.600000      1.180547771327E+00      8.892136745037E-01
   25.700000      1.180542991958E+00      8.889195011503E-01
   25.800000      1.180491988886E+00      8.883476730056E-01
   25.900000      1.180428127936E+00      8.876511860175E-01
   26.000000      1.180414603897E+00      8.869682538386E-01
   26.100000      1.180518393901E+00      8.863850005069E-01
   26.200000      1.180780004528E+00      8.859200483767E-01
   26.300000      1.181174011540E+00      8.855319834003E-01
   26.400000      1.181602958653E+00      8.851429882507E-01
   26.500000      1.181967538071E+00      8.846685179438E-01
   26.600000      1.182223728688E+00      8.840440218934E-01
   26.700000      1.182386449248E+00      8.832436612097E-01
   26.800000      1.182480766777E+00      8.822900448364E-01
   26.900000      1.182496728961E+00      8.812560473834E-01
   27.000000      1.182424925321E+00      8.802593219381E-01
   27.100000      1.182307990276E+00      8.794486305406E-01
   27.200000      1.182220406212E+00      8.789809129893E-01
   27.300000      1.182209914297E+00      8.789905116715E-01
   27.400000      1.182269717158E+00      8.795562256404E-01
   27.500000      1.182337323286E+00      8.806749907467E-01
   27.600000      1.182347712170E+00      8.822505230419E-01
   27.700000      1.182312696798E+00      8.841013908986E-01
   27.800000      1.182310657628E+00      8.859880232341E-01
   27.900000      1.182357987795E+00      8.876540942771E-01
   28.000000      1.182362163856E+00      8.888748109502E-01
   28.100000      1.182266630366E+00      8.895025728442E-01
   28.200000      1.182091992168E+00      8.894998507642E-01
   28.300000      1.181876588486E+00      8.889508098513E-01
   28.400000      1.181607734927E+00      8.880470204306E-01
   28.500000      1.181272863727E+00      8.870476026655E-01
   28.600000      1.180942031306E+00      8.862198149448E-01
   28.700000      1.180743589756E+00      8.857721021300E-01
   28.800000      1.180801830786E+00      8.857964204244E-01
   28.900000      1.181147842725E+00      8.862374162945E-01
   29.000000      1.181650046431E+00      8.869006657561E-01
   29.100000      1.182156424699E+00      8.875012871002E-01
   29.200000      1.182581493962E+00      8.877412777032E-01
   29.300000      1.182914662363E+00      8.873938134798E-01
   29.400000      1.183193257387E+00      8.863697688205E-01
   29.500000      1.183418039151E+00      8.847472730579E-01
   29.600000      1.183493535775E+00      8.827567715534E-01
   29.700000      1.183324506236E+00      8.807270878465E-01
   29.800000      1.182917774478E+00      8.790083185272E-01
   29.900000      1.182397432004E+00      8.778929198754E-01
   30.000000      1.181962455010E+00      8.775559735308E-01
   30.100000      1.181760795959E+00      8.780287631592E-01
   30.200000      1.181800156118E+00      8.792079465878E-01
   30.300000      1.181992661948E+00      8.808906765758E-01
   30.400000      1.182234022430E+00      8.828201993710E-01
   30.500000      1.182464751340E+00      8.847293668654E-01
   30.600000      1.182670281150E+00      8.863774442647E-01
   30.700000      1.182805467144E+00      8.875814621344E-01
   30.800000      1.182747574662E+00      8.882428367740E-01
   30.900000      1.182369953021E+00      8.883650446520E-01
   31.000000      1.181613448188E+00      8.880545367040E-01
   31.100000      1.180560303028E+00      8.874988642985E-01
   31.200000      1.179441493175E+00      8.869226478155E-01
   31.300000      1.178558696096E+00      8.865301059109E-01
   31.400000      1.178147778171E+00      8.864490181927E-01
   31.500000      1.178296413469E+00      8.866930062715E-01
   31.600000      1.178939896256E+00      8.871554256269E-01
   31.700000      1.179878998703E+00      8.876388503018E-01
   31.800000      1.180844941816E+00      8.879119335154E-01
   31.900000      1.181581311156E+00      8.877758368943E-01
   32.000000      1.181884311500E+00      8.871201188839E-01
   32.100000      1.181667313336E+00      8.859531818928E-01
   32.200000      1.181009563493E+00      8.844012469299E-01
   32.300000      1.180139915156E+00      8.826783876374E-01
   32.400000      1.179372883464E+00      8.810368960572E-01
   32.500000      1.178996634143E+00      8.797116751296E-01
   32.600000      1.179125324009E+00      8.788730326625E-01
   32.700000      1.179675542565E+00      8.785981999541E-01
   32.800000      1.180472254024E+00      8.788651175364E-01
   32.900000      1.181292898760E+00      8.795664952635E-01
   33.000000      1.181922325286E+00      8.805396915666E-01
   33.100000      1.182214755081E+00      8.816066110892E-01
   33.200000      1.182129395080E+00      8.826152560099E-01
   33.300000      1.181741557372E+00      8.834720061388E-01
   33.400000      1.181213369124E+00      8.841549171676E-01
   33.500000      1.180729055120E+00      8.847048184350E-01
   33.600000      1.180435141926E+00      8.851995266665E-01
   33.700000      1.180405602555E+00      8.857219040372E-01
   33.800000      1.180601545523E+00      8.863321886021E-01
   33.900000      1.180896712615E+00      8.870504923953E-01
   34.000000      1.181169836116E+00      8.878501822234E-01
   34.100000      1.181364512708E+00      8.886599794727E-01
   34.200000      1.181482601131E+00      8.893727825035E-01
   34.300000      1.181568206046E+00      8.898609191329E-01
   34.400000      1.181683575190E+00      8.899983068344E-01
   34.500000      1.181872586322E+00      8.896883539762E-01
   34.600000      1.182106906123E+00      8.888930412638E-01
   34.700000      1.182303292878E+00      8.876555975842E-01
   34.800000      1.182393225385E+00      8.861083131580E-01
   34.900000      1.182359920984E+00      8.844588083853E-01
   35.000000      1.182247770372E+00      8.829523937061E-01
   35.100000      1.182154936623E+00      8.818151419303E-01
   35.200000      1.182177158033E+00      8.811913088850E-01
   35.300000      1.182300544851E+00      8.810963026591E-01
   35.400000      1.182448445076E+00      8.814065575204E-01
   35.500000      1.182580647713E+00      8.818964777946E-01
   35.600000      1.182689395481E+00      8.823132376745E-01
   35.700000      1.182754467820E+00      8.824627229531E-01
   35.800000      1.182691477876E+00      8.822745098085E-01
   35.900000      1.182416900685E+00      8.818232212749E-01
   36.000000      1.181958099927E+00      8.813016431542E-01
   36.100000      1.181463295724E+00      8.809580311534E-01
   36.200000      1.181113838852E+00      8.810197772337E-01
   36.300000      1.180970094634E+00      8.816268570818E-01
   36.400000      1.180959634278E+00      8.827929928738E-01
   36.500000      1.180995632515E+00      8.844026902090E-01
   36.600000      1.181022314847E+00      8.862411284597E-01
   36.700000      1.181016531335E+00      8.880447632608E-01
   36.800000      1.180984852379E+00      8.895565243213E-01
   36.900000      1.180930309211E+00      8.905717202085E-01
   37.000000      1.180832308523E+00      8.909673524888E-01
   37.100000      1.180713278703E+00      8.907145780492E-01
   37.200000      1.180659844587E+00      8.898778271396E-01
   37.300000      1.180685033182E+00      8.886034830701E-01
   37.400000      1.180704838685E+00      8.870983046718E-01
   37.500000      1.180676146817E+00      8.855966843787E-01
   37.600000      1.180632166913E+00      8.843185084556E-01
   37.700000      1.180654697533E+00      8.834245694008E-01
   37.800000      1.180817551842E+00      8.829806815792E-01
   37.900000      1.181134046970E+00      8.829418446434E-01
   38.000000      1.181543122094E+00      8.831632815076E-01
   38.100000      1.181943792566E+00      8.834375997627E-01
   38.200000      1.182247950031E+00      8.835495901003E-01
   38.300000      1.182380602914E+00      8.833350270888E-01
   38.400000      1.182280423273E+00      8.827286558769E-01
   38.500000      1.181919767590E+00      8.817890228709E-01
   38.600000      1.181345576571E+00      8.806928164250E-01
   38.700000      1.180709197883E+00      8.796980521937E-01
   38.800000      1.180225203157E+00      8.790830416005E-01
   38.900000      1.180050150414E+00      8.790751605001E-01
   39.000000      1.180216805747E+00      8.797877698466E-01
   39.100000      1.180642688609E+00      8.811833562228E-01
   39.200000      1.181159908724E+00      8.830753528800E-01
   39.300000      1.181557850747E+00      8.851706846748E-01
   39.400000      1.181646835774E+00      8.871419672392E-01
   39.500000      1.181339013525E+00      8.887070113265E-01
   39.600000      1.180694476977E+00      8.896898147535E-01
   39.700000      1.179899067844E+00      8.900449617988E-01
   39.800000      1.179193002854E+00      8.898431293067E-01
   39.900000      1.178785201141E+00      8.892305255016E-01
   40.000000      1.178763659474E+00      8.883815780793E-01
   40.100000      1.179085422558E+00      8.874604223573E-01
   40.200000      1.179619523359E+00      8.865974397021E-01
   40.300000      1.180189502556E+00      8.858787618319E-01
   40.400000      1.180635465161E+00      8.853432141846E-01
   40.500000      1.180890983211E+00      8.849826446241E-01
   40.600000      1.181001828440E+00      8.847453281972E-01
   40.700000      1.181085490745E+00      8.845450181860E-01
   40.800000      1.181254202423E+00      8.842783887579E-01
   40.900000      1.181539497989E+00      8.838510874630E-01
   41.000000      1.181864035228E+00      8.832085139196E-01
   41.100000      1.182080730405E+00      8.823631485447E-01
   41.200000      1.182057305751E+00      8.814074961545E-01
   41.300000      1.181780820512E+00      8.805029320443E-01
   41.400000      1.181411137433E+00      8.798419025547E-01
   41.500000      1.181202090460E+00      8.795926577301E-01
   41.600000      1.181223502766E+00      8.798460361856E-01
   41.700000      1.181438096994E+00      8.805856345885E-01
   41.800000      1.181804981824E+00      8.816935118943E-01
   41.900000      1.182268124602E+00      8.829882487338E-01
   42.000000      1.182733027353E+00      8.842793187688E-01
   42.100000      1.183032345065E+00      8.854174004282E-01
   42.200000      1.182964584512E+00      8.863246855172E-01
   42.300000      1.182425748696E+00      8.869984756497E-01
   42.400000      1.181501141945E+00      8.874909414885E-01
   42.500000      1.180459176028E+00      8.878749207272E-01
   42.600000      1.179616785567E+00      8.882085988655E-01
   42.700000      1.179151415127E+00      8.885105291081E-01
   42.800000      1.179109385951E+00      8.887516525531E-01
   42.900000      1.179451738467E+00      8.888648693827E-01
   43.000000      1.180077028168E+00      8.887675548968E-01
   43.100000      1.180842443678E+00      8.883895177322E-01
   43.200000      1.181572284776E+00      8.876983096861E-01
   43.300000      1.182080048844E+00      8.867149673461E-01
   43.400000      1.182239297158E+00      8.855157970227E-01
   43.500000      1.182088831417E+00      8.842194821414E-01
   43.600000      1.181759939013E+00      8.829629943192E-01
   43.700000      1.181361581052E+00      8.818732733087E-01
   43.800000      1.180983238577E+00      8.810429843677E-01
   43.900000      1.180717096287E+00      8.805171181410E-01
   44.000000      1.180637643025E+00      8.802932217174E-01
   44.100000      1.180771348795E+00      8.803331672470E-01
   44.200000      1.181089413335E+00      8.805805201609E-01
   44.300000      1.181515448523E+00      8.809763180252E-01
   44.400000      1.181947363855E+00      8.814680016525E-01
   44.500000      1.182293441126E+00      8.820106789338E-01
   44.600000      1.182472502214E+00      8.825647904371E-01
   44.700000      1.182382849637E+00      8.830965714595E-01
   44.800000      1.181969851152E+00      8.835852034541E-01
   44.900000      1.181284567384E+00      8.840340946080E-01
   45.000000      1.180479614535E+00      8.844778616998E-01
   45.100000      1.179762436052E+00      8.849763338580E-01
   45.200000      1.179327156961E+00      8.855932348050E-01
   45.300000      1.179289774526E+00      8.863659249185E-01
   45.400000      1.179643690676E+00      8.872780930721E-01
   45.500000      1.180262100925E+00      8.882470380830E-01
   45.600000      1.180935588920E+00      8.891323503751E-01
   45.700000      1.181411131800E+00      8.897657686322E-01
   45.800000      1.181516628643E+00      8.899945600188E-01
   45.900000      1.181247473830E+00      8.897248697388E-01
   46.000000      1.180724585234E+00      8.889498861461E-01
   46.100000      1.180128835602E+00      8.877525297582E-01
   46.200000      1.179678414218E+00      8.862825559459E-01
   46.300000      1.179568076525E+00      8.847184516493E-01
   46.400000      1.179905889215E+00      8.832294149544E-01
   46.500000      1.180644046721E+00      8.819495129250E-01
   46.600000      1.181565535760E+00      8.809675437949E-01
   46.700000      1.182371900420E+00      8.803281167421E-01
   46.800000      1.182820684493E+00      8.800367957741E-01
   46.900000      1.182831716687E+00      8.800651317264E-01
   47.000000      1.182515822772E+00      8.803561314392E-01
   47.100000      1.182066761157E+00      8.808328167026E-01
   47.200000      1.181626970724E+00      8.814109068654E-01
   47.300000      1.181291165779E+00      8.820136880433E-01
   47.400000      1.181118086679E+00      8.825855296887E-01
   47.500000      1.181157795077E+00      8.831007529261E-01
   47.600000      1.181449693065E+00      8.835655475177E-01
   47.700000      1.181919331562E+00      8.840119250684E-01
   47.800000      1.182350202008E+00      8.844847967112E-01
   47.900000      1.182546731200E+00      8.850258885495E-01
   48.000000      1.182464483197E+00      8.856595813935E-01
   48.100000      1.182215957968E+00      8.863844848379E-01
   48.200000      1.181981983564E+00      8.871715322404E-01
   48.300000      1.181873769408E+00      8.879670289058E-01
   48.400000      1.181847815501E+00      8.886988082766E-01
   48.500000      1.181777189059E+00      8.892847080748E-01
   48.600000      1.181595179644E+00      8.896433063455E-01
   48.700000      1.181358853064E+00      8.897064011063E-01
   48.800000      1.181217603120E+00      8.894314707383E-01
   48.900000      1.181293325676E+00      8.888112703859E-01
   49.000000      1.181577148607E+00      8.878775978665E-01
   49.100000      1.181993826532E+00      8.866974709797E-01
   49.200000      1.182461374158E+00      8.853623654472E-01
   49.300000      1.182917423220E+00      8.839739687725E-01
   49.400000      1.183303281146E+00      8.826316064434E-01
   49.500000      1.183513441173E+00      8.814255419581E-01
   49.600000      1.183397873549E+00      8.804365130767E-01
   49.700000      1.182887484227E+00      8.797371849509E-01
   49.800000      1.182090964794E+00      8.793890882204E-01
   49.900000      1.181277585848E+00      8.794312658357E-01
   50.000000      1.180770653634E+00      8.798631559861E-01
   50.100000      1.180721710930E+00      8.806302138018E-01
   50.200000      1.181078936700E+00      8.816223733581E-01
   50.300000      1.181667445930E+00      8.826912978244E-01
   50.400000      1.182254943663E+00      8.836843732979E-01
   50.500000      1.182629937319E+00      8.844852984088E-01
   50.600000      1.182655248264E+00      8.850465300460E-01
   50.700000      1.182274162131E+00      8.854001406134E-01
   50.800000      1.181535872671E+00      8.856412200464E-01
   50.900000      1.180616906152E+00      8.858893139475E-01
   51.000000      1.179752004822E+00      8.862431225884E-01
   51.100000      1.179135307746E+00      8.867461448649E-01
   51.200000      1.178869158360E+00      8.873745416585E-01
   51.300000      1.178978468882E+00      8.880474896421E-01
   51.400000      1.179419194924E+00      8.886516202211E-01
   51.500000      1.180086632497E+00      8.890688636650E-01
   51.600000      1.180834047037E+00      8.891999855120E-01
   51.700000      1.181508090536E+00      8.889804458492E-01
   51.800000      1.182002642973E+00      8.883883001825E-01
   51.900000      1.182256776227E+00      8.874454810274E-01
   52.000000      1.182230488749E+00      8.862145359309E-01
   52.100000      1.181942985969E+00      8.847927173922E-01
   52.200000      1.181476182206E+00      8.833040470106E-01
   52.300000      1.180964149905E+00      8.818883625537E-01
   52.400000      1.180534743069E+00      8.806859076368E-01
   52.500000      1.180295304109E+00      8.798176269904E-01
   52.600000      1.180313518997E+00      8.793642637519E-01
   52.700000      1.180597564171E+00      8.793497419821E-01
   52.800000      1.181085643112E+00      8.797345376865E-01
   52.900000      1.181650331306E+00      8.804224992741E-01
   53.000000      1.182125276388E+00      8.812808631799E-01
   53.100000      1.182331100117E+00      8.821694516068E-01
   53.200000      1.182163444522E+00      8.829722987855E-01
   53.300000      1.181674383784E+00      8.836237362432E-01
   53.400000      1.181000923608E+00      8.841215468562E-01
   53.500000      1.180287795975E+00      8.845224176921E-01
   53.600000      1.179665580762E+00      8.849194839953E-01
   53.700000      1.179257989697E+00      8.854073013614E-01
   53.800000      1.179164050252E+00      8.860443136466E-01
   53.900000      1.179391396750E+00      8.868248997487E-01
   54.000000      1.179796016585E+00      8.876712099262E-01
   54.100000      1.180135239330E+00      8.884492452246E-01
   54.200000      1.180230203543E+00      8.890053994746E-01
   54.300000      1.180062214428E+00      8.892118285342E-01
   54.400000      1.179771648411E+00      8.890050440765E-01
   54.500000      1.179570004470E+00      8.884042994003E-01
   54.600000      1.179590558774E+00      8.875039360128E-01
   54.700000      1.179841435540E+00      8.864435026519E-01
   54.800000      1.180271433127E+00      8.853671404239E-01
   54.900000      1.180800867152E+00      8.843867350504E-01
   55.000000      1.181334211788E+00      8.835608549190E-01
   55.100000      1.181717777680E+00      8.828945786235E-01
   55.200000      1.181827262772E+00      8.823567911182E-01
   55.300000      1.181656268743E+00      8.819051878789E-01
   55.400000      1.181328591605E+00      8.815079855175E-01
   55.500000      1.181046938262E+00      8.811554029354E-01
   55.600000      1.180997828899E+00      8.808605904424E-01
   55.700000      1.181256040861E+00      8.806547694024E-01
   55.800000      1.181729830659E+00      8.805819936814E-01
   55.900000      1.182200616405E+00      8.806952527255E-01
   56.000000      1.182459860326E+00      8.810508240811E-01
   56.100000      1.182417682770E+00      8.816962025745E-01
   56.200000      1.182119030232E+00      8.826507216300E-01
   56.300000      1.181692557884E+00      8.838847316514E-01
   56.400000      1.181293307843E+00      8.853073594948E-01
   56.500000      1.181040480433E+00      8.867706663378E-01
   56.600000      1.180981724173E+00      8.880912978571E-01
   56.700000      1.181093851579E+00      8.890849598075E-01
   56.800000      1.181274150561E+00      8.896070686696E-01
   56.900000      1.181371873807E+00      8.895919691842E-01
   57.000000      1.181254255607E+00      8.890798493827E-01
   57.100000      1.180876633820E+00      8.882177335758E-01
   57.200000      1.180316269927E+00      8.872259453539E-01
   57.300000      1.179748251074E+00      8.863361100424E-01
   57.400000      1.179371950776E+00      8.857223365232E-01
   57.500000      1.179335709793E+00      8.854516627594E-01
   57.600000      1.179692639507E+00      8.854699893294E-01
   57.700000      1.180364382566E+00      8.856238020743E-01
   57.800000      1.181155351756E+00      8.857066966036E-01
   57.900000      1.181851253411E+00      8.855167739262E-01
   58.000000      1.182295751975E+00      8.849125802308E-01
   58.100000      1.182425612748E+00      8.838566272386E-01
   58.200000      1.182271929535E+00      8.824360948236E-01
   58.300000      1.181911117779E+00      8.808530131694E-01
   58.400000      1.181433254871E+00      8.793831892254E-01
   58.500000      1.180958008235E+00      8.783128972136E-01
   58.600000      1.180614459640E+00      8.778705528007E-01
   58.700000      1.180484764872E+00      8.781729936889E-01
   58.800000      1.180562673517E+00      8.792010801715E-01
   58.900000      1.180784400886E+00      8.808091326152E-01
   59.000000      1.181070405158E+00      8.827617328442E-01
   59.100000      1.181357905107E+00      8.847843275145E-01
   59.200000      1.181626069297E+00      8.866133546491E-01
   59.300000      1.181860297595E+00      8.880362426916E-01
   59.400000      1.181933154785E+00      8.889179362195E-01
   59.500000      1.181718389757E+00      8.892148271626E-01
   59.600000      1.181229627844E+00      8.889776105124E-01
   59.700000      1.180598206713E+00      8.883428233275E-01
   59.800000      1.179947772178E+00      8.875111889574E-01
   59.900000      1.179388680060E+00      8.867115262289E-01
   60.000000      1.179045335181E+00      8.861526453519E-01
   60.100000      1.179042723856E+00      8.859713816688E-01
   60.200000      1.179477584763E+00      8.861902478007E-01
   60.300000      1.180301073868E+00      8.866999359723E-01
   60.400000      1.181275445338E+00      8.872776728231E-01
   60.500000      1.182093596734E+00      8.876422223941E-01
   60.600000      1.182545469124E+00      8.875332581413E-01
   60.700000      1.182606340381E+00      8.867921183685E-01
   60.800000      1.182394293317E+00      8.854176649986E-01
   60.900000      1.182047415838E+00      8.835774810448E-01
   61.000000      1.181660457758E+00      8.815693029520E-01
   61.100000      1.181316035553E+00      8.797449014914E-01
   61.200000      1.181120368405E+00      8.784213946285E-01
   61.300000      1.181169609540E+00      8.778077577976E-01
   61.400000      1.181430812140E+00      8.779664326307E-01
   61.500000      1.181796162105E+00      8.788158599012E-01
   61.600000      1.182160641273E+00      8.801662145556E-01
   61.700000      1.182438552196E+00      8.817727992031E-01
   61.800000      1.182583783326E+00      8.833908332309E-01
   61.900000      1.182590280740E+00      8.848196861206E-01
   62.000000      1.182489617187E+00      8.859305827160E-01
   62.100000      1.182307163861E+00      8.866768489234E-01
   62.200000      1.182024645174E+00      8.870887289052E-01
   62.300000      1.181608788725E+00      8.872557875871E-01
   62.400000      1.181074750851E+00      8.873000075052E-01
   62.500000      1.180527192124E+00      8.873434543083E-01
   62.600000      1.180108149902E+00      8.874763681733E-01
   62.700000      1.179931632079E+00      8.877331216524E-01
   62.800000      1.180080517520E+00      8.880822914702E-01
   62.900000      1.180569601977E+00      8.884330629751E-01
   63.000000      1.181321573754E+00      8.886561086186E-01
   63.100000      1.182176240982E+00      8.886150813930E-01
   63.200000      1.182900828581E+00      8.882035706967E-01
   63.300000      1.183239900133E+00      8.873794747251E-01
   63.400000      1.183028571995E+00      8.861857921485E-01
   63.500000      1.182303088993E+00      8.847486348680E-01
   63.600000      1.181308809342E+00      8.832514503050E-01
   63.700000      1.180378760305E+00      8.818939500662E-01
   63.800000      1.179786039207E+00      8.808483671609E-01
   63.900000      1.179673593148E+00      8.802234111613E-01
   64.000000      1.180053555622E+00      8.800423676365E-01
   64.100000      1.180807330509E+00      8.802398607560E-01
   64.200000      1.181670984801E+00      8.806803269180E-01
   64.300000      1.182333315929E+00      8.811967263529E-01
   64.400000      1.182569466723E+00      8.816404850548E-01
   64.500000      1.182307881633E+00      8.819274451879E-01
   64.600000      1.181638157724E+00      8.820641494895E-01
   64.700000      1.180753367650E+00      8.821448420761E-01
   64.800000      1.179886304890E+00      8.823193307641E-01
   64.900000      1.179254935492E+00      8.827415161069E-01
   65.000000      1.178990528281E+00      8.835148785092E-01
   65.100000      1.179103917966E+00      8.846524552382E-01
   65.200000      1.179514574155E+00      8.860640420951E-01
   65.300000      1.180066686558E+00      8.875738764590E-01
   65.400000      1.180536779015E+00      8.889615988402E-01
   65.500000      1.180760190234E+00      8.900123313623E-01
   65.600000      1.180717274569E+00      8.905609745130E-01
   65.700000      1.180514182270E+00      8.905207038161E-01
   65.800000      1.180293883918E+00      8.898928749782E-01
   65.900000      1.180176894503E+00      8.887614262808E-01
   66.000000      1.180204217915E+00      8.872772808944E-01
   66.100000      1.180359977922E+00      8.856371990669E-01
   66.200000      1.180626624223E+00      8.840585978859E-01
   66.300000      1.180994838078E+00      8.827495014931E-01
   66.400000      1.181451014586E+00      8.818734097824E-01
   66.500000      1.181958980024E+00      8.815132590895E-01
   66.600000      1.182443412876E+00      8.816445599922E-01
   66.700000      1.182795421580E+00      8.821306437652E-01
   66.800000      1.182915298418E+00      8.827489325771E-01
   66.900000      1.182800485920E+00      8.832465794657E-01
   67.000000      1.182571573974E+00      8.834115471031E-01
   67.100000      1.182373495102E+00      8.831375192541E-01
   67.200000      1.182265165012E+00      8.824616841518E-01
   67.300000      1.182215706873E+00      8.815626864647E-01
   67.400000      1.182173507631E+00      8.807181194168E-01
   67.500000      1.182131383800E+00      8.802326010636E-01
   67.600000      1.182151886587E+00      8.803557083820E-01
   67.700000      1.182306237161E+00      8.812120294271E-01
   67.800000      1.182525573320E+00      8.827625270459E-01
   67.900000      1.182637729339E+00      8.848078174513E-01
   68.000000      1.182506377071E+00      8.870321623005E-01
   68.100000      1.182111649210E+00      8.890755947259E-01
   68.200000      1.181567353774E+00      8.906142687720E-01
   68.300000      1.181037287440E+00      8.914280710900E-01
   68.400000      1.180619307298E+00      8.914398277617E-01
   68.500000      1.180362908108E+00      8.907197799888E-01
   68.600000      1.180318432341E+00      8.894584815831E-01
   68.700000      1.180498148833E+00      8.879175472141E-01
   68.800000      1.180816382937E+00      8.863702357570E-01
   68.900000      1.181154964241E+00      8.850445349390E-01
   69.000000      1.181453074931E+00      8.840811942046E-01
   69.100000      1.181715170098E+00      8.835163307060E-01
   69.200000      1.181946081663E+00      8.832911211849E-01
   69.300000      1.182145297515E+00      8.832819271671E-01
   69.400000      1.182308708285E+00      8.833385124723E-01
   69.500000      1.182423266897E+00      8.833193138476E-01
   69.600000      1.182471306060E+00      8.831187511516E-01
   69.700000      1.182438343107E+00      8.826866421430E-01
   69.800000      1.182321830223E+00      8.820404584227E-01
   69.900000      1.182123978487E+00      8.812686802663E-01
   70.000000      1.181865575431E+00      8.805214373065E-01
   70.100000      1.181607936332E+00      8.799853631516E-01
   70.200000      1.181446397387E+00      8.798434482191E-01
   70.300000      1.181465166888E+00      8.802266614802E-01
   70.400000      1.181670429480E+00      8.811702009986E-01
   70.500000      1.181980543704E+00      8.825901518123E-01
   70.600000      1.182272418544E+00      8.842928001442E-01
   70.700000      1.182424348901E+00      8.860183635557E-01
   70.800000      1.182355869311E+00      8.875073739474E-01
   70.900000      1.182042908573E+00      8.885680133948E-01
   71.000000      1.181517990441E+00      8.891214794757E-01
   71.100000      1.180884402124E+00      8.892104881105E-01
   71.200000      1.180313441409E+00      8.889695831092E-01
   71.300000      1.179994083492E+00      8.885695828016E-01
   71.400000      1.180049754363E+00      8.881572904041E-01
   71.500000      1.180461693077E+00      8.878121505729E-01
   71.600000      1.181033805520E+00      8.875333043020E-01
   71.700000      1.181509303468E+00      8.872570157119E-01
   71.800000      1.181741734024E+00      8.868924811616E-01
   71.900000      1.181742043279E+00      8.863595888005E-01
   72.000000      1.181635655989E+00      8.856161601212E-01
   72.100000      1.181550714451E+00      8.846700148462E-01
   72.200000      1.181537928278E+00      8.835773261972E-01
   72.300000      1.181603402557E+00      8.824312433945E-01
   72.400000      1.181730507705E+00      8.813451841824E-01
   72.500000      1.181877104243E+00      8.804349736071E-01
   72.600000      1.181986076799E+00      8.798028182051E-01
   72.700000      1.182016792367E+00      8.795239004843E-01
   72.800000      1.181964801642E+00      8.796349612579E-01
   72.900000      1.181863125651E+00      8.801253624537E-01
   73.000000      1.181756639057E+00      8.809337335985E-01
   73.100000      1.181677736891E+00      8.819542232873E-01
   73.200000      1.181659240326E+00      8.830538624354E-01
   73.300000      1.181735099569E+00      8.840981611879E-01
   73.400000      1.181901721239E+00      8.849787631344E-01
   73.500000      1.182063540341E+00      8.856362208243E-01
   73.600000      1.182064092505E+00      8.860721265993E-01
   73.700000      1.181797120857E+00      8.863468579905E-01
   73.800000      1.181277893507E+00      8.865618107060E-01
   73.900000      1.180643873666E+00      8.868284645958E-01
   74.000000      1.180110198878E+00      8.872307707590E-01
   74.100000      1.179845468258E+00      8.877909651254E-01
   74.200000      1.179845398780E+00      8.884501436016E-01
   74.300000      1.180040054808E+00      8.890723126833E-01
   74.400000      1.180402602460E+00      8.894742043801E-01
   74.500000      1.180925706200E+00      8.894747560994E-01
   74.600000      1.181510428694E+00      8.889506709348E-01
   74.700000      1.181947522171E+00      8.878806726782E-01
   74.800000      1.182084471320E+00      8.863628568599E-01
   74.900000      1.181931423420E+00      8.845972896857E-01
   75.000000      1.181625194986E+00      8.828377999385E-01
   75.100000      1.181315856001E+00      8.813283897557E-01
   75.200000      1.181106395423E+00      8.802456440777E-01
   75.300000      1.181035415250E+00      8.796657753239E-01
   75.400000      1.181122410456E+00      8.795645427232E-01
   75.500000      1.181373204682E+00      8.798451376847E-01
   75.600000      1.181761235418E+00      8.803793191706E-01
   75.700000      1.182206511592E+00      8.810447289480E-01
   75.800000      1.182576856830E+00      8.817466901854E-01
   75.900000      1.182748628563E+00      8.824224743178E-01
   76.000000      1.182691847283E+00      8.830347326083E-01
   76.100000      1.182444104292E+00      8.835641174956E-01
   76.200000      1.182003772486E+00      8.840079209242E-01
   76.300000      1.181448986440E+00      8.843845687151E-01
   76.400000      1.180923046222E+00      8.847377718761E-01
   76.500000      1.180558039426E+00      8.851326463246E-01
   76.600000      1.180417166771E+00      8.856396483034E-01
   76.700000      1.180491390688E+00      8.863085461498E-01
   76.800000      1.180739792641E+00      8.871407871212E-01
   76.900000      1.181113745691E+00      8.880718187900E-01
   77.000000      1.181542067328E+00      8.889733400017E-01
   77.100000      1.181937769510E+00      8.896788018929E-01
   77.200000      1.182180782453E+00      8.900259616816E-01
   77.300000      1.182172862912E+00      8.899022972976E-01
   77.400000      1.181950977058E+00      8.892769249890E-01
   77.500000      1.181670063664E+00      8.882078471329E-01
   77.600000      1.181519490910E+00      8.868236389407E-01
   77.700000      1.181631076660E+00      8.852891675632E-01
   77.800000      1.182013723475E+00      8.837702904789E-01
   77.900000      1.182542160771E+00      8.824095553218E-01
   78.000000      1.183029089553E+00      8.813154297038E-01
   78.100000      1.183328859531E+00      8.805585247142E-01
   78.200000      1.183399777956E+00      8.801672815827E-01
   78.300000      1.183288568914E+00      8.801233444589E-01
   78.400000      1.183052261694E+00      8.803647139444E-01
   78.500000      1.182711821185E+00      8.808029567026E-01
   78.600000      1.182299830090E+00      8.813496109057E-01
   78.700000      1.181906143262E+00      8.819379197136E-01
   78.800000      1.181656195792E+00      8.825292441207E-01
   78.900000      1.181652092834E+00      8.831059626611E-01
   79.000000      1.181883526935E+00      8.836616528499E-01
   79.100000      1.182218758762E+00      8.841969475352E-01
   79.200000      1.182460450948E+00      8.847204355505E-01
   79.300000      1.182444322924E+00      8.852485842606E-01
   79.400000      1.182131496796E+00      8.858008323616E-01
   79.500000      1.181626839161E+00      8.863910604090E-01
   79.600000      1.181097512593E+00      8.870188484654E-01
   79.700000      1.180675000251E+00      8.876628180745E-01
   79.800000      1.180423735833E+00      8.882772031576E-01
   79.900000      1.180362330968E+00      8.887933411851E-01
   80.000000      1.180486580689E+00      8.891284071745E-01
   80.100000      1.180776431248E+00      8.892020972005E-01
   80.200000      1.181186711532E+00      8.889579769603E-01
   80.300000      1.181631875184E+00      8.883821722181E-01
   80.400000      1.182021612800E+00      8.875110299808E-01
   80.500000      1.182319699524E+00      8.864230503506E-01
   80.600000      1.182557445971E+00      8.852177502123E-01
   80.700000      1.182782757010E+00      8.839912422927E-01
   80.800000      1.182986650524E+00      8.828203964179E-01
   80.900000      1.183081869721E+00      8.817623358696E-01
   81.000000      1.182983807425E+00      8.808664052108E-01
   81.100000      1.182699472604E+00      8.801877404294E-01
   81.200000      1.182318772209E+00      8.797904516210E-01
   81.300000      1.181982458538E+00      8.797349359331E-01
   81.400000      1.181816635055E+00      8.800538636786E-01
   81.500000      1.181838860748E+00      8.807289049136E-01
   81.600000      1.181996641704E+00      8.816811321295E-01
   81.700000      1.182247186612E+00      8.827820826075E-01
   81.800000      1.182563950655E+00      8.838831275580E-01
   81.900000      1.182897378170E+00      8.848528725091E-01
   82.000000      1.183119455135E+00      8.856093064061E-01
   82.100000      1.183041472724E+00      8.861359511599E-01
   82.200000      1.182549393182E+00      8.864774121372E-01
   82.300000      1.181706437100E+00      8.867167107158E-01
   82.400000      1.180749516447E+00      8.869424368395E-01
   82.500000      1.179979356951E+00      8.872167612966E-01
   82.600000      1.179565245771E+00      8.875547519321E-01
   82.700000      1.179521504534E+00      8.879210075238E-01
   82.800000      1.179778312902E+00      8.882428308198E-01
   82.900000      1.180218474590E+00      8.884331839013E-01
   83.000000      1.180716383569E+00      8.884144542387E-01
   83.100000      1.181165456045E+00      8.881360919391E-01
   83.200000      1.181481691488E+00      8.875833078420E-01
   83.300000      1.181622880289E+00      8.867775126101E-01
   83.400000      1.181609064830E+00      8.857707496185E-01
   83.500000      1.181477594039E+00      8.846364873677E-01
   83.600000      1.181306961435E+00      8.834588965321E-01
   83.700000      1.181203073654E+00      8.823227465026E-01
   83.800000      1.181234173573E+00      8.813059695285E-01
   83.900000      1.181397117427E+00      8.804759620404E-01
   84.000000      1.181627583345E+00      8.798887352881E-01
   84.100000      1.181850749073E+00      8.795882855226E-01
   84.200000      1.182031162239E+00      8.796035005037E-01
   84.300000      1.182184068580E+00      8.799417844692E-01
   84.400000      1.182323999718E+00      8.805812935279E-01
   84.500000      1.182442716550E+00      8.814660280595E-01
   84.600000      1.182543159929E+00      8.825090177486E-01
   84.700000      1.182608567338E+00      8.836069959462E-01
   84.800000      1.182581839572E+00      8.846643025691E-01
   84.900000      1.182403041027E+00      8.856165044484E-01
   85.000000      1.182054312084E+00      8.864411447903E-01
   85.100000      1.181606896788E+00      8.871485418707E-01
   85.200000      1.181207276409E+00      8.877571687175E-01
   85.300000      1.180991118084E+00      8.882675516896E-01
   85.400000      1.181007940862E+00      8.886491603371E-01
   85.500000      1.181100664250E+00      8.888470184654E-01
   85.600000      1.181117921159E+00      8.888046823728E-01
   85.700000      1.181011482029E+00      8.884931513679E-01
   85.800000      1.180825192313E+00      8.879329554789E-01
   85.900000      1.180639683328E+00      8.871987932641E-01
   86.000000      1.180531299322E+00      8.864022549282E-01
   86.100000      1.180560162105E+00      8.856572058745E-01
   86.200000      1.180737774403E+00      8.850409245952E-01
   86.300000      1.181046639041E+00      8.845673993973E-01
   86.400000      1.181436682891E+00      8.841846943736E-01
   86.500000      1.181772623833E+00      8.837979336714E-01
   86.600000      1.181928936712E+00      8.833086498498E-01
   86.700000      1.181862902236E+00      8.826553025457E-01
   86.800000      1.181623116440E+00      8.818407730128E-01
   86.900000      1.181330576798E+00      8.809389289769E-01
   87.000000      1.181127165692E+00      8.800803214704E-01
   87.100000      1.181101497703E+00      8.794233339520E-01
   87.200000      1.181256945561E+00      8.791197953895E-01
   87.300000      1.181526841282E+00      8.792832200880E-01
   87.400000      1.181808471218E+00      8.799650400150E-01
   87.500000      1.181972746654E+00      8.811415508393E-01
   87.600000      1.181919849479E+00      8.827129068278E-01
   87.700000      1.181639835900E+00      8.845147361094E-01
   87.800000      1.181209151641E+00      8.863414305569E-01
   87.900000      1.180763401958E+00      8.879776577551E-01
   88.000000      1.180454541563E+00      8.892325651031E-01
   88.100000      1.180393884354E+00      8.899708857257E-01
   88.200000      1.180601780521E+00      8.901362783081E-01
   88.300000      1.180975306739E+00      8.897631203582E-01
   88.400000      1.181305150691E+00      8.889731957838E-01
   88.500000      1.181401530992E+00      8.879548365652E-01
   88.600000      1.181209365141E+00      8.869256284363E-01
   88.700000      1.180813245079E+00      8.860850565840E-01
   88.800000      1.180381324403E+00      8.855678503244E-01
   88.900000      1.180094212287E+00      8.854100304300E-01
   89.000000      1.180072335041E+00      8.855373041840E-01
   89.100000      1.180353064709E+00      8.857804852694E-01
   89.200000      1.180881311340E+00      8.859164470907E-01
   89.300000      1.181526236016E+00      8.857269262098E-01
   89.400000      1.182104180002E+00      8.850621882265E-01
   89.500000      1.182417338835E+00      8.838931602828E-01
   89.600000      1.182330177282E+00      8.823356025927E-01
   89.700000      1.181853628225E+00      8.806349299807E-01
   89.800000      1.181159822069E+00      8.791109917691E-01
   89.900000      1.180488047940E+00      8.780761830396E-01
   90.000000      1.180030366965E+00      8.777520327210E-01
   90.100000      1.179893918997E+00      8.782122148823E-01
   90.200000      1.180061664161E+00      8.793705861624E-01
   90.300000      1.180424468427E+00      8.810150298665E-01
   90.400000      1.180837757157E+00      8.828707074495E-01
   90.500000      1.181169975625E+00      8.846683991381E-01
   90.600000      1.181339068936E+00      8.861972336057E-01
   90.700000      1.181328681076E+00      8.873316574152E-01
   90.800000      1.181162919751E+00      8.880332906600E-01
   90.900000      1.180884603256E+00      8.883353462345E-01
   91.000000      1.180521492706E+00      8.883197159947E-01
   91.100000      1.180118587057E+00      8.880949851588E-01
   91.200000      1.179736223424E+00      8.877785971123E-01
   91.300000      1.179412588657E+00      8.874809961221E-01
   91.400000      1.179209378115E+00      8.872876918598E-01
   91.500000      1.179229958530E+00      8.872385981606E-01
   91.600000      1.179584097089E+00      8.873103191855E-01
   91.700000      1.180319502115E+00      8.874113260616E-01
   91.800000      1.181310392487E+00      8.873983935776E-01
   91.900000      1.182276739947E+00      8.871151751126E-01
   92.000000      1.182975362748E+00      8.864438054385E-01
   92.100000      1.183285037195E+00      8.853527766633E-01
   92.200000      1.183186666750E+00      8.839229520991E-01
   92.300000      1.182738550081E+00      8.823397675373E-01
   92.400000      1.182070671858E+00      8.808514141017E-01
   92.500000      1.181355344203E+00      8.797054085122E-01
   92.600000      1.180824075600E+00      8.790840478167E-01
   92.700000      1.180727578498E+00      8.790593704394E-01
   92.800000      1.181145850047E+00      8.795806805621E-01
   92.900000      1.181880895722E+00      8.804961423284E-01
   93.000000      1.182636488678E+00      8.815993376083E-01
   93.100000      1.183166221504E+00      8.826855647462E-01
   93.200000      1.183344181443E+00      8.836019554346E-01
   93.300000      1.183183441583E+00      8.842790271676E-01
   93.400000      1.182765965366E+00      8.847372110011E-01
   93.500000      1.182169822158E+00      8.850685787369E-01
   93.600000      1.181478517411E+00      8.854000961504E-01
   93.700000      1.180775842258E+00      8.858490273517E-01
   93.800000      1.180182626935E+00      8.864827187778E-01
   93.900000      1.179831889805E+00      8.872935932273E-01
   94.000000      1.179780513298E+00      8.881960000194E-01
   94.100000      1.179966169403E+00      8.890453409458E-01
   94.200000      1.180282748989E+00      8.896732714336E-01
   94.300000      1.180661569695E+00      8.899282660318E-01
   94.400000      1.181087428253E+00      8.897104614632E-01
   94.500000      1.181558814007E+00      8.889932684476E-01
   94.600000      1.182014511495E+00      8.878293287289E-01
   94.700000      1.182310416266E+00      8.863422782645E-01
   94.800000      1.182293850213E+00      8.847074519800E-01
   94.900000      1.181900814708E+00      8.831248455125E-01
   95.000000      1.181211576698E+00      8.817874967124E-01
   95.100000      1.180439551344E+00      8.808487175441E-01
   95.200000      1.179848317207E+00      8.803925842325E-01
   95.300000      1.179635195785E+00      8.804135543105E-01
   95.400000      1.179867745339E+00      8.808120255099E-01
   95.500000      1.180472846317E+00      8.814114964543E-01
   95.600000      1.181259521445E+00      8.819985243653E-01
   95.700000      1.181959262973E+00      8.823792524784E-01
   95.800000      1.182291150801E+00      8.824382995427E-01
   95.900000      1.182069311969E+00      8.821810201050E-01
   96.000000      1.181298921014E+00      8.817419740906E-01
   96.100000      1.180180975382E+00      8.813519539476E-01
   96.200000      1.179044107747E+00      8.812704742043E-01
   96.300000      1.178205701080E+00      8.817043166664E-01
   96.400000      1.177859268925E+00      8.827390416418E-01
   96.500000      1.178048830814E+00      8.843060093407E-01
   96.600000      1.178664986732E+00      8.861944510520E-01
   96.700000      1.179456279091E+00      8.881025863368E-01
   96.800000      1.180124019665E+00      8.897101359975E-01
   96.900000      1.180435663409E+00      8.907504254397E-01
   97.000000      1.180298746657E+00      8.910636023757E-01
   97.100000      1.179787909878E+00      8.906207889578E-01
   97.200000      1.179110125605E+00      8.895186460020E-01
   97.300000      1.178521075370E+00      8.879513407268E-01
   97.400000      1.178217739986E+00      8.861700667124E-01
   97.500000      1.178279010252E+00      8.844390905505E-01
   97.600000      1.178688872019E+00      8.829939580092E-01
   97.700000      1.179352686967E+00      8.820049223039E-01
   97.800000      1.180129175379E+00      8.815486797998E-01
   97.900000      1.180865946615E+00      8.815935112428E-01
   98.000000      1.181439501133E+00      8.820041459105E-01
   98.100000      1.181782376155E+00      8.825701794294E-01
   98.200000      1.181894848237E+00      8.830552563188E-01
   98.300000      1.181833150111E+00      8.832563945852E-01
   98.400000      1.181675490816E+00      8.830580380819E-01
   98.500000      1.181478262120E+00      8.824660932862E-01
   98.600000      1.181267341114E+00      8.816125512593E-01
   98.700000      1.181073987997E+00      8.807287067912E-01
   98.800000      1.180959603939E+00      8.800922603934E-01
   98.900000      1.181000276997E+00      8.799596699138E-01
   99.000000      1.181240843102E+00      8.804993177880E-01
   99.100000      1.181651917766E+00      8.817423262839E-01
   99.200000      1.182108516068E+00      8.835650441099E-01
   99.300000      1.182445775761E+00      8.857099740197E-01
   99.400000      1.182545577964E+00      8.878414096666E-01
   99.500000      1.182376250550E+00      8.896214019399E-01
   99.600000      1.181977025118E+00      8.907851636328E-01
   99.700000      1.181415552849E+00      8.911958436044E-01
   99.800000      1.180780321198E+00      8.908662537469E-01
   99.900000      1.180204819289E+00      8.899453013891E-01
  100.000000      1.179860103387E+00      8.886749438548E-01
