# M=24, N=12, V0=0.0, V=0.25, PBC
#  time (tJ)                 S₁(n=1)                 S₂(n=1)
    0.000000     -1.776356839400E-15      2.220446049250E-15
    0.100000      8.871271984923E-04      1.737291190085E-04
    0.200000      2.948666271034E-03      6.652635909861E-04
    0.300000      5.649759764565E-03      1.392145854088E-03
    0.400000      8.531454756490E-03      2.236951398673E-03
    0.500000      1.119694706087E-02      3.071946670385E-03
    0.600000      1.334546398521E-02      3.784487881052E-03
    0.700000      1.479834505996E-02      4.297209569466E-03
    0.800000      1.550760638606E-02      4.578754064318E-03
    0.900000      1.554558969860E-02      4.643492864044E-03
    1.000000      1.507838209505E-02      4.541557736407E-03
    1.100000      1.432829252400E-02      4.342722797669E-03
    1.200000      1.353164196213E-02      4.118715643741E-03
    1.300000      1.289279453788E-02      3.928248649797E-03
    1.400000      1.253144366182E-02      3.807714405227E-03
    1.500000      1.246367736720E-02      3.768611928255E-03
    1.600000      1.263084443156E-02      3.800957723044E-03
    1.700000      1.293632060201E-02      3.880658100251E-03
    1.800000      1.327734476286E-02      3.978306546609E-03
    1.900000      1.356804669654E-02      4.067094183905E-03
    2.000000      1.375285713320E-02      4.128259938058E-03
    2.100000      1.381077363563E-02      4.153450132157E-03
    2.200000      1.375207780566E-02      4.144216011303E-03
    2.300000      1.361002181573E-02      4.109460688257E-03
    2.400000      1.343002886972E-02      4.061888093517E-03
    2.500000      1.325824833276E-02      4.014447618882E-03
    2.600000      1.313101612420E-02      3.977513538153E-03
    2.700000      1.306798240377E-02      3.957204390353E-03
    2.800000      1.307088439574E-02      3.954926971971E-03
    2.900000      1.312694674789E-02      3.967977417363E-03
    3.000000      1.321513292708E-02      3.990869738592E-03
    3.100000      1.331260131561E-02      4.016990890535E-03
    3.200000      1.339934208813E-02      4.040191560900E-03
    3.300000      1.346089188177E-02      4.055998789001E-03
    3.400000      1.348975137114E-02      4.062260155989E-03
    3.500000      1.348576111250E-02      4.059173551398E-03
    3.600000      1.345526894288E-02      4.048791506216E-03
    3.700000      1.340902782611E-02      4.034187089055E-03
    3.800000      1.335917709258E-02      4.018511267689E-03
    3.900000      1.331612336340E-02      4.004156101515E-03
    4.000000      1.328627877923E-02      3.992176007378E-03
    4.100000      1.327081847971E-02      3.982033084978E-03
    4.200000      1.326484162915E-02      3.971647579379E-03
    4.300000      1.325708090134E-02      3.957672038879E-03
    4.400000      1.323126872425E-02      3.935879364138E-03
    4.500000      1.316920440111E-02      3.901562003992E-03
    4.600000      1.305396833918E-02      3.849874568295E-03
    4.700000      1.287188585049E-02      3.776102201099E-03
    4.800000      1.261266560327E-02      3.675887310542E-03
    4.900000      1.226771418236E-02      3.545483709891E-03
    5.000000      1.182788501292E-02      3.382119094537E-03
    5.100000      1.128341886688E-02      3.184528323232E-03
    5.200000      1.062758409432E-02      2.953671948766E-03
    5.300000      9.862516654471E-03      2.693584738078E-03
    5.400000      9.005000345284E-03      2.412221803904E-03
    5.500000      8.090646558439E-03      2.122103742799E-03
    5.600000      7.175413319225E-03      1.840525570820E-03
    5.700000      6.334367053912E-03      1.589102500233E-03
    5.800000      5.658284423033E-03      1.392487166124E-03
    5.900000      5.245560191791E-03      1.276207343360E-03
    6.000000      5.185514456831E-03      1.263729960011E-03
    6.100000      5.537543808837E-03      1.373035183129E-03
    6.200000      6.314495195660E-03      1.613152420120E-03
    6.300000      7.479234773897E-03      1.981230299985E-03
    6.400000      8.956989620510E-03      2.460747196149E-03
    6.500000      1.064255210442E-02      3.021389917471E-03
    6.600000      1.240236942746E-02      3.620928540713E-03
    6.700000      1.408970362388E-02      4.209114290198E-03
    6.800000      1.556424956252E-02      4.733269996847E-03
    6.900000      1.670514736584E-02      5.144892408231E-03
    7.000000      1.742010267117E-02      5.406312777275E-03
    7.100000      1.765475363076E-02      5.496331450289E-03
    7.200000      1.740165786524E-02      5.413800358829E-03
    7.300000      1.670516188245E-02      5.178390834644E-03
    7.400000      1.566010895707E-02      4.828228207745E-03
    7.500000      1.440435776153E-02      4.414628289369E-03
    7.600000      1.310551473489E-02      3.994724479131E-03
    7.700000      1.194177671762E-02      3.623202460762E-03
    7.800000      1.107496234487E-02      3.344555054590E-03
    7.900000      1.061449560886E-02      3.187177303809E-03
    8.000000      1.058817141405E-02      3.160257074389E-03
    8.100000      1.094508008646E-02      3.253863576761E-03
    8.200000      1.158280899835E-02      3.442023877027E-03
    8.300000      1.237510301167E-02      3.688042723380E-03
    8.400000      1.319321959176E-02      3.950974136302E-03
    8.500000      1.392288850796E-02      4.192053000514E-03
    8.600000      1.447705662426E-02      4.380039167476E-03
    8.700000      1.480334624606E-02      4.494757599853E-03
    8.800000      1.488585186642E-02      4.528540408495E-03
    8.900000      1.474198242015E-02      4.485683472301E-03
    9.000000      1.441572155397E-02      4.380332913831E-03
    9.100000      1.396892830126E-02      4.233368217108E-03
    9.200000      1.347221579576E-02      4.068854151968E-03
    9.300000      1.299644240276E-02      3.910540386753E-03
    9.400000      1.260485355089E-02      3.778760874057E-03
    9.500000      1.234498209976E-02      3.687978113486E-03
    9.600000      1.224046431909E-02      3.645151146541E-03
    9.700000      1.228648831401E-02      3.649066269533E-03
    9.800000      1.245226347379E-02      3.690721017665E-03
    9.900000      1.268821138873E-02      3.754762976715E-03
   10.000000      1.293436932610E-02      3.821846649838E-03
   10.100000      1.312901890230E-02      3.871606163277E-03
   10.200000      1.321716902193E-02      3.885795009709E-03
   10.300000      1.315791949247E-02      3.851068189507E-03
   10.400000      1.292958581889E-02      3.760914366650E-03
   10.500000      1.253190356161E-02      3.616393526237E-03
   10.600000      1.198520531223E-02      3.425571774785E-03
   10.700000      1.132687170600E-02      3.201813991913E-03
   10.800000      1.060552812251E-02      2.961330067027E-03
   10.900000      9.873565964595E-03      2.720513359003E-03
   11.000000      9.179061872759E-03      2.493628555092E-03
   11.100000      8.559045339104E-03      2.291301116040E-03
   11.200000      8.036275970764E-03      2.120061794312E-03
   11.300000      7.620526534204E-03      1.982954304465E-03
   11.400000      7.313327480200E-03      1.880973234992E-03
   11.500000      7.114143943572E-03      1.814908653800E-03
   11.600000      7.026397159145E-03      1.787069692573E-03
   11.700000      7.062025742653E-03      1.802365482603E-03
   11.800000      7.243256094415E-03      1.868346092075E-03
   11.900000      7.600260708094E-03      1.994035549900E-03
   12.000000      8.163205130979E-03      2.187685643209E-03
   12.100000      8.948103152854E-03      2.453881466197E-03
   12.200000      9.942501166111E-03      2.790662646135E-03
   12.300000      1.110216637240E-02      3.187417101038E-03
   12.400000      1.235822977561E-02      3.624212390001E-03
   12.500000      1.362605993267E-02      4.072953067010E-03
   12.600000      1.481374641499E-02      4.500343738879E-03
   12.700000      1.583167735751E-02      4.872195227832E-03
   12.800000      1.660293036659E-02      5.158255487648E-03
   12.900000      1.707265127267E-02      5.336583911314E-03
   13.000000      1.721470060987E-02      5.396573680602E-03
   13.100000      1.703438552271E-02      5.340045727579E-03
   13.200000      1.656660225912E-02      5.180302315748E-03
   13.300000      1.586955324143E-02      4.939505390250E-03
   13.400000      1.501580217052E-02      4.645098174048E-03
   13.500000      1.408398651466E-02      4.326120810834E-03
   13.600000      1.315306176999E-02      4.010154633153E-03
   13.700000      1.229809522563E-02      3.721315514794E-03
   13.800000      1.158590005517E-02      3.479317669388E-03
   13.900000      1.106916959892E-02      3.299283718645E-03
   14.000000      1.078045443893E-02      3.191801890779E-03
   14.100000      1.073087218797E-02      3.162780364379E-03
   14.200000      1.091410662035E-02      3.212891817351E-03
   14.300000      1.130920577537E-02      3.336735214970E-03
   14.400000      1.187934660849E-02      3.522130266201E-03
   14.500000      1.257002490859E-02      3.750084507960E-03
   14.600000      1.331030107567E-02      3.995877453373E-03
   14.700000      1.401873007369E-02      4.231416419922E-03
   14.800000      1.461365979543E-02      4.428631982646E-03
   14.900000      1.502508161143E-02      4.563330797205E-03
   15.000000      1.520455659684E-02      4.618730547822E-03
   15.100000      1.513130675553E-02      4.587930679087E-03
   15.200000      1.481413833563E-02      4.474810194230E-03
   15.300000      1.428964954187E-02      4.293207578715E-03
   15.400000      1.361743695183E-02      4.064610236107E-03
   15.500000      1.287296605577E-02      3.814853830412E-03
   15.600000      1.213852183557E-02      3.570444150442E-03
   15.700000      1.149245416045E-02      3.355066278287E-03
   15.800000      1.099746920102E-02      3.186692516590E-03
   15.900000      1.069049029862E-02      3.075522684288E-03
   16.000000      1.057733599863E-02      3.022859604259E-03
   16.100000      1.063260835542E-02      3.020970370755E-03
   16.200000      1.080321337094E-02      3.053989013169E-03
   16.300000      1.101540340936E-02      3.099916594870E-03
   16.400000      1.118552124748E-02      3.133701510866E-03
   16.500000      1.123319795394E-02      3.131199603976E-03
   16.600000      1.109501055266E-02      3.073545264046E-03
   16.700000      1.073669335478E-02      2.951197030201E-03
   16.800000      1.016215813339E-02      2.766773044828E-03
   16.900000      9.417651102565E-03      2.535865889967E-03
   17.000000      8.589487071693E-03      2.285361915602E-03
   17.100000      7.793936055808E-03      2.049334961983E-03
   17.200000      7.158410898154E-03      1.863201169138E-03
   17.300000      6.795868843936E-03      1.757327990882E-03
   17.400000      6.778621588123E-03      1.751519411894E-03
   17.500000      7.120410915515E-03      1.851657628509E-03
   17.600000      7.775776212932E-03      2.049285582348E-03
   17.700000      8.656935660096E-03      2.324189682340E-03
   17.800000      9.659070318285E-03      2.649284540861E-03
   17.900000      1.068432276602E-02      2.996521421374E-03
   18.000000      1.165899483105E-02      3.342301217125E-03
   18.100000      1.254238168176E-02      3.671039379546E-03
   18.200000      1.332724789424E-02      3.976060070972E-03
   18.300000      1.403256152819E-02      4.257745346373E-03
   18.400000      1.468912759740E-02      4.519627251688E-03
   18.500000      1.531929100777E-02      4.763678020133E-03
   18.600000      1.591906211233E-02      4.986273009621E-03
   18.700000      1.645414365359E-02      5.176116571367E-03
   18.800000      1.686766152061E-02      5.314885647375E-03
   18.900000      1.709196643864E-02      5.380602605753E-03
   19.000000      1.706136313371E-02      5.352990181758E-03
   19.100000      1.672719130073E-02      5.219481438779E-03
   19.200000      1.607414711858E-02      4.980307619272E-03
   19.300000      1.513250252340E-02      4.651240015205E-03
   19.400000      1.398184643497E-02      4.263092386565E-03
   19.500000      1.274512225902E-02      3.857870737864E-03
   19.600000      1.157344841342E-02      3.482285587581E-03
   19.700000      1.062235537034E-02      3.179996212091E-03
   19.800000      1.002086643428E-02      2.984261685269E-03
   19.900000      9.839965896375E-03      2.912556069148E-03
   20.000000      1.007354135562E-02      2.964211683686E-03
   20.100000      1.064492985115E-02      3.121431707594E-03
   20.200000      1.143418996567E-02      3.353258882363E-03
   20.300000      1.230756405363E-02      3.621490752428E-03
   20.400000      1.314059375365E-02      3.887225666625E-03
   20.500000      1.383417430775E-02      4.116750546505E-03
   20.600000      1.432361143923E-02      4.285790342109E-03
   20.700000      1.458112394110E-02      4.381609745592E-03
   20.800000      1.461291482105E-02      4.402945925115E-03
   20.900000      1.445228987578E-02      4.358138639871E-03
   21.000000      1.415023896744E-02      4.262052151069E-03
   21.100000      1.376462061184E-02      4.132455995863E-03
   21.200000      1.334904192856E-02      3.986493751770E-03
   21.300000      1.294313128950E-02      3.837772299821E-03
   21.400000      1.256660365534E-02      3.694480816876E-03
   21.500000      1.221869254677E-02      3.558801947984E-03
   21.600000      1.188249958795E-02      3.427692468577E-03
   21.700000      1.153277565632E-02      3.294878111942E-03
   21.800000      1.114545052881E-02      3.153647448876E-03
   21.900000      1.070671582814E-02      2.999801896318E-03
   22.000000      1.021915388854E-02      2.834006683434E-03
   22.100000      9.703548220195E-03      2.662863506055E-03
   22.200000      9.196998996094E-03      2.498310496659E-03
   22.300000      8.748055752155E-03      2.355394087993E-03
   22.400000      8.408221947652E-03      2.248928052045E-03
   22.500000      8.219778556255E-03      2.189908199789E-03
   22.600000      8.202737273702E-03      2.182666043513E-03
   22.700000      8.346841986135E-03      2.223574556086E-03
   22.800000      8.613733870810E-03      2.301709422875E-03
   22.900000      8.947969306688E-03      2.401341514751E-03
   23.000000      9.290903625511E-03      2.505647379694E-03
   23.100000      9.593340023343E-03      2.600714993080E-03
   23.200000      9.825939832426E-03      2.678872244275E-03
   23.300000      9.986295684454E-03      2.740572365285E-03
   23.400000      1.010053564509E-02      2.794452138619E-03
   23.500000      1.021822377663E-02      2.855609122386E-03
   23.600000      1.040138966952E-02      2.942502231156E-03
   23.700000      1.071028159477E-02      3.073093544793E-03
   23.800000      1.118970198914E-02      3.260911734928E-03
   23.900000      1.185949834204E-02      3.511671630160E-03
   24.000000      1.270942011732E-02      3.820983784621E-03
   24.100000      1.369621320033E-02      4.173561862719E-03
   24.200000      1.474458987707E-02      4.544177772530E-03
   24.300000      1.575635248086E-02      4.900399092569E-03
   24.400000      1.662626719256E-02      5.206857958858E-03
   24.500000      1.725885883570E-02      5.430473870657E-03
   24.600000      1.758246495832E-02      5.545761214034E-03
   24.700000      1.755929582961E-02      5.539199211203E-03
   24.800000      1.719073408894E-02      5.411717333511E-03
   24.900000      1.651731083436E-02      5.178684671741E-03
   25.000000      1.561342038038E-02      4.867332662139E-03
   25.100000      1.457747479292E-02      4.512149419552E-03
   25.200000      1.351836931634E-02      4.149279653502E-03
   25.300000      1.253923260767E-02      3.811185506546E-03
   25.400000      1.172064849441E-02      3.522692471303E-03
   25.500000      1.110856385999E-02      3.299100902880E-03
   25.600000      1.071345163210E-02      3.146435266418E-03
   25.700000      1.052116064163E-02      3.063331050239E-03
   25.800000      1.050745075437E-02      3.043701681333E-03
   25.900000      1.064775843300E-02      3.079276515116E-03
   26.000000      1.091956551061E-02      3.161334554183E-03
   26.100000      1.129994148191E-02      3.281361567023E-03
   26.200000      1.176259628028E-02      3.430773786771E-03
   26.300000      1.227688552902E-02      3.600141806904E-03
   26.400000      1.280828944343E-02      3.778440691106E-03
   26.500000      1.331934880644E-02      3.952753671611E-03
   26.600000      1.377107780872E-02      4.108638442329E-03
   26.700000      1.412517606375E-02      4.231125789703E-03
   26.800000      1.434683472148E-02      4.306144614782E-03
   26.900000      1.440748986260E-02      4.322095279044E-03
   27.000000      1.428689490672E-02      4.271313268047E-03
   27.100000      1.397459100174E-02      4.151231882482E-03
   27.200000      1.347213182759E-02      3.965117038744E-03
   27.300000      1.279655093383E-02      3.722283713451E-03
   27.400000      1.198291610644E-02      3.437718977227E-03
   27.500000      1.108388382343E-02      3.131058774958E-03
   27.600000      1.016583141706E-02      2.824920980368E-03
   27.700000      9.302161222463E-03      2.542691967852E-03
   27.800000      8.564909780046E-03      2.305979303269E-03
   27.900000      8.015923690878E-03      2.132045243799E-03
   28.000000      7.698570228150E-03      2.031591829397E-03
   28.100000      7.630505355685E-03      2.007260356411E-03
   28.200000      7.798037871702E-03      2.053136818976E-03
   28.300000      8.154753351157E-03      2.155435132108E-03
   28.400000      8.628591354134E-03      2.294379854255E-03
   28.500000      9.136312156313E-03      2.447143179871E-03
   28.600000      9.599647298170E-03      2.591515063824E-03
   28.700000      9.959285448853E-03      2.709810833331E-03
   28.800000      1.018528277230E-02      2.792372367961E-03
   28.900000      1.028299430371E-02      2.839942494857E-03
   29.000000      1.029332461321E-02      2.864245905932E-03
   29.100000      1.028608504258E-02      2.886340540601E-03
   29.200000      1.034640653875E-02      2.932715501861E-03
   29.300000      1.055676607899E-02      3.029644890904E-03
   29.400000      1.097912316217E-02      3.196836642388E-03
   29.500000      1.164022714856E-02      3.441780402260E-03
   29.600000      1.252099040685E-02      3.756250952557E-03
   29.700000      1.355228616907E-02      4.116084508705E-03
   29.800000      1.462216896212E-02      4.484644926857E-03
   29.900000      1.559687877854E-02      4.819485256966E-03
   30.000000      1.635050704447E-02      5.080825871823E-03
   30.100000      1.679264783631E-02      5.239875735327E-03
   30.200000      1.688646366586E-02      5.284921618356E-03
   30.300000      1.665517819790E-02      5.223573977920E-03
   30.400000      1.617705213278E-02      5.080494825859E-03
   30.500000      1.556902635404E-02      4.891100793884E-03
   30.600000      1.495871847203E-02      4.692811004021E-03
   30.700000      1.444826513942E-02      4.516086530190E-03
   30.800000      1.408639794701E-02      4.377586948979E-03
   30.900000      1.386271140398E-02      4.277218868327E-03
   31.000000      1.371918840721E-02      4.199817193244E-03
   31.100000      1.357184257581E-02      4.120961680093E-03
   31.200000      1.333698280060E-02      4.015323562943E-03
   31.300000      1.295573532559E-02      3.865258585831E-03
   31.400000      1.241207366593E-02      3.667297432595E-03
   31.500000      1.174099268539E-02      3.434751700040E-03
   31.600000      1.102501771615E-02      3.195701150675E-03
   31.700000      1.037948678954E-02      2.986871136839E-03
   31.800000      9.928910828135E-03      2.845006845275E-03
   31.900000      9.777074226614E-03      2.798001761013E-03
   32.000000      9.975106384991E-03      2.858065968885E-03
   32.100000      1.050137793923E-02      3.018627197636E-03
   32.200000      1.126792847709E-02      3.255621477845E-03
   32.300000      1.214747360109E-02      3.532651586227E-03
   32.400000      1.300510330080E-02      3.808505321700E-03
   32.500000      1.372436796272E-02      4.045004314628E-03
   32.600000      1.422378254027E-02      4.213228222728E-03
   32.700000      1.446294180467E-02      4.296781426910E-03
   32.800000      1.443920574374E-02      4.291730652938E-03
   32.900000      1.417740595164E-02      4.203837022809E-03
   33.000000      1.371615868081E-02      4.044428696163E-03
   33.100000      1.309483979558E-02      3.826499326959E-03
   33.200000      1.234502550616E-02      3.562322538178E-03
   33.300000      1.148940932167E-02      3.263166957362E-03
   33.400000      1.054910725543E-02      2.940833413133E-03
   33.500000      9.556027325379E-03      2.610012714769E-03
   33.600000      8.563982802740E-03      2.290121442241E-03
   33.700000      7.652970044751E-03      2.005424964240E-03
   33.800000      6.922959621720E-03      1.782848018368E-03
   33.900000      6.475317752133E-03      1.647706183668E-03
   34.000000      6.383942475995E-03      1.618388924370E-03
   34.100000      6.668625298427E-03      1.701517299048E-03
   34.200000      7.288902056929E-03      1.889113052616E-03
   34.300000      8.157606519038E-03      2.158831211650E-03
   34.400000      9.160243336643E-03      2.477469917653E-03
   34.500000      1.017491699467E-02      2.807040918197E-03
   34.600000      1.109197590961E-02      3.111953564936E-03
   34.700000      1.183129417083E-02      3.365558562965E-03
   34.800000      1.235391591029E-02      3.554499891969E-03
   34.900000      1.266540780492E-02      3.679956622135E-03
   35.000000      1.281065350163E-02      3.755711303162E-03
   35.100000      1.286162802320E-02      3.803788973880E-03
   35.200000      1.290042664925E-02      3.848931570920E-03
   35.300000      1.300049232532E-02      3.913276642759E-03
   35.400000      1.321113257614E-02      4.012315974731E-03
   35.500000      1.355173192459E-02      4.152671812950E-03
   35.600000      1.401550960637E-02      4.331665725309E-03
   35.700000      1.457521027631E-02      4.538264480642E-03
   35.800000      1.518552452703E-02      4.754867123012E-03
   35.900000      1.578433791012E-02      4.959519042286E-03
   36.000000      1.629878406923E-02      5.128373061762E-03
   36.100000      1.665586948796E-02      5.238401269527E-03
   36.200000      1.679305563994E-02      5.270374512609E-03
   36.300000      1.666737452956E-02      5.211947533702E-03
   36.400000      1.626314512746E-02      5.060404379468E-03
   36.500000      1.559755607189E-02      4.824389365926E-03
   36.600000      1.472265987200E-02      4.523929694803E-03
   36.700000      1.372232783528E-02      4.188324801506E-03
   36.800000      1.270330558609E-02      3.851990496534E-03
   36.900000      1.178030530876E-02      3.548945366431E-03
   37.000000      1.105613668130E-02      3.307100492014E-03
   37.100000      1.060035158231E-02      3.143677740547E-03
   37.200000      1.043214624106E-02      3.062854862581E-03
   37.300000      1.051458204825E-02      3.056171338767E-03
   37.400000      1.076986176789E-02      3.105499970228E-03
   37.500000      1.110740107569E-02      3.187725801605E-03
   37.600000      1.144621067803E-02      3.279882254548E-03
   37.700000      1.172782430222E-02      3.363484490928E-03
   37.800000      1.192175960506E-02      3.427150682854E-03
   37.900000      1.202460227627E-02      3.467173627108E-03
   38.000000      1.205400461156E-02      3.486296206035E-03
   38.100000      1.203965937348E-02      3.491365546199E-03
   38.200000      1.201380710938E-02      3.490681680058E-03
   38.300000      1.200381166158E-02      3.491717081103E-03
   38.400000      1.202779498160E-02      3.499563759393E-03
   38.500000      1.209206940055E-02      3.516118141353E-03
   38.600000      1.218972772388E-02      3.539783949296E-03
   38.700000      1.230146702451E-02      3.565437138302E-03
   38.800000      1.239806499277E-02      3.584539372577E-03
   38.900000      1.244264986805E-02      3.585510850731E-03
   39.000000      1.239289277428E-02      3.554645288751E-03
   39.100000      1.220472702234E-02      3.477856318541E-03
   39.200000      1.183875387940E-02      3.343343240553E-03
   39.300000      1.126934474279E-02      3.144905507455E-03
   39.400000      1.049523899917E-02      2.885247588647E-03
   39.500000      9.549286525751E-03      2.578357942723E-03
   39.600000      8.504301904148E-03      2.250046903433E-03
   39.700000      7.472058517081E-03      1.936035915183E-03
   39.800000      6.592972117046E-03      1.677547160845E-03
   39.900000      6.015285288573E-03      1.514999522587E-03
   40.000000      5.865554631763E-03      1.480980997639E-03
   40.100000      6.215689476685E-03      1.593964728920E-03
   40.200000      7.057347241037E-03      1.854166740689E-03
   40.300000      8.301402443571E-03      2.242516359103E-03
   40.400000      9.803318304519E-03      2.723036824695E-03
   40.500000      1.139563418728E-02      3.248193136584E-03
   40.600000      1.291583439550E-02      3.766148157796E-03
   40.700000      1.422710328034E-02      4.228523127727E-03
   40.800000      1.523196730743E-02      4.597247050167E-03
   40.900000      1.587918400409E-02      4.849368080399E-03
   41.000000      1.616452515680E-02      4.979182186868E-03
   41.100000      1.612647403417E-02      4.997571693914E-03
   41.200000      1.583801078863E-02      4.928915303096E-03
   41.300000      1.539558183436E-02      4.806255642530E-03
   41.400000      1.490639589620E-02      4.665570528326E-03
   41.500000      1.447498878748E-02      4.540013656267E-03
   41.600000      1.418840062340E-02      4.454911620340E-03
   41.700000      1.409961164222E-02      4.424163643354E-03
   41.800000      1.421411504842E-02      4.448506256202E-03
   41.900000      1.448611236437E-02      4.515878793814E-03
   42.000000      1.483062986936E-02      4.603855508864E-03
   42.100000      1.514693803360E-02      4.683808889469E-03
   42.200000      1.533948422769E-02      4.726173310171E-03
   42.300000      1.533258946531E-02      4.705947100888E-03
   42.400000      1.508060855484E-02      4.607469356925E-03
   42.500000      1.457414042231E-02      4.427583910906E-03
   42.600000      1.384201361799E-02      4.176568394644E-03
   42.700000      1.294877899737E-02      3.876624542877E-03
   42.800000      1.198768535854E-02      3.558214478591E-03
   42.900000      1.106912558780E-02      3.254975381676E-03
   43.000000      1.030372564353E-02      2.998239160778E-03
   43.100000      9.779103858125E-03      2.812243098348E-03
   43.200000      9.537598438310E-03      2.710919313722E-03
   43.300000      9.571978720761E-03      2.696744386321E-03
   43.400000      9.839266383414E-03      2.761627098909E-03
   43.500000      1.027712576689E-02      2.889354254462E-03
   43.600000      1.081645749401E-02      3.058829884138E-03
   43.700000      1.139053931121E-02      3.247302885601E-03
   43.800000      1.194079223814E-02      3.432971945006E-03
   43.900000      1.241909099182E-02      3.596697195575E-03
   44.000000      1.278743270429E-02      3.722903072128E-03
   44.100000      1.301671191520E-02      3.799997199797E-03
   44.200000      1.308649602530E-02      3.820677409698E-03
   44.300000      1.298668572515E-02      3.782353602009E-03
   44.400000      1.272044496196E-02      3.687651375590E-03
   44.500000      1.230688453305E-02      3.544714682000E-03
   44.600000      1.178194422642E-02      3.366906013436E-03
   44.700000      1.119632419999E-02      3.171582083008E-03
   44.800000      1.060980604178E-02      2.977885409467E-03
   44.900000      1.008194395266E-02      2.803844301599E-03
   45.000000      9.660627078855E-03      2.663380337628E-03
   45.100000      9.372272784930E-03      2.563960419898E-03
   45.200000      9.217310817263E-03      2.505537448014E-03
   45.300000      9.171807846407E-03      2.481121821134E-03
   45.400000      9.194605063854E-03      2.478912180366E-03
   45.500000      9.238613085394E-03      2.485520585732E-03
   45.600000      9.263504409910E-03      2.489571960619E-03
   45.700000      9.246595359886E-03      2.484900299284E-03
   45.800000      9.189599171861E-03      2.472692265117E-03
   45.900000      9.120196901854E-03      2.462173124782E-03
   46.000000      9.088490619720E-03      2.469702979017E-03
   46.100000      9.159327033454E-03      2.516388406561E-03
   46.200000      9.402026691933E-03      2.624496934552E-03
   46.300000      9.878712502326E-03      2.813109000678E-03
   46.400000      1.063116762174E-02      3.093582604260E-03
   46.500000      1.166546360429E-02      3.465541932267E-03
   46.600000      1.293803301786E-02      3.914191762119E-03
   46.700000      1.435412160465E-02      4.409731130332E-03
   46.800000      1.578128598443E-02      4.909422914183E-03
   46.900000      1.706948235638E-02      5.362447672837E-03
   47.000000      1.807251467069E-02      5.717083894010E-03
   47.100000      1.866889350402E-02      5.929143016406E-03
   47.200000      1.878017533729E-02      5.970120078427E-03
   47.300000      1.838464116819E-02      5.833360350069E-03
   47.400000      1.752437023601E-02      5.536777901343E-03
   47.500000      1.630434609706E-02      5.121273927291E-03
   47.600000      1.488304897526E-02      4.644861687679E-03
   47.700000      1.345476359558E-02      4.173409401994E-03
   47.800000      1.222400826184E-02      3.769647387215E-03
   47.900000      1.137125398450E-02      3.482483037926E-03
   48.000000      1.100789201381E-02      3.338646471743E-03
   48.100000      1.113238780427E-02      3.338268718144E-03
   48.200000      1.163229922337E-02      3.455271942018E-03
   48.300000      1.233081406394E-02      3.642572684856E-03
   48.400000      1.303084910838E-02      3.841220746926E-03
   48.500000      1.354976042830E-02      3.991859982854E-03
   48.600000      1.374820768830E-02      4.046418745537E-03
   48.700000      1.355193399600E-02      3.977803357588E-03
   48.800000      1.296431188597E-02      3.785629334374E-03
   48.900000      1.206767514465E-02      3.496683810457E-03
   49.000000      1.101154802218E-02      3.159798481169E-03
   49.100000      9.986694506380E-03      2.835967793617E-03
   49.200000      9.187685908091E-03      2.585636449339E-03
   49.300000      8.772703662354E-03      2.455833623995E-03
   49.400000      8.829664932114E-03      2.470016815732E-03
   49.500000      9.348843654148E-03      2.622991206221E-03
   49.600000      1.021335212542E-02      2.882150693841E-03
   49.700000      1.123439172475E-02      3.194789179301E-03
   49.800000      1.220720676483E-02      3.499735779043E-03
   49.900000      1.295659402725E-02      3.740488721705E-03
   50.000000      1.336642043187E-02      3.876677434895E-03
   50.100000      1.339382763099E-02      3.891183250839E-03
   50.200000      1.306900804981E-02      3.791456844728E-03
   50.300000      1.248192849179E-02      3.605132302442E-03
   50.400000      1.175829106738E-02      3.371499872658E-03
   50.500000      1.102825539415E-02      3.131351803042E-03
   50.600000      1.039512784865E-02      2.917917038836E-03
   50.700000      9.915679835293E-03      2.751044524234E-03
   50.800000      9.597877033106E-03      2.635698123345E-03
   50.900000      9.411791559793E-03      2.564548400663E-03
   51.000000      9.308091383898E-03      2.523370334233E-03
   51.100000      9.238426278176E-03      2.497367944400E-03
   51.200000      9.171821047585E-03      2.476557283301E-03
   51.300000      9.103294994558E-03      2.458866739178E-03
   51.400000      9.053798750566E-03      2.450433368187E-03
   51.500000      9.062810796058E-03      2.463408197761E-03
   51.600000      9.176377134163E-03      2.512196331543E-03
   51.700000      9.434061434325E-03      2.609320464533E-03
   51.800000      9.858177267054E-03      2.762004976817E-03
   51.900000      1.044767825975E-02      2.970226559747E-03
   52.000000      1.117743991926E-02      3.226508782733E-03
   52.100000      1.200250540878E-02      3.517290704341E-03
   52.200000      1.286644607841E-02      3.825372227877E-03
   52.300000      1.371185779610E-02      4.132776604847E-03
   52.400000      1.448989542900E-02      4.423371115347E-03
   52.500000      1.516657091510E-02      4.684717981215E-03
   52.600000      1.572523359260E-02      4.908844303052E-03
   52.700000      1.616545070931E-02      5.091877283089E-03
   52.800000      1.649822874465E-02      5.232747156670E-03
   52.900000      1.673722150925E-02      5.331373703748E-03
   53.000000      1.688792210964E-02      5.386881203314E-03
   53.100000      1.694112598992E-02      5.396395301835E-03
   53.200000      1.687443575995E-02      5.354846794553E-03
   53.300000      1.665928157779E-02      5.255957975068E-03
   53.400000      1.626989382913E-02      5.094270173770E-03
   53.500000      1.569161693671E-02      4.867765462209E-03
   53.600000      1.492753700432E-02      4.580423387233E-03
   53.700000      1.400337761472E-02      4.243995594825E-03
   53.800000      1.297004983892E-02      3.878399642270E-03
   53.900000      1.190239075752E-02      3.510407380916E-03
   54.000000      1.089294888834E-02      3.170674382852E-03
   54.100000      1.004116931191E-02      2.889541124021E-03
   54.200000      9.439224602490E-03      2.692343433225E-03
   54.300000      9.154403543980E-03      2.595124186331E-03
   54.400000      9.209081731472E-03      2.601602018716E-03
   54.500000      9.569984617261E-03      2.702035018775E-03
   54.600000      1.015769917687E-02      2.874269767918E-03
   54.700000      1.086589626347E-02      3.086865231101E-03
   54.800000      1.157862549139E-02      3.303805901779E-03
   54.900000      1.218583207747E-02      3.490034126578E-03
   55.000000      1.259859644712E-02      3.616881052176E-03
   55.100000      1.276167671192E-02      3.666480127052E-03
   55.200000      1.266067646720E-02      3.634405575013E-03
   55.300000      1.232313940469E-02      3.530067514688E-03
   55.400000      1.181387522403E-02      3.374770862004E-03
   55.500000      1.122510482006E-02      3.197745851111E-03
   55.600000      1.066221336558E-02      3.030816096150E-03
   55.700000      1.022616133658E-02      2.902622682538E-03
   55.800000      9.994121820409E-03      2.833422797919E-03
   55.900000      1.000135540329E-02      2.831405743031E-03
   56.000000      1.023029703521E-02      2.891222936247E-03
   56.100000      1.061419197021E-02      2.995046009701E-03
   56.200000      1.105451723470E-02      3.116008864971E-03
   56.300000      1.144350136273E-02      3.223435436122E-03
   56.400000      1.168534775776E-02      3.288892118614E-03
   56.500000      1.171324211659E-02      3.291910793052E-03
   56.600000      1.150073010201E-02      3.224256705145E-03
   56.700000      1.106672727041E-02      3.091874585654E-03
   56.800000      1.047381422550E-02      2.914096023186E-03
   56.900000      9.819632650556E-03      2.720245052151E-03
   57.000000      9.221024453110E-03      2.544320798634E-03
   57.100000      8.791297051379E-03      2.418844216317E-03
   57.200000      8.615907598529E-03      2.369132614081E-03
   57.300000      8.736617443417E-03      2.409162804847E-03
   57.400000      9.147505827388E-03      2.539818521488E-03
   57.500000      9.800066192106E-03      2.749772008131E-03
   57.600000      1.061681046302E-02      3.018651735188E-03
   57.700000      1.151010179593E-02      3.321642088062E-03
   57.800000      1.240001320014E-02      3.634370831389E-03
   57.900000      1.322718051517E-02      3.936938627114E-03
   58.000000      1.395890523443E-02      4.216231899000E-03
   58.100000      1.458800598330E-02      4.466159297894E-03
   58.200000      1.512535463656E-02      4.686025834717E-03
   58.300000      1.558877053418E-02      4.877745737869E-03
   58.400000      1.599214113158E-02      5.042857104870E-03
   58.500000      1.633813850125E-02      5.180268723779E-03
   58.600000      1.661584564293E-02      5.285364758384E-03
   58.700000      1.680287918562E-02      5.350623731587E-03
   58.800000      1.687120581914E-02      5.367429285366E-03
   58.900000      1.679534813213E-02      5.328411693883E-03
   59.000000      1.656012081498E-02      5.229558324377E-03
   59.100000      1.616460050744E-02      5.071483793522E-03
   59.200000      1.562111182296E-02      4.859588516612E-03
   59.300000      1.495108020937E-02      4.603230703454E-03
   59.400000      1.418118626881E-02      4.314349217955E-03
   59.500000      1.334173568319E-02      4.006094866190E-03
   59.600000      1.246673423172E-02      3.691920322572E-03
   59.700000      1.159451599950E-02      3.385294738888E-03
   59.800000      1.076802275273E-02      3.099866053953E-03
   59.900000      1.003398034415E-02      2.849633282071E-03
   60.000000      9.440595384739E-03      2.648624037570E-03
   60.100000      9.033401459348E-03      2.509738497803E-03
   60.200000      8.848409159576E-03      2.442769853786E-03
   60.300000      8.902870342778E-03      2.452018065032E-03
   60.400000      9.186825043892E-03      2.534220735625E-03
   60.500000      9.660015954870E-03      2.677598856622E-03
   60.600000      1.025640957642E-02      2.862599491917E-03
   60.700000      1.089494620252E-02      3.064459808261E-03
   60.800000      1.149343591076E-02      3.257158283208E-03
   60.900000      1.198224132556E-02      3.417847309628E-03
   61.000000      1.231479237066E-02      3.530645129413E-03
   61.100000      1.247302766410E-02      3.588792317462E-03
   61.200000      1.246705955603E-02      3.594623960917E-03
   61.300000      1.232932800657E-02      3.557440591845E-03
   61.400000      1.210432896824E-02      3.489979979511E-03
   61.500000      1.183597052472E-02      3.404597219281E-03
   61.600000      1.155596760600E-02      3.310316326071E-03
   61.700000      1.127757190777E-02      3.211599815812E-03
   61.800000      1.099734344086E-02      3.109094569897E-03
   61.900000      1.070409030660E-02      3.001945632030E-03
   62.000000      1.039098590443E-02      2.890744378420E-03
   62.100000      1.006562039635E-02      2.779965863581E-03
   62.200000      9.754053795829E-03      2.678919578508E-03
   62.300000      9.497580779038E-03      2.600731556697E-03
   62.400000      9.343296703973E-03      2.559534478773E-03
   62.500000      9.331440109247E-03      2.566657595908E-03
   62.600000      9.483461189803E-03      2.626987357102E-03
   62.700000      9.794009128086E-03      2.736693167768E-03
   62.800000      1.022867102396E-02      2.883167715876E-03
   62.900000      1.072872128929E-02      3.047413057673E-03
   63.000000      1.122335961644E-02      3.208387709821E-03
   63.100000      1.164753614029E-02      3.348223057351E-03
   63.200000      1.195983025324E-02      3.456900102579E-03
   63.300000      1.215413767100E-02      3.535053291872E-03
   63.400000      1.226201724985E-02      3.594030648392E-03
   63.500000      1.234556201956E-02      3.653069580759E-03
   63.600000      1.248225421614E-02      3.734242945591E-03
   63.700000      1.274439235979E-02      3.856461036790E-03
   63.800000      1.317730189091E-02      4.030095052190E-03
   63.900000      1.378296996949E-02      4.253629880475E-03
   64.000000      1.451660056247E-02      4.513201774893E-03
   64.100000      1.529851481544E-02      4.785090459675E-03
   64.200000      1.603503417521E-02      5.040445584037E-03
   64.300000      1.663914946894E-02      5.250963383222E-03
   64.400000      1.704570393602E-02      5.394048959761E-03
   64.500000      1.721944215377E-02      5.456241481165E-03
   64.600000      1.715593695522E-02      5.434252824009E-03
   64.700000      1.687647217905E-02      5.333685557688E-03
   64.800000      1.641881760033E-02      5.166129431937E-03
   64.900000      1.582633087795E-02      4.945700898072E-03
   65.000000      1.513805122988E-02      4.686098301428E-03
   65.100000      1.438256565810E-02      4.398926413544E-03
   65.200000      1.357769443886E-02      4.093529478517E-03
   65.300000      1.273576720711E-02      3.778044222014E-03
   65.400000      1.187171845447E-02      3.461012720173E-03
   65.500000      1.101008542355E-02      3.152781890208E-03
   65.600000      1.018785246999E-02      2.866069251813E-03
   65.700000      9.452164353549E-03      2.615413170771E-03
   65.800000      8.854044635243E-03      2.415617924586E-03
   65.900000      8.440483932183E-03      2.279616598845E-03
   66.000000      8.246843988896E-03      2.216319824233E-03
   66.100000      8.290390838678E-03      2.228976130237E-03
   66.200000      8.565571792478E-03      2.314384709873E-03
   66.300000      9.042421190138E-03      2.463055420697E-03
   66.400000      9.669694022016E-03      2.660188491748E-03
   66.500000      1.038243673907E-02      2.887207369587E-03
   66.600000      1.111133737014E-02      3.123543761039E-03
   66.700000      1.179087783932E-02      3.348428022679E-03
   66.800000      1.236469926302E-02      3.542538217509E-03
   66.900000      1.278826134800E-02      3.689456421434E-03
   67.000000      1.302999590755E-02      3.776930914381E-03
   67.100000      1.307249413146E-02      3.797933005008E-03
   67.200000      1.291450319571E-02      3.751442474475E-03
   67.300000      1.257292127603E-02      3.642832002038E-03
   67.400000      1.208303193504E-02      3.483688079448E-03
   67.500000      1.149582560279E-02      3.290930480755E-03
   67.600000      1.087284546965E-02      3.085179923473E-03
   67.700000      1.028002691515E-02      2.888460207008E-03
   67.800000      9.780948364151E-03      2.721479610738E-03
   67.900000      9.427995332441E-03      2.600881594106E-03
   68.000000      9.251479285099E-03      2.536947647021E-03
   68.100000      9.253068246368E-03      2.532237586378E-03
   68.200000      9.409382436645E-03      2.581538505203E-03
   68.300000      9.681357962820E-03      2.673262224432E-03
   68.400000      1.002326105030E-02      2.792117424452E-03
   68.500000      1.039054660173E-02      2.922556475133E-03
   68.600000      1.074774479868E-02      3.052248165158E-03
   68.700000      1.107591807285E-02      3.174740431978E-03
   68.800000      1.137697146342E-02      3.290602819721E-03
   68.900000      1.167232737789E-02      3.406672892522E-03
   69.000000      1.199576518035E-02      3.533507536712E-03
   69.100000      1.238212045849E-02      3.681639372470E-03
   69.200000      1.285431968758E-02      3.857616114333E-03
   69.300000      1.341214518653E-02      4.060929919209E-03
   69.400000      1.402747372302E-02      4.282759887037E-03
   69.500000      1.464897366724E-02      4.506982274712E-03
   69.600000      1.521416194018E-02      4.713273082977E-03
   69.700000      1.566405654869E-02      4.881522167718E-03
   69.800000      1.595631755378E-02      4.996385184150E-03
   69.900000      1.607400866060E-02      5.050744959905E-03
   70.000000      1.602835150763E-02      5.047154723615E-03
   70.100000      1.585527720431E-02      4.996895182502E-03
   70.200000      1.560685014879E-02      4.916920491263E-03
   70.300000      1.533944568668E-02      4.825503909655E-03
   70.400000      1.510111866439E-02      4.737680592971E-03
   70.500000      1.492054360868E-02      4.661570833446E-03
   70.600000      1.479859772067E-02      4.596394998106E-03
   70.700000      1.470456448142E-02      4.532568831000E-03
   70.800000      1.458175274457E-02      4.453819043032E-03
   70.900000      1.436187276456E-02      4.340881749916E-03
   71.000000      1.398135737186E-02      4.176088790468E-03
   71.100000      1.339574547555E-02      3.948013298201E-03
   71.200000      1.259123870857E-02      3.655319821791E-03
   71.300000      1.159253835759E-02      3.309036330183E-03
   71.400000      1.046566596110E-02      2.932646036828E-03
   71.500000      9.314365409363E-03      2.559706297918E-03
   71.600000      8.268679155833E-03      2.229140639004E-03
   71.700000      7.464651179090E-03      1.978868509239E-03
   71.800000      7.016509898976E-03      1.838923703666E-03
   71.900000      6.988692265706E-03      1.825513692029E-03
   72.000000      7.378603961867E-03      1.937446384260E-03
   72.100000      8.115312565378E-03      2.155930287076E-03
   72.200000      9.075123470703E-03      2.447992129338E-03
   72.300000      1.011161573345E-02      2.772835100607E-03
   72.400000      1.108817901981E-02      3.089648347335E-03
   72.500000      1.190206063698E-02      3.364942001981E-03
   72.600000      1.249684037750E-02      3.577591331072E-03
   72.700000      1.286359485407E-02      3.720426962154E-03
   72.800000      1.303199921700E-02      3.798218445713E-03
   72.900000      1.305369002684E-02      3.822949022122E-03
   73.000000      1.298146679904E-02      3.808033048515E-03
   73.100000      1.284989692069E-02      3.763345905315E-03
   73.200000      1.266546579830E-02      3.692563898142E-03
   73.300000      1.241107159735E-02      3.593490867625E-03
   73.400000      1.205955916868E-02      3.461061521557E-03
   73.500000      1.158916725720E-02      3.291878367187E-03
   73.600000      1.099776454579E-02      3.088707388907E-03
   73.700000      1.031321777991E-02      2.863429041614E-03
   73.800000      9.596945125169E-03      2.637452735600E-03
   73.900000      8.938923648192E-03      2.439364130317E-03
   74.000000      8.443798005669E-03      2.300341153038E-03
   74.100000      8.209637123208E-03      2.248431919653E-03
   74.200000      8.306815636308E-03      2.303012447520E-03
   74.300000      8.766536565763E-03      2.470625201080E-03
   74.400000      9.573185026349E-03      2.743026672349E-03
   74.500000      1.065346307091E-02      3.097776217067E-03
   74.600000      1.188478765389E-02      3.501208063442E-03
   74.700000      1.312676530306E-02      3.913233979141E-03
   74.800000      1.424837365812E-02      4.293167655356E-03
   74.900000      1.514440123036E-02      4.605648252817E-03
   75.000000      1.574577000770E-02      4.825755771126E-03
   75.100000      1.602555051323E-02      4.942536914997E-03
   75.200000      1.600069853235E-02      4.960380338024E-03
   75.300000      1.572920824260E-02      4.897976795175E-03
   75.400000      1.530243483970E-02      4.784948130014E-03
   75.500000      1.483255969927E-02      4.656593270636E-03
   75.600000      1.443559985429E-02      4.547532154716E-03
   75.700000      1.421065943613E-02      4.485274785983E-03
   75.800000      1.421629229153E-02      4.484847251184E-03
   75.900000      1.445063128427E-02      4.545524778901E-03
   76.000000      1.485001170609E-02      4.650433163480E-03
   76.100000      1.530716777911E-02      4.769301716963E-03
   76.200000      1.569569230731E-02      4.864048687340E-03
   76.300000      1.589367842189E-02      4.896265119124E-03
   76.400000      1.580492188029E-02      4.835175332073E-03
   76.500000      1.537592905719E-02      4.664427805174E-03
   76.600000      1.460660522278E-02      4.386202003621E-03
   76.700000      1.355303003653E-02      4.021618075251E-03
   76.800000      1.232161042889E-02      3.607223036518E-03
   76.900000      1.105450806830E-02      3.188225238370E-03
   77.000000      9.905755575801E-03      2.809933262115E-03
   77.100000      9.007792113716E-03      2.509309982528E-03
   77.200000      8.438369257699E-03      2.308537587751E-03
   77.300000      8.206584474554E-03      2.211991764948E-03
   77.400000      8.261268263060E-03      2.207170060320E-03
   77.500000      8.513170798135E-03      2.269144673332E-03
   77.600000      8.860939204677E-03      2.367283205162E-03
   77.700000      9.213422727238E-03      2.472521585358E-03
   77.800000      9.505160278643E-03      2.563482877543E-03
   77.900000      9.704644981914E-03      2.630171766801E-03
   78.000000      9.816104245911E-03      2.674676168078E-03
   78.100000      9.875418655619E-03      2.709056401945E-03
   78.200000      9.940766282965E-03      2.751197447822E-03
   78.300000      1.007914931469E-02      2.819715839489E-03
   78.400000      1.035010323877E-02      2.929027557696E-03
   78.500000      1.078753158123E-02      3.085465931311E-03
   78.600000      1.138394903389E-02      3.285008478938E-03
   78.700000      1.208752529175E-02      3.512845732063E-03
   78.800000      1.281382652195E-02      3.744774552118E-03
   78.900000      1.346254657243E-02      3.950231025894E-03
   79.000000      1.393305353879E-02      4.096651111873E-03
   79.100000      1.413792783888E-02      4.154704419547E-03
   79.200000      1.401519071566E-02      4.103760400847E-03
   79.300000      1.353929680486E-02      3.936746890280E-03
   79.400000      1.272988257124E-02      3.663434728221E-03
   79.500000      1.165648338693E-02      3.311237876877E-03
   79.600000      1.043718352104E-02      2.922932959213E-03
   79.700000      9.229489776213E-03      2.551270378722E-03
   79.800000      8.212477749435E-03      2.251162260269E-03
   79.900000      7.559929425359E-03      2.070799068793E-03
   80.000000      7.404941253730E-03      2.043453135327E-03
   80.100000      7.803526982312E-03      2.181714419967E-03
   80.200000      8.716537557568E-03      2.475431397461E-03
   80.300000      1.002079744606E-02      2.893800980729E-03
   80.400000      1.154370426179E-02      3.391086331404E-03
   80.500000      1.310430389536E-02      3.914610443331E-03
   80.600000      1.454412711835E-02      4.413210857344E-03
   80.700000      1.574489026726E-02      4.844370683762E-03
   80.800000      1.663568174925E-02      5.178737507070E-03
   80.900000      1.719166972053E-02      5.401537943947E-03
   81.000000      1.742617045550E-02      5.511238364333E-03
   81.100000      1.737834455440E-02      5.516435517967E-03
   81.200000      1.709944981793E-02      5.432210624181E-03
   81.300000      1.664165713094E-02      5.277010696564E-03
   81.400000      1.605345363382E-02      5.070638247938E-03
   81.500000      1.538200783785E-02      4.833338313292E-03
   81.600000      1.467854189281E-02      4.585491390966E-03
   81.700000      1.400207038890E-02      4.347213558706E-03
   81.800000      1.341703326612E-02      4.137281526855E-03
   81.900000      1.297979983186E-02      3.971174368423E-03
   82.000000      1.271947950078E-02      3.858504318857E-03
   82.100000      1.263202033101E-02      3.800517696512E-03
   82.200000      1.268471128485E-02      3.788536640774E-03
   82.300000      1.281903938999E-02      3.804111887463E-03
   82.400000      1.295533926356E-02      3.821288551021E-03
   82.500000      1.300384908366E-02      3.810854786086E-03
   82.600000      1.288101535909E-02      3.745897418948E-03
   82.700000      1.252656026636E-02      3.607579588712E-03
   82.800000      1.191710254780E-02      3.389892526406E-03
   82.900000      1.107396795232E-02      3.102260722210E-03
   83.000000      1.006426372563E-02      2.769271536736E-03
   83.100000      8.995056616258E-03      2.427374769946E-03
   83.200000      8.000812627701E-03      2.119036396062E-03
   83.300000      7.224152677147E-03      1.885400394198E-03
   83.400000      6.789857033406E-03      1.758886940348E-03
   83.500000      6.774798201640E-03      1.757237847375E-03
   83.600000      7.184120149251E-03      1.880269259499E-03
   83.700000      7.946651798723E-03      2.110039640193E-03
   83.800000      8.936045182870E-03      2.414399587883E-03
   83.900000      1.000687975203E-02      2.753131577554E-03
   84.000000      1.102567099963E-02      3.085304436405E-03
   84.100000      1.189026270886E-02      3.376215972426E-03
   84.200000      1.253914600408E-02      3.602449532738E-03
   84.300000      1.295221202743E-02      3.754087686223E-03
   84.400000      1.314473247082E-02      3.833867986307E-03
   84.500000      1.315734308407E-02      3.853828968943E-03
   84.600000      1.304455805989E-02      3.830572065325E-03
   84.700000      1.286301647677E-02      3.780504721388E-03
   84.800000      1.265951854004E-02      3.716278708223E-03
   84.900000      1.245942110256E-02      3.645158631357E-03
   85.000000      1.226227094762E-02      3.569410692874E-03
   85.100000      1.205202528075E-02      3.488199930322E-03
   85.200000      1.181286846611E-02      3.400112118490E-03
   85.300000      1.153964128366E-02      3.305374553588E-03
   85.400000      1.124147550806E-02      3.207118987092E-03
   85.500000      1.093986386301E-02      3.111483124524E-03
   85.600000      1.066284050564E-02      3.026800663246E-03
   85.700000      1.043882507450E-02      2.962413626909E-03
   85.800000      1.029405527017E-02      2.927660767641E-03
   85.900000      1.025370969120E-02      2.931366524102E-03
   86.000000      1.034371878718E-02      2.981790129866E-03
   86.100000      1.059056463755E-02      3.086660239742E-03
   86.200000      1.101784339386E-02      3.252769850123E-03
   86.300000      1.164079579125E-02      3.484719050677E-03
   86.400000      1.246080853405E-02      3.782744109825E-03
   86.500000      1.345905132500E-02      4.140038134143E-03
   86.600000      1.458880519968E-02      4.540374390673E-03
   86.700000      1.577183934642E-02      4.957020398827E-03
   86.800000      1.690350018389E-02      5.353781126735E-03
   86.900000      1.786466854717E-02      5.688543552327E-03
   87.000000      1.853773106882E-02      5.919032862007E-03
   87.100000      1.882424449895E-02      6.009825716522E-03
   87.200000      1.866132376829E-02      5.939200941386E-03
   87.300000      1.803396440153E-02      5.704288999008E-03
   87.400000      1.698138492544E-02      5.323253580856E-03
   87.500000      1.559644009695E-02      4.833835101375E-03
   87.600000      1.401809757826E-02      4.288353856937E-03
   87.700000      1.241770422405E-02      3.746018964732E-03
   87.800000      1.097938963128E-02      3.263942425488E-03
   87.900000      9.871708456770E-03      2.888499464597E-03
   88.000000      9.208086523325E-03      2.648572287518E-03
   88.100000      9.015378915339E-03      2.551810941089E-03
   88.200000      9.234263795208E-03      2.584448553013E-03
   88.300000      9.743603434217E-03      2.714553440523E-03
   88.400000      1.039169335631E-02      2.898017062567E-03
   88.500000      1.102484283568E-02      3.086163038706E-03
   88.600000      1.150972447259E-02      3.233671692625E-03
   88.700000      1.174878518530E-02      3.305553454257E-03
   88.800000      1.168930137810E-02      3.282141620434E-03
   88.900000      1.132682219113E-02      3.161453976313E-03
   89.000000      1.070355539704E-02      2.958724146767E-03
   89.100000      9.902134204726E-03      2.703353857624E-03
   89.200000      9.035298013803E-03      2.433916632180E-03
   89.300000      8.232257757810E-03      2.192094060900E-03
   89.400000      7.622613108467E-03      2.016512569482E-03
   89.500000      7.318468463904E-03      1.937368516653E-03
   89.600000      7.395298270575E-03      1.972514260461E-03
   89.700000      7.872582258496E-03      2.125386541672E-03
   89.800000      8.702124866560E-03      2.384860208797E-03
   89.900000      9.782484075226E-03      2.726863276824E-03
   90.000000      1.098888960964E-02      3.117424769377E-03
   90.100000      1.219395637368E-02      3.516743217751E-03
   90.200000      1.327944788910E-02      3.883834034607E-03
   90.300000      1.414483379821E-02      4.181302727777E-03
   90.400000      1.471441096168E-02      4.379774113759E-03
   90.500000      1.494311016012E-02      4.461487410529E-03
   90.600000      1.482077415663E-02      4.422573256407E-03
   90.700000      1.437426146579E-02      4.273605852679E-03
   90.800000      1.366626519828E-02      4.038206799546E-03
   90.900000      1.278980199919E-02      3.749768229196E-03
   91.000000      1.185782428325E-02      3.446715964685E-03
   91.100000      1.098816384777E-02      3.167062310376E-03
   91.200000      1.028560362517E-02      2.943201455793E-03
   91.300000      9.825484695420E-03      2.797898732279E-03
   91.400000      9.644032802221E-03      2.742192707121E-03
   91.500000      9.737677010950E-03      2.775509962555E-03
   91.600000      1.007049212886E-02      2.887789629019E-03
   91.700000      1.058692081792E-02      3.062961271452E-03
   91.800000      1.122593208423E-02      3.282838976879E-03
   91.900000      1.193296560374E-02      3.530464429014E-03
   92.000000      1.266681030144E-02      3.792161733648E-03
   92.100000      1.340038380736E-02      4.057992123206E-03
   92.200000      1.411654721633E-02      4.320793113873E-03
   92.300000      1.480146112995E-02      4.574403409952E-03
   92.400000      1.543844562246E-02      4.811880419596E-03
   92.500000      1.600486631131E-02      5.024445183475E-03
   92.600000      1.647319084689E-02      5.201566258763E-03
   92.700000      1.681552027106E-02      5.332135429322E-03
   92.800000      1.700942336253E-02      5.406261627536E-03
   92.900000      1.704227950164E-02      5.416975030058E-03
   93.000000      1.691177310261E-02      5.361183362143E-03
   93.100000      1.662203278238E-02      5.239544594165E-03
   93.200000      1.617784245345E-02      5.055396481392E-03
   93.300000      1.558080696528E-02      4.813327997093E-03
   93.400000      1.482956211247E-02      4.518202075058E-03
   93.500000      1.392395657820E-02      4.175323712320E-03
   93.600000      1.287250953626E-02      3.791995740474E-03
   93.700000      1.170177467160E-02      3.380056261128E-03
   93.800000      1.046483625957E-02      2.958385615251E-03
   93.900000      9.244955558921E-03      2.554063294769E-03
   94.000000      8.151196911249E-03      2.201022181750E-03
   94.100000      7.306174201115E-03      1.935705662804E-03
   94.200000      6.827119078322E-03      1.790214984558E-03
   94.300000      6.800014534997E-03      1.784430032558E-03
   94.400000      7.248590544693E-03      1.919243528641E-03
   94.500000      8.105626514677E-03      2.173093263771E-03
   94.600000      9.213359929786E-03      2.503320761649E-03
   94.700000      1.036628044476E-02      2.852670737972E-03
   94.800000      1.136083410287E-02      3.159816677567E-03
   94.900000      1.203249821912E-02      3.371591059605E-03
   95.000000      1.228143268496E-02      3.454001051094E-03
   95.100000      1.208685294678E-02      3.399325057871E-03
   95.200000      1.150906940706E-02      3.227559902452E-03
   95.300000      1.067914503738E-02      2.981931093133E-03
   95.400000      9.777564540468E-03      2.719658464244E-03
   95.500000      9.004222190180E-03      2.500260572394E-03
   95.600000      8.541425672621E-03      2.374100781604E-03
   95.700000      8.510980963627E-03      2.373567559723E-03
   95.800000      8.940484523035E-03      2.508406780014E-03
   95.900000      9.767373919499E-03      2.765598612459E-03
   96.000000      1.086839881987E-02      3.113140530209E-03
   96.100000      1.208899508385E-02      3.506422908401E-03
   96.200000      1.327050122549E-02      3.895672375808E-03
   96.300000      1.427216337663E-02      4.233133922740E-03
   96.400000      1.498499339444E-02      4.479092465370E-03
   96.500000      1.533897753528E-02      4.606290855251E-03
   96.600000      1.530596467212E-02      4.602627298742E-03
   96.700000      1.489979542499E-02      4.472156889617E-03
   96.800000      1.417434426697E-02      4.234430210523E-03
   96.900000      1.321919731313E-02      3.922186995295E-03
   97.000000      1.215200318428E-02      3.577487941045E-03
   97.100000      1.110727968562E-02      3.246554671884E-03
   97.200000      1.022314185989E-02      2.973858111976E-03
   97.300000      9.625862521464E-03      2.796251372742E-03
   97.400000      9.409666945139E-03      2.738073580955E-03
   97.500000      9.614487216882E-03      2.808079342531E-03
   97.600000      1.021335987769E-02      2.998763293915E-03
   97.700000      1.111880416216E-02      3.288208009142E-03
   97.800000      1.220720372310E-02      3.644092617830E-03
   97.900000      1.334864542060E-02      4.029079013832E-03
   98.000000      1.442917254599E-02      4.406540771554E-03
   98.100000      1.536357597665E-02      4.745568128094E-03
   98.200000      1.610085212058E-02      5.024367511707E-03
   98.300000      1.662347983827E-02      5.231528177255E-03
   98.400000      1.694130033113E-02      5.365077577399E-03
   98.500000      1.708142955556E-02      5.429708443321E-03
   98.600000      1.707633497453E-02      5.432952268694E-03
   98.700000      1.695195283986E-02      5.381318992469E-03
   98.800000      1.671766454413E-02      5.277456055411E-03
   98.900000      1.636135328896E-02      5.119164603024E-03
   99.000000      1.585282862910E-02      4.900659889314E-03
   99.100000      1.515557579663E-02      4.615857500545E-03
   99.200000      1.424311785592E-02      4.262850911077E-03
   99.300000      1.311512447884E-02      3.848295461028E-03
   99.400000      1.180917966105E-02      3.390285035195E-03
   99.500000      1.040543256188E-02      2.918579383218E-03
   99.600000      9.022624713862E-03      2.471675728382E-03
   99.700000      7.805001927994E-03      2.091063972481E-03
   99.800000      6.899817148252E-03      1.813826952612E-03
   99.900000      6.424508290988E-03      1.665301753596E-03
  100.000000      6.427606287496E-03      1.653627378005E-03
