# M=20, N=10, V0=0.0, V=0.25, PBC
#  time (tJ)                 S₁(n=5)                 S₂(n=5)
    0.000000     -1.865174681370E-14      0.000000000000E+00
    0.100000      2.510051609359E-03      4.836878419141E-04
    0.200000      8.363360063948E-03      1.852099691407E-03
    0.300000      1.605178101759E-02      3.875445969439E-03
    0.400000      2.426986556177E-02      6.226600583974E-03
    0.500000      3.188177765278E-02      8.549844292014E-03
    0.600000      3.802146722571E-02      1.053155549216E-02
    0.700000      4.217060888073E-02      1.195632750930E-02
    0.800000      4.418633711786E-02      1.273680557814E-02
    0.900000      4.427449450564E-02      1.291301299775E-02
    1.000000      4.291619322914E-02      1.262479118885E-02
    1.100000      4.076221792001E-02      1.206706340634E-02
    1.200000      3.850577048794E-02      1.144052506891E-02
    1.300000      3.672909290376E-02      1.090968250204E-02
    1.400000      3.576366718921E-02      1.057655257693E-02
    1.500000      3.564820984086E-02      1.047317522840E-02
    1.600000      3.619736771030E-02      1.057100163607E-02
    1.700000      3.713251076272E-02      1.080155714001E-02
    1.800000      3.815988557540E-02      1.108125528555E-02
    1.900000      3.901257609967E-02      1.133382371892E-02
    2.000000      3.951371166853E-02      1.150586648542E-02
    2.100000      3.960196535769E-02      1.157373360702E-02
    2.200000      3.932100402053E-02      1.154227138776E-02
    2.300000      3.879607433317E-02      1.143765846473E-02
    2.400000      3.820207273767E-02      1.129722929548E-02
    2.500000      3.771115091437E-02      1.115907626291E-02
    2.600000      3.743188235191E-02      1.105358485838E-02
    2.700000      3.740923680851E-02      1.099819019628E-02
    2.800000      3.762458528838E-02      1.099576867103E-02
    2.900000      3.798340776188E-02      1.103631806728E-02
    3.000000      3.835409310175E-02      1.110099246767E-02
    3.100000      3.862496819726E-02      1.116719719018E-02
    3.200000      3.873322707648E-02      1.121337812437E-02
    3.300000      3.867507771494E-02      1.122239570864E-02
    3.400000      3.850068565838E-02      1.118290128423E-02
    3.500000      3.826052095593E-02      1.108876647928E-02
    3.600000      3.793234090761E-02      1.093713960762E-02
    3.700000      3.745765387236E-02      1.072596384810E-02
    3.800000      3.677931968574E-02      1.045177674137E-02
    3.900000      3.585390910187E-02      1.010842727205E-02
    4.000000      3.465814550245E-02      9.687125730053E-03
    4.100000      3.318487743317E-02      9.178037525810E-03
    4.200000      3.142467482126E-02      8.573408356086E-03
    4.300000      2.935479877871E-02      7.871907341196E-03
    4.400000      2.696116382884E-02      7.083507482292E-03
    4.500000      2.427694696896E-02      6.233891878709E-03
    4.600000      2.141441243116E-02      5.367217519719E-03
    4.700000      1.858248814220E-02      4.546173213853E-03
    4.800000      1.608885997097E-02      3.848626113348E-03
    4.900000      1.430910582535E-02      3.360680976807E-03
    5.000000      1.359652149776E-02      3.166580143814E-03
    5.100000      1.419363245421E-02      3.336475834626E-03
    5.200000      1.617579832314E-02      3.913654842813E-03
    5.300000      1.944855197980E-02      4.903220426653E-03
    5.400000      2.378930923541E-02      6.264430990636E-03
    5.500000      2.887128593524E-02      7.908730949761E-03
    5.600000      3.428349062586E-02      9.704890022352E-03
    5.700000      3.956247577254E-02      1.149159858429E-02
    5.800000      4.423729369464E-02      1.309649502780E-02
    5.900000      4.788184786296E-02      1.435919656783E-02
    6.000000      5.016539496551E-02      1.515479301171E-02
    6.100000      5.089463691048E-02      1.541373576327E-02
    6.200000      5.004352745191E-02      1.513429705092E-02
    6.300000      4.776683694188E-02      1.438482166503E-02
    6.400000      4.439423190820E-02      1.329471171596E-02
    6.500000      4.040334303234E-02      1.203517790715E-02
    6.600000      3.637215898233E-02      1.079283777463E-02
    6.700000      3.291015446777E-02      9.740777059656E-03
    6.800000      3.055614821594E-02      9.012319972652E-03
    6.900000      2.962754717939E-02      8.682271515117E-03
    7.000000      3.011292453209E-02      8.758864062904E-03
    7.100000      3.175087634805E-02      9.187404460494E-03
    7.200000      3.414990149203E-02      9.864223128707E-03
    7.300000      3.686253949532E-02      1.065756982251E-02
    7.400000      3.944498636071E-02      1.143104359099E-02
    7.500000      4.152373441760E-02      1.206516569957E-02
    7.600000      4.284532433799E-02      1.247365527682E-02
    7.700000      4.329132369353E-02      1.261245828078E-02
    7.800000      4.287320656122E-02      1.248115036377E-02
    7.900000      4.171407611479E-02      1.211761934281E-02
    8.000000      4.002123948988E-02      1.158775474783E-02
    8.100000      3.805223841676E-02      1.097223019137E-02
    8.200000      3.607660488603E-02      1.035247022390E-02
    8.300000      3.433714086314E-02      9.797691146950E-03
    8.400000      3.301417132200E-02      9.354611422133E-03
    8.500000      3.219389851480E-02      9.041094013031E-03
    8.600000      3.183738301067E-02      8.844589771000E-03
    8.700000      3.177663996911E-02      8.725732412750E-03
    8.800000      3.176943527252E-02      8.626743152962E-03
    8.900000      3.156577067449E-02      8.483474120565E-03
    9.000000      3.095774519431E-02      8.239110689740E-03
    9.100000      2.981696913700E-02      7.857004666885E-03
    9.200000      2.811996267591E-02      7.330054785561E-03
    9.300000      2.595923225367E-02      6.684603913101E-03
    9.400000      2.353821854515E-02      5.977915909328E-03
    9.500000      2.115014908828E-02      5.289680755197E-03
    9.600000      1.913844901659E-02      4.709315794977E-03
    9.700000      1.782946027856E-02      4.321725259016E-03
    9.800000      1.744772909096E-02      4.194404402263E-03
    9.900000      1.808539614037E-02      4.368276498240E-03
   10.000000      1.971547880800E-02      4.853591103734E-03
   10.100000      2.221332791659E-02      5.630912434585E-03
   10.200000      2.539202372408E-02      6.656064109380E-03
   10.300000      2.903077287306E-02      7.867180470532E-03
   10.400000      3.289709740466E-02      9.191898953870E-03
   10.500000      3.676945758802E-02      1.055318536272E-02
   10.600000      4.044984337615E-02      1.187313843108E-02
   10.700000      4.376413205383E-02      1.307510470154E-02
   10.800000      4.655322255800E-02      1.408524857028E-02
   10.900000      4.866146753902E-02      1.483508798254E-02
   11.000000      4.993372756567E-02      1.526624301497E-02
   11.100000      5.023254986642E-02      1.533775294754E-02
   11.200000      4.947183352123E-02      1.503503258631E-02
   11.300000      4.765196244464E-02      1.437829677505E-02
   11.400000      4.488629835502E-02      1.342757992895E-02
   11.500000      4.141370540833E-02      1.228167359862E-02
   11.600000      3.759365148109E-02      1.106946027818E-02
   11.700000      3.388148711243E-02      9.933960512702E-03
   11.800000      3.078167435910E-02      9.011417406608E-03
   11.900000      2.877110357611E-02      8.409335789857E-03
   12.000000      2.816538097295E-02      8.188095792116E-03
   12.100000      2.899059710338E-02      8.350322717170E-03
   12.200000      3.097776710735E-02      8.840657107299E-03
   12.300000      3.365772699839E-02      9.556268115562E-03
   12.400000      3.652375688479E-02      1.036596536992E-02
   12.500000      3.912340059643E-02      1.113376304789E-02
   12.600000      4.110611430111E-02      1.174180235770E-02
   12.700000      4.225193095388E-02      1.210790794637E-02
   12.800000      4.248118108929E-02      1.219459880466E-02
   12.900000      4.184458016733E-02      1.200860437950E-02
   13.000000      4.049576665832E-02      1.159219559199E-02
   13.100000      3.865071912166E-02      1.100933117527E-02
   13.200000      3.654072084447E-02      1.033037526389E-02
   13.300000      3.436783459371E-02      9.618894020252E-03
   13.400000      3.227572502528E-02      8.922988432480E-03
   13.500000      3.034793030906E-02      8.272146072732E-03
   13.600000      2.862211203566E-02      7.679131659935E-03
   13.700000      2.709843718332E-02      7.145352441185E-03
   13.800000      2.574290690788E-02      6.667633795602E-03
   13.900000      2.450914717634E-02      6.244427367836E-03
   14.000000      2.337454043797E-02      5.879992511392E-03
   14.100000      2.236508914704E-02      5.585818780276E-03
   14.200000      2.156072894125E-02      5.379294953539E-03
   14.300000      2.108104021091E-02      5.280249546900E-03
   14.400000      2.105231509412E-02      5.306416216431E-03
   14.500000      2.156115980838E-02      5.469067038382E-03
   14.600000      2.260140802100E-02      5.769975123391E-03
   14.700000      2.407565232551E-02      6.200519321213E-03
   14.800000      2.585968749374E-02      6.743190853346E-03
   14.900000      2.783736764187E-02      7.375122705819E-03
   15.000000      2.991669857888E-02      8.072680426928E-03
   15.100000      3.203688515676E-02      8.815763667685E-03
   15.200000      3.416767601965E-02      9.590385970955E-03
   15.300000      3.630223104330E-02      1.038840970766E-02
   15.400000      3.844726278751E-02      1.120403519606E-02
   15.500000      4.060921740354E-02      1.202768014872E-02
   15.600000      4.277458110608E-02      1.283897887636E-02
   15.700000      4.487869489112E-02      1.360139383184E-02
   15.800000      4.677379846881E-02      1.426098359527E-02
   15.900000      4.824554867025E-02      1.475101826995E-02
   16.000000      4.906490464428E-02      1.500250822019E-02
   16.100000      4.903710017499E-02      1.495877811820E-02
   16.200000      4.804480455304E-02      1.459062160246E-02
   16.300000      4.608359734756E-02      1.390790332235E-02
   16.400000      4.328199193840E-02      1.296404261241E-02
   16.500000      3.990031854299E-02      1.185151675109E-02
   16.600000      3.630669651258E-02      1.068887624890E-02
   16.700000      3.293057174134E-02      9.602054468731E-03
   16.800000      3.019338629316E-02      8.704267830689E-03
   16.900000      2.841648388350E-02      8.079068892096E-03
   17.000000      2.773117227244E-02      7.770059782736E-03
   17.100000      2.808124100687E-02      7.778755086657E-03
   17.200000      2.929211399652E-02      8.069776892314E-03
   17.300000      3.112902065803E-02      8.580738693288E-03
   17.400000      3.333370202208E-02      9.233419255676E-03
   17.500000      3.564265157010E-02      9.943332648373E-03
   17.600000      3.780531767090E-02      1.062627593008E-02
   17.700000      3.959679061688E-02      1.120221885606E-02
   17.800000      4.082024389015E-02      1.159822212698E-02
   17.900000      4.130958123248E-02      1.175237576420E-02
   18.000000      4.094085959949E-02      1.161992417130E-02
   18.100000      3.965074009001E-02      1.118116471676E-02
   18.200000      3.745728420331E-02      1.044907731460E-02
   18.300000      3.447800804132E-02      9.473705821939E-03
   18.400000      3.093944148974E-02      8.340543502785E-03
   18.500000      2.717112529622E-02      7.161588487060E-03
   18.600000      2.357830868590E-02      6.059874603321E-03
   18.700000      2.058767021546E-02      5.150397310996E-03
   18.800000      1.855673231484E-02      4.521686828500E-03
   18.900000      1.766794793602E-02      4.222350818997E-03
   19.000000      1.789556474036E-02      4.255680826563E-03
   19.100000      1.906229343003E-02      4.583294284006E-03
   19.200000      2.091624605522E-02      5.136454621677E-03
   19.300000      2.318409912663E-02      5.831900841689E-03
   19.400000      2.560303533563E-02      6.588240164290E-03
   19.500000      2.794881093790E-02      7.339350351373E-03
   19.600000      3.007322582037E-02      8.042532539744E-03
   19.700000      3.191690470474E-02      8.680800761887E-03
   19.800000      3.349483488828E-02      9.260095866577E-03
   19.900000      3.487583170816E-02      9.802974591652E-03
   20.000000      3.616958089259E-02      1.034039652376E-02
   20.100000      3.750620024976E-02      1.090287494072E-02
   20.200000      3.900174849394E-02      1.151187243327E-02
   20.300000      4.071589175407E-02      1.217221639757E-02
   20.400000      4.261841887977E-02      1.286653276000E-02
   20.500000      4.458735703542E-02      1.355302077987E-02
   20.600000      4.643126043286E-02      1.416794073289E-02
   20.700000      4.791435084183E-02      1.463364340654E-02
   20.800000      4.878523107744E-02      1.487176852776E-02
   20.900000      4.881740194829E-02      1.481964163971E-02
   21.000000      4.786504462274E-02      1.444643385468E-02
   21.100000      4.591042824165E-02      1.376492051386E-02
   21.200000      4.308938234185E-02      1.283512062200E-02
   21.300000      3.969020504053E-02      1.175778763702E-02
   21.400000      3.612429365770E-02      1.065827578768E-02
   21.500000      3.286893008162E-02      9.663990805046E-03
   21.600000      3.038488163967E-02      8.880599628414E-03
   21.700000      2.900286777940E-02      8.372754962763E-03
   21.800000      2.876615990225E-02      8.154049710864E-03
   21.900000      2.941222959965E-02      8.188530367473E-03
   22.000000      3.057095656271E-02      8.403064070746E-03
   22.100000      3.188824724415E-02      8.707055103607E-03
   22.200000      3.307429561253E-02      9.014233722331E-03
   22.300000      3.393705783231E-02      9.260954070216E-03
   22.400000      3.439855279150E-02      9.416649038845E-03
   22.500000      3.449231323879E-02      9.484384299349E-03
   22.600000      3.434239717029E-02      9.492147271558E-03
   22.700000      3.412429073116E-02      9.477866499928E-03
   22.800000      3.400958874563E-02      9.472609070427E-03
   22.900000      3.409375428764E-02      9.486664112538E-03
   23.000000      3.432223899443E-02      9.502320291492E-03
   23.100000      3.449446698756E-02      9.475371895341E-03
   23.200000      3.434977595469E-02      9.345186198436E-03
   23.300000      3.364569634486E-02      9.051036379140E-03
   23.400000      3.221635273268E-02      8.550820811872E-03
   23.500000      3.001709993904E-02      7.837607071012E-03
   23.600000      2.715268418179E-02      6.949817248759E-03
   23.700000      2.388424775195E-02      5.972220826633E-03
   23.800000      2.061094332781E-02      5.026894181161E-03
   23.900000      1.782170687329E-02      4.255463867884E-03
   24.000000      1.602030183581E-02      3.795787915158E-03
   24.100000      1.565187579400E-02      3.757385531712E-03
   24.200000      1.701127679590E-02      4.200235837750E-03
   24.300000      2.008988824187E-02      5.121044163739E-03
   24.400000      2.450174106087E-02      6.449846149286E-03
   24.500000      2.967218155303E-02      8.058068259194E-03
   24.600000      3.499481248039E-02      9.777121706676E-03
   24.700000      3.990651095244E-02      1.142458309396E-02
   24.800000      4.394553747838E-02      1.283339029224E-02
   24.900000      4.679698648443E-02      1.387864101389E-02
   25.000000      4.832172882091E-02      1.449679296422E-02
   25.100000      4.856571011953E-02      1.469337461764E-02
   25.200000      4.774714746815E-02      1.453751367611E-02
   25.300000      4.622135369225E-02      1.414425486465E-02
   25.400000      4.442586052256E-02      1.364823132812E-02
   25.500000      4.281030875448E-02      1.317421953066E-02
   25.600000      4.174895741109E-02      1.281097087587E-02
   25.700000      4.139523529272E-02      1.259417755602E-02
   25.800000      4.157298207681E-02      1.250247960895E-02
   25.900000      4.192613889838E-02      1.246739576031E-02
   26.000000      4.207040968145E-02      1.239465294189E-02
   26.100000      4.168322835922E-02      1.219149941047E-02
   26.200000      4.056681597039E-02      1.179306069305E-02
   26.300000      3.868652669312E-02      1.118112502956E-02
   26.400000      3.618153987710E-02      1.039085239565E-02
   26.500000      3.334764030244E-02      9.504156509889E-03
   26.600000      3.058719811752E-02      8.631941936369E-03
   26.700000      2.831359363864E-02      7.890019774756E-03
   26.800000      2.684974395348E-02      7.374721687717E-03
   26.900000      2.637854272724E-02      7.143811164970E-03
   27.000000      2.690165927877E-02      7.206543886542E-03
   27.100000      2.820157641619E-02      7.524250044693E-03
   27.200000      2.994486692942E-02      8.020289355985E-03
   27.300000      3.179847264025E-02      8.596269617748E-03
   27.400000      3.347915560112E-02      9.150425664179E-03
   27.500000      3.477893569450E-02      9.594161345087E-03
   27.600000      3.556917473103E-02      9.863804839250E-03
   27.700000      3.578720197346E-02      9.926214030613E-03
   27.800000      3.541870367029E-02      9.778477911272E-03
   27.900000      3.449175606451E-02      9.443147799542E-03
   28.000000      3.308121383884E-02      8.960975195111E-03
   28.100000      3.131320933014E-02      8.383064496491E-03
   28.200000      2.936252240945E-02      7.763874993463E-03
   28.300000      2.743553237156E-02      7.155874406257E-03
   28.400000      2.571056048408E-02      6.606045993026E-03
   28.500000      2.428256726052E-02      6.153992931987E-03
   28.600000      2.321175980028E-02      5.831123230422E-03
   28.700000      2.256758866707E-02      5.660361886633E-03
   28.800000      2.243630807661E-02      5.656012559962E-03
   28.900000      2.289173761936E-02      5.823701721093E-03
   29.000000      2.395275159059E-02      6.160637413492E-03
   29.100000      2.555090548696E-02      6.656532590084E-03
   29.200000      2.755387385390E-02      7.295373380630E-03
   29.300000      2.982539484120E-02      8.057789683228E-03
   29.400000      3.226444382412E-02      8.923295984722E-03
   29.500000      3.481853609763E-02      9.871382803296E-03
   29.600000      3.747369481913E-02      1.088057883376E-02
   29.700000      4.021921281242E-02      1.192523520476E-02
   29.800000      4.299798625592E-02      1.297075674727E-02
   29.900000      4.569769023268E-02      1.396899182271E-02
   30.000000      4.816437005696E-02      1.485609011048E-02
   30.100000      5.020468666550E-02      1.555501275460E-02
   30.200000      5.158138810369E-02      1.598389850750E-02
   30.300000      5.204439093881E-02      1.606980785995E-02
   30.400000      5.140161355450E-02      1.576543066989E-02
   30.500000      4.957485773144E-02      1.506478277855E-02
   30.600000      4.663545997637E-02      1.401334318592E-02
   30.700000      4.282126629712E-02      1.270884170641E-02
   30.800000      3.852813670480E-02      1.129091334626E-02
   30.900000      3.426854608175E-02      9.920576161190E-03
   31.000000      3.058833534907E-02      8.753197410560E-03
   31.100000      2.795131744435E-02      7.910532086631E-03
   31.200000      2.664353801166E-02      7.458028733333E-03
   31.300000      2.669986601411E-02      7.392729687198E-03
   31.400000      2.787042105363E-02      7.644925382117E-03
   31.500000      2.970130706581E-02      8.093716237703E-03
   31.600000      3.166238002653E-02      8.593441438995E-03
   31.700000      3.326791652511E-02      9.005281824694E-03
   31.800000      3.416890012574E-02      9.226905328314E-03
   31.900000      3.420425064455E-02      9.213243425474E-03
   32.000000      3.341772114784E-02      8.983429619275E-03
   32.100000      3.204074706358E-02      8.612202548020E-03
   32.200000      3.044221420392E-02      8.207889544944E-03
   32.300000      2.905051755388E-02      7.882465691134E-03
   32.400000      2.825601318595E-02      7.721241755704E-03
   32.500000      2.829176411092E-02      7.759917939497E-03
   32.600000      2.911097344904E-02      7.974960389955E-03
   32.700000      3.039935050033E-02      8.289900949944E-03
   32.800000      3.171282461740E-02      8.596013581267E-03
   32.900000      3.261616064131E-02      8.781929163775E-03
   33.000000      3.278765629151E-02      8.764202904043E-03
   33.100000      3.208530291621E-02      8.510475755797E-03
   33.200000      3.057403255350E-02      8.048924586908E-03
   33.300000      2.851454985841E-02      7.461658148052E-03
   33.400000      2.631667252129E-02      6.864386989595E-03
   33.500000      2.446007492725E-02      6.378579445843E-03
   33.600000      2.337263812958E-02      6.104168681055E-03
   33.700000      2.329820319453E-02      6.100169092869E-03
   33.800000      2.425130213980E-02      6.377652425584E-03
   33.900000      2.605139017016E-02      6.905492373817E-03
   34.000000      2.841257763005E-02      7.625470441706E-03
   34.100000      3.105192790632E-02      8.470926566478E-03
   34.200000      3.375019157871E-02      9.382780437890E-03
   34.300000      3.637209539220E-02      1.031839211357E-02
   34.400000      3.886102402378E-02      1.125168303171E-02
   34.500000      4.121397653862E-02      1.216612037315E-02
   34.600000      4.344156203870E-02      1.304448139623E-02
   34.700000      4.552416668877E-02      1.386002836026E-02
   34.800000      4.738720241777E-02      1.457272569515E-02
   34.900000      4.890621216009E-02      1.513193665662E-02
   35.000000      4.993362331915E-02      1.548455786904E-02
   35.100000      5.033307586980E-02      1.558571208849E-02
   35.200000      5.000832885500E-02      1.540851040123E-02
   35.300000      4.892123048212E-02      1.495008410171E-02
   35.400000      4.709860785742E-02      1.423265855178E-02
   35.500000      4.462845630255E-02      1.330020317958E-02
   35.600000      4.164779420261E-02      1.221245574577E-02
   35.700000      3.832830626099E-02      1.103846230752E-02
   35.800000      3.486672043113E-02      9.851186171186E-03
   35.900000      3.148157583361E-02      8.723600217182E-03
   36.000000      2.841001202238E-02      7.725575922260E-03
   36.100000      2.589452438387E-02      6.920347583722E-03
   36.200000      2.415611164118E-02      6.359599766696E-03
   36.300000      2.335418903673E-02      6.077159078202E-03
   36.400000      2.353847090225E-02      6.082430475065E-03
   36.500000      2.462328231521E-02      6.355569224237E-03
   36.600000      2.639826818646E-02      6.846513252296E-03
   36.700000      2.857336257643E-02      7.479288343905E-03
   36.800000      3.082638028413E-02      8.161634562008E-03
   36.900000      3.285036244330E-02      8.798430973217E-03
   37.000000      3.439573500310E-02      9.306157412623E-03
   37.100000      3.529982985162E-02      9.625174086618E-03
   37.200000      3.550056193536E-02      9.727113537959E-03
   37.300000      3.503466648726E-02      9.616017844622E-03
   37.400000      3.402106647356E-02      9.323570619956E-03
   37.500000      3.263197311963E-02      8.900282773547E-03
   37.600000      3.106111439781E-02      8.405293754633E-03
   37.700000      2.949912721385E-02      7.897328949834E-03
   37.800000      2.810530065509E-02      7.428449558827E-03
   37.900000      2.698426157339E-02      7.040964193195E-03
   38.000000      2.619370490443E-02      6.766754647528E-03
   38.100000      2.576396675271E-02      6.627699805072E-03
   38.200000      2.571411094887E-02      6.636002394867E-03
   38.300000      2.606004232410E-02      6.793884970169E-03
   38.400000      2.681203722727E-02      7.092964258132E-03
   38.500000      2.796091472601E-02      7.514220986817E-03
   38.600000      2.945629967405E-02      8.029559677820E-03
   38.700000      3.119532235771E-02      8.605451358598E-03
   38.800000      3.303429355642E-02      9.208289149496E-03
   38.900000      3.483266265574E-02      9.810242074287E-03
   39.000000      3.649632047976E-02      1.039393450549E-02
   39.100000      3.799569638511E-02      1.095440872383E-02
   39.200000      3.936322234719E-02      1.149751509502E-02
   39.300000      4.067328244106E-02      1.203489184912E-02
   39.400000      4.200804474454E-02      1.257672141694E-02
   39.500000      4.341466416558E-02      1.312417100896E-02
   39.600000      4.487213639205E-02      1.366362522775E-02
   39.700000      4.629097260727E-02      1.416442948687E-02
   39.800000      4.753160757445E-02      1.458098462729E-02
   39.900000      4.842657955771E-02      1.485891460850E-02
   40.000000      4.880754840159E-02      1.494400204074E-02
   40.100000      4.853361584964E-02      1.479195510416E-02
   40.200000      4.751555702470E-02      1.437699589476E-02
   40.300000      4.573247842338E-02      1.369769924125E-02
   40.400000      4.323854063083E-02      1.277924132108E-02
   40.500000      4.015913458734E-02      1.167195972401E-02
   40.600000      3.667846582324E-02      1.044668147486E-02
   40.700000      3.302280229771E-02      9.187595969387E-03
   40.800000      2.944454080269E-02      7.983609424618E-03
   40.900000      2.620886320852E-02      6.919210349762E-03
   41.000000      2.357467027964E-02      6.065930167829E-03
   41.100000      2.175942639590E-02      5.475450612148E-03
   41.200000      2.088514751479E-02      5.175219270352E-03
   41.300000      2.096505878539E-02      5.167060856984E-03
   41.400000      2.192478180282E-02      5.428762748924E-03
   41.500000      2.360247335627E-02      5.918078588591E-03
   41.600000      2.577712236933E-02      6.578172978442E-03
   41.700000      2.821318882756E-02      7.343358644704E-03
   41.800000      3.068893173157E-02      8.144143429790E-03
   41.900000      3.300772221448E-02      8.911098363531E-03
   42.000000      3.499650611124E-02      9.577735446060E-03
   42.100000      3.649741835083E-02      1.008318428800E-02
   42.200000      3.736609484353E-02      1.037569610204E-02
   42.300000      3.748786150573E-02      1.041770550893E-02
   42.400000      3.680343635717E-02      1.019237811849E-02
   42.500000      3.533096786795E-02      9.710518160428E-03
   42.600000      3.317988931735E-02      9.015795593227E-03
   42.700000      3.055744428189E-02      8.185868245779E-03
   42.800000      2.776553694856E-02      7.327383078240E-03
   42.900000      2.517997378643E-02      6.564073453674E-03
   43.000000      2.320386802174E-02      6.018982003524E-03
   43.100000      2.220011317577E-02      5.793740048673E-03
   43.200000      2.242268701005E-02      5.949213669244E-03
   43.300000      2.396494272435E-02      6.492159013628E-03
   43.400000      2.670502861792E-02      7.371583987524E-03
   43.500000      3.028268258957E-02      8.486456255982E-03
   43.600000      3.418550116511E-02      9.703741842364E-03
   43.700000      3.789619879219E-02      1.088319579069E-02
   43.800000      4.099938595882E-02      1.190352701761E-02
   43.900000      4.323695894892E-02      1.268401541013E-02
   44.000000      4.453219187768E-02      1.319657829365E-02
   44.100000      4.498428942552E-02      1.346552247154E-02
   44.200000      4.483564352097E-02      1.355526504531E-02
   44.300000      4.441440096844E-02      1.354936104136E-02
   44.400000      4.405102582271E-02      1.352636483216E-02
   44.500000      4.397231376346E-02      1.353872698776E-02
   44.600000      4.422617402364E-02      1.359991154700E-02
   44.700000      4.469841115305E-02      1.368256383866E-02
   44.800000      4.516578021868E-02      1.372759271088E-02
   44.900000      4.535238556641E-02      1.366128241604E-02
   45.000000      4.499536260574E-02      1.341570325062E-02
   45.100000      4.391074071994E-02      1.294714288772E-02
   45.200000      4.203794427960E-02      1.224809107065E-02
   45.300000      3.945460080260E-02      1.135020895542E-02
   45.400000      3.636471760719E-02      1.031816186355E-02
   45.500000      3.306322222950E-02      9.236512691944E-03
   45.600000      2.987453525310E-02      8.193439985337E-03
   45.700000      2.707274235619E-02      7.265485436953E-03
   45.800000      2.483709001757E-02      6.506829126592E-03
   45.900000      2.324630283502E-02      5.945040874741E-03
   46.000000      2.227085990524E-02      5.583361749014E-03
   46.100000      2.182596456321E-02      5.407864608445E-03
   46.200000      2.183928361131E-02      5.396756298548E-03
   46.300000      2.226713542062E-02      5.528845792456E-03
   46.400000      2.308087533326E-02      5.788794214363E-03
   46.500000      2.424940929899E-02      6.167937914325E-03
   46.600000      2.574215618017E-02      6.660850444185E-03
   46.700000      2.753093796508E-02      7.258997477418E-03
   46.800000      2.957871012393E-02      7.943575072924E-03
   46.900000      3.180987895959E-02      8.679812918252E-03
   47.000000      3.408273291598E-02      9.414715621568E-03
   47.100000      3.619313913095E-02      1.007951422092E-02
   47.200000      3.789767823639E-02      1.059712308589E-02
   47.300000      3.894946084156E-02      1.089377493161E-02
   47.400000      3.914455987656E-02      1.091292337230E-02
   47.500000      3.836767644234E-02      1.062870719843E-02
   47.600000      3.662606042406E-02      1.005601453841E-02
   47.700000      3.406674370698E-02      9.254608910090E-03
   47.800000      3.097521603817E-02      8.325824217902E-03
   47.900000      2.775451992298E-02      7.401748030316E-03
   48.000000      2.488522158868E-02      6.628243979248E-03
   48.100000      2.286819039834E-02      6.144306963402E-03
   48.200000      2.215239566807E-02      6.060917899982E-03
   48.300000      2.305803832822E-02      6.442718657870E-03
   48.400000      2.567179923261E-02      7.295495292722E-03
   48.500000      2.973144602207E-02      8.561703158066E-03
   48.600000      3.471611053486E-02      1.012516968001E-02
   48.700000      4.000750471192E-02      1.182477711006E-02
   48.800000      4.499915561462E-02      1.347551515584E-02
   48.900000      4.916304560305E-02      1.489400888636E-02
   49.000000      5.209525690058E-02      1.592469994618E-02
   49.100000      5.354739164031E-02      1.646249387140E-02
   49.200000      5.344282982501E-02      1.646801596460E-02
   49.300000      5.187806427453E-02      1.597266529164E-02
   49.400000      4.911137280461E-02      1.507230714626E-02
   49.500000      4.553835419645E-02      1.391043933475E-02
   49.600000      4.165299630277E-02      1.265362609498E-02
   49.700000      3.799736807257E-02      1.146349007747E-02
   49.800000      3.509009119252E-02      1.047023891949E-02
   49.900000      3.326189031036E-02      9.752422773830E-03
   50.000000      3.249247993498E-02      9.326456586050E-03
   50.100000      3.250768000407E-02      9.147668973372E-03
   50.200000      3.291953834566E-02      9.122609656380E-03
   50.300000      3.330937542904E-02      9.130390474822E-03
   50.400000      3.329570723738E-02      9.049222667940E-03
   50.500000      3.259719205350E-02      8.783269884210E-03
   50.600000      3.108250536224E-02      8.284656828563E-03
   50.700000      2.879910422791E-02      7.566102395900E-03
   50.800000      2.597111063317E-02      6.701214969083E-03
   50.900000      2.297017844379E-02      5.811834573034E-03
   51.000000      2.027569894750E-02      5.044531839963E-03
   51.100000      1.840741900286E-02      4.540878599854E-03
   51.200000      1.782249203101E-02      4.407734863514E-03
   51.300000      1.874968616967E-02      4.694049589957E-03
   51.400000      2.108430023791E-02      5.379383408669E-03
   51.500000      2.446558149208E-02      6.376781072427E-03
   51.600000      2.838301463593E-02      7.549353730898E-03
   51.700000      3.226918469594E-02      8.736769195818E-03
   51.800000      3.561469476350E-02      9.785575159099E-03
   51.900000      3.805530837307E-02      1.057648355817E-02
   52.000000      3.940889160880E-02      1.104266677851E-02
   52.100000      3.967713753599E-02      1.117556066464E-02
   52.200000      3.902004415303E-02      1.101799590665E-02
   52.300000      3.770934152860E-02      1.064774313246E-02
   52.400000      3.606980813574E-02      1.015678367347E-02
   52.500000      3.441651490694E-02      9.632144364915E-03
   52.600000      3.296710184195E-02      9.142872409626E-03
   52.700000      3.177365759696E-02      8.735212218629E-03
   52.800000      3.081974374820E-02      8.435233740453E-03
   52.900000      3.009842821038E-02      8.256034983182E-03
   53.000000      2.965181838032E-02      8.205827010206E-03
   53.100000      2.959146116593E-02      8.293765420968E-03
   53.200000      3.007900245565E-02      8.531855914997E-03
   53.300000      3.121611331878E-02      8.932915610381E-03
   53.400000      3.295845513964E-02      9.505781871996E-03
   53.500000      3.518593501558E-02      1.024942410306E-02
   53.600000      3.777814606480E-02      1.114742167343E-02
   53.700000      4.062544649293E-02      1.216378001689E-02
   53.800000      4.361709459101E-02      1.324066325800E-02
   53.900000      4.661225399687E-02      1.429854772080E-02
   54.000000      4.937743213417E-02      1.523948754118E-02
   54.100000      5.158957885851E-02      1.595433066017E-02
   54.200000      5.291204118557E-02      1.633445325213E-02
   54.300000      5.304925765678E-02      1.628765939792E-02
   54.400000      5.179171612803E-02      1.575640676941E-02
   54.500000      4.906395587487E-02      1.473491511612E-02
   54.600000      4.496325571212E-02      1.328066589854E-02
   54.700000      3.977943542958E-02      1.151593995706E-02
   54.800000      3.399120010254E-02      9.616661020489E-03
   54.900000      2.823421742309E-02      7.788686916451E-03
   55.000000      2.322429630286E-02      6.235074510950E-03
   55.100000      1.961450055167E-02      5.120705549286E-03
   55.200000      1.784418103167E-02      4.542034933373E-03
   55.300000      1.799874910623E-02      4.509070665366E-03
   55.400000      1.976116457106E-02      4.944104573265E-03
   55.500000      2.254220846556E-02      5.697876285633E-03
   55.600000      2.565740907588E-02      6.579824012872E-03
   55.700000      2.846085934806E-02      7.395922314687E-03
   55.800000      3.045022043874E-02      7.986087167110E-03
   55.900000      3.133260796317E-02      8.253504296118E-03
   56.000000      3.105178028988E-02      8.180268609252E-03
   56.100000      2.978188786910E-02      7.826811015232E-03
   56.200000      2.789175494371E-02      7.315978092756E-03
   56.300000      2.588580435283E-02      6.805596359292E-03
   56.400000      2.432702506012E-02      6.455341970615E-03
   56.500000      2.374888317626E-02      6.394448676978E-03
   56.600000      2.455555137654E-02      6.696211967514E-03
   56.700000      2.683252781889E-02      7.363639938471E-03
   56.800000      3.020495943908E-02      8.328385933248E-03
   56.900000      3.408448129180E-02      9.462733294543E-03
   57.000000      3.786128100743E-02      1.060226425253E-02
   57.100000      4.098393452820E-02      1.157517898146E-02
   57.200000      4.301959739702E-02      1.223318463842E-02
   57.300000      4.370196476134E-02      1.247855811844E-02
   57.400000      4.296261708844E-02      1.228249922039E-02
   57.500000      4.094056824533E-02      1.169127493209E-02
   57.600000      3.796794330015E-02      1.081880261374E-02
   57.700000      3.453299193481E-02      9.826900850748E-03
   57.800000      3.122438045186E-02      8.896922367007E-03
   57.900000      2.865500591831E-02      8.198276731737E-03
   58.000000      2.733998250453E-02      7.859979667987E-03
   58.100000      2.754721811524E-02      7.950644367090E-03
   58.200000      2.925269759706E-02      8.470416471276E-03
   58.300000      3.218689409662E-02      9.355698541667E-03
   58.400000      3.590643733980E-02      1.049473300070E-02
   58.500000      3.987907487887E-02      1.174986450344E-02
   58.600000      4.362114614480E-02      1.298112268530E-02
   58.700000      4.677088436561E-02      1.406595429819E-02
   58.800000      4.910321448222E-02      1.491144991315E-02
   58.900000      5.051819345541E-02      1.545784055198E-02
   59.000000      5.100945754363E-02      1.567467083220E-02
   59.100000      5.062156847327E-02      1.555307050309E-02
   59.200000      4.940751785189E-02      1.509829217932E-02
   59.300000      4.740222552625E-02      1.432591391011E-02
   59.400000      4.462664767739E-02      1.326310046459E-02
   59.500000      4.111538545301E-02      1.195381117875E-02
   59.600000      3.695733413833E-02      1.046477593445E-02
   59.700000      3.233571413682E-02      8.888238264721E-03
   59.800000      2.754861112933E-02      7.338240534274E-03
   59.900000      2.300348168813E-02      5.939354305601E-03
   60.000000      1.918745698058E-02      4.809473420061E-03
   60.100000      1.657954047181E-02      4.040594503596E-03
   60.200000      1.545760796168E-02      3.682571614523E-03
   60.300000      1.580587231832E-02      3.734277707429E-03
   60.400000      1.737276113339E-02      4.144645874637E-03
   60.500000      1.977626097045E-02      4.823376340955E-03
   60.600000      2.259559881202E-02      5.658555372067E-03
   60.700000      2.544919529750E-02      6.536801248734E-03
   60.800000      2.804532834063E-02      7.361247468991E-03
   60.900000      3.020015569016E-02      8.063676342438E-03
   61.000000      3.183343020301E-02      8.609025969953E-03
   61.100000      3.295184144097E-02      8.992678962526E-03
   61.200000      3.362083530162E-02      9.232738559771E-03
   61.300000      3.393084472411E-02      9.360404733392E-03
   61.400000      3.397730097517E-02      9.411385785524E-03
   61.500000      3.386321139115E-02      9.420194306272E-03
   61.600000      3.370899423284E-02      9.417660104197E-03
   61.700000      3.365077566446E-02      9.430651210849E-03
   61.800000      3.379873224115E-02      9.482318009666E-03
   61.900000      3.417816619965E-02      9.591351167647E-03
   62.000000      3.476556577286E-02      9.769600423484E-03
   62.100000      3.552471593779E-02      1.001851695740E-02
   62.200000      3.641038574560E-02      1.032578654523E-02
   62.300000      3.736048582477E-02      1.066388236872E-02
   62.400000      3.828375523023E-02      1.099198332461E-02
   62.500000      3.905267053023E-02      1.126188420519E-02
   62.600000      3.951830638122E-02      1.142740508060E-02
   62.700000      3.955457018205E-02      1.145567293131E-02
   62.800000      3.910565561690E-02      1.133778067864E-02
   62.900000      3.821367829807E-02      1.109597492359E-02
   63.000000      3.703179399128E-02      1.078485655292E-02
   63.100000      3.581983963467E-02      1.048513509786E-02
   63.200000      3.490727228614E-02      1.029010623995E-02
   63.300000      3.463104888717E-02      1.028687600051E-02
   63.400000      3.526206493691E-02      1.053596315243E-02
   63.500000      3.689159774805E-02      1.105380274992E-02
   63.600000      3.935556351784E-02      1.180252075131E-02
   63.700000      4.230031670487E-02      1.269007754059E-02
   63.800000      4.525903929963E-02      1.358171081101E-02
   63.900000      4.773100574130E-02      1.432103684372E-02
   64.000000      4.926258364349E-02      1.475684034096E-02
   64.100000      4.951273623100E-02      1.477012590215E-02
   64.200000      4.829721757581E-02      1.429584067429E-02
   64.300000      4.560901946622E-02      1.333487915300E-02
   64.400000      4.161462085950E-02      1.195423211881E-02
   64.500000      3.662902325156E-02      1.027582977179E-02
   64.600000      3.107699632458E-02      8.457031178270E-03
   64.700000      2.544634547574E-02      6.667212499176E-03
   64.800000      2.023451938868E-02      5.065176133257E-03
   64.900000      1.589784874575E-02      3.781187413006E-03
   65.000000      1.282063592088E-02      2.905736606110E-03
   65.100000      1.129600072028E-02      2.485221645328E-03
   65.200000      1.146291105390E-02      2.523250987338E-03
   65.300000      1.320714350367E-02      2.985566616641E-03
   65.400000      1.620026688273E-02      3.806736686180E-03
   65.500000      2.001248217996E-02      4.897490017871E-03
   65.600000      2.421038853691E-02      6.152405434027E-03
   65.700000      2.840505265237E-02      7.458208372730E-03
   65.800000      3.226901771393E-02      8.702958146539E-03
   65.900000      3.554204494193E-02      9.785990008666E-03
   66.000000      3.803247544314E-02      1.062785324896E-02
   66.100000      3.962250310736E-02      1.117894956460E-02
   66.200000      4.027979572150E-02      1.142533780001E-02
   66.300000      4.006813771434E-02      1.139032475162E-02
   66.400000      3.914814208264E-02      1.113099943760E-02
   66.500000      3.776410731952E-02      1.072971046495E-02
   66.600000      3.621704978023E-02      1.028148581187E-02
   66.700000      3.482350936293E-02      9.879333493562E-03
   66.800000      3.385897289158E-02      9.599981087598E-03
   66.900000      3.349374731681E-02      9.492690612687E-03
   67.000000      3.375453898875E-02      9.573235511595E-03
   67.100000      3.454380639597E-02      9.824053230839E-03
   67.200000      3.568772622708E-02      1.020026771292E-02
   67.300000      3.698031570140E-02      1.064006804133E-02
   67.400000      3.822474505556E-02      1.107714239549E-02
   67.500000      3.926634093073E-02      1.145266114873E-02
   67.600000      4.000685957840E-02      1.172465820703E-02
   67.700000      4.040476199204E-02      1.187341445320E-02
   67.800000      4.046793560751E-02      1.190238003788E-02
   67.900000      4.025335119939E-02      1.183506774458E-02
   68.000000      3.985521753925E-02      1.170902841194E-02
   68.100000      3.938575098267E-02      1.156835242840E-02
   68.200000      3.896082002189E-02      1.145607810773E-02
   68.300000      3.869250244243E-02      1.140749485344E-02
   68.400000      3.868282667245E-02      1.144479731556E-02
   68.500000      3.900854873406E-02      1.157313032748E-02
   68.600000      3.968581349008E-02      1.177796323861E-02
   68.700000      4.062511723480E-02      1.202398049185E-02
   68.800000      4.162101436967E-02      1.225610330208E-02
   68.900000      4.240326471784E-02      1.240355565880E-02
   69.000000      4.268878040281E-02      1.238774805381E-02
   69.100000      4.221910804749E-02      1.213402277110E-02
   69.200000      4.079907607767E-02      1.158609399067E-02
   69.300000      3.833531115999E-02      1.072069364572E-02
   69.400000      3.486627054090E-02      9.559014712575E-03
   69.500000      3.057650458258E-02      8.171492704828E-03
   69.600000      2.579077468372E-02      6.673500102678E-03
   69.700000      2.094794525568E-02      5.211496620253E-03
   69.800000      1.656246338240E-02      3.941580359759E-03
   69.900000      1.317723020849E-02      3.004522319357E-03
   70.000000      1.129836123130E-02      2.502569366068E-03
   70.100000      1.125873286689E-02      2.483147083456E-03
   70.200000      1.301610096474E-02      2.933051115099E-03
   70.300000      1.617763383788E-02      3.784162895182E-03
   70.400000      2.019727891722E-02      4.928858363431E-03
   70.500000      2.454294802935E-02      6.240918490700E-03
   70.600000      2.878677577183E-02      7.596606151313E-03
   70.700000      3.263683660098E-02      8.891005872068E-03
   70.800000      3.593376492010E-02      1.004659439104E-02
   70.900000      3.862124593076E-02      1.101369148956E-02
   71.000000      4.069629033169E-02      1.176500457499E-02
   71.100000      4.216025976931E-02      1.228803628109E-02
   71.200000      4.299888473484E-02      1.257916450563E-02
   71.300000      4.319423664911E-02      1.264180563364E-02
   71.400000      4.274889317314E-02      1.248885458649E-02
   71.500000      4.171020822841E-02      1.214746205249E-02
   71.600000      4.018933267763E-02      1.166298380847E-02
   71.700000      3.836985365120E-02      1.109906001910E-02
   71.800000      3.649901348712E-02      1.053217069782E-02
   71.900000      3.485636718990E-02      1.004111735237E-02
   72.000000      3.369964443780E-02      9.693900562036E-03
   72.100000      3.319363692353E-02      9.535643123270E-03
   72.200000      3.336122132015E-02      9.581105618418E-03
   72.300000      3.410820736742E-02      9.813978940768E-03
   72.400000      3.528090643559E-02      1.019299442217E-02
   72.500000      3.670642501130E-02      1.066273278098E-02
   72.600000      3.821661310347E-02      1.116562353160E-02
   72.700000      3.966992598630E-02      1.165152127046E-02
   72.800000      4.095635918639E-02      1.208245426309E-02
   72.900000      4.199720450450E-02      1.243217097148E-02
   73.000000      4.274293196051E-02      1.268213219503E-02
   73.100000      4.316179404868E-02      1.281679792028E-02
   73.200000      4.322454269494E-02      1.282099837718E-02
   73.300000      4.289390903895E-02      1.268096382960E-02
   73.400000      4.212922172829E-02      1.238878129656E-02
   73.500000      4.091441779457E-02      1.194839353409E-02
   73.600000      3.929073613812E-02      1.138037588864E-02
   73.700000      3.737086326139E-02      1.072291427411E-02
   73.800000      3.533064069357E-02      1.002757662498E-02
   73.900000      3.337588829217E-02      9.350216635363E-03
   74.000000      3.167805767771E-02      8.739089265595E-03
   74.100000      3.030610283479E-02      8.223415897331E-03
   74.200000      2.922044240549E-02      7.805830503143E-03
   74.300000      2.830664167523E-02      7.461300009824E-03
   74.400000      2.740645585006E-02      7.143495866588E-03
   74.500000      2.634328508872E-02      6.797664680874E-03
   74.600000      2.496615185793E-02      6.377316595605E-03
   74.700000      2.321614878493E-02      5.860936820151E-03
   74.800000      2.117658971211E-02      5.264663610728E-03
   74.900000      1.907778075831E-02      4.647499469914E-03
   75.000000      1.723184816293E-02      4.106990813182E-03
   75.100000      1.599928454945E-02      3.765162016966E-03
   75.200000      1.576910812173E-02      3.746499715845E-03
   75.300000      1.689316350162E-02      4.151619694665E-03
   75.400000      1.959820563501E-02      5.031592527414E-03
   75.500000      2.386594697748E-02      6.368456822921E-03
   75.600000      2.932132829635E-02      8.066959441032E-03
   75.700000      3.530479380287E-02      9.960901671092E-03
   75.800000      4.107971708390E-02      1.183474391246E-02
   75.900000      4.595637139403E-02      1.345775461232E-02
   76.000000      4.937358375298E-02      1.462471887242E-02
   76.100000      5.096637819474E-02      1.519494705233E-02
   76.200000      5.061408819354E-02      1.512083917934E-02
   76.300000      4.846133731505E-02      1.445896303354E-02
   76.400000      4.490784218577E-02      1.336028105745E-02
   76.500000      4.056570064821E-02      1.204097542558E-02
   76.600000      3.618814967777E-02      1.074001331470E-02
   76.700000      3.257575400712E-02      9.672868026253E-03
   76.800000      3.039994663748E-02      8.991746686317E-03
   76.900000      2.989526487864E-02      8.761018024141E-03
   77.000000      3.085389298341E-02      8.952747835428E-03
   77.100000      3.282289470769E-02      9.462343680029E-03
   77.200000      3.525771430796E-02      1.013954029253E-02
   77.300000      3.763610142783E-02      1.082650886352E-02
   77.400000      3.953541766169E-02      1.139358249482E-02
   77.500000      4.070616284277E-02      1.176423560001E-02
   77.600000      4.110479994697E-02      1.192417214900E-02
   77.700000      4.087405440132E-02      1.191374338879E-02
   77.800000      4.028842571649E-02      1.180721167887E-02
   77.900000      3.967580886579E-02      1.168545698330E-02
   78.000000      3.932433957510E-02      1.160985034636E-02
   78.100000      3.938374700686E-02      1.160405275851E-02
   78.200000      3.977489050276E-02      1.164786997917E-02
   78.300000      4.021599559113E-02      1.168382641274E-02
   78.400000      4.037785440607E-02      1.163377604683E-02
   78.500000      3.998040114915E-02      1.142050532331E-02
   78.600000      3.884639035385E-02      1.098845646608E-02
   78.700000      3.692838568739E-02      1.031851625067E-02
   78.800000      3.430761099512E-02      9.433891648207E-03
   78.900000      3.117006792864E-02      8.396679217749E-03
   79.000000      2.777088352489E-02      7.296988297786E-03
   79.100000      2.439843307813E-02      6.237793807168E-03
   79.200000      2.134792082600E-02      5.318912498878E-03
   79.300000      1.890402211302E-02      4.622883487847E-03
   79.400000      1.732503599600E-02      4.204568420959E-03
   79.500000      1.681892216154E-02      4.085390222473E-03
   79.600000      1.743806626952E-02      4.252494382537E-03
   79.700000      1.898243376219E-02      4.662697148284E-03
   79.800000      2.112823873319E-02      5.250710149024E-03
   79.900000      2.354824357404E-02      5.940653643388E-03
   80.000000      2.596242781187E-02      6.659270837363E-03
   80.100000      2.816776961601E-02      7.348668031949E-03
   80.200000      3.005676800120E-02      7.976072336996E-03
   80.300000      3.162123597983E-02      8.538274681359E-03
   80.400000      3.294276347452E-02      9.059260130631E-03
   80.500000      3.417241117640E-02      9.580964303250E-03
   80.600000      3.549938561652E-02      1.014883389539E-02
   80.700000      3.710418503612E-02      1.079542408445E-02
   80.800000      3.909066032692E-02      1.152611649627E-02
   80.900000      4.139903253529E-02      1.231083540226E-02
   81.000000      4.377518116559E-02      1.308434488644E-02
   81.100000      4.587324454664E-02      1.375564944991E-02
   81.200000      4.735420373279E-02      1.422476848183E-02
   81.300000      4.794199236146E-02      1.440333620917E-02
   81.400000      4.746360484683E-02      1.423456233861E-02
   81.500000      4.587916155348E-02      1.370825215932E-02
   81.600000      4.329739822613E-02      1.286769338809E-02
   81.700000      3.997578887344E-02      1.180691196071E-02
   81.800000      3.630603290249E-02      1.065864829608E-02
   81.900000      3.278207077822E-02      9.575044326739E-03
   82.000000      2.993386421574E-02      8.704233931655E-03
   82.100000      2.823104995091E-02      8.166696377326E-03
   82.200000      2.797257574553E-02      8.035330967910E-03
   82.300000      2.917841953054E-02      8.322725249781E-03
   82.400000      3.159854063869E-02      8.978024567924E-03
   82.500000      3.478715215596E-02      9.894247618705E-03
   82.600000      3.822592034592E-02      1.092503839742E-02
   82.700000      4.140746422657E-02      1.190803750853E-02
   82.800000      4.389157911749E-02      1.269069749391E-02
   82.900000      4.535063932688E-02      1.315381152194E-02
   83.000000      4.560117380718E-02      1.322846305362E-02
   83.100000      4.461773183175E-02      1.290348745711E-02
   83.200000      4.252799361540E-02      1.222256483022E-02
   83.300000      3.958922285952E-02      1.127224494404E-02
   83.400000      3.614721428426E-02      1.016398709084E-02
   83.500000      3.258023660088E-02      9.014237685263E-03
   83.600000      2.923213884054E-02      7.926490181261E-03
   83.700000      2.635029014485E-02      6.978322433405E-03
   83.800000      2.406165835197E-02      6.214976442154E-03
   83.900000      2.238920036560E-02      5.649585042505E-03
   84.000000      2.128276086208E-02      5.268987987310E-03
   84.100000      2.064690404019E-02      5.043340454969E-03
   84.200000      2.036828067762E-02      4.937364246156E-03
   84.300000      2.034890986365E-02      4.921039144859E-03
   84.400000      2.053487589617E-02      4.977729422286E-03
   84.500000      2.092690690227E-02      5.108191504900E-03
   84.600000      2.157336409328E-02      5.329626110183E-03
   84.700000      2.255904386871E-02      5.669885729807E-03
   84.800000      2.398918814860E-02      6.158004440428E-03
   84.900000      2.594534696634E-02      6.813170288346E-03
   85.000000      2.843279328856E-02      7.634843450164E-03
   85.100000      3.135667128807E-02      8.596688557257E-03
   85.200000      3.452998099780E-02      9.646220057231E-03
   85.300000      3.770445585230E-02      1.071066963853E-02
   85.400000      4.061657993877E-02      1.170794082870E-02
   85.500000      4.303253392051E-02      1.256013043177E-02
   85.600000      4.478412809278E-02      1.320642599728E-02
   85.700000      4.579141642311E-02      1.361243721183E-02
   85.800000      4.606881190299E-02      1.377405915514E-02
   85.900000      4.571162894399E-02      1.371541407520E-02
   86.000000      4.486550104194E-02      1.348181690785E-02
   86.100000      4.369582191209E-02      1.312969872431E-02
   86.200000      4.236822356989E-02      1.271583341315E-02
   86.300000      4.103081206616E-02      1.228806443079E-02
   86.400000      3.979495209112E-02      1.187916281796E-02
   86.500000      3.871898226245E-02      1.150465888167E-02
   86.600000      3.780245212224E-02      1.116466504192E-02
   86.700000      3.700370407540E-02      1.084898650358E-02
   86.800000      3.626899005859E-02      1.054427440806E-02
   86.900000      3.555381623382E-02      1.024163299924E-02
   87.000000      3.483543609076E-02      9.942952589629E-03
   87.100000      3.413186766712E-02      9.664336286328E-03
   87.200000      3.351879059565E-02      9.435389729187E-03
   87.300000      3.311978908118E-02      9.293905626744E-03
   87.400000      3.307382525643E-02      9.276555800902E-03
   87.500000      3.348970201235E-02      9.407399792075E-03
   87.600000      3.439759217451E-02      9.686987328991E-03
   87.700000      3.571765580993E-02      1.008519582742E-02
   87.800000      3.725816149635E-02      1.054044469686E-02
   87.900000      3.873783255114E-02      1.096655201111E-02
   88.000000      3.983546302094E-02      1.126653288789E-02
   88.100000      4.025556669704E-02      1.135062579340E-02
   88.200000      3.978724415218E-02      1.115442252440E-02
   88.300000      3.834331021738E-02      1.065269757683E-02
   88.400000      3.597550858996E-02      9.865560035290E-03
   88.500000      3.286555108700E-02      8.855597066090E-03
   88.600000      2.929446229581E-02      7.717070324269E-03
   88.700000      2.559653900439E-02      6.560173432138E-03
   88.800000      2.211237842909E-02      5.494268171864E-03
   88.900000      1.915586199472E-02      4.613711452887E-03
   89.000000      1.699454065343E-02      3.988619461209E-03
   89.100000      1.583396731817E-02      3.661222531087E-03
   89.200000      1.578428662785E-02      3.646927573804E-03
   89.300000      1.681990622713E-02      3.938261479880E-03
   89.400000      1.879681408365E-02      4.509699608651E-03
   89.500000      2.150422151024E-02      5.321897901949E-03
   89.600000      2.471773727611E-02      6.324747422893E-03
   89.700000      2.822324293367E-02      7.459567293777E-03
   89.800000      3.181831762235E-02      8.661302337704E-03
   89.900000      3.531433101091E-02      9.861613495690E-03
   90.000000      3.853900243023E-02      1.099328172531E-02
   90.100000      4.133882479297E-02      1.199562682968E-02
   90.200000      4.358882188588E-02      1.282000372247E-02
   90.300000      4.520893312989E-02      1.343416307034E-02
   90.400000      4.617535279181E-02      1.382446342208E-02
   90.500000      4.652109040355E-02      1.399549922792E-02
   90.600000      4.632557744032E-02      1.396741316422E-02
   90.700000      4.569377112542E-02      1.377171251178E-02
   90.800000      4.473182324547E-02      1.344661998327E-02
   90.900000      4.353644862537E-02      1.303282687957E-02
   91.000000      4.219577575819E-02      1.257009752949E-02
   91.100000      4.079205686379E-02      1.209470663141E-02
   91.200000      3.940317175775E-02      1.163739183007E-02
   91.300000      3.810024869715E-02      1.122151118654E-02
   91.400000      3.694519006618E-02      1.086140226520E-02
   91.500000      3.598999122853E-02      1.056137649348E-02
   91.600000      3.527277099880E-02      1.031607548595E-02
   91.700000      3.480269073264E-02      1.011281698837E-02
   91.800000      3.452838930584E-02      9.935989189867E-03
   91.900000      3.434602410944E-02      9.772683580307E-03
   92.000000      3.416494466540E-02      9.617958665098E-03
   92.100000      3.395053021094E-02      9.477807819287E-03
   92.200000      3.373306502784E-02      9.368313895956E-03
   92.300000      3.359260640363E-02      9.310572611566E-03
   92.400000      3.361980754312E-02      9.322427561261E-03
   92.500000      3.386912160124E-02      9.409377378485E-03
   92.600000      3.433441630378E-02      9.557684445904E-03
   92.700000      3.493987219459E-02      9.732403671135E-03
   92.800000      3.553045290758E-02      9.881736659588E-03
   92.900000      3.589734514670E-02      9.947143003151E-03
   93.000000      3.584290333309E-02      9.876649356324E-03
   93.100000      3.523467167180E-02      9.637530217526E-03
   93.200000      3.403548202617E-02      9.224537799277E-03
   93.300000      3.230953662794E-02      8.661220876341E-03
   93.400000      3.020737022027E-02      7.994141806051E-03
   93.500000      2.793392291877E-02      7.282144263651E-03
   93.600000      2.570093544583E-02      6.584368453564E-03
   93.700000      2.367685855633E-02      5.950898119140E-03
   93.800000      2.196976152416E-02      5.418720267101E-03
   93.900000      2.064866065115E-02      5.013556983443E-03
   94.000000      1.977099231780E-02      4.755867040196E-03
   94.100000      1.940981910914E-02      4.667713017240E-03
   94.200000      1.967026513159E-02      4.776808689247E-03
   94.300000      2.066682137007E-02      5.115053400427E-03
   94.400000      2.247418267709E-02      5.710918303114E-03
   94.500000      2.510002714817E-02      6.577491998328E-03
   94.600000      2.847949952747E-02      7.699970689028E-03
   94.700000      3.245308790669E-02      9.027155414037E-03
   94.800000      3.674548593407E-02      1.047074390881E-02
   94.900000      4.098746749833E-02      1.191405634465E-02
   95.000000      4.478375549760E-02      1.322898388104E-02
   95.100000      4.778737096995E-02      1.429733675286E-02
   95.200000      4.975757333040E-02      1.503127541153E-02
   95.300000      5.059442437259E-02      1.538764192021E-02
   95.400000      5.034588954898E-02      1.537272110327E-02
   95.500000      4.918820594919E-02      1.503666861790E-02
   95.600000      4.738439590091E-02      1.445965088745E-02
   95.700000      4.522721670060E-02      1.373377740081E-02
   95.800000      4.297449470365E-02      1.294562250474E-02
   95.900000      4.080456343094E-02      1.216345560692E-02
   96.000000      3.881305950409E-02      1.143157207123E-02
   96.100000      3.702970477071E-02      1.077193139754E-02
   96.200000      3.544016173017E-02      1.019129301537E-02
   96.300000      3.401934946453E-02      9.690706789148E-03
   96.400000      3.277134910968E-02      9.273870765711E-03
   96.500000      3.175440712065E-02      8.951556134339E-03
   96.600000      3.107698156713E-02      8.740781001189E-03
   96.700000      3.085181370801E-02      8.659218327283E-03
   96.800000      3.114025395629E-02      8.716880072597E-03
   96.900000      3.191943359323E-02      8.907959350952E-03
   97.000000      3.307149337504E-02      9.205632118705E-03
   97.100000      3.439960019348E-02      9.561733912149E-03
   97.200000      3.566354634382E-02      9.911879687031E-03
   97.300000      3.662305598239E-02      1.018519584845E-02
   97.400000      3.707745754806E-02      1.031671457130E-02
   97.500000      3.689841781576E-02      1.025983412789E-02
   97.600000      3.605098386852E-02      9.996147295107E-03
   97.700000      3.459911311038E-02      9.540378421188E-03
   97.800000      3.269711836565E-02      8.939085961941E-03
   97.900000      3.056933556095E-02      8.263045633695E-03
   98.000000      2.847751356490E-02      7.594602347551E-03
   98.100000      2.667624011005E-02      7.012465584483E-03
   98.200000      2.536378828632E-02      6.577117585943E-03
   98.300000      2.463928869622E-02      6.319995566528E-03
   98.400000      2.448296057986E-02      6.238861216313E-03
   98.500000      2.477089122899E-02      6.300442727465E-03
   98.600000      2.531415961908E-02      6.449838365081E-03
   98.700000      2.591127185786E-02      6.624681050837E-03
   98.800000      2.639683513171E-02      6.771018324115E-03
   98.900000      2.667299177708E-02      6.857480967938E-03
   99.000000      2.672889073489E-02      6.884654714329E-03
   99.100000      2.664535367128E-02      6.887532379714E-03
   99.200000      2.658950926051E-02      6.930292114637E-03
   99.300000      2.680081993231E-02      7.094149624267E-03
   99.400000      2.755360345494E-02      7.460395577136E-03
   99.500000      2.910134938602E-02      8.091716689990E-03
   99.600000      3.159912145398E-02      9.015335598284E-03
   99.700000      3.501980570708E-02      1.021130785356E-02
   99.800000      3.912757969798E-02      1.160851687603E-02
   99.900000      4.352529836752E-02      1.308965311184E-02
  100.000000      4.773255096437E-02      1.450496446653E-02
