# M=26, N=13, V0=0.0, V=0.25, PBC
#  time (tJ)                 S₁(n=1)                 S₂(n=1)
    0.000000      2.220446049250E-15     -2.664535259100E-15
    0.100000      1.979372517470E-03      4.181922997142E-04
    0.200000      6.322137191718E-03      1.550058891054E-03
    0.300000      1.146945644998E-02      3.068379429856E-03
    0.400000      1.611180699430E-02      4.549172806980E-03
    0.500000      1.927277835515E-02      5.607332992491E-03
    0.600000      2.044335163688E-02      6.012560775865E-03
    0.700000      1.963305449789E-02      5.747421153222E-03
    0.800000      1.732409340015E-02      4.992239436506E-03
    0.900000      1.433961199914E-02      4.048415980025E-03
    1.000000      1.164722082934E-02      3.232230131797E-03
    1.100000      1.010687505843E-02      2.778041430990E-03
    1.200000      1.015125310474E-02      2.781556772352E-03
    1.300000      1.157905347480E-02      3.195352051322E-03
    1.400000      1.377483395092E-02      3.868691513484E-03
    1.500000      1.607497062566E-02      4.609975232881E-03
    1.600000      1.796491993534E-02      5.246993481701E-03
    1.700000      1.914714880963E-02      5.666681947514E-03
    1.800000      1.953819016461E-02      5.827700707254E-03
    1.900000      1.922288510289E-02      5.750276401057E-03
    2.000000      1.839001700836E-02      5.494127022684E-03
    2.100000      1.727087959639E-02      5.135573244820E-03
    2.200000      1.609370750284E-02      4.750684171164E-03
    2.300000      1.505600333733E-02      4.405731463608E-03
    2.400000      1.431098193161E-02      4.152375845253E-03
    2.500000      1.395814993181E-02      4.024290068832E-03
    2.600000      1.402865868199E-02      4.033744014859E-03
    2.700000      1.447567145242E-02      4.169195948463E-03
    2.800000      1.518257191808E-02      4.396294953994E-03
    2.900000      1.598841251446E-02      4.664057939928E-03
    3.000000      1.672406965039E-02      4.915812080204E-03
    3.100000      1.724963896260E-02      5.102132105685E-03
    3.200000      1.748284031621E-02      5.191809745097E-03
    3.300000      1.741146382741E-02      5.177495485074E-03
    3.400000      1.708792821189E-02      5.074685517011E-03
    3.500000      1.660912802628E-02      4.915135571976E-03
    3.600000      1.608896727076E-02      4.737452439097E-03
    3.700000      1.563232914343E-02      4.577941484700E-03
    3.800000      1.531668824320E-02      4.463912396564E-03
    3.900000      1.518302531805E-02      4.410242850125E-03
    4.000000      1.523423877572E-02      4.418831115965E-03
    4.100000      1.543891942515E-02      4.480061895326E-03
    4.200000      1.573969268511E-02      4.575515553936E-03
    4.300000      1.606510107621E-02      4.681497239603E-03
    4.400000      1.634285953116E-02      4.773155957071E-03
    4.500000      1.651233159143E-02      4.828836589217E-03
    4.600000      1.653458950773E-02      4.833983208366E-03
    4.700000      1.639838225376E-02      4.783687069385E-03
    4.800000      1.612033031488E-02      4.683108464939E-03
    4.900000      1.573883714227E-02      4.545545199614E-03
    5.000000      1.530346916177E-02      4.388663903367E-03
    5.100000      1.486309471248E-02      4.230011231079E-03
    5.200000      1.445564522803E-02      4.083104806809E-03
    5.300000      1.410128240273E-02      3.955109832956E-03
    5.400000      1.380037609732E-02      3.846503553308E-03
    5.500000      1.353704086977E-02      3.752493987784E-03
    5.600000      1.328708210136E-02      3.665529994648E-03
    5.700000      1.302738392535E-02      3.578115348948E-03
    5.800000      1.274371454222E-02      3.485265111785E-03
    5.900000      1.243536003946E-02      3.386174141756E-03
    6.000000      1.211646694026E-02      3.284874005663E-03
    6.100000      1.181454360048E-02      3.189794467154E-03
    6.200000      1.156633485042E-02      3.112270202306E-03
    6.300000      1.141099962474E-02      3.064215355628E-03
    6.400000      1.138107030828E-02      3.055436425971E-03
    6.500000      1.149340218884E-02      3.091276542385E-03
    6.600000      1.174402866341E-02      3.171333914237E-03
    6.700000      1.210998394867E-02      3.289764911128E-03
    6.800000      1.255742783977E-02      3.437183984097E-03
    6.900000      1.305224374487E-02      3.603572856716E-03
    7.000000      1.356904412868E-02      3.781160175589E-03
    7.100000      1.409601113353E-02      3.966148514991E-03
    7.200000      1.463440209773E-02      4.158527885631E-03
    7.300000      1.519247847057E-02      4.359921970188E-03
    7.400000      1.577490375984E-02      4.570215437814E-03
    7.500000      1.637107715529E-02      4.784297362379E-03
    7.600000      1.694821219818E-02      4.990369014172E-03
    7.700000      1.745400744282E-02      5.170808151357E-03
    7.800000      1.782873498986E-02      5.305684301964E-03
    7.900000      1.802179506677E-02      5.378002089723E-03
    8.000000      1.800687614049E-02      5.379003457391E-03
    8.100000      1.779158412141E-02      5.311684830247E-03
    8.200000      1.741917506017E-02      5.191175032737E-03
    8.300000      1.696118402380E-02      5.041629781418E-03
    8.400000      1.650129843783E-02      4.890492039433E-03
    8.500000      1.611399761388E-02      4.761914423544E-03
    8.600000      1.584567057142E-02      4.671461497527E-03
    8.700000      1.570685465776E-02      4.623741855635E-03
    8.800000      1.567827374897E-02      4.613518027961E-03
    8.900000      1.572530457298E-02      4.629544925776E-03
    9.000000      1.581283743508E-02      4.659428745547E-03
    9.100000      1.591517149644E-02      4.693566723700E-03
    9.200000      1.601918208824E-02      4.726801398638E-03
    9.300000      1.612126143192E-02      4.757542152950E-03
    9.400000      1.622007867911E-02      4.785281637719E-03
    9.500000      1.630894993310E-02      4.808138098394E-03
    9.600000      1.637261852986E-02      4.821951354351E-03
    9.700000      1.639154624534E-02      4.821581930060E-03
    9.800000      1.635227365267E-02      4.803824114465E-03
    9.900000      1.625805307619E-02      4.770357868309E-03
   10.000000      1.613318329565E-02      4.728943050742E-03
   10.100000      1.601751819923E-02      4.691755316603E-03
   10.200000      1.595231713379E-02      4.671087189137E-03
   10.300000      1.596279099390E-02      4.673983678585E-03
   10.400000      1.604481189973E-02      4.698101507226E-03
   10.500000      1.616207495167E-02      4.730793731698E-03
   10.600000      1.625545261989E-02      4.752206661432E-03
   10.700000      1.626105712894E-02      4.741544037666E-03
   10.800000      1.613103125873E-02      4.684306731400E-03
   10.900000      1.585097834614E-02      4.577828574632E-03
   11.000000      1.544808882937E-02      4.433002875671E-03
   11.100000      1.498545585149E-02      4.271488815657E-03
   11.200000      1.454299127252E-02      4.119329327060E-03
   11.300000      1.419213908325E-02      3.999146951986E-03
   11.400000      1.397416576641E-02      3.923463075038E-03
   11.500000      1.388820389563E-02      3.891153954378E-03
   11.600000      1.389183248125E-02      3.887931746213E-03
   11.700000      1.391424605902E-02      3.890504825512E-03
   11.800000      1.387734157613E-02      3.873135405476E-03
   11.900000      1.371750838906E-02      3.814861039290E-03
   12.000000      1.340246593226E-02      3.705653079512E-03
   12.100000      1.294120471829E-02      3.550105633059E-03
   12.200000      1.238732625572E-02      3.367739265349E-03
   12.300000      1.183387339776E-02      3.189601598531E-03
   12.400000      1.139527353975E-02      3.051567861769E-03
   12.500000      1.117725542537E-02      2.985586306359E-03
   12.600000      1.124501140062E-02      3.010928720780E-03
   12.700000      1.159982872779E-02      3.127968947120E-03
   12.800000      1.217394393276E-02      3.316755171864E-03
   12.900000      1.285109846981E-02      3.541498985173E-03
   13.000000      1.350296624269E-02      3.760288658531E-03
   13.100000      1.402503033485E-02      3.937421478401E-03
   13.200000      1.436356383295E-02      4.054477064037E-03
   13.300000      1.453016705905E-02      4.116232189419E-03
   13.400000      1.460032574786E-02      4.148964658223E-03
   13.500000      1.469151961626E-02      4.191258394604E-03
   13.600000      1.491874766588E-02      4.280210520172E-03
   13.700000      1.534579209021E-02      4.437822043994E-03
   13.800000      1.596568945768E-02      4.662467627728E-03
   13.900000      1.670567474930E-02      4.928546032131E-03
   14.000000      1.744582060678E-02      5.194387819675E-03
   14.100000      1.805636140872E-02      5.415432177212E-03
   14.200000      1.843981803728E-02      5.557781528895E-03
   14.300000      1.855810467173E-02      5.607248669591E-03
   14.400000      1.843606485301E-02      5.570934956944E-03
   14.500000      1.814294688343E-02      5.471445838134E-03
   14.600000      1.776136025322E-02      5.336770867859E-03
   14.700000      1.735685864959E-02      5.190372692618E-03
   14.800000      1.696096920339E-02      5.045520679097E-03
   14.900000      1.657500923389E-02      4.905679454135E-03
   15.000000      1.618907185916E-02      4.769880449789E-03
   15.100000      1.580424126325E-02      4.639755722437E-03
   15.200000      1.544831323692E-02      4.524260521483E-03
   15.300000      1.517643444418E-02      4.439316380755E-03
   15.400000      1.505221944187E-02      4.402131058448E-03
   15.500000      1.511535441840E-02      4.422659652529E-03
   15.600000      1.535370766156E-02      4.496308984977E-03
   15.700000      1.569826874439E-02      4.601761243526E-03
   15.800000      1.604278120791E-02      4.705751179352E-03
   15.900000      1.627750195173E-02      4.773638092618E-03
   16.000000      1.632631794759E-02      4.781950577345E-03
   16.100000      1.617633457881E-02      4.727900078065E-03
   16.200000      1.588817310592E-02      4.631719428593E-03
   16.300000      1.557918074556E-02      4.530321977957E-03
   16.400000      1.538129512957E-02      4.464180493783E-03
   16.500000      1.538860281044E-02      4.462111023992E-03
   16.600000      1.561813848053E-02      4.529648837642E-03
   16.700000      1.600062697919E-02      4.645485678945E-03
   16.800000      1.640266089579E-02      4.767478600699E-03
   16.900000      1.667019499667E-02      4.846205474075E-03
   17.000000      1.667787220116E-02      4.841285903666E-03
   17.100000      1.636843105566E-02      4.734729584273E-03
   17.200000      1.577073611608E-02      4.536739635598E-03
   17.300000      1.499207024690E-02      4.282204197354E-03
   17.400000      1.418697094341E-02      4.019454780278E-03
   17.500000      1.351046527088E-02      3.795470654053E-03
   17.600000      1.306998824066E-02      3.642625690200E-03
   17.700000      1.289513579373E-02      3.571091082341E-03
   17.800000      1.293785665411E-02      3.568672525496E-03
   17.900000      1.309974633306E-02      3.607190530868E-03
   18.000000      1.326982830841E-02      3.652530293878E-03
   18.100000      1.335630192044E-02      3.674813743596E-03
   18.200000      1.330544224771E-02      3.655803210241E-03
   18.300000      1.310774497718E-02      3.592125338953E-03
   18.400000      1.279447595089E-02      3.494454750686E-03
   18.500000      1.242875211697E-02      3.383797886848E-03
   18.600000      1.209395200856E-02      3.286249803749E-03
   18.700000      1.187903504359E-02      3.227285424457E-03
   18.800000      1.185805326454E-02      3.226258779370E-03
   18.900000      1.206533150802E-02      3.291704732244E-03
   19.000000      1.247878151338E-02      3.418314090192E-03
   19.100000      1.302391822968E-02      3.586755514429E-03
   19.200000      1.359567702943E-02      3.767359769402E-03
   19.300000      1.408795474923E-02      3.927765015197E-03
   19.400000      1.442286007857E-02      4.043087578649E-03
   19.500000      1.457379104954E-02      4.105617551821E-03
   19.600000      1.457899518546E-02      4.130241292406E-03
   19.700000      1.454253980538E-02      4.152421187390E-03
   19.800000      1.461591109229E-02      4.217783312048E-03
   19.900000      1.495150261657E-02      4.365620190813E-03
   20.000000      1.563000817239E-02      4.611675588159E-03
   20.100000      1.659874666466E-02      4.936966951318E-03
   20.200000      1.767449402947E-02      5.288122125529E-03
   20.300000      1.860873420273E-02      5.590863484451E-03
   20.400000      1.917256665943E-02      5.773188370904E-03
   20.500000      1.922917978791E-02      5.790512445730E-03
   20.600000      1.877751545640E-02      5.643446408082E-03
   20.700000      1.795902515286E-02      5.380863392369E-03
   20.800000      1.702405566978E-02      5.085968212972E-03
   20.900000      1.626049535485E-02      4.849405039757E-03
   21.000000      1.589789946574E-02      4.738606004426E-03
   21.100000      1.601739008031E-02      4.774464111989E-03
   21.200000      1.651407380615E-02      4.924085520156E-03
   21.300000      1.714146875712E-02      5.112582084577E-03
   21.400000      1.761160851794E-02      5.249794999515E-03
   21.500000      1.769731660154E-02      5.262263718957E-03
   21.600000      1.730210641718E-02      5.118870701542E-03
   21.700000      1.648548591924E-02      4.841118073414E-03
   21.800000      1.544252063258E-02      4.494881778210E-03
   21.900000      1.444347893322E-02      4.167386214453E-03
   22.000000      1.374748654974E-02      3.938347149503E-03
   22.100000      1.351612469831E-02      3.855787601768E-03
   22.200000      1.376360106686E-02      3.924512512399E-03
   22.300000      1.436870562125E-02      4.109870643324E-03
   22.400000      1.513640914002E-02      4.353555522022E-03
   22.500000      1.587168314239E-02      4.594169572146E-03
   22.600000      1.643435615571E-02      4.784523732695E-03
   22.700000      1.676154242515E-02      4.900142544871E-03
   22.800000      1.685836342371E-02      4.937842162199E-03
   22.900000      1.676754096954E-02      4.907522383117E-03
   23.000000      1.653494823464E-02      4.822643972458E-03
   23.100000      1.618910517110E-02      4.694396869905E-03
   23.200000      1.574428642075E-02      4.531758925473E-03
   23.300000      1.522140191239E-02      4.346014841812E-03
   23.400000      1.466910246826E-02      4.155684848912E-03
   23.500000      1.416836217546E-02      3.987469934823E-03
   23.600000      1.381418591770E-02      3.870878762635E-03
   23.700000      1.368055657234E-02      3.827640099745E-03
   23.800000      1.378316034121E-02      3.860180647386E-03
   23.900000      1.405605184030E-02      3.944837463888E-03
   24.000000      1.435590040885E-02      4.034305652224E-03
   24.100000      1.450009800132E-02      4.070399915113E-03
   24.200000      1.432897617263E-02      4.003834497721E-03
   24.300000      1.376851712565E-02      3.814218904763E-03
   24.400000      1.287071839351E-02      3.522418326145E-03
   24.500000      1.181774574373E-02      3.189497104223E-03
   24.600000      1.088386506786E-02      2.901050739711E-03
   24.700000      1.035616165216E-02      2.741184694672E-03
   24.800000      1.042926411683E-02      2.764641598433E-03
   24.900000      1.111811837993E-02      2.976900755247E-03
   25.000000      1.224559070920E-02      3.329794558466E-03
   25.100000      1.351154916724E-02      3.734972938309E-03
   25.200000      1.459672350355E-02      4.091230454778E-03
   25.300000      1.525823986486E-02      4.316624634594E-03
   25.400000      1.539438738732E-02      4.374400687211E-03
   25.500000      1.506792107786E-02      4.283785620512E-03
   25.600000      1.448422096962E-02      4.112032427972E-03
   25.700000      1.392793667583E-02      3.950740449931E-03
   25.800000      1.367217484438E-02      3.884974321024E-03
   25.900000      1.388628064656E-02      3.965995844565E-03
   26.000000      1.457598418722E-02      4.196701726346E-03
   26.100000      1.558844817984E-02      4.533889664685E-03
   26.200000      1.668211006908E-02      4.905265154011E-03
   26.300000      1.761795801524E-02      5.234071577369E-03
   26.400000      1.823100052598E-02      5.462228155326E-03
   26.500000      1.846404820387E-02      5.564445443491E-03
   26.600000      1.836257011984E-02      5.550017642708E-03
   26.700000      1.804045808347E-02      5.453890988505E-03
   26.800000      1.763436125047E-02      5.322096668688E-03
   26.900000      1.726507095076E-02      5.197488714120E-03
   27.000000      1.701586564908E-02      5.110064135782E-03
   27.100000      1.692532328402E-02      5.073211251415E-03
   27.200000      1.698612598427E-02      5.084640955485E-03
   27.300000      1.714901051817E-02      5.129634676662E-03
   27.400000      1.733748027958E-02      5.184762601649E-03
   27.500000      1.746626328652E-02      5.221650006958E-03
   27.600000      1.745450505719E-02      5.211544459777E-03
   27.700000      1.723787977733E-02      5.131461505750E-03
   27.800000      1.678567532031E-02      4.971445624636E-03
   27.900000      1.611974211579E-02      4.740752044261E-03
   28.000000      1.532470288302E-02      4.469773136906E-03
   28.100000      1.453948189782E-02      4.205249517850E-03
   28.200000      1.392653390668E-02      3.998740697885E-03
   28.300000      1.362340025742E-02      3.891456680301E-03
   28.400000      1.369105103116E-02      3.900788691486E-03
   28.500000      1.408435805894E-02      4.013921963599E-03
   28.600000      1.466776865871E-02      4.191474339442E-03
   28.700000      1.526776076788E-02      4.380137125716E-03
   28.800000      1.573111262021E-02      4.529591014475E-03
   28.900000      1.596636525732E-02      4.607276854992E-03
   29.000000      1.595916669057E-02      4.605722391848E-03
   29.100000      1.576159493496E-02      4.540499229422E-03
   29.200000      1.546323685236E-02      4.440866530560E-03
   29.300000      1.515704036821E-02      4.337864843964E-03
   29.400000      1.491307102436E-02      4.254876882124E-03
   29.500000      1.476743745683E-02      4.203573920311E-03
   29.600000      1.472518769212E-02      4.185005684348E-03
   29.700000      1.476970135089E-02      4.193129439380E-03
   29.800000      1.486984932454E-02      4.217584892530E-03
   29.900000      1.498054612850E-02      4.244108715795E-03
   30.000000      1.503985317597E-02      4.253540963032E-03
   30.100000      1.497109649109E-02      4.222222969779E-03
   30.200000      1.469738794297E-02      4.126427824018E-03
   30.300000      1.416901128843E-02      3.951174381943E-03
   30.400000      1.339535532880E-02      3.700546484520E-03
   30.500000      1.246713413274E-02      3.404373061970E-03
   30.600000      1.155422283414E-02      3.116377499341E-03
   30.700000      1.087005558087E-02      2.901968039276E-03
   30.800000      1.060604582913E-02      2.818489192439E-03
   30.900000      1.085847053215E-02      2.894794912985E-03
   31.000000      1.158297330466E-02      3.118355024920E-03
   31.100000      1.259943658186E-02      3.435856636411E-03
   31.200000      1.364655909976E-02      3.768189925407E-03
   31.300000      1.446732554167E-02      4.034968384519E-03
   31.400000      1.488883402257E-02      4.179856086731E-03
   31.500000      1.486884191008E-02      4.187661102423E-03
   31.600000      1.450184174955E-02      4.087486835912E-03
   31.700000      1.398725409507E-02      3.941664613774E-03
   31.800000      1.356818029410E-02      3.825310162113E-03
   31.900000      1.345692627381E-02      3.804042995356E-03
   32.000000      1.377303558199E-02      3.916858624756E-03
   32.100000      1.451895061496E-02      4.168107468689E-03
   32.200000      1.559477529747E-02      4.528797034801E-03
   32.300000      1.682855725938E-02      4.944757996133E-03
   32.400000      1.800973507336E-02      5.348434046601E-03
   32.500000      1.893198548195E-02      5.671806570035E-03
   32.600000      1.943471934703E-02      5.859115895203E-03
   32.700000      1.943262214263E-02      5.878489436065E-03
   32.800000      1.893551572394E-02      5.730967003279E-03
   32.900000      1.805794380348E-02      5.454326006817E-03
   33.000000      1.701083665517E-02      5.118747906735E-03
   33.100000      1.606552407265E-02      4.812734738119E-03
   33.200000      1.548785209882E-02      4.620851940681E-03
   33.300000      1.545590191358E-02      4.598732650960E-03
   33.400000      1.598847767471E-02      4.753460850234E-03
   33.500000      1.691984009508E-02      5.037236686731E-03
   33.600000      1.794742147106E-02      5.358514704659E-03
   33.700000      1.873337691538E-02      5.608638244104E-03
   33.800000      1.900867952416E-02      5.695791452050E-03
   33.900000      1.864749925233E-02      5.574607271425E-03
   34.000000      1.769970035188E-02      5.260758958939E-03
   34.100000      1.637677862743E-02      4.825170779684E-03
   34.200000      1.499274184407E-02      4.370053231727E-03
   34.300000      1.386951742564E-02      3.995724719238E-03
   34.400000      1.323099684432E-02      3.770360968872E-03
   34.500000      1.313224752411E-02      3.713155105086E-03
   34.600000      1.346522887678E-02      3.795671967517E-03
   34.700000      1.402828702547E-02      3.958935745621E-03
   34.800000      1.461205699605E-02      4.138053717905E-03
   34.900000      1.506574176190E-02      4.284190580024E-03
   35.000000      1.532832842862E-02      4.375977141655E-03
   35.100000      1.542291921356E-02      4.417673548668E-03
   35.200000      1.542109446351E-02      4.427210444974E-03
   35.300000      1.539188175393E-02      4.421149121185E-03
   35.400000      1.535810880355E-02      4.404122877927E-03
   35.500000      1.528538901662E-02      4.367460271146E-03
   35.600000      1.511171482134E-02      4.296925219293E-03
   35.700000      1.479711407666E-02      4.185075093241E-03
   35.800000      1.436335907723E-02      4.041591027008E-03
   35.900000      1.390464166163E-02      3.895896005040E-03
   36.000000      1.356315313464E-02      3.789866049764E-03
   36.100000      1.347479126633E-02      3.762852999788E-03
   36.200000      1.370617438329E-02      3.834704165655E-03
   36.300000      1.421588196359E-02      3.993622918603E-03
   36.400000      1.485705673058E-02      4.194191591737E-03
   36.500000      1.541426860528E-02      4.367332551132E-03
   36.600000      1.566207533456E-02      4.439759160940E-03
   36.700000      1.543091459128E-02      4.357055474731E-03
   36.800000      1.466223540441E-02      4.103053602505E-03
   36.900000      1.343812475806E-02      3.709102194627E-03
   37.000000      1.197822879511E-02      3.249811093769E-03
   37.100000      1.060173800823E-02      2.825938133647E-03
   37.200000      9.654391178007E-03      2.538959505747E-03
   37.300000      9.407588372252E-03      2.464362697947E-03
   37.400000      9.961417737110E-03      2.631134749842E-03
   37.500000      1.120597761486E-02      3.013234657586E-03
   37.600000      1.286405693090E-02      3.535549406908E-03
   37.700000      1.458226698171E-02      4.092843776394E-03
   37.800000      1.602633655076E-02      4.576610672009E-03
   37.900000      1.695558778821E-02      4.902519763942E-03
   38.000000      1.726806411393E-02      5.030993702525E-03
   38.100000      1.701452037961E-02      4.975384094129E-03
   38.200000      1.638114465045E-02      4.795731781561E-03
   38.300000      1.564225192660E-02      4.580173978322E-03
   38.400000      1.508795092458E-02      4.419518141824E-03
   38.500000      1.494084047185E-02      4.382312468965E-03
   38.600000      1.528920227766E-02      4.497368212103E-03
   38.700000      1.606649434740E-02      4.748277944871E-03
   38.800000      1.708420808870E-02      5.080813145030E-03
   38.900000      1.809899395679E-02      5.420319411077E-03
   39.000000      1.888618371371E-02      5.693486513119E-03
   39.100000      1.929635877522E-02      5.847934186460E-03
   39.200000      1.928382971453E-02      5.864139780686E-03
   39.300000      1.890600571665E-02      5.756923504518E-03
   39.400000      1.829765585722E-02      5.567074589381E-03
   39.500000      1.762704248940E-02      5.346631140071E-03
   39.600000      1.704467009433E-02      5.142911221642E-03
   39.700000      1.664046116613E-02      4.986235069794E-03
   39.800000      1.642544215048E-02      4.884579615072E-03
   39.900000      1.634368234540E-02      4.825856348158E-03
   40.000000      1.630528337899E-02      4.786023724377E-03
   40.100000      1.622340378564E-02      4.739654859943E-03
   40.200000      1.604193007408E-02      4.669294702307E-03
   40.300000      1.574939108423E-02      4.570849644661E-03
   40.400000      1.537999459925E-02      4.453857696413E-03
   40.500000      1.500234592655E-02      4.337176525048E-03
   40.600000      1.469656528518E-02      4.241906684988E-03
   40.700000      1.452525036482E-02      4.183960013679E-03
   40.800000      1.450986555280E-02      4.168534618552E-03
   40.900000      1.462308710553E-02      4.188020612527E-03
   41.000000      1.479768896004E-02      4.223828883628E-03
   41.100000      1.494580725946E-02      4.251611470330E-03
   41.200000      1.498395689515E-02      4.248515653716E-03
   41.300000      1.486001576876E-02      4.200561234028E-03
   41.400000      1.457389229678E-02      4.108026240852E-03
   41.500000      1.418270748448E-02      3.987007455682E-03
   41.600000      1.378714711456E-02      3.866193525147E-03
   41.700000      1.350230384242E-02      3.779251508135E-03
   41.800000      1.342168177920E-02      3.754716143157E-03
   41.900000      1.358681569995E-02      3.806367812369E-03
   42.000000      1.397343375875E-02      3.927324901804E-03
   42.100000      1.449481363546E-02      4.090217912267E-03
   42.200000      1.501908863887E-02      4.253959307980E-03
   42.300000      1.540514075019E-02      4.375291388408E-03
   42.400000      1.554811465385E-02      4.421349121660E-03
   42.500000      1.541076285096E-02      4.378825565110E-03
   42.600000      1.502864537323E-02      4.256456065817E-03
   42.700000      1.449021561532E-02      4.080134484776E-03
   42.800000      1.390075033430E-02      3.882970727346E-03
   42.900000      1.334612279584E-02      3.694633161472E-03
   43.000000      1.287399576060E-02      3.534406884132E-03
   43.100000      1.249976598072E-02      3.410441530332E-03
   43.200000      1.222786411722E-02      3.324543746200E-03
   43.300000      1.207096798496E-02      3.279070851420E-03
   43.400000      1.205611986024E-02      3.281392790179E-03
   43.500000      1.221821809326E-02      3.342635317682E-03
   43.600000      1.258360790786E-02      3.470526823260E-03
   43.700000      1.314376776376E-02      3.659725979481E-03
   43.800000      1.382864901246E-02      3.885224597032E-03
   43.900000      1.450389379461E-02      4.103961800219E-03
   44.000000      1.500796634542E-02      4.266484342388E-03
   44.100000      1.521527770404E-02      4.335611778922E-03
   44.200000      1.509499575157E-02      4.304867253786E-03
   44.300000      1.474125326547E-02      4.208100592525E-03
   44.400000      1.436244167176E-02      4.114256053132E-03
   44.500000      1.422725800800E-02      4.106860312884E-03
   44.600000      1.457223843926E-02      4.254289046874E-03
   44.700000      1.549257592088E-02      4.581453238157E-03
   44.800000      1.687837570059E-02      5.054121569825E-03
   44.900000      1.844153926619E-02      5.583129410784E-03
   45.000000      1.981192084558E-02      6.048567436488E-03
   45.100000      2.065465837647E-02      6.336449795549E-03
   45.200000      2.076641681958E-02      6.375371757073E-03
   45.300000      2.012961167217E-02      6.160307278993E-03
   45.400000      1.891819505669E-02      5.755129100769E-03
   45.500000      1.745591787298E-02      5.272930486033E-03
   45.600000      1.613338504909E-02      4.840939084359E-03
   45.700000      1.529533807169E-02      4.561924461218E-03
   45.800000      1.512011452548E-02      4.484785291983E-03
   45.900000      1.554572978539E-02      4.593394105364E-03
   46.000000      1.631229041242E-02      4.816287384051E-03
   46.100000      1.708583144301E-02      5.052838527447E-03
   46.200000      1.757374885535E-02      5.206525441782E-03
   46.300000      1.760074042774E-02      5.214314514566E-03
   46.400000      1.714260429942E-02      5.063246398068E-03
   46.500000      1.631876787819E-02      4.790039176771E-03
   46.600000      1.534769927717E-02      4.465198626012E-03
   46.700000      1.447541789233E-02      4.167902279474E-03
   46.800000      1.389626083512E-02      3.960395441184E-03
   46.900000      1.369239886213E-02      3.870187879217E-03
   47.000000      1.381501768955E-02      3.885267212977E-03
   47.100000      1.411540920932E-02      3.962933624586E-03
   47.200000      1.441235846907E-02      4.048248410543E-03
   47.300000      1.456214690505E-02      4.095002053027E-03
   47.400000      1.450406125947E-02      4.081575631276E-03
   47.500000      1.427270134281E-02      4.016261467712E-03
   47.600000      1.397724902469E-02      3.930728953418E-03
   47.700000      1.375388806798E-02      3.864844976386E-03
   47.800000      1.370696748776E-02      3.849266056973E-03
   47.900000      1.386343124691E-02      3.892854436825E-03
   48.000000      1.416324168975E-02      3.979769710645E-03
   48.100000      1.449048813724E-02      4.076949394276E-03
   48.200000      1.472640959182E-02      4.148355379444E-03
   48.300000      1.479682538851E-02      4.169678529760E-03
   48.400000      1.469550701895E-02      4.137288244653E-03
   48.500000      1.447864569008E-02      4.067969916959E-03
   48.600000      1.423620378501E-02      3.990115681825E-03
   48.700000      1.405246454216E-02      3.930671165617E-03
   48.800000      1.397102465185E-02      3.903733436132E-03
   48.900000      1.397897757038E-02      3.905646058652E-03
   49.000000      1.401812949493E-02      3.918329042914E-03
   49.100000      1.401717446412E-02      3.918878053230E-03
   49.200000      1.392770420366E-02      3.890835916230E-03
   49.300000      1.374692686758E-02      3.832090684335E-03
   49.400000      1.351817532121E-02      3.756149234130E-03
   49.500000      1.331172628166E-02      3.686609493600E-03
   49.600000      1.319714595137E-02      3.647546573085E-03
   49.700000      1.321832629799E-02      3.654012015692E-03
   49.800000      1.337728226597E-02      3.706462252795E-03
   49.900000      1.363073507375E-02      3.791076895015E-03
   50.000000      1.390457244767E-02      3.885530393467E-03
   50.100000      1.412413895290E-02      3.967827177562E-03
   50.200000      1.424572249513E-02      4.024941525838E-03
   50.300000      1.427627586409E-02      4.058336874463E-03
   50.400000      1.427644478176E-02      4.084637525743E-03
   50.500000      1.434496585665E-02      4.131245411773E-03
   50.600000      1.458608585204E-02      4.228069086420E-03
   50.700000      1.507012366778E-02      4.397519887585E-03
   50.800000      1.580451275975E-02      4.645463413375E-03
   50.900000      1.672687260575E-02      4.955845833954E-03
   51.000000      1.771548370055E-02      5.291133043572E-03
   51.100000      1.861152825707E-02      5.599407470914E-03
   51.200000      1.925469759009E-02      5.827060725660E-03
   51.300000      1.952668559359E-02      5.933944481348E-03
   51.400000      1.938894851687E-02      5.906355988349E-03
   51.500000      1.890196749562E-02      5.763138390436E-03
   51.600000      1.821768276830E-02      5.551883647437E-03
   51.700000      1.754138571037E-02      5.335417277419E-03
   51.800000      1.706644246752E-02      5.172344181893E-03
   51.900000      1.690215222375E-02      5.098002346946E-03
   52.000000      1.703367535744E-02      5.112535100013E-03
   52.100000      1.733398431916E-02      5.180617098408E-03
   52.200000      1.761125374191E-02      5.243359752861E-03
   52.300000      1.767114593790E-02      5.238564076949E-03
   52.400000      1.737800218123E-02      5.122444013356E-03
   52.500000      1.669888349345E-02      4.885375992032E-03
   52.600000      1.571848590443E-02      4.556353419507E-03
   52.700000      1.462012844251E-02      4.194820566336E-03
   52.800000      1.363521885464E-02      3.872902435266E-03
   52.900000      1.297277744359E-02      3.654115814968E-03
   53.000000      1.275440008611E-02      3.575403115439E-03
   53.100000      1.298323119267E-02      3.637724113110E-03
   53.200000      1.355115233460E-02      3.807322834093E-03
   53.300000      1.427182092465E-02      4.026412669027E-03
   53.400000      1.493355034033E-02      4.229483693019E-03
   53.500000      1.535808472289E-02      4.360331014392E-03
   53.600000      1.544335427341E-02      4.385298888853E-03
   53.700000      1.518012661387E-02      4.299781174448E-03
   53.800000      1.464470490928E-02      4.127108004149E-03
   53.900000      1.397397095556E-02      3.910922815274E-03
   54.000000      1.333019594961E-02      3.703519866903E-03
   54.100000      1.286375821663E-02      3.553172546315E-03
   54.200000      1.268080609775E-02      3.493306493779E-03
   54.300000      1.281953138984E-02      3.535662290226E-03
   54.400000      1.323986023818E-02      3.668573958373E-03
   54.500000      1.383522109279E-02      3.860371557900E-03
   54.600000      1.446383783478E-02      4.066900598660E-03
   54.700000      1.498462966254E-02      4.241417518607E-03
   54.800000      1.528697064531E-02      4.344780747518E-03
   54.900000      1.531036455792E-02      4.353917405346E-03
   55.000000      1.505320513461E-02      4.266922056552E-03
   55.100000      1.457152478308E-02      4.103727637616E-03
   55.200000      1.396941884124E-02      3.902016843136E-03
   55.300000      1.338192120247E-02      3.708906203663E-03
   55.400000      1.294921413596E-02      3.569905553230E-03
   55.500000      1.278119861656E-02      3.517575376307E-03
   55.600000      1.291836358085E-02      3.562846508493E-03
   55.700000      1.331136355621E-02      3.691736367818E-03
   55.800000      1.384046174289E-02      3.868968162550E-03
   55.900000      1.436023251864E-02      4.047958932255E-03
   56.000000      1.474360285298E-02      4.184439017771E-03
   56.100000      1.491384334824E-02      4.249486520624E-03
   56.200000      1.486060242087E-02      4.237713680398E-03
   56.300000      1.463853196151E-02      4.167894487177E-03
   56.400000      1.434927001808E-02      4.075982247314E-03
   56.500000      1.411143289139E-02      4.003241214503E-03
   56.600000      1.402754579533E-02      3.983977233428E-03
   56.700000      1.415729429903E-02      4.037290289479E-03
   56.800000      1.450532177723E-02      4.165321049425E-03
   56.900000      1.503208479090E-02      4.357451701993E-03
   57.000000      1.568282506023E-02      4.597268029017E-03
   57.100000      1.641168251517E-02      4.868122012232E-03
   57.200000      1.718533850952E-02      5.154379149781E-03
   57.300000      1.796753864065E-02      5.438292789977E-03
   57.400000      1.869742470766E-02      5.695441103305E-03
   57.500000      1.927988794285E-02      5.893140466131E-03
   57.600000      1.960054773862E-02      5.995230477432E-03
   57.700000      1.956316345780E-02      5.973373145892E-03
   57.800000      1.913450035456E-02      5.821016174731E-03
   57.900000      1.837783063969E-02      5.563499414393E-03
   58.000000      1.745894138303E-02      5.258040728711E-03
   58.100000      1.661409379141E-02      4.980815171264E-03
   58.200000      1.607911572636E-02      4.803773073192E-03
   58.300000      1.599901246188E-02      4.768899060155E-03
   58.400000      1.635892579721E-02      4.869916911611E-03
   58.500000      1.697443739077E-02      5.049659706152E-03
   58.600000      1.755160686957E-02      5.215847826039E-03
   58.700000      1.778868043758E-02      5.270920614695E-03
   58.800000      1.747534267685E-02      5.145764369885E-03
   58.900000      1.655936492189E-02      4.825162836931E-03
   59.000000      1.516758759951E-02      4.355524639163E-03
   59.100000      1.357850484705E-02      3.831894866547E-03
   59.200000      1.215072442428E-02      3.368863757596E-03
   59.300000      1.121808461883E-02      3.065718374252E-03
   59.400000      1.097717851898E-02      2.977842309317E-03
   59.500000      1.142110156399E-02      3.103478502651E-03
   59.600000      1.235963072991E-02      3.388914608588E-03
   59.700000      1.350427258002E-02      3.748497072496E-03
   59.800000      1.456753623095E-02      4.091236266785E-03
   59.900000      1.533598578923E-02      4.344693895016E-03
   60.000000      1.570275695014E-02      4.469310424235E-03
   60.100000      1.566488119876E-02      4.460874841656E-03
   60.200000      1.529837678959E-02      4.343347223958E-03
   60.300000      1.472456176823E-02      4.156928517117E-03
   60.400000      1.407798057163E-02      3.946403402440E-03
   60.500000      1.348252099018E-02      3.752866541963E-03
   60.600000      1.303832905342E-02      3.609310893534E-03
   60.700000      1.281710812461E-02      3.538629056818E-03
   60.800000      1.285810224984E-02      3.552173081318E-03
   60.900000      1.315860931933E-02      3.648023909367E-03
   61.000000      1.366487780637E-02      3.809663722993E-03
   61.100000      1.427587402527E-02      4.006734181561E-03
   61.200000      1.486336610396E-02      4.199325438516E-03
   61.300000      1.530085147910E-02      4.345864063718E-03
   61.400000      1.549216933514E-02      4.412900996204E-03
   61.500000      1.539299450998E-02      4.383894765237E-03
   61.600000      1.502111675535E-02      4.264081963193E-03
   61.700000      1.445424459134E-02      4.079757561141E-03
   61.800000      1.381513136914E-02      3.872192774257E-03
   61.900000      1.324535287295E-02      3.688143946596E-03
   62.000000      1.287425554354E-02      3.569734583701E-03
   62.100000      1.279323025436E-02      3.546199189139E-03
   62.200000      1.303897923693E-02      3.628909052061E-03
   62.300000      1.358326376882E-02      3.809922021730E-03
   62.400000      1.433706647987E-02      4.063576404022E-03
   62.500000      1.517308075553E-02      4.350545260227E-03
   62.600000      1.595206912143E-02      4.624016758722E-03
   62.700000      1.654569929928E-02      4.837796745987E-03
   62.800000      1.685743807502E-02      4.955767474937E-03
   62.900000      1.684211462944E-02      4.961253704476E-03
   63.000000      1.652237313069E-02      4.863851615456E-03
   63.100000      1.599739771828E-02      4.700865276547E-03
   63.200000      1.543651467193E-02      4.531285942649E-03
   63.300000      1.504956784950E-02      4.422342614256E-03
   63.400000      1.502833292028E-02      4.431423524322E-03
   63.500000      1.547314799366E-02      4.588470052381E-03
   63.600000      1.635018897946E-02      4.884646695438E-03
   63.700000      1.749996950533E-02      5.271652694376E-03
   63.800000      1.868435300721E-02      5.672805058936E-03
   63.900000      1.965255896832E-02      6.003100127232E-03
   64.000000      2.020491070780E-02      6.192292862083E-03
   64.100000      2.023947612156E-02      6.203827404202E-03
   64.200000      1.977296727720E-02      6.043709144874E-03
   64.300000      1.893251707361E-02      5.756712988816E-03
   64.400000      1.792018230239E-02      5.411491281687E-03
   64.500000      1.695666893195E-02      5.079682704515E-03
   64.600000      1.621633034656E-02      4.815807159892E-03
   64.700000      1.577514856975E-02      4.644071111220E-03
   64.800000      1.559700244956E-02      4.555585931024E-03
   64.900000      1.556315383963E-02      4.515955809100E-03
   65.000000      1.552540405978E-02      4.479966328129E-03
   65.100000      1.535959165927E-02      4.408192322162E-03
   65.200000      1.500400599469E-02      4.280193665442E-03
   65.300000      1.447520175409E-02      4.100436711936E-03
   65.400000      1.385939287333E-02      3.895576501533E-03
   65.500000      1.328243542143E-02      3.704460169233E-03
   65.600000      1.286662612690E-02      3.564389250494E-03
   65.700000      1.268760202202E-02      3.498235256826E-03
   65.800000      1.274675075137E-02      3.506677805997E-03
   65.900000      1.297076583233E-02      3.568215987509E-03
   66.000000      1.324030740581E-02      3.647110687608E-03
   66.100000      1.343655210047E-02      3.706734524604E-03
   66.200000      1.348647909150E-02      3.723766593838E-03
   66.300000      1.339134544053E-02      3.698030338803E-03
   66.400000      1.322990907547E-02      3.653935818266E-03
   66.500000      1.313366148192E-02      3.632253233297E-03
   66.600000      1.323834586215E-02      3.674472615597E-03
   66.700000      1.362579961181E-02      3.805047958063E-03
   66.800000      1.427881036121E-02      4.018164741989E-03
   66.900000      1.507117888658E-02      4.274597188677E-03
   67.000000      1.580139911320E-02      4.510884844625E-03
   67.100000      1.625738940496E-02      4.658538148166E-03
   67.200000      1.628587245960E-02      4.666976747130E-03
   67.300000      1.584296569451E-02      4.522068812133E-03
   67.400000      1.501341675471E-02      4.253353792449E-03
   67.500000      1.399435545482E-02      3.926955625706E-03
   67.600000      1.304554608973E-02      3.626362506356E-03
   67.700000      1.241521521455E-02      3.427656627574E-03
   67.800000      1.226175511737E-02      3.377693098246E-03
   67.900000      1.260353023466E-02      3.482413320808E-03
   68.000000      1.332314016367E-02      3.708509720989E-03
   68.100000      1.422106215289E-02      3.996693543785E-03
   68.200000      1.508657232682E-02      4.280881536621E-03
   68.300000      1.575486411856E-02      4.506222464915E-03
   68.400000      1.613576373492E-02      4.640388669912E-03
   68.500000      1.621427254314E-02      4.676056959825E-03
   68.600000      1.603250493870E-02      4.626283905710E-03
   68.700000      1.566681814475E-02      4.516828481103E-03
   68.800000      1.521142923316E-02      4.379475239455E-03
   68.900000      1.477089612066E-02      4.248362666859E-03
   69.000000      1.445507815097E-02      4.158539020760E-03
   69.100000      1.436950252230E-02      4.144071397421E-03
   69.200000      1.459966873624E-02      4.233109181871E-03
   69.300000      1.518878530908E-02      4.439372132571E-03
   69.400000      1.610887747566E-02      4.752547802403E-03
   69.500000      1.723775138565E-02      5.132399130565E-03
   69.600000      1.836606746864E-02      5.511518157315E-03
   69.700000      1.924539541976E-02      5.809056464119E-03
   69.800000      1.965996604348E-02      5.953208102644E-03
   69.900000      1.949531555955E-02      5.905652287482E-03
   70.000000      1.878362082739E-02      5.678810376026E-03
   70.100000      1.771278333249E-02      5.338060492632E-03
   70.200000      1.659261575339E-02      4.985861454751E-03
   70.300000      1.577731551155E-02      4.731383846730E-03
   70.400000      1.555002248466E-02      4.655157516348E-03
   70.500000      1.599971687631E-02      4.780971158195E-03
   70.600000      1.696695215777E-02      5.065462578267E-03
   70.700000      1.810981284070E-02      5.409921694310E-03
   70.800000      1.903489353194E-02      5.690911006090E-03
   70.900000      1.941834796859E-02      5.799432089459E-03
   71.000000      1.908847180552E-02      5.675229797490E-03
   71.100000      1.806300009410E-02      5.324645483729E-03
   71.200000      1.653936180105E-02      4.816472787272E-03
   71.300000      1.484044989058E-02      4.258188091824E-03
   71.400000      1.332378649525E-02      3.761693668091E-03
   71.500000      1.227198985942E-02      3.410788245584E-03
   71.600000      1.180537975684E-02      3.240952814030E-03
   71.700000      1.186568137697E-02      3.236648239507E-03
   71.800000      1.226986500563E-02      3.344595154785E-03
   71.900000      1.279055826084E-02      3.496195274820E-03
   72.000000      1.323140366590E-02      3.630204648052E-03
   72.100000      1.347594961010E-02      3.708286400747E-03
   72.200000      1.349945789851E-02      3.720025356036E-03
   72.300000      1.335065102960E-02      3.678457495286E-03
   72.400000      1.311837222754E-02      3.610276354658E-03
   72.500000      1.289905425253E-02      3.545569886969E-03
   72.600000      1.277470076665E-02      3.510403193008E-03
   72.700000      1.280218077962E-02      3.523036093104E-03
   72.800000      1.301027348779E-02      3.592582105337E-03
   72.900000      1.339805059249E-02      3.718423552420E-03
   73.000000      1.392881936019E-02      3.889614693575E-03
   73.100000      1.452908257790E-02      4.084924200636E-03
   73.200000      1.510313865268E-02      4.274983693972E-03
   73.300000      1.555432278128E-02      4.427562657687E-03
   73.400000      1.580586228132E-02      4.515428085242E-03
   73.500000      1.581980364085E-02      4.524441031257E-03
   73.600000      1.560911088919E-02      4.458613732624E-03
   73.700000      1.523669044880E-02      4.339530712389E-03
   73.800000      1.479888976015E-02      4.199705439549E-03
   73.900000      1.439721842627E-02      4.072130474488E-03
   74.000000      1.410729546703E-02      3.980141169202E-03
   74.100000      1.395717644542E-02      3.931738721137E-03
   74.200000      1.392622730895E-02      3.920579496216E-03
   74.300000      1.396646553053E-02      3.932800678530E-03
   74.400000      1.403438367451E-02      3.956173848338E-03
   74.500000      1.411516188281E-02      3.987075501775E-03
   74.600000      1.422760435372E-02      4.031939119074E-03
   74.700000      1.440986581208E-02      4.102633265553E-03
   74.800000      1.469430795360E-02      4.208236752573E-03
   74.900000      1.508240030472E-02      4.347493329219E-03
   75.000000      1.553192910720E-02      4.505964571219E-03
   75.100000      1.596661009978E-02      4.659692189409E-03
   75.200000      1.630599688795E-02      4.784070024535E-03
   75.300000      1.650094479566E-02      4.864067632109E-03
   75.400000      1.655788588813E-02      4.901139666087E-03
   75.500000      1.654034873126E-02      4.913482415557E-03
   75.600000      1.654409766158E-02      4.929155072211E-03
   75.700000      1.665516497312E-02      4.974673595825E-03
   75.800000      1.691277014301E-02      5.063652435340E-03
   75.900000      1.729328323745E-02      5.190114583214E-03
   76.000000      1.771699412990E-02      5.329271889577E-03
   76.100000      1.807390320274E-02      5.445693846335E-03
   76.200000      1.826033764527E-02      5.505972577173E-03
   76.300000      1.821494287139E-02      5.491277026746E-03
   76.400000      1.794317465938E-02      5.405141862449E-03
   76.500000      1.752215245865E-02      5.273437584973E-03
   76.600000      1.708180860577E-02      5.136161499681E-03
   76.700000      1.676309679584E-02      5.033577954568E-03
   76.800000      1.666199452359E-02      4.991358692039E-03
   76.900000      1.678302532945E-02      5.009988884595E-03
   77.000000      1.703127296572E-02      5.062525116565E-03
   77.100000      1.724675955211E-02      5.102108531564E-03
   77.200000      1.726058941163E-02      5.077272330848E-03
   77.300000      1.695105577515E-02      4.950167917148E-03
   77.400000      1.628464960719E-02      4.711445042234E-03
   77.500000      1.533240211473E-02      4.386288722680E-03
   77.600000      1.425669261142E-02      4.028935359575E-03
   77.700000      1.326933954200E-02      3.706973275389E-03
   77.800000      1.256936860594E-02      3.480461687579E-03
   77.900000      1.227745491787E-02      3.382946136063E-03
   78.000000      1.239112023677E-02      3.410947494473E-03
   78.100000      1.278439609393E-02      3.525564901478E-03
   78.200000      1.325588863379E-02      3.665547561489E-03
   78.300000      1.360032051547E-02      3.767203367893E-03
   78.400000      1.367219480058E-02      3.784344510087E-03
   78.500000      1.342386191599E-02      3.701866661512E-03
   78.600000      1.291365839134E-02      3.539186043021E-03
   78.700000      1.228710307936E-02      3.343406831181E-03
   78.800000      1.173759104045E-02      3.175271109307E-03
   78.900000      1.145502987671E-02      3.092571684551E-03
   79.000000      1.157364643626E-02      3.135528095604E-03
   79.100000      1.213384312888E-02      3.317181141337E-03
   79.200000      1.307113147986E-02      3.620080657684E-03
   79.300000      1.423322609081E-02      3.999191880121E-03
   79.400000      1.541536427694E-02      4.390249844571E-03
   79.500000      1.640335202336E-02      4.722417266615E-03
   79.600000      1.701733700396E-02      4.933525767597E-03
   79.700000      1.715058712960E-02      4.985189528956E-03
   79.800000      1.679689496100E-02      4.874062466195E-03
   79.900000      1.605950776089E-02      4.635300042394E-03
   80.000000      1.513521053595E-02      4.335630124596E-03
   80.100000      1.427066439861E-02      4.056404803104E-03
   80.200000      1.369583466938E-02      3.870736348387E-03
   80.300000      1.355146162842E-02      3.821773174896E-03
   80.400000      1.383812556819E-02      3.909794281254E-03
   80.500000      1.441502412436E-02      4.093339687597E-03
   80.600000      1.505778961207E-02      4.304642767067E-03
   80.700000      1.554678373617E-02      4.474067531572E-03
   80.800000      1.574331980306E-02      4.554490244386E-03
   80.900000      1.562980915812E-02      4.536401882708E-03
   81.000000      1.530647722676E-02      4.448205382062E-03
   81.100000      1.494683823711E-02      4.342243964345E-03
   81.200000      1.472548532235E-02      4.272910261298E-03
   81.300000      1.474751997851E-02      4.276197370377E-03
   81.400000      1.501593538055E-02      4.358945846752E-03
   81.500000      1.545156371251E-02      4.501365122604E-03
   81.600000      1.594511869777E-02      4.670348315997E-03
   81.700000      1.640870078045E-02      4.836450903897E-03
   81.800000      1.680543408578E-02      4.986241466213E-03
   81.900000      1.715162957179E-02      5.124448550145E-03
   82.000000      1.749607054047E-02      5.265514015167E-03
   82.100000      1.788425270951E-02      5.419349216034E-03
   82.200000      1.831821364396E-02      5.578904159285E-03
   82.300000      1.873030132146E-02      5.716358553734E-03
   82.400000      1.899420026842E-02      5.790712148753E-03
   82.500000      1.897785827407E-02      5.764119523627E-03
   82.600000      1.860925033722E-02      5.619966228879E-03
   82.700000      1.791985849265E-02      5.374445595341E-03
   82.800000      1.704878158404E-02      5.075878414702E-03
   82.900000      1.620526482246E-02      4.791110260872E-03
   83.000000      1.559736815069E-02      4.583745827511E-03
   83.100000      1.535198003205E-02      4.492400913754E-03
   83.200000      1.546849577241E-02      4.517218373452E-03
   83.300000      1.582507980162E-02      4.619710025950E-03
   83.400000      1.622438325256E-02      4.735930430527E-03
   83.500000      1.646101363520E-02      4.798079866085E-03
   83.600000      1.638680889732E-02      4.756736197511E-03
   83.700000      1.595169205316E-02      4.596031427485E-03
   83.800000      1.521163420716E-02      4.337002482822E-03
   83.900000      1.430685538235E-02      4.028778772465E-03
   84.000000      1.341882981926E-02      3.731478408454E-03
   84.100000      1.271598931719E-02      3.497183958022E-03
   84.200000      1.230052556381E-02      3.355435549614E-03
   84.300000      1.217716931117E-02      3.307514831391E-03
   84.400000      1.226474117055E-02      3.330364046177E-03
   84.500000      1.244332517445E-02      3.387634731692E-03
   84.600000      1.260483781630E-02      3.443294681702E-03
   84.700000      1.268418484047E-02      3.473035302110E-03
   84.800000      1.266832876550E-02      3.470206881407E-03
   84.900000      1.259017963191E-02      3.445343700535E-03
   85.000000      1.251398441791E-02      3.420530554154E-03
   85.100000      1.251522515901E-02      3.421178291082E-03
   85.200000      1.265756010959E-02      3.467977373329E-03
   85.300000      1.297232354937E-02      3.571105375501E-03
   85.400000      1.344762356257E-02      3.727664093380E-03
   85.500000      1.403096212891E-02      3.922316859869E-03
   85.600000      1.464353668340E-02      4.130492577772E-03
   85.700000      1.519961695464E-02      4.323336718144E-03
   85.800000      1.562411939072E-02      4.473609633495E-03
   85.900000      1.586589028234E-02      4.561695630267E-03
   86.000000      1.590736227180E-02      4.580672469206E-03
   86.100000      1.577069996516E-02      4.539129216539E-03
   86.200000      1.551875857550E-02      4.460434130606E-03
   86.300000      1.524727570736E-02      4.377757043999E-03
   86.400000      1.506415061150E-02      4.325392198937E-03
   86.500000      1.505594034875E-02      4.328449718291E-03
   86.600000      1.525185339625E-02      4.394113784413E-03
   86.700000      1.560472682784E-02      4.507737286494E-03
   86.800000      1.600320061283E-02      4.635783011016E-03
   86.900000      1.630959526239E-02      4.735364985750E-03
   87.000000      1.640494836901E-02      4.767731338018E-03
   87.100000      1.622545473701E-02      4.711435115370E-03
   87.200000      1.578256172555E-02      4.570824451508E-03
   87.300000      1.516459894481E-02      4.376918355540E-03
   87.400000      1.452079351807E-02      4.180192860663E-03
   87.500000      1.402972574081E-02      4.037397855721E-03
   87.600000      1.385481355199E-02      3.996359638678E-03
   87.700000      1.409314285638E-02      4.083212760182E-03
   87.800000      1.473712471366E-02      4.295568449316E-03
   87.900000      1.567619018215E-02      4.603190929415E-03
   88.000000      1.673743309177E-02      4.955544470545E-03
   88.100000      1.773610667753E-02      5.293811884065E-03
   88.200000      1.851612803230E-02      5.564111462942E-03
   88.300000      1.897615642858E-02      5.728718512741E-03
   88.400000      1.908195008086E-02      5.772902427850E-03
   88.500000      1.886627265872E-02      5.706185765592E-03
   88.600000      1.841734515496E-02      5.558126632470E-03
   88.700000      1.785707900924E-02      5.369911472009E-03
   88.800000      1.731220454320E-02      5.183944341343E-03
   88.900000      1.688474617919E-02      5.034037016161E-03
   89.000000      1.663018133388E-02      4.938573398159E-03
   89.100000      1.654910822234E-02      4.898120198303E-03
   89.200000      1.659343887712E-02      4.897609674584E-03
   89.300000      1.668435171562E-02      4.911879184484E-03
   89.400000      1.673502843749E-02      4.912522898732E-03
   89.500000      1.666942467677E-02      4.874020640722E-03
   89.600000      1.643289496542E-02      4.777920476160E-03
   89.700000      1.599609541459E-02      4.615033080775E-03
   89.800000      1.535656378048E-02      4.386493961414E-03
   89.900000      1.454254732751E-02      4.104627522042E-03
   90.000000      1.361980761222E-02      3.793725012442E-03
   90.100000      1.269593904599E-02      3.489630689164E-03
   90.200000      1.191316334303E-02      3.236286702158E-03
   90.300000      1.142232534240E-02      3.077866772177E-03
   90.400000      1.133821533499E-02      3.046971610401E-03
   90.500000      1.168997524538E-02      3.151890019718E-03
   90.600000      1.239179337058E-02      3.367878060487E-03
   90.700000      1.325231204413E-02      3.637485590179E-03
   90.800000      1.402225914210E-02      3.882550145140E-03
   90.900000      1.446530737199E-02      4.026119918120E-03
   91.000000      1.443060425712E-02      4.017920687200E-03
   91.100000      1.390614032321E-02      3.854200325639E-03
   91.200000      1.303703395535E-02      3.583513780937E-03
   91.300000      1.209853232914E-02      3.294487622068E-03
   91.400000      1.142022406853E-02      3.088347207400E-03
   91.500000      1.127288094518E-02      3.045306389826E-03
   91.600000      1.176086671855E-02      3.197029954418E-03
   91.700000      1.277985252058E-02      3.515688866505E-03
   91.800000      1.406139942435E-02      3.924045798006E-03
   91.900000      1.527825526068E-02      4.322883334006E-03
   92.000000      1.615970100937E-02      4.625257474844E-03
   92.100000      1.657222463485E-02      4.784418852155E-03
   92.200000      1.654696615069E-02      4.804977972703E-03
   92.300000      1.625131031660E-02      4.733916179195E-03
   92.400000      1.591120079597E-02      4.636400292006E-03
   92.500000      1.570807478212E-02      4.567431727727E-03
   92.600000      1.570254551441E-02      4.551494669566E-03
   92.700000      1.583275199537E-02      4.578145414474E-03
   92.800000      1.597450759048E-02      4.613965342617E-03
   92.900000      1.601406278871E-02      4.624002647050E-03
   93.000000      1.590099811980E-02      4.592004547975E-03
   93.100000      1.567011394866E-02      4.529894746991E-03
   93.200000      1.542960613979E-02      4.472313253484E-03
   93.300000      1.531632332923E-02      4.459082667470E-03
   93.400000      1.542810897336E-02      4.514061055355E-03
   93.500000      1.576194184718E-02      4.630540776362E-03
   93.600000      1.619982280380E-02      4.770428624319E-03
   93.700000      1.655785926075E-02      4.878238619556E-03
   93.800000      1.666805745083E-02      4.904270512519E-03
   93.900000      1.645108354912E-02      4.827214852972E-03
   94.000000      1.595418038173E-02      4.666560197250E-03
   94.100000      1.534537929963E-02      4.479357585861E-03
   94.200000      1.486596465736E-02      4.342188660378E-03
   94.300000      1.475085269507E-02      4.324921551126E-03
   94.400000      1.513839377407E-02      4.465794737898E-03
   94.500000      1.600812916219E-02      4.756606578433E-03
   94.600000      1.718157564206E-02      5.142899420144E-03
   94.700000      1.838340949164E-02      5.538722152798E-03
   94.800000      1.932843550613E-02      5.850848517800E-03
   94.900000      1.979918403119E-02      6.004735152421E-03
   95.000000      1.969563861994E-02      5.964577613623E-03
   95.100000      1.905245418275E-02      5.742146680633E-03
   95.200000      1.802574815389E-02      5.392608005828E-03
   95.300000      1.685544146940E-02      4.999055258714E-03
   95.400000      1.581096366083E-02      4.650135633934E-03
   95.500000      1.512541678041E-02      4.416529658085E-03
   95.600000      1.492314445959E-02      4.332156986439E-03
   95.700000      1.516633657743E-02      4.384930851782E-03
   95.800000      1.566381130125E-02      4.519787221869E-03
   95.900000      1.614212653332E-02      4.653791553219E-03
   96.000000      1.633323362680E-02      4.699893335003E-03
   96.100000      1.604687756335E-02      4.593181251841E-03
   96.200000      1.521936132968E-02      4.312189098608E-03
   96.300000      1.393622502677E-02      3.888549376175E-03
   96.400000      1.242509352916E-02      3.401182913397E-03
   96.500000      1.101318521388E-02      2.955664654890E-03
   96.600000      1.004500728643E-02      2.654184915949E-03
   96.700000      9.768506265953E-03      2.565028893328E-03
   96.800000      1.023386979932E-02      2.701305116617E-03
   96.900000      1.127073542724E-02      3.016172230567E-03
   97.000000      1.255846020599E-02      3.416657622413E-03
   97.100000      1.374017738064E-02      3.792017300849E-03
   97.200000      1.452835165515E-02      4.047598411677E-03
   97.300000      1.477695093336E-02      4.133135984041E-03
   97.400000      1.451167603157E-02      4.056149375147E-03
   97.500000      1.391524745410E-02      3.876110866798E-03
   97.600000      1.326861346429E-02      3.681673232602E-03
   97.700000      1.285559169734E-02      3.559140547908E-03
   97.800000      1.285758355508E-02      3.563372142834E-03
   97.900000      1.329018942044E-02      3.701251900253E-03
   98.000000      1.401433680829E-02      3.933094167952E-03
   98.100000      1.480569781643E-02      4.190687556129E-03
   98.200000      1.544494886615E-02      4.404614444734E-03
   98.300000      1.579434051089E-02      4.530275897718E-03
   98.400000      1.583926804785E-02      4.562850937137E-03
   98.500000      1.568628508637E-02      4.535889799645E-03
   98.600000      1.551832973781E-02      4.504679730831E-03
   98.700000      1.551670955838E-02      4.521448358951E-03
   98.800000      1.577479810179E-02      4.612549477774E-03
   98.900000      1.625145907862E-02      4.766780199136E-03
   99.000000      1.679444230341E-02      4.939342030542E-03
   99.100000      1.720792450168E-02      5.069617929175E-03
   99.200000      1.732833126509E-02      5.105493248622E-03
   99.300000      1.708406435342E-02      5.024557489407E-03
   99.400000      1.652251272293E-02      4.844026943319E-03
   99.500000      1.579811372148E-02      4.615864488696E-03
   99.600000      1.512549499077E-02      4.409357028024E-03
   99.700000      1.471091039874E-02      4.287997029816E-03
   99.800000      1.468373094146E-02      4.289175327337E-03
   99.900000      1.505338150144E-02      4.413503036747E-03
  100.000000      1.570971895119E-02      4.626512173226E-03
