# M=18, N=9, V0=0.0, V=0.25, PBC
#  time (tJ)                 S₁(n=1)                 S₂(n=1)
    0.000000     -8.881784197001E-16      4.440892098501E-16
    0.100000      1.987705852242E-03      4.201566735831E-04
    0.200000      6.347224268197E-03      1.557064595360E-03
    0.300000      1.151085731389E-02      3.081201054767E-03
    0.400000      1.616110747269E-02      4.565516137751E-03
    0.500000      1.931508935906E-02      5.621983652038E-03
    0.600000      2.045963361291E-02      6.018418772650E-03
    0.700000      1.960300384375E-02      5.737154841153E-03
    0.800000      1.722941668640E-02      4.960145715507E-03
    0.900000      1.416780542776E-02      3.992045126321E-03
    1.000000      1.139666725471E-02      3.153406691485E-03
    1.100000      9.794484510920E-03      2.683044484050E-03
    1.200000      9.817123922848E-03      2.680373450121E-03
    1.300000      1.127217061173E-02      3.100069190758E-03
    1.400000      1.353318274334E-02      3.791242412725E-03
    1.500000      1.592084963813E-02      4.559610042263E-03
    1.600000      1.790431319792E-02      5.227968323724E-03
    1.700000      1.916874493253E-02      5.676714058488E-03
    1.800000      1.961402689929E-02      5.857661855542E-03
    1.900000      1.931148137324E-02      5.785372135359E-03
    2.000000      1.844243296992E-02      5.516469208521E-03
    2.100000      1.724056825490E-02      5.127686628757E-03
    2.200000      1.594970303527E-02      4.699201797592E-03
    2.300000      1.479213642684E-02      4.304407688594E-03
    2.400000      1.394078586968E-02      4.003608222184E-03
    2.500000      1.350566915523E-02      3.838586087262E-03
    2.600000      1.352994349609E-02      3.826973488608E-03
    2.700000      1.397691664667E-02      3.957983525981E-03
    2.800000      1.472362669914E-02      4.192418984483E-03
    2.900000      1.558167588170E-02      4.469075855983E-03
    3.000000      1.634049976995E-02      4.717206880976E-03
    3.100000      1.681486510182E-02      4.872055658298E-03
    3.200000      1.688122210934E-02      4.889063977594E-03
    3.300000      1.649652345440E-02      4.752823196103E-03
    3.400000      1.570024066376E-02      4.478776460698E-03
    3.500000      1.460294993694E-02      4.108041675069E-03
    3.600000      1.336492682509E-02      3.697496030325E-03
    3.700000      1.216803301414E-02      3.307929987999E-03
    3.800000      1.118399985689E-02      2.992759578116E-03
    3.900000      1.054167240525E-02      2.789013822331E-03
    4.000000      1.029889777317E-02      2.711642356859E-03
    4.100000      1.043080730841E-02      2.751838649364E-03
    4.200000      1.084065434729E-02      2.879845823941E-03
    4.300000      1.138797849738E-02      3.052213473472E-03
    4.400000      1.192523467589E-02      3.222498622384E-03
    4.500000      1.233392630275E-02      3.353164492955E-03
    4.600000      1.255292770983E-02      3.425492195296E-03
    4.700000      1.259351343885E-02      3.444305290973E-03
    4.800000      1.253643522281E-02      3.435547471851E-03
    4.900000      1.250760614314E-02      3.437042932015E-03
    5.000000      1.263328288880E-02      3.485322624566E-03
    5.100000      1.298795989554E-02      3.603108998813E-03
    5.200000      1.356479130310E-02      3.792007322485E-03
    5.300000      1.428852236009E-02      4.032986116306E-03
    5.400000      1.505434371822E-02      4.294113241356E-03
    5.500000      1.576522029585E-02      4.542113354988E-03
    5.600000      1.635497586529E-02      4.752899552763E-03
    5.700000      1.679683289895E-02      4.916886983279E-03
    5.800000      1.710034381381E-02      5.037304197528E-03
    5.900000      1.729671752566E-02      5.122859564280E-03
    6.000000      1.741395445883E-02      5.178674245081E-03
    6.100000      1.745247409052E-02      5.200225018168E-03
    6.200000      1.737765383340E-02      5.173689590164E-03
    6.300000      1.713734558187E-02      5.083067084720E-03
    6.400000      1.669653480705E-02      4.921099283060E-03
    6.500000      1.607173776999E-02      4.698898860993E-03
    6.600000      1.534831484382E-02      4.449308647106E-03
    6.700000      1.467063087232E-02      4.221374026295E-03
    6.800000      1.420367653451E-02      4.066941161748E-03
    6.900000      1.407527804167E-02      4.023786431707E-03
    7.000000      1.432208274079E-02      4.101403298879E-03
    7.100000      1.486816095290E-02      4.274872568383E-03
    7.200000      1.554543042544E-02      4.489409117306E-03
    7.300000      1.614108670071E-02      4.674407993478E-03
    7.400000      1.645327492397E-02      4.762617111292E-03
    7.500000      1.634126017181E-02      4.708570613889E-03
    7.600000      1.576016593816E-02      4.500962819407E-03
    7.700000      1.477411961278E-02      4.165791138625E-03
    7.800000      1.354572425312E-02      3.759938545571E-03
    7.900000      1.230283549978E-02      3.357411066060E-03
    8.000000      1.128588919871E-02      3.031984670041E-03
    8.100000      1.068548862624E-02      2.840352363914E-03
    8.200000      1.059221186195E-02      2.809283039475E-03
    8.300000      1.097635835393E-02      2.929288910176E-03
    8.400000      1.169614917188E-02      3.156171092550E-03
    8.500000      1.253108526725E-02      3.420590143454E-03
    8.600000      1.323632387503E-02      3.644348291855E-03
    8.700000      1.360430130939E-02      3.760372083019E-03
    8.800000      1.351849310389E-02      3.731802328478E-03
    8.900000      1.298968786899E-02      3.564809934320E-03
    9.000000      1.216789685329E-02      3.310476308017E-03
    9.100000      1.132231439172E-02      3.053628562286E-03
    9.200000      1.077706655958E-02      2.890456992943E-03
    9.300000      1.079401643785E-02      2.900787643695E-03
    9.400000      1.147031763828E-02      3.123365374440E-03
    9.500000      1.273167675312E-02      3.542178703037E-03
    9.600000      1.436468986596E-02      4.088620510111E-03
    9.700000      1.606095895013E-02      4.659255221943E-03
    9.800000      1.749212794333E-02      5.143948467584E-03
    9.900000      1.839887966236E-02      5.455801808331E-03
   10.000000      1.865700015089E-02      5.553789700236E-03
   10.100000      1.830384257942E-02      5.451427190037E-03
   10.200000      1.752446909710E-02      5.209441153382E-03
   10.300000      1.659944916612E-02      4.915623064186E-03
   10.400000      1.581452230012E-02      4.658836563544E-03
   10.500000      1.536368179632E-02      4.505208862800E-03
   10.600000      1.531675624534E-02      4.482842141154E-03
   10.700000      1.563124499267E-02      4.578071764518E-03
   10.800000      1.616652758456E-02      4.742813940097E-03
   10.900000      1.671769820666E-02      4.909900053738E-03
   11.000000      1.707409039409E-02      5.011888520249E-03
   11.100000      1.707813398195E-02      4.998657230455E-03
   11.200000      1.666348974737E-02      4.849872248244E-03
   11.300000      1.586825312593E-02      4.579852451974E-03
   11.400000      1.482592869702E-02      4.234050973634E-03
   11.500000      1.373719081550E-02      3.878088812901E-03
   11.600000      1.282596967270E-02      3.581816575195E-03
   11.700000      1.228511990542E-02      3.402032706753E-03
   11.800000      1.221909345646E-02      3.367970627987E-03
   11.900000      1.260287736807E-02      3.473235517738E-03
   12.000000      1.328645014293E-02      3.676464423941E-03
   12.100000      1.404458811661E-02      3.910836696547E-03
   12.200000      1.464184975827E-02      4.100224700809E-03
   12.300000      1.488760774285E-02      4.177983814383E-03
   12.400000      1.467169349839E-02      4.103748243792E-03
   12.500000      1.398181482916E-02      3.874261179599E-03
   12.600000      1.290803201671E-02      3.525809628088E-03
   12.700000      1.163783789368E-02      3.127635011806E-03
   12.800000      1.043993788298E-02      2.767376288486E-03
   12.900000      9.624983474967E-03      2.531140833209E-03
   13.000000      9.449717213571E-03      2.482182646899E-03
   13.100000      9.987978743301E-03      2.643117911225E-03
   13.200000      1.111199424518E-02      2.986648825224E-03
   13.300000      1.255643399381E-02      3.438535544004E-03
   13.400000      1.398791317191E-02      3.893994030528E-03
   13.500000      1.508124062448E-02      4.245079537639E-03
   13.600000      1.560018019092E-02      4.412645768948E-03
   13.700000      1.546532800651E-02      4.373427096212E-03
   13.800000      1.479120430468E-02      4.172313707635E-03
   13.900000      1.387873432761E-02      3.913152921439E-03
   14.000000      1.315280777663E-02      3.728129179037E-03
   14.100000      1.303401136401E-02      3.733855042236E-03
   14.200000      1.375481819066E-02      3.988543244962E-03
   14.300000      1.522925792076E-02      4.466101129753E-03
   14.400000      1.707619793568E-02      5.058390036815E-03
   14.500000      1.877225309383E-02      5.607290127283E-03
   14.600000      1.984372253117E-02      5.956915752817E-03
   14.700000      2.000734373999E-02      6.007794575285E-03
   14.800000      1.924402721196E-02      5.752845698667E-03
   14.900000      1.780435980475E-02      5.280914904924E-03
   15.000000      1.614245918078E-02      4.745540371535E-03
   15.100000      1.477877242570E-02      4.309995074729E-03
   15.200000      1.411073911861E-02      4.089116729251E-03
   15.300000      1.424328155364E-02      4.110000932044E-03
   15.400000      1.494656162002E-02      4.306421703816E-03
   15.500000      1.578107068549E-02      4.548618023155E-03
   15.600000      1.630045425900E-02      4.696199739942E-03
   15.700000      1.621551252654E-02      4.653066300489E-03
   15.800000      1.547803214107E-02      4.402955629250E-03
   15.900000      1.428384594243E-02      4.012495597784E-03
   16.000000      1.300184686928E-02      3.601878964625E-03
   16.100000      1.204184287331E-02      3.296058886051E-03
   16.200000      1.168997333223E-02      3.176525941437E-03
   16.300000      1.197927819827E-02      3.252546347455E-03
   16.400000      1.268702519239E-02      3.462007063132E-03
   16.500000      1.345974387671E-02      3.699663204182E-03
   16.600000      1.396638155447E-02      3.859896872840E-03
   16.700000      1.400932706989E-02      3.876329271324E-03
   16.800000      1.357529126190E-02      3.743258145044E-03
   16.900000      1.282514446022E-02      3.512259724242E-03
   17.000000      1.202876147316E-02      3.267580598516E-03
   17.100000      1.146110682595E-02      3.091880455135E-03
   17.200000      1.129414316418E-02      3.036474589542E-03
   17.300000      1.153902937605E-02      3.106896969821E-03
   17.400000      1.206943902816E-02      3.267331055181E-03
   17.500000      1.269373578058E-02      3.459689814514E-03
   17.600000      1.323083204628E-02      3.628101330833E-03
   17.700000      1.356704541240E-02      3.738883575005E-03
   17.800000      1.368404556436E-02      3.789346241730E-03
   17.900000      1.365498447433E-02      3.804025176994E-03
   18.000000      1.361206074624E-02      3.821849538794E-03
   18.100000      1.369593683732E-02      3.880405126947E-03
   18.200000      1.400475449296E-02      4.003235301405E-03
   18.300000      1.456020229660E-02      4.193689407347E-03
   18.400000      1.530341104991E-02      4.435693935853E-03
   18.500000      1.612234118344E-02      4.699463465625E-03
   18.600000      1.689074578905E-02      4.949335803402E-03
   18.700000      1.749810429269E-02      5.151439274831E-03
   18.800000      1.786667764332E-02      5.280001453507E-03
   18.900000      1.796034416810E-02      5.321939800645E-03
   19.000000      1.778944836127E-02      5.279503314079E-03
   19.100000      1.741212936823E-02      5.170356845563E-03
   19.200000      1.692805511645E-02      5.024264754540E-03
   19.300000      1.645847860959E-02      4.876051879743E-03
   19.400000      1.611041748827E-02      4.755885882981E-03
   19.500000      1.593497573763E-02      4.679546318825E-03
   19.600000      1.590439683488E-02      4.642258564751E-03
   19.700000      1.592387660477E-02      4.619109599962E-03
   19.800000      1.586621470375E-02      4.572951782558E-03
   19.900000      1.561244404731E-02      4.467776945083E-03
   20.000000      1.509153306156E-02      4.283046383810E-03
   20.100000      1.431140888270E-02      4.023570519852E-03
   20.200000      1.336999368017E-02      3.720817918243E-03
   20.300000      1.243722366584E-02      3.424661535570E-03
   20.400000      1.170420929373E-02      3.188341441171E-03
   20.500000      1.131078215086E-02      3.052204789873E-03
   20.600000      1.129312692445E-02      3.032244462931E-03
   20.700000      1.158933560857E-02      3.117300655860E-03
   20.800000      1.208669224164E-02      3.275017203280E-03
   20.900000      1.266886617435E-02      3.463090493791E-03
   21.000000      1.322912462196E-02      3.640701838628E-03
   21.100000      1.366102586719E-02      3.775936036763E-03
   21.200000      1.387905667015E-02      3.847792865123E-03
   21.300000      1.384356561742E-02      3.844531803298E-03
   21.400000      1.355758361168E-02      3.761909236037E-03
   21.500000      1.305403149386E-02      3.604416023322E-03
   21.600000      1.239488342283E-02      3.390066382161E-03
   21.700000      1.168272139557E-02      3.155896843500E-03
   21.800000      1.106903139039E-02      2.959012740430E-03
   21.900000      1.074630384536E-02      2.868454321499E-03
   22.000000      1.091941085625E-02      2.946826059882E-03
   22.100000      1.174660007316E-02      3.226228629660E-03
   22.200000      1.318334937210E-02      3.687791981340E-03
   22.300000      1.492396000209E-02      4.255161032810E-03
   22.400000      1.656834968243E-02      4.808318863334E-03
   22.500000      1.773794498015E-02      5.216331360927E-03
   22.600000      1.816739709197E-02      5.379232097210E-03
   22.700000      1.777870268734E-02      5.264142848014E-03
   22.800000      1.671519102647E-02      4.921384318967E-03
   22.900000      1.532107342853E-02      4.472899902563E-03
   23.000000      1.406071366593E-02      4.075430194672E-03
   23.100000      1.338382421018E-02      3.870588450064E-03
   23.200000      1.357432863273E-02      3.939298405269E-03
   23.300000      1.463750854807E-02      4.276611412708E-03
   23.400000      1.626249117511E-02      4.795176760001E-03
   23.500000      1.796920812487E-02      5.354817895684E-03
   23.600000      1.930811791188E-02      5.806333942674E-03
   23.700000      1.996758077446E-02      6.033590335015E-03
   23.800000      1.981601181702E-02      5.980481019212E-03
   23.900000      1.889548926339E-02      5.656770625417E-03
   24.000000      1.737987880874E-02      5.125460755040E-03
   24.100000      1.551776340105E-02      4.480278534974E-03
   24.200000      1.358190579081E-02      3.822940476641E-03
   24.300000      1.183844428965E-02      3.246431711118E-03
   24.400000      1.053077818901E-02      2.825278202616E-03
   24.500000      9.853933860580E-03      2.609853893949E-03
   24.600000      9.903623167180E-03      2.621112330282E-03
   24.700000      1.063461195469E-02      2.844617593808E-03
   24.800000      1.186187492105E-02      3.226462897288E-03
   24.900000      1.328913465374E-02      3.676069841304E-03
   25.000000      1.456228678349E-02      4.080099239981E-03
   25.100000      1.534730834048E-02      4.327587281335E-03
   25.200000      1.541295039319E-02      4.340695344209E-03
   25.300000      1.469626157889E-02      4.101065529115E-03
   25.400000      1.333475350758E-02      3.661297069040E-03
   25.500000      1.165500493124E-02      3.135269233973E-03
   25.600000      1.011300773525E-02      2.668405852024E-03
   25.700000      9.183755288748E-03      2.396456620356E-03
   25.800000      9.201233378428E-03      2.405858148599E-03
   25.900000      1.020441101823E-02      2.708429028058E-03
   26.000000      1.192393814200E-02      3.238244840883E-03
   26.100000      1.391605007348E-02      3.871068276683E-03
   26.200000      1.571484490750E-02      4.459597676584E-03
   26.300000      1.694387273813E-02      4.873521323681E-03
   26.400000      1.738664014084E-02      5.032964256725E-03
   26.500000      1.701992465399E-02      4.926860817153E-03
   26.600000      1.601108322816E-02      4.612611073482E-03
   26.700000      1.468038143730E-02      4.198464859036E-03
   26.800000      1.343011453220E-02      3.814143428013E-03
   26.900000      1.264529247175E-02      3.577499995009E-03
   27.000000      1.258504581403E-02      3.565355398960E-03
   27.100000      1.330596887296E-02      3.795305384158E-03
   27.200000      1.464607619266E-02      4.222716424088E-03
   27.300000      1.627643133364E-02      4.753650306571E-03
   27.400000      1.781574541549E-02      5.270476496220E-03
   27.500000      1.894445918859E-02      5.663269759214E-03
   27.600000      1.947330425025E-02      5.858035509202E-03
   27.700000      1.936740321353E-02      5.833479277260E-03
   27.800000      1.873293518429E-02      5.621573561994E-03
   27.900000      1.777374542216E-02      5.292457374933E-03
   28.000000      1.672867610350E-02      4.929359144452E-03
   28.100000      1.580353420265E-02      4.602423685718E-03
   28.200000      1.511373954153E-02      4.350362833081E-03
   28.300000      1.465858907101E-02      4.175612917143E-03
   28.400000      1.434836439131E-02      4.053316451193E-03
   28.500000      1.407104403251E-02      3.949103358537E-03
   28.600000      1.375245779502E-02      3.837577842602E-03
   28.700000      1.338434422416E-02      3.713829014118E-03
   28.800000      1.302084614076E-02      3.593771166149E-03
   28.900000      1.274974244424E-02      3.504019014580E-03
   29.000000      1.264620835922E-02      3.466288935087E-03
   29.100000      1.272355985325E-02      3.483412283823E-03
   29.200000      1.290645693846E-02      3.533277183515E-03
   29.300000      1.304994788664E-02      3.573769961287E-03
   29.400000      1.299765120097E-02      3.557388432609E-03
   29.500000      1.264719855534E-02      3.450387096650E-03
   29.600000      1.199699509937E-02      3.249489325453E-03
   29.700000      1.116321559835E-02      2.989856051610E-03
   29.800000      1.036347480296E-02      2.740691877216E-03
   29.900000      9.869265969602E-03      2.588632909021E-03
   30.000000      9.935055558049E-03      2.612845777628E-03
   30.100000      1.071084877787E-02      2.858636789890E-03
   30.200000      1.216016053588E-02      3.317548758087E-03
   30.300000      1.403943634797E-02      3.920912477805E-03
   30.400000      1.596282428187E-02      4.550613090997E-03
   30.500000      1.750811229671E-02      5.066069392539E-03
   30.600000      1.831990753194E-02      5.341340669188E-03
   30.700000      1.819326678835E-02      5.302408665208E-03
   30.800000      1.712955607922E-02      4.953425017350E-03
   30.900000      1.535664578623E-02      4.382831258646E-03
   31.000000      1.330692030622E-02      3.745513207437E-03
   31.100000      1.154834321835E-02      3.224210807794E-03
   31.200000      1.065832755033E-02      2.980128595539E-03
   31.300000      1.102098295940E-02      3.106796034036E-03
   31.400000      1.261785264926E-02      3.601109722701E-03
   31.500000      1.502958127808E-02      4.360896688373E-03
   31.600000      1.764071960250E-02      5.210557550338E-03
   31.700000      1.983952066966E-02      5.947827366210E-03
   31.800000      2.115187260342E-02      6.398205597761E-03
   31.900000      2.132441927182E-02      6.461284498410E-03
   32.000000      2.036183381282E-02      6.135782371121E-03
   32.100000      1.851789015385E-02      5.516667373052E-03
   32.200000      1.624215088525E-02      4.766155264486E-03
   32.300000      1.408619402355E-02      4.067880048334E-03
   32.400000      1.257242811230E-02      3.577864406770E-03
   32.500000      1.203457830433E-02      3.385907618078E-03
   32.600000      1.249070112602E-02      3.497010725049E-03
   32.700000      1.365621252915E-02      3.836090361649E-03
   32.800000      1.508204156494E-02      4.272679693344E-03
   32.900000      1.630256388353E-02      4.657498824999E-03
   33.000000      1.694201320637E-02      4.860767883758E-03
   33.100000      1.677957448935E-02      4.802986278660E-03
   33.200000      1.577924131462E-02      4.471845336116E-03
   33.300000      1.408948823906E-02      3.922804788279E-03
   33.400000      1.201723001616E-02      3.264532119929E-03
   33.500000      9.977907708690E-03      2.633181827358E-03
   33.600000      8.418013222055E-03      2.161194880793E-03
   33.700000      7.705622290085E-03      1.947050358652E-03
   33.800000      8.010902600466E-03      2.032308329373E-03
   33.900000      9.235320639155E-03      2.391253568174E-03
   34.000000      1.104049926981E-02      2.936280488285E-03
   34.100000      1.296995348374E-02      3.538822364967E-03
   34.200000      1.458647076706E-02      4.061574495301E-03
   34.300000      1.557282626418E-02      4.394053509767E-03
   34.400000      1.579167567689E-02      4.481619824912E-03
   34.500000      1.530564848527E-02      4.339165650391E-03
   34.600000      1.435525513621E-02      4.044915591308E-03
   34.700000      1.329444592907E-02      3.715981621466E-03
   34.800000      1.249340057695E-02      3.473239171425E-03
   34.900000      1.224047781648E-02      3.406515160486E-03
   35.000000      1.267463915217E-02      3.550729489545E-03
   35.100000      1.371630618460E-02      3.879656393928E-03
   35.200000      1.507570269488E-02      4.317839439587E-03
   35.300000      1.641048674327E-02      4.765196910895E-03
   35.400000      1.743934245089E-02      5.125302122291E-03
   35.500000      1.798771279103E-02      5.328531203834E-03
   35.600000      1.799483083677E-02      5.344792565511E-03
   35.700000      1.749847935474E-02      5.185303175036E-03
   35.800000      1.661623132593E-02      4.896340816109E-03
   35.900000      1.553413747389E-02      4.548686561248E-03
   36.000000      1.449717362072E-02      4.225056473704E-03
   36.100000      1.378248386287E-02      4.005974120581E-03
   36.200000      1.362965825803E-02      3.953978861537E-03
   36.300000      1.412757567481E-02      4.097408193810E-03
   36.400000      1.517629998406E-02      4.417470104837E-03
   36.500000      1.653306099503E-02      4.844226462778E-03
   36.600000      1.785670261460E-02      5.266624106473E-03
   36.700000      1.877734005765E-02      5.557929273270E-03
   36.800000      1.898986527954E-02      5.611690316498E-03
   36.900000      1.834229694154E-02      5.377319544312E-03
   37.000000      1.689189635584E-02      4.881861256292E-03
   37.100000      1.491129318854E-02      4.227636930788E-03
   37.200000      1.283746321051E-02      3.563766224561E-03
   37.300000      1.116419287181E-02      3.039906830736E-03
   37.400000      1.027961432254E-02      2.758434249706E-03
   37.500000      1.028917550110E-02      2.742905089049E-03
   37.600000      1.097164786657E-02      2.934813140764E-03
   37.700000      1.192248718164E-02      3.219534020352E-03
   37.800000      1.273702264249E-02      3.470704560978E-03
   37.900000      1.313813130684E-02      3.595225933182E-03
   38.000000      1.303842424647E-02      3.561665829091E-03
   38.100000      1.253793106970E-02      3.402615966581E-03
   38.200000      1.186545529995E-02      3.192892442198E-03
   38.300000      1.128407619179E-02      3.015252469279E-03
   38.400000      1.099337300385E-02      2.929298655108E-03
   38.500000      1.106766555633E-02      2.955965057689E-03
   38.600000      1.145947172235E-02      3.081382254123E-03
   38.700000      1.206023036222E-02      3.274426733481E-03
   38.800000      1.277134806557E-02      3.506518042962E-03
   38.900000      1.354215806192E-02      3.762758130047E-03
   39.000000      1.436293034285E-02      4.039566244814E-03
   39.100000      1.522524659646E-02      4.332108980369E-03
   39.200000      1.607644716674E-02      4.620758045602E-03
   39.300000      1.680081440730E-02      4.866492556589E-03
   39.400000      1.724692780970E-02      5.020281748910E-03
   39.500000      1.729099334317E-02      5.043582285115E-03
   39.600000      1.690463078737E-02      4.930289651564E-03
   39.700000      1.619509549309E-02      4.718406256971E-03
   39.800000      1.539664708397E-02      4.483584627704E-03
   39.900000      1.480487497769E-02      4.314852478200E-03
   40.000000      1.466490502266E-02      4.281396184085E-03
   40.100000      1.505730249873E-02      4.404176970378E-03
   40.200000      1.584990914463E-02      4.644956775279E-03
   40.300000      1.675170780108E-02      4.918399716866E-03
   40.400000      1.743308047769E-02      5.123295116371E-03
   40.500000      1.764692504409E-02      5.180838152602E-03
   40.600000      1.730926508811E-02      5.064799958273E-03
   40.700000      1.652502173237E-02      4.811577192423E-03
   40.800000      1.555672708081E-02      4.506124079369E-03
   40.900000      1.473872155212E-02      4.249291549969E-03
   41.000000      1.434738925545E-02      4.119287921754E-03
   41.100000      1.447328720026E-02      4.142045638851E-03
   41.200000      1.498073120979E-02      4.281570594609E-03
   41.300000      1.558042425330E-02      4.453527531225E-03
   41.400000      1.595098350791E-02      4.556580528013E-03
   41.500000      1.584909745234E-02      4.509712089944E-03
   41.600000      1.518250866856E-02      4.282041826179E-03
   41.700000      1.403693647525E-02      3.904815702990E-03
   41.800000      1.265560613094E-02      3.461758784719E-03
   41.900000      1.137561413233E-02      3.061432752403E-03
   42.000000      1.052946995592E-02      2.801147076807E-03
   42.100000      1.032443860083E-02      2.734585115696E-03
   42.200000      1.074121678743E-02      2.853966061898E-03
   42.300000      1.153669527875E-02      3.092782627579E-03
   42.400000      1.235944291168E-02      3.348443123096E-03
   42.500000      1.288593877523E-02      3.517609144537E-03
   42.600000      1.292055279770E-02      3.532732355597E-03
   42.700000      1.245047870921E-02      3.387625893848E-03
   42.800000      1.165533937652E-02      3.143083934016E-03
   42.900000      1.087000427149E-02      2.909668226811E-03
   43.000000      1.049841441957E-02      2.812082885217E-03
   43.100000      1.087743319083E-02      2.945934227354E-03
   43.200000      1.211606846648E-02      3.341039146334E-03
   43.300000      1.401031688996E-02      3.944344562801E-03
   43.400000      1.611876044711E-02      4.629799675280E-03
   43.500000      1.792849522279E-02      5.233728266785E-03
   43.600000      1.900827457167E-02      5.605299624963E-03
   43.700000      1.911707372909E-02      5.655831892396E-03
   43.800000      1.826433974824E-02      5.390149521275E-03
   43.900000      1.671840149054E-02      4.908480939201E-03
   44.000000      1.496077613836E-02      4.376875161434E-03
   44.100000      1.358365716552E-02      3.974816185693E-03
   44.200000      1.310556442999E-02      3.836990895921E-03
   44.300000      1.370449515771E-02      4.008893595290E-03
   44.400000      1.511835371562E-02      4.431738311042E-03
   44.500000      1.682437346701E-02      4.962193944938E-03
   44.600000      1.825900962140E-02      5.420329289950E-03
   44.700000      1.897752189993E-02      5.649375708039E-03
   44.800000      1.875624153423E-02      5.567015910834E-03
   44.900000      1.763838350577E-02      5.191081640539E-03
   45.000000      1.592132019044E-02      4.631478017202E-03
   45.100000      1.408690050773E-02      4.051737751034E-03
   45.200000      1.267852518881E-02      3.613933396954E-03
   45.300000      1.212047864970E-02      3.426138179776E-03
   45.400000      1.250023061039E-02      3.510197360546E-03
   45.500000      1.352891430517E-02      3.799792883111E-03
   45.600000      1.474676795924E-02      4.167717005170E-03
   45.700000      1.571054101402E-02      4.471196208635E-03
   45.800000      1.610774568483E-02      4.598667301560E-03
   45.900000      1.581750885025E-02      4.502217882717E-03
   46.000000      1.491911598615E-02      4.206172203747E-03
   46.100000      1.365045189458E-02      3.791378460376E-03
   46.200000      1.232656991577E-02      3.363197203239E-03
   46.300000      1.124001424192E-02      3.016012203644E-03
   46.400000      1.057702405326E-02      2.806797506849E-03
   46.500000      1.038137370644E-02      2.745421495161E-03
   46.600000      1.056973764682E-02      2.802247194286E-03
   46.700000      1.098156673699E-02      2.927207853422E-03
   46.800000      1.144814587170E-02      3.071294464439E-03
   46.900000      1.185335491802E-02      3.202124327477E-03
   47.000000      1.216026570723E-02      3.309108516669E-03
   47.100000      1.240046215136E-02      3.398741550126E-03
   47.200000      1.263657140413E-02      3.484536066513E-03
   47.300000      1.291706192947E-02      3.577572455931E-03
   47.400000      1.324947204453E-02      3.682155770786E-03
   47.500000      1.360992030846E-02      3.797621662078E-03
   47.600000      1.397763118825E-02      3.923761750671E-03
   47.700000      1.436428813317E-02      4.065471310879E-03
   47.800000      1.481538593637E-02      4.232902744556E-03
   47.900000      1.537799021944E-02      4.436116954785E-03
   48.000000      1.605733555593E-02      4.676465078590E-03
   48.100000      1.680053050027E-02      4.939070140900E-03
   48.200000      1.750736857642E-02      5.190807537666E-03
   48.300000      1.805140302308E-02      5.386099553406E-03
   48.400000      1.830979701978E-02      5.479551125746E-03
   48.500000      1.819962832922E-02      5.441360481273E-03
   48.600000      1.771052942184E-02      5.269849717616E-03
   48.700000      1.692045507000E-02      4.996076119234E-03
   48.800000      1.598562435726E-02      4.678111555103E-03
   48.900000      1.510594135308E-02      4.386206788543E-03
   49.000000      1.447781209986E-02      4.183296301357E-03
   49.100000      1.424436564024E-02      4.106962916016E-03
   49.200000      1.443480996345E-02      4.158550327646E-03
   49.300000      1.492862050260E-02      4.302831113179E-03
   49.400000      1.551216847391E-02      4.478315469777E-03
   49.500000      1.596316462832E-02      4.614996464474E-03
   49.600000      1.611222149001E-02      4.654127849023E-03
   49.700000      1.587835779159E-02      4.564233655965E-03
   49.800000      1.527653577044E-02      4.349003976654E-03
   49.900000      1.440383263900E-02      4.045371015398E-03
   50.000000      1.341671929529E-02      3.712876520568E-03
   50.100000      1.250608541837E-02      3.417624160147E-03
   50.200000      1.186345627828E-02      3.215266567314E-03
   50.300000      1.162202718876E-02      3.137473884869E-03
   50.400000      1.178799997089E-02      3.185155969114E-03
   50.500000      1.224880822689E-02      3.329633696097E-03
   50.600000      1.284079210364E-02      3.520695925417E-03
   50.700000      1.339312823509E-02      3.698926245792E-03
   50.800000      1.374874395549E-02      3.809278905839E-03
   50.900000      1.378593892052E-02      3.813324006628E-03
   51.000000      1.344916706471E-02      3.698213942238E-03
   51.100000      1.277583526466E-02      3.480886564781E-03
   51.200000      1.190113168279E-02      3.206452062027E-03
   51.300000      1.103356120693E-02      2.940405647152E-03
   51.400000      1.040796238930E-02      2.755372930217E-03
   51.500000      1.023227933347E-02      2.714434400170E-03
   51.600000      1.063759072011E-02      2.854480619801E-03
   51.700000      1.162961647682E-02      3.174087128778E-03
   51.800000      1.305863004360E-02      3.630328032743E-03
   51.900000      1.465490171956E-02      4.147093606222E-03
   52.000000      1.612176786751E-02      4.633928207603E-03
   52.100000      1.722117175758E-02      5.010356355517E-03
   52.200000      1.782368677685E-02      5.227939929698E-03
   52.300000      1.792574594708E-02      5.282366213123E-03
   52.400000      1.763924055403E-02      5.211018239201E-03
   52.500000      1.715579053131E-02      5.076727297550E-03
   52.600000      1.668788551318E-02      4.943790164497E-03
   52.700000      1.639516582222E-02      4.855590949922E-03
   52.800000      1.632075669441E-02      4.822649648275E-03
   52.900000      1.638479152238E-02      4.825500055635E-03
   53.000000      1.645238582794E-02      4.830236175019E-03
   53.100000      1.642065922975E-02      4.808848840471E-03
   53.200000      1.626984905649E-02      4.754365868191E-03
   53.300000      1.606332792114E-02      4.683410088356E-03
   53.400000      1.590193736843E-02      4.624958940493E-03
   53.500000      1.585691390090E-02      4.600976328743E-03
   53.600000      1.591830706157E-02      4.608936881949E-03
   53.700000      1.598270225909E-02      4.615896203654E-03
   53.800000      1.588606899511E-02      4.568635456021E-03
   53.900000      1.547173883283E-02      4.416760282576E-03
   54.000000      1.466619239329E-02      4.139017950429E-03
   54.100000      1.353137723768E-02      3.760705167009E-03
   54.200000      1.227249455297E-02      3.353151101812E-03
   54.300000      1.119386423904E-02      3.013630918741E-03
   54.400000      1.060723005282E-02      2.832505006320E-03
   54.500000      1.070787659433E-02      2.860171337440E-03
   54.600000      1.146591066254E-02      3.086950549940E-03
   54.700000      1.262792893821E-02      3.443982146483E-03
   54.800000      1.383344796512E-02      3.824789081428E-03
   54.900000      1.474252203729E-02      4.119081714469E-03
   55.000000      1.512453297864E-02      4.246091878231E-03
   55.100000      1.490139048310E-02      4.175857271836E-03
   55.200000      1.414683215540E-02      3.932524501073E-03
   55.300000      1.305037655695E-02      3.581124740902E-03
   55.400000      1.186085580571E-02      3.205126544795E-03
   55.500000      1.082732089145E-02      2.884094906316E-03
   55.600000      1.015223457236E-02      2.678605510704E-03
   55.700000      9.963623538153E-03      2.624741863225E-03
   55.800000      1.030589138275E-02      2.735676184259E-03
   55.900000      1.114715682009E-02      3.005363346375E-03
   56.000000      1.239444611272E-02      3.410213316469E-03
   56.100000      1.390309939324E-02      3.907930267339E-03
   56.200000      1.548025371492E-02      4.436434052991E-03
   56.300000      1.689677332805E-02      4.917653661955E-03
   56.400000      1.791941419013E-02      5.269709634664E-03
   56.500000      1.836195101290E-02      5.426943754460E-03
   56.600000      1.814209435755E-02      5.362314762293E-03
   56.700000      1.732576500438E-02      5.103413845500E-03
   56.800000      1.614153611633E-02      4.733714698809E-03
   56.900000      1.495307492216E-02      4.375025052500E-03
   57.000000      1.418169740004E-02      4.153989096626E-03
   57.100000      1.416970082594E-02      4.162199911694E-03
   57.200000      1.500762559736E-02      4.423191892211E-03
   57.300000      1.646866794777E-02      4.878530617564E-03
   57.400000      1.811079172323E-02      5.399469422148E-03
   57.500000      1.942986533860E-02      5.822137972185E-03
   57.600000      1.999754358897E-02      5.996052110549E-03
   57.700000      1.956407426614E-02      5.830893139309E-03
   57.800000      1.811685456822E-02      5.326729976053E-03
   57.900000      1.589128698889E-02      4.577973885559E-03
   58.000000      1.333514711621E-02      3.749491078171E-03
   58.100000      1.103092376462E-02      3.031737285408E-03
   58.200000      9.575005605031E-03      2.587946868186E-03
   58.300000      9.374557164695E-03      2.508599674289E-03
   58.400000      1.039110836110E-02      2.786129795075E-03
   58.500000      1.217922713572E-02      3.316948712810E-03
   58.600000      1.414179288578E-02      3.930153821293E-03
   58.700000      1.570475062316E-02      4.434998635198E-03
   58.800000      1.643448125217E-02      4.674202056750E-03
   58.900000      1.612008752437E-02      4.568558077878E-03
   59.000000      1.481635396085E-02      4.140319502640E-03
   59.100000      1.284140055833E-02      3.508076257651E-03
   59.200000      1.072324299830E-02      2.853384922152E-03
   59.300000      9.088046385186E-03      2.367617778427E-03
   59.400000      8.480150221721E-03      2.194127359901E-03
   59.500000      9.125253994452E-03      2.383488491991E-03
   59.600000      1.078281811112E-02      2.876745356002E-03
   59.700000      1.288420771768E-02      3.523435839871E-03
   59.800000      1.479221992652E-02      4.129881150173E-03
   59.900000      1.599418174979E-02      4.522518367176E-03
   60.000000      1.622393389493E-02      4.604932340105E-03
   60.100000      1.551829894360E-02      4.388489232297E-03
   60.200000      1.420213569278E-02      3.985306735069E-03
   60.300000      1.279865225140E-02      3.565912574303E-03
   60.400000      1.186672573681E-02      3.297284568487E-03
   60.500000      1.178796487404E-02      3.284602474027E-03
   60.600000      1.259871626235E-02      3.538526203942E-03
   60.700000      1.399993176059E-02      3.979442842134E-03
   60.800000      1.553529110610E-02      4.475098849122E-03
   60.900000      1.679281473868E-02      4.894727781480E-03
   61.000000      1.753546356321E-02      5.156867047721E-03
   61.100000      1.774613994562E-02      5.251923123644E-03
   61.200000      1.759501866874E-02      5.232301455619E-03
   61.300000      1.734557061485E-02      5.177298539637E-03
   61.400000      1.722698154810E-02      5.150608240921E-03
   61.500000      1.731635618273E-02      5.170521671760E-03
   61.600000      1.750038331846E-02      5.205811463031E-03
   61.700000      1.755960640804E-02      5.197383873288E-03
   61.800000      1.730734542931E-02      5.093367199785E-03
   61.900000      1.669058964729E-02      4.879374662759E-03
   62.000000      1.581822316051E-02      4.588879370967E-03
   62.100000      1.491411115583E-02      4.289042097890E-03
   62.200000      1.421140808367E-02      4.049597370223E-03
   62.300000      1.383800954284E-02      3.910523072846E-03
   62.400000      1.376057596862E-02      3.864415904240E-03
   62.500000      1.381408619338E-02      3.861936300924E-03
   62.600000      1.378885409608E-02      3.837283421984E-03
   62.700000      1.352918708125E-02      3.741061740169E-03
   62.800000      1.300375557366E-02      3.564675647810E-03
   62.900000      1.232154650555E-02      3.344854123071E-03
   63.000000      1.168787989089E-02      3.146650256131E-03
   63.100000      1.131582946355E-02      3.033457743731E-03
   63.200000      1.132674313738E-02      3.038381530886E-03
   63.300000      1.168933985073E-02      3.150108901800E-03
   63.400000      1.223834580722E-02      3.319117603406E-03
   63.500000      1.275916252372E-02      3.480403186292E-03
   63.600000      1.308287454122E-02      3.581594935495E-03
   63.700000      1.314839777288E-02      3.603610354671E-03
   63.800000      1.301523150272E-02      3.565251260143E-03
   63.900000      1.282739279049E-02      3.510967372846E-03
   64.000000      1.274272891458E-02      3.488579944776E-03
   64.100000      1.285748543211E-02      3.527667974298E-03
   64.200000      1.316541011291E-02      3.628105166300E-03
   64.300000      1.357249680217E-02      3.762897785475E-03
   64.400000      1.395145798175E-02      3.892816099415E-03
   64.500000      1.420264530950E-02      3.985440001281E-03
   64.600000      1.429616761482E-02      4.030062758352E-03
   64.700000      1.428390218134E-02      4.042435788930E-03
   64.800000      1.427988801902E-02      4.058039501366E-03
   64.900000      1.441474133872E-02      4.117244712263E-03
   65.000000      1.477975873675E-02      4.248556151311E-03
   65.100000      1.538581627008E-02      4.456285539056E-03
   65.200000      1.615508935884E-02      4.716839967643E-03
   65.300000      1.694353202072E-02      4.984510489043E-03
   65.400000      1.758246104124E-02      5.204542853217E-03
   65.500000      1.792763892487E-02      5.329268844104E-03
   65.600000      1.790296829377E-02      5.332462754977E-03
   65.700000      1.752644327517E-02      5.217753259469E-03
   65.800000      1.690968744148E-02      5.018601777642E-03
   65.900000      1.622690687798E-02      4.789668931684E-03
   66.000000      1.566006601636E-02      4.591772926631E-03
   66.100000      1.534760590127E-02      4.474472064643E-03
   66.200000      1.535700845058E-02      4.461109142770E-03
   66.300000      1.566125063665E-02      4.540728380507E-03
   66.400000      1.611974984434E-02      4.669611326907E-03
   66.500000      1.651614488856E-02      4.782507713798E-03
   66.600000      1.663668613854E-02      4.810618604644E-03
   66.700000      1.633208849287E-02      4.701121249481E-03
   66.800000      1.554887275237E-02      4.432548356644E-03
   66.900000      1.433465281202E-02      4.021890188754E-03
   67.000000      1.282655805767E-02      3.522064789287E-03
   67.100000      1.123419842050E-02      3.011107598781E-03
   67.200000      9.822176328802E-03      2.576155514781E-03
   67.300000      8.880635669266E-03      2.295867644635E-03
   67.400000      8.648167104167E-03      2.224616035482E-03
   67.500000      9.189743575287E-03      2.380959326039E-03
   67.600000      1.038083366140E-02      2.741958896215E-03
   67.700000      1.198442855351E-02      3.244199161867E-03
   67.800000      1.369857453669E-02      3.792064355855E-03
   67.900000      1.519082575747E-02      4.273479664880E-03
   68.000000      1.615030328781E-02      4.582175984371E-03
   68.100000      1.635469535246E-02      4.643246447722E-03
   68.200000      1.573279339220E-02      4.436060593703E-03
   68.300000      1.440415248690E-02      4.007072745348E-03
   68.400000      1.268223284362E-02      3.466152449712E-03
   68.500000      1.102985797408E-02      2.964116239950E-03
   68.600000      9.957218369859E-03      2.655097346965E-03
   68.700000      9.873302435956E-03      2.653220519412E-03
   68.800000      1.093455472255E-02      2.996487843708E-03
   68.900000      1.293903450019E-02      3.630138692468E-03
   69.000000      1.538699799899E-02      4.416639057172E-03
   69.100000      1.767920096879E-02      5.171207090773E-03
   69.200000      1.929044049420E-02      5.713162572429E-03
   69.300000      1.988392577846E-02      5.917610817166E-03
   69.400000      1.937448643169E-02      5.751345898938E-03
   69.500000      1.794085803089E-02      5.281769698268E-03
   69.600000      1.598762326160E-02      4.656345455669E-03
   69.700000      1.406121057012E-02      4.059498939335E-03
   69.800000      1.272449445638E-02      3.660640867276E-03
   69.900000      1.239299105992E-02      3.568905004018E-03
   70.000000      1.317088352404E-02      3.806969983967E-03
   70.100000      1.480533627612E-02      4.309552492476E-03
   70.200000      1.681965964499E-02      4.944528702755E-03
   70.300000      1.869245117197E-02      5.548783003829E-03
   70.400000      1.998004986013E-02      5.968328377468E-03
   70.500000      2.038620862299E-02      6.093031690114E-03
   70.600000      1.979621321068E-02      5.879262407924E-03
   70.700000      1.828476795733E-02      5.357388618025E-03
   70.800000      1.610280100533E-02      4.624072014815E-03
   70.900000      1.364450455548E-02      3.821405600512E-03
   71.000000      1.139070113747E-02      3.106475051515E-03
   71.100000      9.817874185630E-03      2.616460851362E-03
   71.200000      9.263045589450E-03      2.436019838643E-03
   71.300000      9.778745029331E-03      2.574736212504E-03
   71.400000      1.109135250460E-02      2.961799664291E-03
   71.500000      1.271626408855E-02      3.461876066453E-03
   71.600000      1.412634587193E-02      3.910492532610E-03
   71.700000      1.489199135701E-02      4.160636822032E-03
   71.800000      1.478006874187E-02      4.127184183636E-03
   71.900000      1.380771870671E-02      3.814708662988E-03
   72.000000      1.224414210107E-02      3.318376669234E-03
   72.100000      1.055543043222E-02      2.796010329169E-03
   72.200000      9.291976935085E-03      2.419225145410E-03
   72.300000      8.928209031887E-03      2.319189676611E-03
   72.400000      9.676917169561E-03      2.545021575731E-03
   72.500000      1.134225369764E-02      3.048888471656E-03
   72.600000      1.342706452091E-02      3.702688344110E-03
   72.700000      1.538244016366E-02      4.340089088640E-03
   72.800000      1.676980870000E-02      4.809002568335E-03
   72.900000      1.734951115734E-02      5.016611034561E-03
   73.000000      1.711173359164E-02      4.952726604121E-03
   73.100000      1.625509215759E-02      4.685665459546E-03
   73.200000      1.512278369977E-02      4.334428818044E-03
   73.300000      1.410979351662E-02      4.028296665690E-03
   73.400000      1.355414365987E-02      3.867750721526E-03
   73.500000      1.362832970937E-02      3.898558171910E-03
   73.600000      1.427805631806E-02      4.105175771572E-03
   73.700000      1.526898697373E-02      4.422784737562E-03
   73.800000      1.630384685018E-02      4.761767907357E-03
   73.900000      1.712129588400E-02      5.035895486527E-03
   74.000000      1.755287295597E-02      5.186029905981E-03
   74.100000      1.754913277099E-02      5.193753314461E-03
   74.200000      1.718173379902E-02      5.082609381027E-03
   74.300000      1.662059554390E-02      4.907714174854E-03
   74.400000      1.608381839060E-02      4.736989209168E-03
   74.500000      1.576553227607E-02      4.629106824416E-03
   74.600000      1.576339720240E-02      4.614208039865E-03
   74.700000      1.603949111917E-02      4.683180292207E-03
   74.800000      1.643478116018E-02      4.789428920254E-03
   74.900000      1.672669080746E-02      4.863660074126E-03
   75.000000      1.670499128242E-02      4.837878469547E-03
   75.100000      1.624365325328E-02      4.670967404442E-03
   75.200000      1.534865365377E-02      4.366566866143E-03
   75.300000      1.416662622435E-02      3.975722763496E-03
   75.400000      1.294895710171E-02      3.581870262356E-03
   75.500000      1.197718901332E-02      3.272494454155E-03
   75.600000      1.146440516487E-02      3.107601056928E-03
   75.700000      1.146046746214E-02      3.097306737807E-03
   75.800000      1.181879397312E-02      3.198058185806E-03
   75.900000      1.226620466420E-02      3.329903983147E-03
   76.000000      1.252792511074E-02      3.408597634369E-03
   76.100000      1.243601961682E-02      3.379825571128E-03
   76.200000      1.198878436756E-02      3.241550958778E-03
   76.300000      1.135098811590E-02      3.045147078057E-03
   76.400000      1.079419084124E-02      2.874773137686E-03
   76.500000      1.059068602570E-02      2.813555621433E-03
   76.600000      1.089986113606E-02      2.910615269322E-03
   76.700000      1.170185983832E-02      3.162417030854E-03
   76.800000      1.281145444316E-02      3.515570381830E-03
   76.900000      1.396068381372E-02      3.888922879022E-03
   77.000000      1.490419508620E-02      4.204743385825E-03
   77.100000      1.549968102358E-02      4.415529347925E-03
   77.200000      1.573882613991E-02      4.515773671395E-03
   77.300000      1.572613468181E-02      4.535379205070E-03
   77.400000      1.561791085864E-02      4.519787945981E-03
   77.500000      1.554652953479E-02      4.507409962735E-03
   77.600000      1.556581013857E-02      4.515135189046E-03
   77.700000      1.564737764848E-02      4.537725698633E-03
   77.800000      1.572492545630E-02      4.559388483159E-03
   77.900000      1.575193433515E-02      4.569669615427E-03
   78.000000      1.573775732031E-02      4.574035064858E-03
   78.100000      1.574578466624E-02      4.592834169666E-03
   78.200000      1.585674550321E-02      4.648924913476E-03
   78.300000      1.611468419035E-02      4.750669622213E-03
   78.400000      1.648291750988E-02      4.880013462443E-03
   78.500000      1.683808974362E-02      4.993352002186E-03
   78.600000      1.701330816143E-02      5.036747791306E-03
   78.700000      1.687176173698E-02      4.969712139765E-03
   78.800000      1.637576550588E-02      4.786836283337E-03
   78.900000      1.562218174716E-02      4.526550213530E-03
   79.000000      1.482909718420E-02      4.261409728324E-03
   79.100000      1.426745742206E-02      4.072358741636E-03
   79.200000      1.413903479710E-02      4.016779467802E-03
   79.300000      1.446215424875E-02      4.103445223596E-03
   79.400000      1.506608145410E-02      4.285131687857E-03
   79.500000      1.566810462729E-02      4.472601488165E-03
   79.600000      1.597081427632E-02      4.565063579574E-03
   79.700000      1.575362167747E-02      4.485741763695E-03
   79.800000      1.493829055386E-02      4.209437764850E-03
   79.900000      1.361502865081E-02      3.772347255445E-03
   80.000000      1.202496821221E-02      3.261223103309E-03
   80.100000      1.050235120113E-02      2.786464438773E-03
   80.200000      9.388662686714E-03      2.449022599440E-03
   80.300000      8.938032709919E-03      2.312350019338E-03
   80.400000      9.214837022579E-03      2.387824592471E-03
   80.500000      1.005831922037E-02      2.636644555277E-03
   80.600000      1.119142250231E-02      2.985470746955E-03
   80.700000      1.233186786959E-02      3.349221976864E-03
   80.800000      1.325849984660E-02      3.653452428618E-03
   80.900000      1.384500568800E-02      3.850417208507E-03
   81.000000      1.406514593204E-02      3.926086110740E-03
   81.100000      1.397651304750E-02      3.898506284705E-03
   81.200000      1.369437057456E-02      3.809893931340E-03
   81.300000      1.336839204943E-02      3.715314480386E-03
   81.400000      1.316795301168E-02      3.670290842147E-03
   81.500000      1.326366981145E-02      3.719021391995E-03
   81.600000      1.375516578768E-02      3.884644242107E-03
   81.700000      1.459112745425E-02      4.163067752305E-03
   81.800000      1.563614708876E-02      4.521831825505E-03
   81.900000      1.672920526682E-02      4.904917904843E-03
   82.000000      1.769354174036E-02      5.243377575436E-03
   82.100000      1.835154106834E-02      5.470287416824E-03
   82.200000      1.855903257804E-02      5.537097047064E-03
   82.300000      1.824869669741E-02      5.427310226934E-03
   82.400000      1.746272338606E-02      5.163269279290E-03
   82.500000      1.635999176665E-02      4.803168626801E-03
   82.600000      1.519072689482E-02      4.428192519575E-03
   82.700000      1.423464197899E-02      4.122858719094E-03
   82.800000      1.371303119339E-02      3.953915275312E-03
   82.900000      1.372798758711E-02      3.953616169130E-03
   83.000000      1.424879614830E-02      4.111864310823E-03
   83.100000      1.511861504207E-02      4.379141269911E-03
   83.200000      1.609285179608E-02      4.679167592506E-03
   83.300000      1.690624817827E-02      4.927710319119E-03
   83.400000      1.733849714555E-02      5.052593283589E-03
   83.500000      1.725858015816E-02      5.010094420863E-03
   83.600000      1.664521710660E-02      4.794284916104E-03
   83.700000      1.558714273094E-02      4.437807058125E-03
   83.800000      1.426679722874E-02      4.004415540919E-03
   83.900000      1.292918198128E-02      3.574964830521E-03
   84.000000      1.183570597216E-02      3.229443125761E-03
   84.100000      1.120244673206E-02      3.028343158490E-03
   84.200000      1.113044436053E-02      2.997214185789E-03
   84.300000      1.155907900621E-02      3.118419544836E-03
   84.400000      1.228043335737E-02      3.333407407356E-03
   84.500000      1.300893307503E-02      3.556735609410E-03
   84.600000      1.346767885611E-02      3.699761692035E-03
   84.700000      1.346526751083E-02      3.698194244467E-03
   84.800000      1.295129106659E-02      3.535073149413E-03
   84.900000      1.204126295564E-02      3.250673846213E-03
   85.000000      1.100220760477E-02      2.934043997586E-03
   85.100000      1.019242012603E-02      2.696821132599E-03
   85.200000      9.953688777064E-03      2.636734347414E-03
   85.300000      1.047281014006E-02      2.803070897272E-03
   85.400000      1.167966911376E-02      3.177017955788E-03
   85.500000      1.326933270158E-02      3.675296897690E-03
   85.600000      1.483391865694E-02      4.177168942472E-03
   85.700000      1.601030577826E-02      4.565826124053E-03
   85.800000      1.658843413180E-02      4.769108869508E-03
   85.900000      1.656584207400E-02      4.784099516052E-03
   86.000000      1.614322070081E-02      4.675866677117E-03
   86.100000      1.565820742948E-02      4.550416606242E-03
   86.200000      1.546037132350E-02      4.511965865426E-03
   86.300000      1.575717115203E-02      4.620953649514E-03
   86.400000      1.651411110215E-02      4.869115419067E-03
   86.500000      1.747763473950E-02      5.181371696072E-03
   86.600000      1.828845506274E-02      5.443881950233E-03
   86.700000      1.861638951268E-02      5.547574094089E-03
   86.800000      1.827311577721E-02      5.430688452130E-03
   86.900000      1.727878682495E-02      5.104396420213E-03
   87.000000      1.587029327428E-02      4.651931859699E-03
   87.100000      1.444674268450E-02      4.201416694684E-03
   87.200000      1.344985773238E-02      3.882103001343E-03
   87.300000      1.319030940506E-02      3.779662651031E-03
   87.400000      1.369689098326E-02      3.906360604271E-03
   87.500000      1.471070374784E-02      4.196527430270E-03
   87.600000      1.581474018228E-02      4.528828199724E-03
   87.700000      1.658763491343E-02      4.767619392758E-03
   87.800000      1.672821718206E-02      4.809250715222E-03
   87.900000      1.613741409450E-02      4.617502790845E-03
   88.000000      1.494755527182E-02      4.235955032756E-03
   88.100000      1.349162543882E-02      3.772843016727E-03
   88.200000      1.220670498471E-02      3.363395243694E-03
   88.300000      1.147812299024E-02      3.122547626644E-03
   88.400000      1.148247012817E-02      3.104526047489E-03
   88.500000      1.211462015309E-02      3.283684398432E-03
   88.600000      1.303657986654E-02      3.563738796566E-03
   88.700000      1.382254395217E-02      3.812512012789E-03
   88.800000      1.411464985259E-02      3.910002274563E-03
   88.900000      1.373269567869E-02      3.792517781570E-03
   89.000000      1.272557979213E-02      3.476869830965E-03
   89.100000      1.136285475399E-02      3.055858983752E-03
   89.200000      1.006714021082E-02      2.666777103818E-03
   89.300000      9.292492020924E-03      2.444390756123E-03
   89.400000      9.371584085700E-03      2.475261274533E-03
   89.500000      1.036325213792E-02      2.769390959040E-03
   89.600000      1.198955923828E-02      3.258492087439E-03
   89.700000      1.379011482343E-02      3.820285010345E-03
   89.800000      1.532585660116E-02      4.319038824759E-03
   89.900000      1.629325384653E-02      4.647631252211E-03
   90.000000      1.657278841696E-02      4.757323716599E-03
   90.100000      1.623226926706E-02      4.667190688056E-03
   90.200000      1.549454082995E-02      4.452797183723E-03
   90.300000      1.467935556159E-02      4.220138362160E-03
   90.400000      1.412686088559E-02      4.074081552572E-03
   90.500000      1.410600467296E-02      4.090296955858E-03
   90.600000      1.472329082069E-02      4.296952150062E-03
   90.700000      1.588218122788E-02      4.668873198549E-03
   90.800000      1.732556404760E-02      5.133843667529E-03
   90.900000      1.872024909928E-02      5.588855220882E-03
   91.000000      1.973607587796E-02      5.923167917441E-03
   91.100000      2.011019920183E-02      6.044255533323E-03
   91.200000      1.969942276126E-02      5.901692421607E-03
   91.300000      1.851760648823E-02      5.503208841500E-03
   91.400000      1.674996582911E-02      4.917552774224E-03
   91.500000      1.473475489915E-02      4.261311622604E-03
   91.600000      1.290314459923E-02      3.671322540417E-03
   91.700000      1.167081342205E-02      3.269348178664E-03
   91.800000      1.129833086030E-02      3.129212327730E-03
   91.900000      1.179223510093E-02      3.256771213771E-03
   92.000000      1.291931329377E-02      3.589404749587E-03
   92.100000      1.430438277048E-02      4.015296767610E-03
   92.200000      1.554506484761E-02      4.406066886741E-03
   92.300000      1.631457378921E-02      4.651980811448E-03
   92.400000      1.642935896011E-02      4.688703498314E-03
   92.500000      1.587170858660E-02      4.508366715667E-03
   92.600000      1.477233006626E-02      4.153893857882E-03
   92.700000      1.336384012279E-02      3.701390990458E-03
   92.800000      1.191836608526E-02      3.238530192963E-03
   92.900000      1.068630519957E-02      2.846163377413E-03
   93.000000      9.860351695627E-03      2.586777733923E-03
   93.100000      9.571431451769E-03      2.499132560922E-03
   93.200000      9.881722596949E-03      2.595907907641E-03
   93.300000      1.074985385751E-02      2.861614161136E-03
   93.400000      1.200643451545E-02      3.250717191376E-03
   93.500000      1.338809360313E-02      3.688956016508E-03
   93.600000      1.459594134597E-02      4.082012235791E-03
   93.700000      1.535127377493E-02      4.333849959833E-03
   93.800000      1.545533519814E-02      4.372630584415E-03
   93.900000      1.484857557179E-02      4.177086233750E-03
   94.000000      1.365318530451E-02      3.793235067557E-03
   94.100000      1.218034695234E-02      3.332367439618E-03
   94.200000      1.088722171264E-02      2.946679026280E-03
   94.300000      1.027676251130E-02      2.787095877413E-03
   94.400000      1.073889197069E-02      2.955554954362E-03
   94.500000      1.234176485832E-02      3.467873123519E-03
   94.600000      1.474460276039E-02      4.241242760643E-03
   94.700000      1.737301335223E-02      5.112603420673E-03
   94.800000      1.962754159275E-02      5.883408373310E-03
   94.900000      2.103040386041E-02      6.376783718747E-03
   95.000000      2.132178797901E-02      6.488519387811E-03
   95.100000      2.050409205182E-02      6.215472862724E-03
   95.200000      1.883160459024E-02      5.652878915818E-03
   95.300000      1.674904296664E-02      4.962664898434E-03
   95.400000      1.478794375067E-02      4.324247438108E-03
   95.500000      1.343236693239E-02      3.884160608782E-03
   95.600000      1.297017595500E-02      3.719805932600E-03
   95.700000      1.338789403340E-02      3.826503673372E-03
   95.800000      1.440708403988E-02      4.128588077589E-03
   95.900000      1.562953076912E-02      4.507846516744E-03
   96.000000      1.667090941102E-02      4.838640836222E-03
   96.100000      1.724283181301E-02      5.019302063078E-03
   96.200000      1.719125846739E-02      4.992808050449E-03
   96.300000      1.650411650486E-02      4.754287028214E-03
   96.400000      1.529830516722E-02      4.346608615600E-03
   96.500000      1.379188823839E-02      3.847275954301E-03
   96.600000      1.226288291334E-02      3.350222762374E-03
   96.700000      1.099543937588E-02      2.945825323021E-03
   96.800000      1.021969868798E-02      2.702266213715E-03
   96.900000      1.005770034712E-02      2.651523510191E-03
   97.000000      1.048916155548E-02      2.783212531499E-03
   97.100000      1.135414193701E-02      3.048501150774E-03
   97.200000      1.240405442195E-02      3.373945455367E-03
   97.300000      1.338236039971E-02      3.681827588083E-03
   97.400000      1.409674281363E-02      3.910785524664E-03
   97.500000      1.445809412374E-02      4.029804584412E-03
   97.600000      1.448099876361E-02      4.040847356024E-03
   97.700000      1.425193894299E-02      3.969950299312E-03
   97.800000      1.387999179325E-02      3.851573068855E-03
   97.900000      1.345135859632E-02      3.713932526857E-03
   98.000000      1.300895206634E-02      3.572334144300E-03
   98.100000      1.256656238040E-02      3.433214800941E-03
   98.200000      1.214719301803E-02      3.305707389512E-03
   98.300000      1.182036351493E-02      3.213028900475E-03
   98.400000      1.171302961260E-02      3.195389877877E-03
   98.500000      1.197967735293E-02      3.300068075168E-03
   98.600000      1.273414443350E-02      3.561087682178E-03
   98.700000      1.397146676145E-02      3.977277368953E-03
   98.800000      1.552935046173E-02      4.499978364897E-03
   98.900000      1.712058024904E-02      5.038638488486E-03
   99.000000      1.842046295292E-02      5.484947029849E-03
   99.100000      1.916814184923E-02      5.747438630769E-03
   99.200000      1.924554156260E-02      5.782864965635E-03
   99.300000      1.871169214577E-02      5.611061567173E-03
   99.400000      1.778337626315E-02      5.306643913607E-03
   99.500000      1.676513037032E-02      4.970773323367E-03
   99.600000      1.594444104202E-02      4.694873996854E-03
   99.700000      1.548757845719E-02      4.531461393051E-03
   99.800000      1.539226724472E-02      4.483544631859E-03
   99.900000      1.552886599341E-02      4.515146186362E-03
  100.000000      1.573319799292E-02      4.575677619314E-03
