# M=12, N=6, V0=0.0, V=0.25, PBC
#  time (tJ)                 S₁(n=2)                 S₂(n=2)
    0.000000      0.000000000000E+00      4.440892098501E-16
    0.100000      3.276192240579E-03      6.810144251337E-04
    0.200000      1.048925307734E-02      2.522773023938E-03
    0.300000      1.905420112705E-02      4.988461153330E-03
    0.400000      2.677319967099E-02      7.382215468203E-03
    0.500000      3.198492186214E-02      9.071201037841E-03
    0.600000      3.379832607669E-02      9.675683309119E-03
    0.700000      3.219143823321E-02      9.165145831239E-03
    0.800000      2.795110814585E-02      7.835564817440E-03
    0.900000      2.247428465944E-02      6.186097921375E-03
    1.000000      1.748181139168E-02      4.746385958073E-03
    1.100000      1.462189761501E-02      3.916950583989E-03
    1.200000      1.464012431243E-02      3.872418043690E-03
    1.300000      1.719931654223E-02      4.548104622804E-03
    1.400000      2.122202183502E-02      5.698560574682E-03
    1.500000      2.546303238193E-02      6.994860008607E-03
    1.600000      2.894973515061E-02      8.122133027533E-03
    1.700000      3.108070443289E-02      8.848565324273E-03
    1.800000      3.160962110979E-02      9.054824765506E-03
    1.900000      3.057861452012E-02      8.729893036383E-03
    2.000000      2.822036342494E-02      7.948744590300E-03
    2.100000      2.488792812838E-02      6.846870935155E-03
    2.200000      2.102851819083E-02      5.599075789498E-03
    2.300000      1.718551421770E-02      4.401144136003E-03
    2.400000      1.398878356481E-02      3.448257164032E-03
    2.500000      1.208330346158E-02      2.905504955131E-03
    2.600000      1.195453848995E-02      2.872167230854E-03
    2.700000      1.367053919433E-02      3.349041169813E-03
    2.800000      1.670460342857E-02      4.222773918806E-03
    2.900000      2.020293552318E-02      5.279530664406E-03
    3.000000      2.328587438461E-02      6.251654062579E-03
    3.100000      2.523395030653E-02      6.888238638926E-03
    3.200000      2.562949901083E-02      7.029370881577E-03
    3.300000      2.444722065705E-02      6.659364505554E-03
    3.400000      2.207889365500E-02      5.918829797302E-03
    3.500000      1.927904673262E-02      5.067655413109E-03
    3.600000      1.702442706213E-02      4.407364774925E-03
    3.700000      1.625957453036E-02      4.186589333384E-03
    3.800000      1.744965642524E-02      4.521471409188E-03
    3.900000      2.028777978133E-02      5.359072729886E-03
    4.000000      2.397295089367E-02      6.496533274866E-03
    4.100000      2.754408534869E-02      7.647941577619E-03
    4.200000      3.017216992092E-02      8.533724499220E-03
    4.300000      3.134008436131E-02      8.960813288443E-03
    4.400000      3.091903808899E-02      8.867615448487E-03
    4.500000      2.915342059253E-02      8.322728284469E-03
    4.600000      2.655823748120E-02      7.484315192741E-03
    4.700000      2.373353011142E-02      6.541089495073E-03
    4.800000      2.115205593992E-02      5.659962274860E-03
    4.900000      1.908105892603E-02      4.957738109469E-03
    5.000000      1.766855427877E-02      4.499114044092E-03
    5.100000      1.702120840720E-02      4.309444182410E-03
    5.200000      1.721813289164E-02      4.386032254920E-03
    5.300000      1.822238355963E-02      4.697799960237E-03
    5.400000      1.977056657678E-02      5.175178377540E-03
    5.500000      2.142473695690E-02      5.702326375747E-03
    5.600000      2.270560407043E-02      6.126356715408E-03
    5.700000      2.317703584332E-02      6.291415876462E-03
    5.800000      2.254759687358E-02      6.092028743237E-03
    5.900000      2.079492676683E-02      5.526421306641E-03
    6.000000      1.826008657513E-02      4.724064524741E-03
    6.100000      1.564974879561E-02      3.927422083570E-03
    6.200000      1.392023065808E-02      3.425035811980E-03
    6.300000      1.397405801006E-02      3.454661178424E-03
    6.400000      1.617193879746E-02      4.111194725950E-03
    6.500000      2.007805110165E-02      5.296558993330E-03
    6.600000      2.464647534601E-02      6.735283293570E-03
    6.700000      2.868500206868E-02      8.055010875620E-03
    6.800000      3.120979469397E-02      8.905546810512E-03
    6.900000      3.167190122385E-02      9.074229332522E-03
    7.000000      3.007677618689E-02      8.556096406697E-03
    7.100000      2.698119343676E-02      7.553954128167E-03
    7.200000      2.336196545611E-02      6.408862541605E-03
    7.300000      2.037351477463E-02      5.485813514489E-03
    7.400000      1.901945429157E-02      5.054061202741E-03
    7.500000      1.971521664016E-02      5.202312580877E-03
    7.600000      2.193989474246E-02      5.816185105346E-03
    7.700000      2.464122228305E-02      6.623692311151E-03
    7.800000      2.673974227990E-02      7.291582465617E-03
    7.900000      2.742013508757E-02      7.538959932031E-03
    8.000000      2.632122131524E-02      7.229988363467E-03
    8.100000      2.361629369685E-02      6.415588924564E-03
    8.200000      1.997467302445E-02      5.311840271410E-03
    8.300000      1.639430203099E-02      4.224379070711E-03
    8.400000      1.387049702824E-02      3.446287375821E-03
    8.500000      1.300426672210E-02      3.165243905364E-03
    8.600000      1.386335436129E-02      3.410999273103E-03
    8.700000      1.608547400586E-02      4.058600391540E-03
    8.800000      1.894276912753E-02      4.882628099882E-03
    8.900000      2.153232840696E-02      5.640464372258E-03
    9.000000      2.318252937627E-02      6.153749857553E-03
    9.100000      2.365585574685E-02      6.359221258748E-03
    9.200000      2.316160838858E-02      6.312543304412E-03
    9.300000      2.225523874272E-02      6.147642038092E-03
    9.400000      2.163103407674E-02      6.011974022422E-03
    9.500000      2.175441133031E-02      6.006792772140E-03
    9.600000      2.255574377103E-02      6.156475777555E-03
    9.700000      2.366031323250E-02      6.415328046491E-03
    9.800000      2.470549009742E-02      6.702526612102E-03
    9.900000      2.547912654483E-02      6.944705105117E-03
   10.000000      2.592958480567E-02      7.105297353523E-03
   10.100000      2.607514981211E-02      7.188835150809E-03
   10.200000      2.598829939491E-02      7.221843661469E-03
   10.300000      2.578473611696E-02      7.223479655626E-03
   10.400000      2.553423587490E-02      7.183448058388E-03
   10.500000      2.517649670150E-02      7.060151008398E-03
   10.600000      2.454333770803E-02      6.800982310126E-03
   10.700000      2.346294296611E-02      6.374894583119E-03
   10.800000      2.187570008812E-02      5.800709032107E-03
   10.900000      1.992570830259E-02      5.156173701321E-03
   11.000000      1.796737648412E-02      4.561532175226E-03
   11.100000      1.647540313309E-02      4.143027583024E-03
   11.200000      1.587943564196E-02      3.990752004079E-03
   11.300000      1.630624624268E-02      4.127443066926E-03
   11.400000      1.752541118046E-02      4.499744578812E-03
   11.500000      1.912119832065E-02      4.994267832035E-03
   11.600000      2.063090789683E-02      5.472031811429E-03
   11.700000      2.168802551800E-02      5.809617640343E-03
   11.800000      2.209855146161E-02      5.934381288880E-03
   11.900000      2.186041505498E-02      5.843684219768E-03
   12.000000      2.115662344931E-02      5.603330497036E-03
   12.100000      2.031725239515E-02      5.326818881461E-03
   12.200000      1.973254584192E-02      5.142506571719E-03
   12.300000      1.974785702684E-02      5.158358280676E-03
   12.400000      2.056050336504E-02      5.433203917598E-03
   12.500000      2.214469355998E-02      5.960650988821E-03
   12.600000      2.423658540012E-02      6.668511824259E-03
   12.700000      2.644763519521E-02      7.433300129010E-03
   12.800000      2.837478575682E-02      8.106051264676E-03
   12.900000      2.965604733781E-02      8.543223542068E-03
   13.000000      3.000774262248E-02      8.636036463797E-03
   13.100000      2.925997085000E-02      8.333406702612E-03
   13.200000      2.739456722295E-02      7.655937673908E-03
   13.300000      2.458875002560E-02      6.699318219440E-03
   13.400000      2.124543668261E-02      5.625014913154E-03
   13.500000      1.798266691458E-02      4.636175356979E-03
   13.600000      1.554460062626E-02      3.938896379329E-03
   13.700000      1.458758638137E-02      3.693468454733E-03
   13.800000      1.541096239652E-02      3.965540136104E-03
   13.900000      1.783070319988E-02      4.691537850904E-03
   14.000000      2.114169281646E-02      5.673909403786E-03
   14.100000      2.428200299803E-02      6.617226739062E-03
   14.200000      2.622569372642E-02      7.204457312699E-03
   14.300000      2.625712261846E-02      7.196151242255E-03
   14.400000      2.415562402027E-02      6.520818755333E-03
   14.500000      2.029608115076E-02      5.320853667328E-03
   14.600000      1.563404852445E-02      3.929693913611E-03
   14.700000      1.153845036178E-02      2.779776469243E-03
   14.800000      9.502076174333E-03      2.267820641054E-03
   14.900000      1.068211246264E-02      2.622514670958E-03
   15.000000      1.493905383348E-02      3.821635880920E-03
   15.100000      2.090522115125E-02      5.589752170816E-03
   15.200000      2.695148712681E-02      7.479704064345E-03
   15.300000      3.165431026507E-02      9.011236429326E-03
   15.400000      3.405845321772E-02      9.819342839820E-03
   15.500000      3.382964603806E-02      9.761138704883E-03
   15.600000      3.127999622678E-02      8.945527186869E-03
   15.700000      2.726645859054E-02      7.679141989356E-03
   15.800000      2.297814190208E-02      6.353277637470E-03
   15.900000      1.960900995789E-02      5.316474706305E-03
   16.000000      1.792406270801E-02      4.778017582637E-03
   16.100000      1.804250845467E-02      4.770312467656E-03
   16.200000      1.952324379270E-02      5.172653586209E-03
   16.300000      2.159352157422E-02      5.776985623281E-03
   16.400000      2.351477881257E-02      6.365568885217E-03
   16.500000      2.479374704096E-02      6.772453363040E-03
   16.600000      2.522697833488E-02      6.912270048920E-03
   16.700000      2.483293133280E-02      6.775541813139E-03
   16.800000      2.373762447367E-02      6.403106270735E-03
   16.900000      2.208729024478E-02      5.857898571814E-03
   17.000000      2.002335324123E-02      5.208400865414E-03
   17.100000      1.774425805760E-02      4.527656980392E-03
   17.200000      1.556932838365E-02      3.901174226204E-03
   17.300000      1.391948372375E-02      3.431724237120E-03
   17.400000      1.322075488691E-02      3.230762107793E-03
   17.500000      1.379300435111E-02      3.393225336469E-03
   17.600000      1.570337613802E-02      3.961613821684E-03
   17.700000      1.875291365842E-02      4.892952568989E-03
   17.800000      2.247191758641E-02      6.045120636082E-03
   17.900000      2.614600823572E-02      7.194831286957E-03
   18.000000      2.897852566209E-02      8.088720835278E-03
   18.100000      3.033548326729E-02      8.515349799711E-03
   18.200000      2.991859862754E-02      8.375157165917E-03
   18.300000      2.785150247996E-02      7.722530281997E-03
   18.400000      2.468873344000E-02      6.761253715280E-03
   18.500000      2.134058701711E-02      5.789928863293E-03
   18.600000      1.889805045583E-02      5.112209272806E-03
   18.700000      1.829192251595E-02      4.940730057628E-03
   18.800000      1.973467964805E-02      5.327452625718E-03
   18.900000      2.261840835865E-02      6.144891778054E-03
   19.000000      2.593771236561E-02      7.125338879856E-03
   19.100000      2.864045347120E-02      7.945106779476E-03
   19.200000      2.989601925006E-02      8.325243337730E-03
   19.300000      2.926927263181E-02      8.114905855980E-03
   19.400000      2.679511702286E-02      7.330919021880E-03
   19.500000      2.295460548870E-02      6.144095808932E-03
   19.600000      1.856148907826E-02      4.822253782122E-03
   19.700000      1.457030357038E-02      3.653065904110E-03
   19.800000      1.184168002825E-02      2.872218213514E-03
   19.900000      1.093950642344E-02      2.615087056724E-03
   20.000000      1.197598378858E-02      2.898725626999E-03
   20.100000      1.462439792324E-02      3.631006966398E-03
   20.200000      1.816112902612E-02      4.638477809582E-03
   20.300000      2.173454772330E-02      5.704126340719E-03
   20.400000      2.462434944733E-02      6.608956769783E-03
   20.500000      2.633362633609E-02      7.173864943738E-03
   20.600000      2.662635443233E-02      7.298094729033E-03
   20.700000      2.555068283649E-02      6.987315739288E-03
   20.800000      2.345471641439E-02      6.361208072346E-03
   20.900000      2.096933513046E-02      5.631753294927E-03
   21.000000      1.892650765229E-02      5.051197658324E-03
   21.100000      1.814084818849E-02      4.840391348870E-03
   21.200000      1.906262942202E-02      5.118345067621E-03
   21.300000      2.156421574468E-02      5.857123207796E-03
   21.400000      2.497846692874E-02      6.880320446649E-03
   21.500000      2.833479558782E-02      7.909731843554E-03
   21.600000      3.068309980871E-02      8.647910599664E-03
   21.700000      3.136348321238E-02      8.870425888416E-03
   21.800000      3.015480370509E-02      8.496712021774E-03
   21.900000      2.731828988528E-02      7.615119309154E-03
   22.000000      2.353891580906E-02      6.453795315736E-03
   22.100000      1.977094612850E-02      5.307923764950E-03
   22.200000      1.698621938679E-02      4.448335316130E-03
   22.300000      1.581061623455E-02      4.041666280821E-03
   22.400000      1.624712397551E-02      4.107051531245E-03
   22.500000      1.776990588349E-02      4.521339893672E-03
   22.600000      1.963278887945E-02      5.068797482257E-03
   22.700000      2.112556996765E-02      5.517482579995E-03
   22.800000      2.172541198427E-02      5.696949625725E-03
   22.900000      2.122596871444E-02      5.552399170722E-03
   23.000000      1.981814397026E-02      5.158295662595E-03
   23.100000      1.805890013146E-02      4.687560791438E-03
   23.200000      1.672527210294E-02      4.347101856330E-03
   23.300000      1.653551090938E-02      4.302092980313E-03
   23.400000      1.772687255696E-02      4.615796887455E-03
   23.500000      1.993920940433E-02      5.226669607589E-03
   23.600000      2.251434349671E-02      5.971357823480E-03
   23.700000      2.475024371732E-02      6.645416805457E-03
   23.800000      2.611793689475E-02      7.079121232561E-03
   23.900000      2.640365864712E-02      7.199227466522E-03
   24.000000      2.574971141139E-02      7.052256477698E-03
   24.100000      2.460354334049E-02      6.779881607344E-03
   24.200000      2.358698053369E-02      6.556602749189E-03
   24.300000      2.327163756111E-02      6.515572846091E-03
   24.400000      2.388443948150E-02      6.693150721981E-03
   24.500000      2.512961495044E-02      7.014565131891E-03
   24.600000      2.637243003287E-02      7.325852072632E-03
   24.700000      2.700083213894E-02      7.458272151477E-03
   24.800000      2.664172475666E-02      7.298290616878E-03
   24.900000      2.524408832867E-02      6.834209575542E-03
   25.000000      2.308235450822E-02      6.160783267362E-03
   25.100000      2.068587109661E-02      5.441427824704E-03
   25.200000      1.867574520585E-02      4.845630368338E-03
   25.300000      1.751015135421E-02      4.488480515609E-03
   25.400000      1.722836666778E-02      4.396175215673E-03
   25.500000      1.757800665247E-02      4.508590131177E-03
   25.600000      1.821375228028E-02      4.714255661477E-03
   25.700000      1.882597056261E-02      4.900930043713E-03
   25.800000      1.921097452824E-02      5.000420480902E-03
   25.900000      1.930801689084E-02      5.010276869505E-03
   26.000000      1.924145535350E-02      4.985526263144E-03
   26.100000      1.927332995010E-02      5.006355477017E-03
   26.200000      1.966851206788E-02      5.137210078521E-03
   26.300000      2.052517337021E-02      5.395280881562E-03
   26.400000      2.169661865539E-02      5.741326563824E-03
   26.500000      2.286552246022E-02      6.095977682199E-03
   26.600000      2.370935298963E-02      6.374209728796E-03
   26.700000      2.405379289397E-02      6.523331562223E-03
   26.800000      2.395450155252E-02      6.548154435899E-03
   26.900000      2.369121250508E-02      6.511761280251E-03
   27.000000      2.364752392762E-02      6.509970247937E-03
   27.100000      2.409038913488E-02      6.628545527821E-03
   27.200000      2.503120015516E-02      6.900071174693E-03
   27.300000      2.626997783243E-02      7.278895891091E-03
   27.400000      2.746163655101E-02      7.646707493891E-03
   27.500000      2.816798745199E-02      7.849764888543E-03
   27.600000      2.796486307657E-02      7.755665918143E-03
   27.700000      2.661662104271E-02      7.308176998628E-03
   27.800000      2.420951251991E-02      6.557646147602E-03
   27.900000      2.117724599655E-02      5.653073037077E-03
   28.000000      1.822251012491E-02      4.796893169269E-03
   28.100000      1.614713206312E-02      4.178787420370E-03
   28.200000      1.544622723015E-02      3.913859432960E-03
   28.300000      1.594786448128E-02      4.009166011396E-03
   28.400000      1.720354513839E-02      4.370843476575E-03
   28.500000      1.871960611328E-02      4.846733114234E-03
   28.600000      2.006840487787E-02      5.284549843525E-03
   28.700000      2.100183793302E-02      5.580644827634E-03
   28.800000      2.145114784700E-02      5.701489509987E-03
   28.900000      2.143561476021E-02      5.674697126757E-03
   29.000000      2.106397502071E-02      5.560528368318E-03
   29.100000      2.051017880546E-02      5.421545279141E-03
   29.200000      1.998490113964E-02      5.305211335825E-03
   29.300000      1.970214137280E-02      5.244397970703E-03
   29.400000      1.980116085925E-02      5.269346143218E-03
   29.500000      2.032888296377E-02      5.417472820107E-03
   29.600000      2.133399110448E-02      5.728513140772E-03
   29.700000      2.286460163347E-02      6.221932116766E-03
   29.800000      2.485802285688E-02      6.866622981381E-03
   29.900000      2.703449039166E-02      7.561962813987E-03
   30.000000      2.888594654174E-02      8.147918516794E-03
   30.100000      2.983806406450E-02      8.449175463112E-03
   30.200000      2.948518814820E-02      8.340053500598E-03
   30.300000      2.776090754338E-02      7.803055687128E-03
   30.400000      2.501026348453E-02      6.952484270881E-03
   30.500000      2.194248362709E-02      6.007508621223E-03
   30.600000      1.943819912514E-02      5.220687258189E-03
   30.700000      1.818995087821E-02      4.788107770094E-03
   30.800000      1.836677018606E-02      4.776754318943E-03
   30.900000      1.958613864000E-02      5.099272344953E-03
   31.000000      2.110950232926E-02      5.548143334599E-03
   31.100000      2.214541063665E-02      5.877543431471E-03
   31.200000      2.214227912646E-02      5.901272780907E-03
   31.300000      2.097323269616E-02      5.567566936346E-03
   31.400000      1.898087297017E-02      4.980242055597E-03
   31.500000      1.686479256978E-02      4.357377723987E-03
   31.600000      1.545605501384E-02      3.944317204760E-03
   31.700000      1.540576696570E-02      3.916120882367E-03
   31.800000      1.683058860459E-02      4.308340834513E-03
   31.900000      1.925761029397E-02      5.003293827749E-03
   32.000000      2.186706485539E-02      5.777055359331E-03
   32.100000      2.387350145364E-02      6.388573325120E-03
   32.200000      2.477975755122E-02      6.675415779635E-03
   32.300000      2.450406463464E-02      6.617412522607E-03
   32.400000      2.340322747027E-02      6.341815644549E-03
   32.500000      2.218140093900E-02      6.067223685863E-03
   32.600000      2.167961584878E-02      6.008778717328E-03
   32.700000      2.252176311339E-02      6.283385830926E-03
   32.800000      2.456035115115E-02      6.854169371107E-03
   32.900000      2.697809425966E-02      7.537994311229E-03
   33.000000      2.884936868474E-02      8.074690977165E-03
   33.100000      2.943988973114E-02      8.231240180432E-03
   33.200000      2.842457361089E-02      7.898695558107E-03
   33.300000      2.598854654860E-02      7.141140867008E-03
   33.400000      2.279261528654E-02      6.175097817878E-03
   33.500000      1.979548144631E-02      5.287065674671E-03
   33.600000      1.791153010534E-02      4.723372169128E-03
   33.700000      1.758444814077E-02      4.598091155345E-03
   33.800000      1.858954206140E-02      4.856339393521E-03
   33.900000      2.019431291840E-02      5.306104024852E-03
   34.000000      2.155594842717E-02      5.702876922918E-03
   34.100000      2.205349485551E-02      5.850118364754E-03
   34.200000      2.146792736750E-02      5.673571389045E-03
   34.300000      2.002457460599E-02      5.240440381959E-03
   34.400000      1.829079343561E-02      4.719520482164E-03
   34.500000      1.692401292246E-02      4.304135574230E-03
   34.600000      1.636644990262E-02      4.134351127345E-03
   34.700000      1.671377795915E-02      4.251914163375E-03
   34.800000      1.781402383437E-02      4.603110059447E-03
   34.900000      1.938548590820E-02      5.081043285164E-03
   35.000000      2.108212637986E-02      5.581592415230E-03
   35.100000      2.261773212234E-02      6.044184190030E-03
   35.200000      2.389608829575E-02      6.459752257500E-03
   35.300000      2.500166401953E-02      6.847053002741E-03
   35.400000      2.606973871138E-02      7.215039870106E-03
   35.500000      2.709353566268E-02      7.535172353961E-03
   35.600000      2.780898841080E-02      7.740875373411E-03
   35.700000      2.788180394646E-02      7.755895114681E-03
   35.800000      2.713682896895E-02      7.537187394506E-03
   35.900000      2.566604843783E-02      7.109354430168E-03
   36.000000      2.382628330174E-02      6.570773829623E-03
   36.100000      2.213303650159E-02      6.064925958152E-03
   36.200000      2.108027674266E-02      5.727480434794E-03
   36.300000      2.093379402303E-02      5.632029033932E-03
   36.400000      2.157431166408E-02      5.758855788502E-03
   36.500000      2.254613505477E-02      6.001160585603E-03
   36.600000      2.329497485010E-02      6.206680960516E-03
   36.700000      2.339218243375E-02      6.237472930187E-03
   36.800000      2.266045672943E-02      6.023340139801E-03
   36.900000      2.120539892636E-02      5.587707537039E-03
   37.000000      1.936787812825E-02      5.036680220454E-03
   37.100000      1.759930627229E-02      4.517255084080E-03
   37.200000      1.634604937001E-02      4.162737192163E-03
   37.300000      1.592939475530E-02      4.047546585443E-03
   37.400000      1.638769469513E-02      4.168551274454E-03
   37.500000      1.747012576619E-02      4.458419604259E-03
   37.600000      1.879565092188E-02      4.823182956053E-03
   37.700000      2.004742485450E-02      5.186406306895E-03
   37.800000      2.110222229292E-02      5.519847261461E-03
   37.900000      2.203713994898E-02      5.846526198729E-03
   38.000000      2.303381429299E-02      6.214751919447E-03
   38.100000      2.424469102380E-02      6.655697926859E-03
   38.200000      2.566450591510E-02      7.146087569387E-03
   38.300000      2.703961712615E-02      7.596694212353E-03
   38.400000      2.794743911951E-02      7.876420856483E-03
   38.500000      2.798594855609E-02      7.865243590367E-03
   38.600000      2.696248783474E-02      7.514564923351E-03
   38.700000      2.502091045362E-02      6.887307019691E-03
   38.800000      2.266726840614E-02      6.155810846916E-03
   38.900000      2.066166264852E-02      5.551812335404E-03
   39.000000      1.974945723833E-02      5.283303702815E-03
   39.100000      2.033420860876E-02      5.449382587122E-03
   39.200000      2.218541022263E-02      5.988715817487E-03
   39.300000      2.450609493349E-02      6.686839793574E-03
   39.400000      2.630647399598E-02      7.245165473270E-03
   39.500000      2.676440363037E-02      7.388818909298E-03
   39.600000      2.546602930402E-02      6.972448640325E-03
   39.700000      2.252439783159E-02      6.041654593323E-03
   39.800000      1.856535381236E-02      4.824460287317E-03
   39.900000      1.459272423179E-02      3.655315642653E-03
   40.000000      1.176483482390E-02      2.861026783338E-03
   40.100000      1.106039596637E-02      2.652126112761E-03
   40.200000      1.261022236849E-02      3.059297618175E-03
   40.300000      1.571223977959E-02      3.935400788928E-03
   40.400000      1.936228269082E-02      5.017919034662E-03
   40.500000      2.260112181155E-02      6.024503005309E-03
   40.600000      2.478347318760E-02      6.743971592730E-03
   40.700000      2.569420792086E-02      7.090238295260E-03
   40.800000      2.552228178085E-02      7.104366017353E-03
   40.900000      2.472777568329E-02      6.912028479428E-03
   41.000000      2.385553199579E-02      6.660132918895E-03
   41.100000      2.332589566934E-02      6.460709788409E-03
   41.200000      2.322648381244E-02      6.362283208715E-03
   41.300000      2.338437802304E-02      6.354160051431E-03
   41.400000      2.361509141248E-02      6.394627892016E-03
   41.500000      2.380241924024E-02      6.445565119651E-03
   41.600000      2.388418889207E-02      6.495866152868E-03
   41.700000      2.389973190453E-02      6.563417703945E-03
   41.800000      2.401430788355E-02      6.676429782951E-03
   41.900000      2.441381226370E-02      6.844763528269E-03
   42.000000      2.508274555317E-02      7.036445988542E-03
   42.100000      2.571421623936E-02      7.172401955279E-03
   42.200000      2.587063929130E-02      7.144959742876E-03
   42.300000      2.516996289424E-02      6.855923908398E-03
   42.400000      2.342143537873E-02      6.261324947385E-03
   42.500000      2.071712416900E-02      5.405380624523E-03
   42.600000      1.746505967530E-02      4.427856337997E-03
   42.700000      1.434818347685E-02      3.537209417012E-03
   42.800000      1.218241393289E-02      2.954368037322E-03
   42.900000      1.164698956196E-02      2.844139253354E-03
   43.000000      1.303253858806E-02      3.257901673836E-03
   43.100000      1.597842513613E-02      4.109116598004E-03
   43.200000      1.964048494585E-02      5.192536414732E-03
   43.300000      2.309908190369E-02      6.242609803046E-03
   43.400000      2.559741372670E-02      7.012292877228E-03
   43.500000      2.669205597214E-02      7.345780368970E-03
   43.600000      2.632741077455E-02      7.220664267669E-03
   43.700000      2.482119529691E-02      6.746191182034E-03
   43.800000      2.277001789984E-02      6.120492285764E-03
   43.900000      2.088194655874E-02      5.564425702368E-03
   44.000000      1.975627140213E-02      5.256704575171E-03
   44.100000      1.971614368986E-02      5.291296694477E-03
   44.200000      2.077962885023E-02      5.666026494262E-03
   44.300000      2.271843877314E-02      6.297642552367E-03
   44.400000      2.510886853568E-02      7.050476382487E-03
   44.500000      2.742669548612E-02      7.766268449014E-03
   44.600000      2.917426211825E-02      8.289250027132E-03
   44.700000      2.995046437087E-02      8.487511031683E-03
   44.800000      2.947286040926E-02      8.274405282636E-03
   44.900000      2.762203879703E-02      7.631102578582E-03
   45.000000      2.452404120398E-02      6.625564569119E-03
   45.100000      2.061721095613E-02      5.418011827937E-03
   45.200000      1.664525478693E-02      4.242153150225E-03
   45.300000      1.351900322569E-02      3.357351662659E-03
   45.400000      1.208321439105E-02      2.978702976936E-03
   45.500000      1.285186927412E-02      3.205024863423E-03
   45.600000      1.559185217316E-02      3.972020777527E-03
   45.700000      1.934026208072E-02      5.053886587118E-03
   45.800000      2.289700204045E-02      6.121029891054E-03
   45.900000      2.521333061586E-02      6.840012511425E-03
   46.000000      2.564881322551E-02      6.983444102984E-03
   46.100000      2.411744638537E-02      6.510697873799E-03
   46.200000      2.111152742719E-02      5.588684098998E-03
   46.300000      1.760594904440E-02      4.542711488621E-03
   46.400000      1.485197907886E-02      3.752529479069E-03
   46.500000      1.398178316920E-02      3.528195157515E-03
   46.600000      1.552351003093E-02      4.007407809479E-03
   46.700000      1.918401464524E-02      5.108574890603E-03
   46.800000      2.394461290869E-02      6.555209831907E-03
   46.900000      2.848276048107E-02      7.963527708741E-03
   47.000000      3.164568752208E-02      8.963856389453E-03
   47.100000      3.274107276600E-02      9.314934077348E-03
   47.200000      3.165290214939E-02      8.972871455712E-03
   47.300000      2.883189788345E-02      8.093005758123E-03
   47.400000      2.517314700850E-02      6.966984265946E-03
   47.500000      2.178790562640E-02      5.919977817353E-03
   47.600000      1.957823259301E-02      5.205621961570E-03
   47.700000      1.885011701674E-02      4.934890938805E-03
   47.800000      1.935008544705E-02      5.060683031781E-03
   47.900000      2.052130990167E-02      5.418168313096E-03
   48.000000      2.176806061504E-02      5.800374665629E-03
   48.100000      2.258078554822E-02      6.037089727934E-03
   48.200000      2.267841131907E-02      6.047087627795E-03
   48.300000      2.207362329519E-02      5.847387819602E-03
   48.400000      2.100677749851E-02      5.522413977990E-03
   48.500000      1.981362772220E-02      5.172452428507E-03
   48.600000      1.876283526073E-02      4.867975486011E-03
   48.700000      1.795869925991E-02      4.631189228935E-03
   48.800000      1.737899311731E-02      4.450773267191E-03
   48.900000      1.695679663379E-02      4.317460799453E-03
   49.000000      1.674649990561E-02      4.256384765339E-03
   49.100000      1.695591198612E-02      4.333702526239E-03
   49.200000      1.787570551189E-02      4.629470245069E-03
   49.300000      1.965930203182E-02      5.188313156549E-03
   49.400000      2.217394359494E-02      5.973522405082E-03
   49.500000      2.498032555361E-02      6.851328851301E-03
   49.600000      2.743712335074E-02      7.619534146615E-03
   49.700000      2.891350794856E-02      8.074188967567E-03
   49.800000      2.900864674281E-02      8.088911570912E-03
   49.900000      2.770179848094E-02      7.672700370146E-03
   50.000000      2.540119387820E-02      6.978539023589E-03
   50.100000      2.287779958490E-02      6.254830267570E-03
   50.200000      2.108620507107E-02      5.756297232596E-03
   50.300000      2.077139679199E-02      5.649151859629E-03
   50.400000      2.194049619884E-02      5.948502451767E-03
   50.500000      2.395022418560E-02      6.512765486713E-03
   50.600000      2.593050625401E-02      7.096524834540E-03
   50.700000      2.708601714842E-02      7.440308621415E-03
   50.800000      2.689443059641E-02      7.362664332548E-03
   50.900000      2.522214501742E-02      6.821219139291E-03
   51.000000      2.235203443420E-02      5.923256877309E-03
   51.100000      1.891676913369E-02      4.886083818818E-03
   51.200000      1.574839958407E-02      3.964990930308E-03
   51.300000      1.365829711766E-02      3.375719831824E-03
   51.400000      1.316019932818E-02      3.236733373939E-03
   51.500000      1.427851429052E-02      3.546349741375E-03
   51.600000      1.658296322829E-02      4.196072675965E-03
   51.700000      1.940177858780E-02      5.010039057337E-03
   51.800000      2.203497413427E-02      5.795186244637E-03
   51.900000      2.393869606943E-02      6.387770321521E-03
   52.000000      2.481752542004E-02      6.686667827359E-03
   52.100000      2.464967846476E-02      6.669333176923E-03
   52.200000      2.365933074265E-02      6.390522264917E-03
   52.300000      2.224215540234E-02      5.966533707196E-03
   52.400000      2.086910358182E-02      5.548959940260E-03
   52.500000      2.000462058620E-02      5.292166149710E-03
   52.600000      2.003758880861E-02      5.318704442266E-03
   52.700000      2.119722758151E-02      5.687557971209E-03
   52.800000      2.341030669076E-02      6.371574120242E-03
   52.900000      2.622045036115E-02      7.251344924712E-03
   53.000000      2.897546120281E-02      8.131296846834E-03
   53.100000      3.098425635371E-02      8.779162094531E-03
   53.200000      3.164027556842E-02      8.983317018048E-03
   53.300000      3.055859610497E-02      8.615571864750E-03
   53.400000      2.770840027130E-02      7.681867397028E-03
   53.500000      2.349372574887E-02      6.342203082523E-03
   53.600000      1.874850140068E-02      4.886358304188E-03
   53.700000      1.461665629796E-02      3.664384897944E-03
   53.800000      1.226824803670E-02      2.987469155974E-03
   53.900000      1.244655723425E-02      3.028890914846E-03
   54.000000      1.505346409577E-02      3.759385729786E-03
   54.100000      1.911807829367E-02      4.942948876816E-03
   54.200000      2.326350548634E-02      6.200178027027E-03
   54.300000      2.620998745321E-02      7.122979743688E-03
   54.400000      2.708247084354E-02      7.404943895591E-03
   54.500000      2.559570997574E-02      6.943433362014E-03
   54.600000      2.211945339834E-02      5.876871045198E-03
   54.700000      1.761759693365E-02      4.542547418846E-03
   54.800000      1.347102874463E-02      3.368744937180E-03
   54.900000      1.118068206835E-02      2.738650158024E-03
   55.000000      1.177346858971E-02      2.872729779050E-03
   55.100000      1.504979642360E-02      3.767724633316E-03
   55.200000      1.997215990403E-02      5.208471907165E-03
   55.300000      2.526471376845E-02      6.842774320238E-03
   55.400000      2.972615012563E-02      8.289592254276E-03
   55.500000      3.249209016439E-02      9.243605921204E-03
   55.600000      3.316179515215E-02      9.545554848964E-03
   55.700000      3.181730112753E-02      9.203239632817E-03
   55.800000      2.896227483786E-02      8.365676815562E-03
   55.900000      2.539640157438E-02      7.266362899041E-03
   56.000000      2.199107999753E-02      6.157276324814E-03
   56.100000      1.938091695516E-02      5.252640816334E-03
   56.200000      1.786406144152E-02      4.693181043066E-03
   56.300000      1.755550069167E-02      4.532319748042E-03
   56.400000      1.839787812078E-02      4.739879539716E-03
   56.500000      2.004733628669E-02      5.217700310189E-03
   56.600000      2.197268506705E-02      5.822979788162E-03
   56.700000      2.365951618835E-02      6.396041662407E-03
   56.800000      2.472258624993E-02      6.788818694083E-03
   56.900000      2.493114520794E-02      6.890116538396E-03
   57.000000      2.417032597622E-02      6.644836881404E-03
   57.100000      2.243249384525E-02      6.065805253156E-03
   57.200000      1.987531818943E-02      5.237014523160E-03
   57.300000      1.687224732960E-02      4.306097481893E-03
   57.400000      1.402464656549E-02      3.463688710361E-03
   57.500000      1.209738732645E-02      2.909588010865E-03
   57.600000      1.178909292197E-02      2.809764473121E-03
   57.700000      1.336062410567E-02      3.252425723498E-03
   57.800000      1.656098354108E-02      4.214186338489E-03
   57.900000      2.080315230080E-02      5.548001685138E-03
   58.000000      2.527334637535E-02      7.001940420996E-03
   58.100000      2.906979069669E-02      8.270880460590E-03
   58.200000      3.141102241507E-02      9.072323017746E-03
   58.300000      3.182252859405E-02      9.226324928407E-03
   58.400000      3.025744495201E-02      8.713658865485E-03
   58.500000      2.713202738538E-02      7.690038379532E-03
   58.600000      2.325956598563E-02      6.447595141264E-03
   58.700000      1.968271332013E-02      5.332962770578E-03
   58.800000      1.743094122176E-02      4.646966450141E-03
   58.900000      1.720427437147E-02      4.557736695135E-03
   59.000000      1.896207805388E-02      5.054581335571E-03
   59.100000      2.194427636912E-02      5.956174374450E-03
   59.200000      2.511701154534E-02      6.968723777798E-03
   59.300000      2.751648510460E-02      7.773980060790E-03
   59.400000      2.846899030842E-02      8.118609592371E-03
   59.500000      2.770214118426E-02      7.878413113859E-03
   59.600000      2.534065495575E-02      7.081945988479E-03
   59.700000      2.179539482455E-02      5.893011822011E-03
   59.800000      1.765230599021E-02      4.563430103341E-03
   59.900000      1.365483473241E-02      3.372205259886E-03
   60.000000      1.068866252702E-02      2.565490192355E-03
   60.100000      9.678364477972E-03      2.307533456583E-03
   60.200000      1.101219012189E-02      2.649363494309E-03
   60.300000      1.410788358453E-02      3.519549814079E-03
   60.400000      1.810584225362E-02      4.738596038318E-03
   60.500000      2.220680051820E-02      6.054859671436E-03
   60.600000      2.570305811992E-02      7.196244466824E-03
   60.700000      2.798619506183E-02      7.929006499519E-03
   60.800000      2.864518884774E-02      8.112624836058E-03
   60.900000      2.760058922694E-02      7.737915307738E-03
   61.000000      2.516885462229E-02      6.936180506697E-03
   61.100000      2.203256647061E-02      5.952454772881E-03
   61.200000      1.911959499925E-02      5.085738809890E-03
   61.300000      1.740285432759E-02      4.610021988136E-03
   61.400000      1.755782188442E-02      4.697157799658E-03
   61.500000      1.963990713592E-02      5.363537024480E-03
   61.600000      2.311288227768E-02      6.457126699944E-03
   61.700000      2.702404105566E-02      7.691438589397E-03
   61.800000      3.027321854624E-02      8.720280518798E-03
   61.900000      3.193991994095E-02      9.234385235446E-03
   62.000000      3.150625695929E-02      9.052224538534E-03
   62.100000      2.895754703142E-02      8.176648564399E-03
   62.200000      2.478309600807E-02      6.798071372502E-03
   62.300000      1.988482420114E-02      5.241332412431E-03
   62.400000      1.539001700113E-02      3.871606925564E-03
   62.500000      1.237095578498E-02      2.988637150212E-03
   62.600000      1.150842396637E-02      2.743260299828E-03
   62.700000      1.273892386807E-02      3.103458542764E-03
   62.800000      1.533972159663E-02      3.880285317508E-03
   62.900000      1.832496271122E-02      4.802450213944E-03
   63.000000      2.087256014179E-02      5.610392465422E-03
   63.100000      2.252087769752E-02      6.134230004951E-03
   63.200000      2.318277339419E-02      6.328386374747E-03
   63.300000      2.305714610818E-02      6.255464976622E-03
   63.400000      2.247983960839E-02      6.033965069322E-03
   63.500000      2.176652122011E-02      5.778440080049E-03
   63.600000      2.114239135645E-02      5.560389886083E-03
   63.700000      2.068971696592E-02      5.404397642858E-03
   63.800000      2.039715153141E-02      5.314205518703E-03
   63.900000      2.024155128009E-02      5.307632924315E-03
   64.000000      2.031969886317E-02      5.435092548229E-03
   64.100000      2.091204288422E-02      5.765782111809E-03
   64.200000      2.237730670939E-02      6.344034189246E-03
   64.300000      2.484062259823E-02      7.137073346317E-03
   64.400000      2.782567485687E-02      8.004887998534E-03
   64.500000      3.041525306974E-02      8.716809288694E-03
   64.600000      3.169830207235E-02      9.018792360102E-03
   64.700000      3.106876264601E-02      8.729589549620E-03
   64.800000      2.841099697080E-02      7.826245401486E-03
   64.900000      2.418059307578E-02      6.479418442610E-03
   65.000000      1.935272001073E-02      5.017614887251E-03
   65.100000      1.520077316059E-02      3.828106297493E-03
   65.200000      1.293416036703E-02      3.228567867616E-03
   65.300000      1.329514048352E-02      3.356542660899E-03
   65.400000      1.597686898504E-02      4.118588153673E-03
   65.500000      1.975648520488E-02      5.219353351904E-03
   65.600000      2.324129314750E-02      6.261171165185E-03
   65.700000      2.530559720592E-02      6.878675189808E-03
   65.800000      2.533380364197E-02      6.860649602479E-03
   65.900000      2.333504289674E-02      6.217095481329E-03
   66.000000      1.992658577280E-02      5.170262165765E-03
   66.100000      1.619320906555E-02      4.075667679930E-03
   66.200000      1.343601174930E-02      3.302805197492E-03
   66.300000      1.275358220857E-02      3.117199129048E-03
   66.400000      1.444091093033E-02      3.602275455440E-03
   66.500000      1.794512475723E-02      4.643388628873E-03
   66.600000      2.226024995701E-02      5.974089814776E-03
   66.700000      2.631450581457E-02      7.264599021236E-03
   66.800000      2.925081414074E-02      8.220919487097E-03
   66.900000      3.059053092955E-02      8.662919092224E-03
   67.000000      3.028003716524E-02      8.559955838949E-03
   67.100000      2.863426443236E-02      8.018965414809E-03
   67.200000      2.621154691371E-02      7.236077307397E-03
   67.300000      2.366203266563E-02      6.432739323592E-03
   67.400000      2.158831889981E-02      5.797958183667E-03
   67.500000      2.043097967649E-02      5.450973091353E-03
   67.600000      2.034570384726E-02      5.428093299007E-03
   67.700000      2.115930099343E-02      5.688660969728E-03
   67.800000      2.254634578700E-02      6.131443944706E-03
   67.900000      2.411451694702E-02      6.614745655723E-03
   68.000000      2.538112090246E-02      6.978838202897E-03
   68.100000      2.583937261937E-02      7.073632533555E-03
   68.200000      2.509262899324E-02      6.793681111699E-03
   68.300000      2.299428129171E-02      6.115961444347E-03
   68.400000      1.975507487225E-02      5.127545769124E-03
   68.500000      1.598191770929E-02      4.026729998897E-03
   68.600000      1.262792172104E-02      3.086616043699E-03
   68.700000      1.078573228577E-02      2.583419821467E-03
   68.800000      1.121134787452E-02      2.707584550415E-03
   68.900000      1.397383471789E-02      3.487475657877E-03
   69.000000      1.834996071463E-02      4.757294360929E-03
   69.100000      2.309265833610E-02      6.189647532389E-03
   69.200000      2.692743660104E-02      7.390446267710E-03
   69.300000      2.890904052205E-02      8.027420911551E-03
   69.400000      2.863519372972E-02      7.945876770709E-03
   69.500000      2.633623148522E-02      7.226441987141E-03
   69.600000      2.282968588616E-02      6.160512336333E-03
   69.700000      1.934405789832E-02      5.150808599044E-03
   69.800000      1.722359881699E-02      4.573102483063E-03
   69.900000      1.744173636064E-02      4.649263230336E-03
   70.000000      2.001174509109E-02      5.376555581973E-03
   70.100000      2.396199782639E-02      6.536255094841E-03
   70.200000      2.797361688691E-02      7.774792158416E-03
   70.300000      3.091301927334E-02      8.724486827422E-03
   70.400000      3.206554249405E-02      9.118800746868E-03
   70.500000      3.122107689823E-02      8.863142871095E-03
   70.600000      2.864996565942E-02      8.042705089051E-03
   70.700000      2.498575123389E-02      6.873806845976E-03
   70.800000      2.102905078146E-02      5.624297466109E-03
   70.900000      1.751878884430E-02      4.535079997848E-03
   71.000000      1.499687489869E-02      3.768096373919E-03
   71.100000      1.375638544638E-02      3.390858199817E-03
   71.200000      1.379840362691E-02      3.391433864823E-03
   71.300000      1.488791374173E-02      3.707680740141E-03
   71.400000      1.672949833737E-02      4.253690528299E-03
   71.500000      1.897870840777E-02      4.933491038750E-03
   71.600000      2.128134069109E-02      5.642445734389E-03
   71.700000      2.329505770151E-02      6.265264886305E-03
   71.800000      2.466386066367E-02      6.682181409459E-03
   71.900000      2.503397065400E-02      6.790355116792E-03
   72.000000      2.421722201847E-02      6.537957275377E-03
   72.100000      2.231085823965E-02      5.958471128161E-03
   72.200000      1.974954942990E-02      5.187873831014E-03
   72.300000      1.727146896998E-02      4.450426851304E-03
   72.400000      1.575035978960E-02      4.008842220559E-03
   72.500000      1.591474184969E-02      4.087970389695E-03
   72.600000      1.812339776275E-02      4.793487519480E-03
   72.700000      2.216113845971E-02      6.054035705340E-03
   72.800000      2.717139395055E-02      7.612948456426E-03
   72.900000      3.181547022652E-02      9.082178656386E-03
   73.000000      3.482714539649E-02      1.004917432344E-02
   73.100000      3.534056480227E-02      1.020539974136E-02
   73.200000      3.307555734597E-02      9.453003328817E-03
   73.300000      2.842336068135E-02      7.950138955697E-03
   73.400000      2.240985024307E-02      6.074967659463E-03
   73.500000      1.653120727555E-02      4.316371779839E-03
   73.600000      1.242972530649E-02      3.125729702002E-03
   73.700000      1.132615586936E-02      2.778964347921E-03
   73.800000      1.332468709845E-02      3.295415510094E-03
   73.900000      1.735402227821E-02      4.440214658416E-03
   74.000000      2.189054141927E-02      5.807156928191E-03
   74.100000      2.553800506711E-02      6.951253967833E-03
   74.200000      2.731358624484E-02      7.524879084852E-03
   74.300000      2.680466585518E-02      7.373643337444E-03
   74.400000      2.420525782065E-02      6.565591298318E-03
   74.500000      2.023204137599E-02      5.352134942787E-03
   74.600000      1.594455896674E-02      4.081423587461E-03
   74.700000      1.251147992414E-02      3.096612040013E-03
   74.800000      1.093686369845E-02      2.650033739351E-03
   74.900000      1.171647082125E-02      2.852886744727E-03
   75.000000      1.466823322543E-02      3.665389985251E-03
   75.100000      1.899873286952E-02      4.920602574134E-03
   75.200000      2.369873892524E-02      6.369281806979E-03
   75.300000      2.787057492975E-02      7.733137239723E-03
   75.400000      3.083274019084E-02      8.757307564340E-03
   75.500000      3.215881614043E-02      9.256566992554E-03
   75.600000      3.169659950438E-02      9.150995684492E-03
   75.700000      2.958743503750E-02      8.485439672053E-03
   75.800000      2.628293849367E-02      7.425828133391E-03
   75.900000      2.251715596714E-02      6.227848122315E-03
   76.000000      1.919332496900E-02      5.180510352246E-03
   76.100000      1.716599784707E-02      4.535942002912E-03
   76.200000      1.697699146753E-02      4.443028419320E-03
   76.300000      1.865308898384E-02      4.903612462027E-03
   76.400000      2.161649905407E-02      5.765577593211E-03
   76.500000      2.487668593432E-02      6.758264152739E-03
   76.600000      2.740688174437E-02      7.563881301255E-03
   76.700000      2.840540372645E-02      7.906774904579E-03
   76.800000      2.746438579929E-02      7.634898148431E-03
   76.900000      2.465749029567E-02      6.768304772710E-03
   77.000000      2.053496217126E-02      5.498489513468E-03
   77.100000      1.602467226095E-02      4.136954658720E-03
   77.200000      1.225320386073E-02      3.026897300931E-03
   77.300000      1.027726471194E-02      2.444019153759E-03
   77.400000      1.067155931057E-02      2.517421137561E-03
   77.500000      1.320475303027E-02      3.196622889614E-03
   77.600000      1.700395802240E-02      4.275939241130E-03
   77.700000      2.096319883421E-02      5.467212692861E-03
   77.800000      2.416236418059E-02      6.494224340712E-03
   77.900000      2.609326316185E-02      7.174583660998E-03
   78.000000      2.670567600948E-02      7.460745200678E-03
   78.100000      2.633563452245E-02      7.428547703120E-03
   78.200000      2.553274636152E-02      7.222631702732E-03
   78.300000      2.482592491967E-02      6.984975883590E-03
   78.400000      2.447061243822E-02      6.798522971701E-03
   78.500000      2.434187439319E-02      6.669476425136E-03
   78.600000      2.416102948293E-02      6.552572581312E-03
   78.700000      2.374049010775E-02      6.402309908616E-03
   78.800000      2.308015210605E-02      6.220202848632E-03
   78.900000      2.239142621570E-02      6.070272571347E-03
   79.000000      2.201891299183E-02      6.051484832332E-03
   79.100000      2.234749473853E-02      6.238868437464E-03
   79.200000      2.352993760472E-02      6.623274453238E-03
   79.300000      2.516911379124E-02      7.083662117279E-03
   79.400000      2.649171556847E-02      7.412548685515E-03
   79.500000      2.670099688901E-02      7.390512270851E-03
   79.600000      2.529343169199E-02      6.881122273747E-03
   79.700000      2.226342540550E-02      5.905276418835E-03
   79.800000      1.817147063496E-02      4.659762556631E-03
   79.900000      1.406193251518E-02      3.466654696688E-03
   80.000000      1.117903049517E-02      2.668692542344E-03
   80.100000      1.054456499188E-02      2.509058665589E-03
   80.200000      1.244494436859E-02      3.041965431042E-03
   80.300000      1.610821315588E-02      4.109417610156E-03
   80.400000      2.034836885455E-02      5.393828571231E-03
   80.500000      2.400474076399E-02      6.526707632137E-03
   80.600000      2.621965922773E-02      7.212668841654E-03
   80.700000      2.662703932517E-02      7.323546226186E-03
   80.800000      2.541251603625E-02      6.930193038608E-03
   80.900000      2.324010706402E-02      6.263753112745E-03
   81.000000      2.106444142542E-02      5.624271253480E-03
   81.100000      1.984493166256E-02      5.272648640508E-03
   81.200000      2.010612160129E-02      5.345524498921E-03
   81.300000      2.169242584398E-02      5.821021913536E-03
   81.400000      2.399427612843E-02      6.542182761471E-03
   81.500000      2.626641647282E-02      7.283539531557E-03
   81.600000      2.788726326117E-02      7.832670144726E-03
   81.700000      2.851549703287E-02      8.056540976433E-03
   81.800000      2.812576296570E-02      7.931269066148E-03
   81.900000      2.695117729431E-02      7.529679656767E-03
   82.000000      2.535582659838E-02      6.977653029956E-03
   82.100000      2.368259386697E-02      6.401123004312E-03
   82.200000      2.215337797196E-02      5.886262821619E-03
   82.300000      2.086518666080E-02      5.466271737970E-03
   82.400000      1.982161809882E-02      5.134441842435E-03
   82.500000      1.894862902138E-02      4.871585240757E-03
   82.600000      1.820436202343E-02      4.671104018040E-03
   82.700000      1.767401467562E-02      4.548162044187E-03
   82.800000      1.752396035227E-02      4.528765085290E-03
   82.900000      1.784428442456E-02      4.626017169909E-03
   83.000000      1.854081291263E-02      4.818886153220E-03
   83.100000      1.936739023932E-02      5.048667698786E-03
   83.200000      2.004576932158E-02      5.239093256497E-03
   83.300000      2.039465767941E-02      5.332264664613E-03
   83.400000      2.038396157852E-02      5.322094821982E-03
   83.500000      2.016511538843E-02      5.265936326954E-03
   83.600000      2.006410012232E-02      5.264678217563E-03
   83.700000      2.043293829296E-02      5.417309957970E-03
   83.800000      2.144470643340E-02      5.770022063210E-03
   83.900000      2.298421659417E-02      6.284859201827E-03
   84.000000      2.467710063935E-02      6.845372732835E-03
   84.100000      2.605909069358E-02      7.299649293835E-03
   84.200000      2.676740858212E-02      7.522848477509E-03
   84.300000      2.666503092334E-02      7.471140458683E-03
   84.400000      2.588516376401E-02      7.201767665044E-03
   84.500000      2.480158969753E-02      6.848627612047E-03
   84.600000      2.390350259385E-02      6.562866341927E-03
   84.700000      2.357132405114E-02      6.444683998758E-03
   84.800000      2.385013126089E-02      6.497925757155E-03
   84.900000      2.439064921821E-02      6.629449820667E-03
   85.000000      2.464981853716E-02      6.694285534000E-03
   85.100000      2.421437182761E-02      6.565414027725E-03
   85.200000      2.297767869300E-02      6.195196654207E-03
   85.300000      2.116617008674E-02      5.640014141348E-03
   85.400000      1.922997572399E-02      5.037586049849E-03
   85.500000      1.765470696767E-02      4.548346403827E-03
   85.600000      1.680357654887E-02      4.288021124891E-03
   85.700000      1.678698280769E-02      4.281773453476E-03
   85.800000      1.739567716408E-02      4.460055616431E-03
   85.900000      1.821107545961E-02      4.697158865319E-03
   86.000000      1.882034485113E-02      4.873884436685E-03
   86.100000      1.902611801434E-02      4.934880920263E-03
   86.200000      1.891951942354E-02      4.914169151551E-03
   86.300000      1.881981037262E-02      4.917436916855E-03
   86.400000      1.916371628635E-02      5.069285189272E-03
   86.500000      2.030244225787E-02      5.448853451357E-03
   86.600000      2.222474665140E-02      6.042192775471E-03
   86.700000      2.450829308306E-02      6.733074667770E-03
   86.800000      2.651251390877E-02      7.338454866614E-03
   86.900000      2.763878580063E-02      7.676379601726E-03
   87.000000      2.754497706444E-02      7.639955509593E-03
   87.100000      2.626426001538E-02      7.247153207287E-03
   87.200000      2.421738945525E-02      6.644659629194E-03
   87.300000      2.212240710052E-02      6.061447181057E-03
   87.400000      2.080265411787E-02      5.727205014748E-03
   87.500000      2.088749580127E-02      5.784831150710E-03
   87.600000      2.246884800306E-02      6.229735911520E-03
   87.700000      2.490088701286E-02      6.900416007535E-03
   87.800000      2.714963332011E-02      7.527139567985E-03
   87.900000      2.826451593994E-02      7.824353484424E-03
   88.000000      2.764543683394E-02      7.595082447883E-03
   88.100000      2.519459377949E-02      6.809070019594E-03
   88.200000      2.135581307366E-02      5.624258601839E-03
   88.300000      1.703295636611E-02      4.341442957973E-03
   88.400000      1.339028439016E-02      3.307077956787E-03
   88.500000      1.151954474644E-02      2.799058945316E-03
   88.600000      1.196957624183E-02      2.936496162374E-03
   88.700000      1.442972046807E-02      3.644735734568E-03
   88.800000      1.798297339665E-02      4.685811569982E-03
   88.900000      2.152632955251E-02      5.741067592659E-03
   89.000000      2.411168728402E-02      6.515565027392E-03
   89.100000      2.519275976123E-02      6.828347709710E-03
   89.200000      2.469880149074E-02      6.659656630785E-03
   89.300000      2.300239701708E-02      6.142838858391E-03
   89.400000      2.080256618127E-02      5.508794806687E-03
   89.500000      1.893542771470E-02      5.006467254896E-03
   89.600000      1.813553366343E-02      4.827875142006E-03
   89.700000      1.880724485459E-02      5.059619329537E-03
   89.800000      2.084808229583E-02      5.669646414589E-03
   89.900000      2.369951951459E-02      6.525647466952E-03
   90.000000      2.664784881818E-02      7.434470871236E-03
   90.100000      2.903665162522E-02      8.190454990137E-03
   90.200000      3.037702550698E-02      8.622095100882E-03
   90.300000      3.040828431214E-02      8.628722387737E-03
   90.400000      2.911952813747E-02      8.201169125683E-03
   90.500000      2.673595519280E-02      7.422886921171E-03
   90.600000      2.367952677562E-02      6.450970363714E-03
   90.700000      2.052017459277E-02      5.480236401151E-03
   90.800000      1.789215822073E-02      4.697715864202E-03
   90.900000      1.636522111783E-02      4.238430388905E-03
   91.000000      1.621996204542E-02      4.154221368911E-03
   91.100000      1.721821067635E-02      4.404407021293E-03
   91.200000      1.883903397763E-02      4.870807521299E-03
   91.300000      2.053515788622E-02      5.392466971483E-03
   91.400000      2.186127111652E-02      5.809778737371E-03
   91.500000      2.251060462045E-02      6.005470277562E-03
   91.600000      2.231862228444E-02      5.931651827480E-03
   91.700000      2.132522281266E-02      5.617165151604E-03
   91.800000      1.978549919441E-02      5.155704882993E-03
   91.900000      1.811455907671E-02      4.680030043741E-03
   92.000000      1.680476638542E-02      4.329558378569E-03
   92.100000      1.634602616124E-02      4.218278272078E-03
   92.200000      1.704958659466E-02      4.408808600584E-03
   92.300000      1.881120644660E-02      4.897437282784E-03
   92.400000      2.124762200888E-02      5.613626901890E-03
   92.500000      2.389464134651E-02      6.435053173523E-03
   92.600000      2.630875857610E-02      7.215735141040E-03
   92.700000      2.813479809792E-02      7.820953386533E-03
   92.800000      2.913367196316E-02      8.159568230312E-03
   92.900000      2.921018592434E-02      8.203614433587E-03
   93.000000      2.845116619980E-02      7.988258116655E-03
   93.100000      2.711891500968E-02      7.592388819392E-03
   93.200000      2.556688458833E-02      7.108389994757E-03
   93.300000      2.409076996532E-02      6.614285348654E-03
   93.400000      2.280982855976E-02      6.159407094003E-03
   93.500000      2.170824083742E-02      5.767046493502E-03
   93.600000      2.076281730740E-02      5.448632425839E-03
   93.700000      2.002469169487E-02      5.218470144247E-03
   93.800000      1.960657981271E-02      5.098413544130E-03
   93.900000      1.961436963374E-02      5.107825456935E-03
   94.000000      2.006809106659E-02      5.243266168896E-03
   94.100000      2.080236758422E-02      5.460174962848E-03
   94.200000      2.147875201317E-02      5.670659063609E-03
   94.300000      2.172585273634E-02      5.765131007808E-03
   94.400000      2.128404552524E-02      5.653379362113E-03
   94.500000      2.011987775463E-02      5.309014306740E-03
   94.600000      1.846524012345E-02      4.796519582958E-03
   94.700000      1.676510291294E-02      4.265197958787E-03
   94.800000      1.559816019120E-02      3.907184821665E-03
   94.900000      1.553220536608E-02      3.892034853690E-03
   95.000000      1.692007364702E-02      4.301662621988E-03
   95.100000      1.960878109234E-02      5.091513886613E-03
   95.200000      2.292113250649E-02      6.095216161151E-03
   95.300000      2.600589063674E-02      7.073671772783E-03
   95.400000      2.813193212154E-02      7.792175338088E-03
   95.500000      2.888033071186E-02      8.097788166884E-03
   95.600000      2.824066374823E-02      7.968496626307E-03
   95.700000      2.660765744114E-02      7.515963776640E-03
   95.800000      2.467219151967E-02      6.941015937477E-03
   95.900000      2.318500949141E-02      6.458666116569E-03
   96.000000      2.263691298287E-02      6.220586292706E-03
   96.100000      2.305555615351E-02      6.263367485007E-03
   96.200000      2.405985423630E-02      6.500942165116E-03
   96.300000      2.505981346170E-02      6.763310091182E-03
   96.400000      2.546883866076E-02      6.866966735900E-03
   96.500000      2.488967548040E-02      6.690599644778E-03
   96.600000      2.327346302116E-02      6.226782035641E-03
   96.700000      2.097460576646E-02      5.588428834912E-03
   96.800000      1.868150111911E-02      4.965907610900E-03
   96.900000      1.721474941375E-02      4.550799798676E-03
   97.000000      1.708065557948E-02      4.456883195189E-03
   97.100000      1.807375317306E-02      4.671239224979E-03
   97.200000      1.954666683539E-02      5.057049637290E-03
   97.300000      2.077764915206E-02      5.408979053314E-03
   97.400000      2.121358195482E-02      5.540086241110E-03
   97.500000      2.064133334768E-02      5.364842329410E-03
   97.600000      1.925086127974E-02      4.942695107042E-03
   97.700000      1.758158515586E-02      4.461934335668E-03
   97.800000      1.638638952258E-02      4.168501211815E-03
   97.900000      1.643124433343E-02      4.267852106609E-03
   98.000000      1.816981061318E-02      4.839445669401E-03
   98.100000      2.135057393470E-02      5.798184975518E-03
   98.200000      2.507892864618E-02      6.918129058501E-03
   98.300000      2.833016014735E-02      7.909144672202E-03
   98.400000      3.030249881745E-02      8.516564634060E-03
   98.500000      3.059971809185E-02      8.605413327006E-03
   98.600000      2.929253909853E-02      8.198073260264E-03
   98.700000      2.686249521644E-02      7.454500746317E-03
   98.800000      2.404491876101E-02      6.607956121903E-03
   98.900000      2.160764958146E-02      5.885346101082E-03
   99.000000      2.011372235058E-02      5.442774196053E-03
   99.100000      1.977835202608E-02      5.335142975780E-03
   99.200000      2.048843244419E-02      5.521562270040E-03
   99.300000      2.185491220673E-02      5.894806515930E-03
   99.400000      2.336976883937E-02      6.318232092235E-03
   99.500000      2.457986395839E-02      6.657250879188E-03
   99.600000      2.513657160532E-02      6.800640075916E-03
   99.700000      2.480313057561E-02      6.674319837085E-03
   99.800000      2.347674463832E-02      6.252721712183E-03
   99.900000      2.123289104500E-02      5.569729898033E-03
  100.000000      1.837766293853E-02      4.725203644027E-03
