# M=24, N=12, V0=0.0, V=0.25, PBC
#  time (tJ)                 S₁(n=6)                 S₂(n=6)
    0.000000     -4.440892098501E-14      8.881784197001E-16
    0.100000      2.951569454541E-03      5.685696362239E-04
    0.200000      9.835726854015E-03      2.177259464085E-03
    0.300000      1.888091870472E-02      4.556331773825E-03
    0.400000      2.855409716464E-02      7.321775250393E-03
    0.500000      3.752145740025E-02      1.005596966626E-02
    0.600000      4.476584309966E-02      1.239061894816E-02
    0.700000      4.967805924331E-02      1.407256568297E-02
    0.800000      5.208923489561E-02      1.499876240879E-02
    0.900000      5.223920942785E-02      1.521545985940E-02
    1.000000      5.069009206193E-02      1.488589394043E-02
    1.100000      4.820200827279E-02      1.423788487770E-02
    1.200000      4.558311160639E-02      1.350613558489E-02
    1.300000      4.351175558652E-02      1.288318925308E-02
    1.400000      4.237394114552E-02      1.248874783523E-02
    1.500000      4.221869730202E-02      1.236099020949E-02
    1.600000      4.284740687503E-02      1.246757028304E-02
    1.700000      4.392833758004E-02      1.272970628939E-02
    1.800000      4.510217357456E-02      1.305102194367E-02
    1.900000      4.607793037479E-02      1.334351654557E-02
    2.000000      4.668033500570E-02      1.354548181417E-02
    2.100000      4.685605074686E-02      1.362929530246E-02
    2.200000      4.664797872705E-02      1.359983592577E-02
    2.300000      4.616940655274E-02      1.348616706824E-02
    2.400000      4.556978649633E-02      1.332992034101E-02
    2.500000      4.499470835236E-02      1.317363348431E-02
    2.600000      4.455696632391E-02      1.305147979828E-02
    2.700000      4.432477441764E-02      1.298373764651E-02
    2.800000      4.431109977403E-02      1.297528330354E-02
    2.900000      4.447462786167E-02      1.301753990876E-02
    3.000000      4.475506655247E-02      1.309277339516E-02
    3.100000      4.510248903716E-02      1.317941285033E-02
    3.200000      4.546686815050E-02      1.325715175295E-02
    3.300000      4.577474492087E-02      1.331087818987E-02
    3.400000      4.595676374704E-02      1.333288155316E-02
    3.500000      4.597917742727E-02      1.332318933586E-02
    3.600000      4.584966156458E-02      1.328823198973E-02
    3.700000      4.561161649947E-02      1.323829032637E-02
    3.800000      4.533638672331E-02      1.318434820097E-02
    3.900000      4.511438132406E-02      1.313504707705E-02
    4.000000      4.502424963464E-02      1.309438951392E-02
    4.100000      4.506156812977E-02      1.306063436425E-02
    4.200000      4.513941320829E-02      1.302648398995E-02
    4.300000      4.515626429344E-02      1.298028206440E-02
    4.400000      4.503273494638E-02      1.290767448444E-02
    4.500000      4.472545731807E-02      1.279316033262E-02
    4.600000      4.422623107009E-02      1.262118317246E-02
    4.700000      4.354296143993E-02      1.237676226124E-02
    4.800000      4.265984915572E-02      1.204595785790E-02
    4.900000      4.151835873497E-02      1.161657529391E-02
    5.000000      4.004552831255E-02      1.107942518432E-02
    5.100000      3.818723796269E-02      1.043025429436E-02
    5.200000      3.592727680429E-02      9.672244842185E-03
    5.300000      3.329580588457E-02      8.818802956901E-03
    5.400000      3.037101989679E-02      7.896213699829E-03
    5.500000      2.727981356224E-02      6.945606793744E-03
    5.600000      2.420342365319E-02      6.023563775820E-03
    5.700000      2.138640481395E-02      5.200663702318E-03
    5.800000      1.913397946485E-02      4.557391526888E-03
    5.900000      1.777756731080E-02      4.177170565566E-03
    6.000000      1.760889681913E-02      4.136808613959E-03
    6.100000      1.880994341433E-02      4.495274035197E-03
    6.200000      2.141838457101E-02      5.282305314579E-03
    6.300000      2.532197306470E-02      6.488759940332E-03
    6.400000      3.026994576609E-02      8.060707339394E-03
    6.500000      3.590073439408E-02      9.898995688158E-03
    6.600000      4.177904956869E-02      1.186536466950E-02
    6.700000      4.743518355229E-02      1.379519631443E-02
    6.800000      5.240607327744E-02      1.551582813509E-02
    6.900000      5.627826624141E-02      1.686819671644E-02
    7.000000      5.873047095476E-02      1.772867374530E-02
    7.100000      5.957164803840E-02      1.802752788908E-02
    7.200000      5.876990357023E-02      1.776065444505E-02
    7.300000      5.646739477377E-02      1.699210114064E-02
    7.400000      5.297723135297E-02      1.584637834446E-02
    7.500000      4.876047323835E-02      1.449133022210E-02
    7.600000      4.438319774059E-02      1.311411307755E-02
    7.700000      4.045270786245E-02      1.189419855465E-02
    7.800000      3.752665029962E-02      1.097796908827E-02
    7.900000      3.599098582443E-02      1.045922141719E-02
    8.000000      3.594932233564E-02      1.036876422595E-02
    8.100000      3.722045498972E-02      1.067452186002E-02
    8.200000      3.944125163594E-02      1.129153225729E-02
    8.300000      4.217173230885E-02      1.209941264430E-02
    8.400000      4.497166286393E-02      1.296366468934E-02
    8.500000      4.745691433027E-02      1.375683982876E-02
    8.600000      4.933819802644E-02      1.437609234625E-02
    8.700000      5.044134769545E-02      1.475479345710E-02
    8.800000      5.071161553938E-02      1.486729950642E-02
    8.900000      5.020670209297E-02      1.472727918391E-02
    9.000000      4.907829267385E-02      1.438093229390E-02
    9.100000      4.754452577060E-02      1.389687477367E-02
    9.200000      4.585691282478E-02      1.335448574314E-02
    9.300000      4.426436318781E-02      1.283227287174E-02
    9.400000      4.297779045350E-02      1.239748140995E-02
    9.500000      4.214000199335E-02      1.209786395390E-02
    9.600000      4.180844875660E-02      1.195627993770E-02
    9.700000      4.195722965309E-02      1.196858100749E-02
    9.800000      4.249356991913E-02      1.210500452536E-02
    9.900000      4.327402701847E-02      1.231498833555E-02
   10.000000      4.411196648846E-02      1.253491343960E-02
   10.100000      4.479307338076E-02      1.269781042371E-02
   10.200000      4.511376506448E-02      1.274362714923E-02
   10.300000      4.491830273577E-02      1.262839142616E-02
   10.400000      4.412257984057E-02      1.233065071473E-02
   10.500000      4.272485174069E-02      1.185399897492E-02
   10.600000      4.080325678333E-02      1.122525782878E-02
   10.700000      3.850131483835E-02      1.048879448253E-02
   10.800000      3.600314225154E-02      9.698293078244E-03
   10.900000      3.350143284041E-02      8.907823065424E-03
   11.000000      3.116361039410E-02      8.164129727479E-03
   11.100000      2.910581533670E-02      7.501697433172E-03
   11.200000      2.738672217248E-02      6.941415638247E-03
   11.300000      2.602246059688E-02      6.492799479499E-03
   11.400000      2.500920897924E-02      6.158888955411E-03
   11.500000      2.434274817470E-02      5.942347876120E-03
   11.600000      2.403620957494E-02      5.851015514936E-03
   11.700000      2.413698526699E-02      5.901267719634E-03
   11.800000      2.473160193532E-02      6.117996332533E-03
   11.900000      2.592903217609E-02      6.530745263150E-03
   12.000000      2.782209038648E-02      7.166437177313E-03
   12.100000      3.044625380747E-02      8.040033190584E-03
   12.200000      3.375852985784E-02      9.145195963540E-03
   12.300000      3.763056446545E-02      1.044736495168E-02
   12.400000      4.184890257214E-02      1.188143175636E-02
   12.500000      4.613001984473E-02      1.335537038678E-02
   12.600000      5.015418901515E-02      1.475985796750E-02
   12.700000      5.360748590191E-02      1.598242814273E-02
   12.800000      5.622225220164E-02      1.692345598839E-02
   12.900000      5.781044267118E-02      1.751067600522E-02
   13.000000      5.828519648849E-02      1.770920335071E-02
   13.100000      5.766791154943E-02      1.752511329226E-02
   13.200000      5.608034286987E-02      1.700222276432E-02
   13.300000      5.372370332982E-02      1.621333879228E-02
   13.400000      5.084982967794E-02      1.524841587740E-02
   13.500000      4.773010729286E-02      1.420247231541E-02
   13.600000      4.462828586183E-02      1.316567826236E-02
   13.700000      4.178400494414E-02      1.221694095249E-02
   13.800000      3.940545326175E-02      1.142097402327E-02
   13.900000      3.766314114786E-02      1.082771762850E-02
   14.000000      3.667799915427E-02      1.047245046072E-02
   14.100000      3.650730214058E-02      1.037515344203E-02
   14.200000      3.714282749104E-02      1.053851763323E-02
   14.300000      3.851810833637E-02      1.094508012853E-02
   14.400000      4.050554951716E-02      1.155487910405E-02
   14.500000      4.291124077687E-02      1.230538060021E-02
   14.600000      4.548411478569E-02      1.311509088596E-02
   14.700000      4.794083813160E-02      1.389132869107E-02
   14.800000      4.999964938250E-02      1.454139939719E-02
   14.900000      5.141680762043E-02      1.498529470117E-02
   15.000000      5.202070905906E-02      1.516740401606E-02
   15.100000      5.173697529813E-02      1.506477772375E-02
   15.200000      5.059923417434E-02      1.469021271127E-02
   15.300000      4.874406633337E-02      1.408960609195E-02
   15.400000      4.639140082388E-02      1.333427741871E-02
   15.500000      4.381388694742E-02      1.250992227844E-02
   15.600000      4.129994709402E-02      1.170428777640E-02
   15.700000      3.911505334360E-02      1.099551964547E-02
   15.800000      3.746753663558E-02      1.044259473242E-02
   15.900000      3.647971037520E-02      1.007861204114E-02
   16.000000      3.616311606077E-02      9.907240077615E-03
   16.100000      3.641206540181E-02      9.902431584699E-03
   16.200000      3.702528891202E-02      1.001154487605E-02
   16.300000      3.774278066912E-02      1.016203168247E-02
   16.400000      3.828520060665E-02      1.027162187496E-02
   16.500000      3.839289209516E-02      1.026133507647E-02
   16.600000      3.786498404999E-02      1.006976845411E-02
   16.700000      3.659691926831E-02      9.666242221703E-03
   16.800000      3.461059699715E-02      9.059921486713E-03
   16.900000      3.206913763845E-02      8.302304618315E-03
   17.000000      2.926941608819E-02      7.481586960788E-03
   17.100000      2.660753498148E-02      6.709187209131E-03
   17.200000      2.451283869478E-02      6.100705555513E-03
   17.300000      2.335237629643E-02      5.755182585639E-03
   17.400000      2.334245844684E-02      5.737229165986E-03
   17.500000      2.451053825724E-02      6.066127714495E-03
   17.600000      2.670597340745E-02      6.714427256461E-03
   17.700000      2.964997660908E-02      7.616252518227E-03
   17.800000      3.300650820872E-02      8.683121927881E-03
   17.900000      3.645184625651E-02      9.823177779046E-03
   18.000000      3.973018745969E-02      1.095890627869E-02
   18.100000      4.268973741629E-02      1.203891568337E-02
   18.200000      4.529304746037E-02      1.304102949174E-02
   18.300000      4.759892850591E-02      1.396637807553E-02
   18.400000      4.971886300915E-02      1.482666741550E-02
   18.500000      5.175467130868E-02      1.562868860655E-02
   18.600000      5.373239500317E-02      1.636090625395E-02
   18.700000      5.556141603972E-02      1.698642874652E-02
   18.800000      5.704095123515E-02      1.744495488463E-02
   18.900000      5.790772632295E-02      1.766383851419E-02
   19.000000      5.790474091753E-02      1.757584013225E-02
   19.100000      5.684936437754E-02      1.713912315620E-02
   19.200000      5.468719721474E-02      1.635417196512E-02
   19.300000      5.152401882226E-02      1.527284647964E-02
   19.400000      4.763106311095E-02      1.399663678531E-02
   19.500000      4.342210859345E-02      1.266384562811E-02
   19.600000      3.940392308626E-02      1.142816946999E-02
   19.700000      3.610458749017E-02      1.043322926015E-02
   19.800000      3.398403400761E-02      9.788504241144E-03
   19.900000      3.332217673554E-02      9.551684272449E-03
   20.000000      3.412446880489E-02      9.720870115624E-03
   20.100000      3.613377844974E-02      1.023776636884E-02
   20.200000      3.891553698256E-02      1.100060330413E-02
   20.300000      4.198155670502E-02      1.188356073138E-02
   20.400000      4.489410572611E-02      1.275838794196E-02
   20.500000      4.731742749239E-02      1.351391728215E-02
   20.600000      4.903723266899E-02      1.407015083028E-02
   20.700000      4.996121883857E-02      1.438518469521E-02
   20.800000      5.010694713414E-02      1.445491562918E-02
   20.900000      4.958093538578E-02      1.430680349770E-02
   21.000000      4.855024102988E-02      1.398971069547E-02
   21.100000      4.720798574169E-02      1.356203014557E-02
   21.200000      4.573690306445E-02      1.308013788810E-02
   21.300000      4.427793018961E-02      1.258887290164E-02
   21.400000      4.291003383206E-02      1.211536369063E-02
   21.500000      4.164608271772E-02      1.166706990305E-02
   21.600000      4.044569800292E-02      1.123430911400E-02
   21.700000      3.923757975708E-02      1.079676113008E-02
   21.800000      3.794566987366E-02      1.033257613475E-02
   21.900000      3.651507399466E-02      9.827977708120E-03
   22.000000      3.493258324876E-02      9.284917916355E-03
   22.100000      3.324088141613E-02      8.724613480504E-03
   22.200000      3.154360906039E-02      8.185703534409E-03
   22.300000      2.999591591799E-02      7.717142136626E-03
   22.400000      2.877860318002E-02      7.367416814999E-03
   22.500000      2.805720206695E-02      7.172834699573E-03
   22.600000      2.793128768519E-02      7.148062281980E-03
   22.700000      2.839183968362E-02      7.281650023215E-03
   22.800000      2.931341410012E-02      7.537995295970E-03
   22.900000      3.049063209515E-02      7.865447133575E-03
   23.000000      3.170048769274E-02      8.208562484019E-03
   23.100000      3.276148340797E-02      8.521413532965E-03
   23.200000      3.357384820062E-02      8.778648010376E-03
   23.300000      3.413572878078E-02      8.981723224740E-03
   23.400000      3.453885376666E-02      9.159061090903E-03
   23.500000      3.494759668344E-02      9.360333126023E-03
   23.600000      3.556531222439E-02      9.646254071181E-03
   23.700000      3.659306063619E-02      1.007591884750E-02
   23.800000      3.818895874527E-02      1.069388048884E-02
   23.900000      4.043406024285E-02      1.151901081941E-02
   24.000000      4.330117085052E-02      1.253689176674E-02
   24.100000      4.663002228788E-02      1.369712409041E-02
   24.200000      5.014166495130E-02      1.491645081798E-02
   24.300000      5.349559911102E-02      1.608786105127E-02
   24.400000      5.634855253117E-02      1.709482850527E-02
   24.500000      5.840109642855E-02      1.782868409589E-02
   24.600000      5.943454215085E-02      1.820613252905E-02
   24.700000      5.933696395543E-02      1.818347372775E-02
   24.800000      5.811632530642E-02      1.776445523193E-02
   24.900000      5.590043025801E-02      1.699989551638E-02
   25.000000      5.292453770234E-02      1.597902714115E-02
   25.100000      4.950487114420E-02      1.481443555473E-02
   25.200000      4.599695828070E-02      1.362396112915E-02
   25.300000      4.273948108102E-02      1.251354052204E-02
   25.400000      3.999213028651E-02      1.156449981406E-02
   25.500000      3.790130835905E-02      1.082741964359E-02
   25.600000      3.651475558613E-02      1.032280911407E-02
   25.700000      3.581709999371E-02      1.004703894723E-02
   25.800000      3.575892486072E-02      9.980835443940E-03
   25.900000      3.627039099756E-02      1.009743241539E-02
   26.000000      3.726485921979E-02      1.036819020778E-02
   26.100000      3.864472491192E-02      1.076477893479E-02
   26.200000      4.030081695752E-02      1.125837800141E-02
   26.300000      4.211063825700E-02      1.181729400342E-02
   26.400000      4.394652855574E-02      1.240468730429E-02
   26.500000      4.568381834950E-02      1.297775428246E-02
   26.600000      4.720330026551E-02      1.348899589923E-02
   26.700000      4.838828933285E-02      1.388945229453E-02
   26.800000      4.912387812632E-02      1.413325964218E-02
   26.900000      4.930822130992E-02      1.418268550775E-02
   27.000000      4.886878962456E-02      1.401285880781E-02
   27.100000      4.777287891427E-02      1.361558560014E-02
   27.200000      4.603339999827E-02      1.300180332927E-02
   27.300000      4.371516696725E-02      1.220232322269E-02
   27.400000      4.094029199606E-02      1.126657685053E-02
   27.500000      3.788754609459E-02      1.025919417343E-02
   27.600000      3.478197305328E-02      9.254455915094E-03
   27.700000      3.187319477459E-02      8.328983594572E-03
   27.800000      2.940558258024E-02      7.553392955926E-03
   27.900000      2.758538312599E-02      6.983942570717E-03
   28.000000      2.654836625469E-02      6.655368803576E-03
   28.100000      2.633588062381E-02      6.576062628686E-03
   28.200000      2.688701201867E-02      6.726515853286E-03
   28.300000      2.804810050278E-02      7.061584278698E-03
   28.400000      2.959707037574E-02      7.516634925824E-03
   28.500000      3.127808625723E-02      8.017105963910E-03
   28.600000      3.284171228813E-02      8.490441098347E-03
   28.700000      3.408544344355E-02      8.878801211000E-03
   28.800000      3.489060705930E-02      9.150480734789E-03
   28.900000      3.525063515696E-02      9.307702462837E-03
   29.000000      3.528094128618E-02      9.388615935471E-03
   29.100000      3.520554420822E-02      9.462041465913E-03
   29.200000      3.531916527415E-02      9.614818503168E-03
   29.300000      3.592845153782E-02      9.933356527950E-03
   29.400000      3.728160161295E-02      1.048274883456E-02
   29.500000      3.949926140575E-02      1.128805810120E-02
   29.600000      4.251907002862E-02      1.232261241009E-02
   29.700000      4.607566679948E-02      1.350707674334E-02
   29.800000      4.975335044624E-02      1.472076646651E-02
   29.900000      5.308359208183E-02      1.582362813313E-02
   30.000000      5.564207859110E-02      1.668432649544E-02
   30.100000      5.712940512520E-02      1.720784590002E-02
   30.200000      5.742479223940E-02      1.735565642524E-02
   30.300000      5.660625029229E-02      1.715307248535E-02
   30.400000      5.493480817855E-02      1.668161125033E-02
   30.500000      5.280370902334E-02      1.605808084840E-02
   30.600000      5.065533243828E-02      1.540567602535E-02
   30.700000      4.887018439162E-02      1.482451723190E-02
   30.800000      4.764969679794E-02      1.436923840323E-02
   30.900000      4.695742705484E-02      1.403937637532E-02
   31.000000      4.656772557513E-02      1.378494474263E-02
   31.100000      4.616606031805E-02      1.352556659679E-02
   31.200000      4.544781469120E-02      1.317793010786E-02
   31.300000      4.420274916950E-02      1.268407408185E-02
   31.400000      4.237534445769E-02      1.203274609496E-02
   31.500000      4.009147392912E-02      1.126792674242E-02
   31.600000      3.764539029429E-02      1.048210352112E-02
   31.700000      3.544839047150E-02      9.796031761532E-03
   31.800000      3.394501690226E-02      9.330350690853E-03
   31.900000      3.349898628870E-02      9.176508423765E-03
   32.000000      3.426062474775E-02      9.374452183125E-03
   32.100000      3.611683087918E-02      9.902541073205E-03
   32.200000      3.875393473651E-02      1.068176749754E-02
   32.300000      4.174966186207E-02      1.159259063180E-02
   32.400000      4.465900033626E-02      1.249951798741E-02
   32.500000      4.708923322766E-02      1.327685805976E-02
   32.600000      4.875609035665E-02      1.382924664878E-02
   32.700000      4.951310295398E-02      1.410252298989E-02
   32.800000      4.935082585154E-02      1.408366245771E-02
   32.900000      4.836889319777E-02      1.379176103526E-02
   33.000000      4.672796431814E-02      1.326447464184E-02
   33.100000      4.458694474137E-02      1.254512255974E-02
   33.200000      4.205108096402E-02      1.167470519896E-02
   33.300000      3.917987976167E-02      1.069078516230E-02
   33.400000      3.603235668505E-02      9.632370121023E-03
   33.500000      3.271145835936E-02      8.547570243474E-03
   33.600000      2.939539283777E-02      7.499659631912E-03
   33.700000      2.634706739783E-02      6.567622939730E-03
   33.800000      2.389341898571E-02      5.839168469480E-03
   33.900000      2.236916897217E-02      5.396908982597E-03
   34.000000      2.202738763259E-02      5.301036650191E-03
   34.100000      2.294810014623E-02      5.573453146084E-03
   34.200000      2.501238248234E-02      6.188387567302E-03
   34.300000      2.793963629146E-02      7.072984245019E-03
   34.400000      3.134124685042E-02      8.118632996912E-03
   34.500000      3.479233958374E-02      9.200775402192E-03
   34.600000      3.791253103806E-02      1.020248712170E-02
   34.700000      4.042926281952E-02      1.103606012777E-02
   34.800000      4.221128407276E-02      1.165741791511E-02
   34.900000      4.327355043258E-02      1.207027676351E-02
   35.000000      4.375747766103E-02      1.231982259198E-02
   35.100000      4.389339693233E-02      1.247837556973E-02
   35.200000      4.395410827198E-02      1.262723672036E-02
   35.300000      4.420511662166E-02      1.283922393630E-02
   35.400000      4.485182920231E-02      1.316540535416E-02
   35.500000      4.599349449923E-02      1.362776124027E-02
   35.600000      4.760748089090E-02      1.421768020320E-02
   35.700000      4.956796394807E-02      1.489894950185E-02
   35.800000      5.168253855991E-02      1.561353228909E-02
   35.900000      5.372664619523E-02      1.628882826142E-02
   36.000000      5.546510323917E-02      1.684585944485E-02
   36.100000      5.666720145264E-02      1.720837812026E-02
   36.200000      5.712925938946E-02      1.731288178155E-02
   36.300000      5.670692147740E-02      1.711889981212E-02
   36.400000      5.534472934617E-02      1.661800513081E-02
   36.500000      5.309569090557E-02      1.583932337102E-02
   36.600000      5.012736020390E-02      1.484933819061E-02
   36.700000      4.671284151227E-02      1.374472516693E-02
   36.800000      4.320662108598E-02      1.263860948078E-02
   36.900000      4.000499868841E-02      1.164253024466E-02
   37.000000      3.748953218880E-02      1.084786107115E-02
   37.100000      3.594662078469E-02      1.031093215745E-02
   37.200000      3.545983186822E-02      1.004537562425E-02
   37.300000      3.585643187062E-02      1.002342956914E-02
   37.400000      3.681908052885E-02      1.018560881474E-02
   37.500000      3.802312980033E-02      1.045599710553E-02
   37.600000      3.920353088653E-02      1.075910219455E-02
   37.700000      4.018177941956E-02      1.103412782866E-02
   37.800000      4.087135778649E-02      1.124362778951E-02
   37.900000      4.126728790026E-02      1.137538925129E-02
   38.000000      4.142426330155E-02      1.143837698383E-02
   38.100000      4.142709408754E-02      1.145499695002E-02
   38.200000      4.136124974660E-02      1.145240430690E-02
   38.300000      4.130142535417E-02      1.145508069423E-02
   38.400000      4.131426374867E-02      1.147980331322E-02
   38.500000      4.145325112072E-02      1.153297553129E-02
   38.600000      4.173521972935E-02      1.160957386123E-02
   38.700000      4.210943348416E-02      1.169291345288E-02
   38.800000      4.245834713135E-02      1.175494016514E-02
   38.900000      4.263004653602E-02      1.175747270831E-02
   39.000000      4.246619261868E-02      1.165531835308E-02
   39.100000      4.181886690791E-02      1.140214652834E-02
   39.200000      4.056509161544E-02      1.095932770744E-02
   39.300000      3.862920573008E-02      1.030680014536E-02
   39.400000      3.601491925756E-02      9.453807622632E-03
   39.500000      3.283492676979E-02      8.446548063025E-03
   39.600000      2.932750000702E-02      7.369795584184E-03
   39.700000      2.585221726048E-02      6.340565017205E-03
   39.800000      2.285939302175E-02      5.493692898829E-03
   39.900000      2.083524632732E-02      4.961323541154E-03
   40.000000      2.022615539032E-02      4.850083689346E-03
   40.100000      2.133057330880E-02      5.220654031153E-03
   40.200000      2.416324438490E-02      6.074211648271E-03
   40.300000      2.839609684803E-02      7.348875240654E-03
   40.400000      3.349769896289E-02      8.927185243613E-03
   40.500000      3.888836187050E-02      1.065332297421E-02
   40.600000      4.402276086915E-02      1.235677515391E-02
   40.700000      4.844558918413E-02      1.387793419171E-02
   40.800000      5.183143741642E-02      1.509093427444E-02
   40.900000      5.400747763419E-02      1.591984198568E-02
   41.000000      5.495789550501E-02      1.634588025090E-02
   41.100000      5.481129681683E-02      1.640522724426E-02
   41.200000      5.381362703805E-02      1.617862607089E-02
   41.300000      5.229002579321E-02      1.577521504561E-02
   41.400000      5.060199793345E-02      1.531351308542E-02
   41.500000      4.910695506376E-02      1.490246441040E-02
   41.600000      4.811774905660E-02      1.462507857529E-02
   41.700000      4.784761579554E-02      1.452669341925E-02
   41.800000      4.832096293746E-02      1.460931899543E-02
   41.900000      4.933881994726E-02      1.483285059300E-02
   42.000000      5.057599540009E-02      1.512309800460E-02
   42.100000      5.167896643689E-02      1.538557236515E-02
   42.200000      5.232659257241E-02      1.552293964760E-02
   42.300000      5.227266845447E-02      1.545323329034E-02
   42.400000      5.137654812741E-02      1.512557272348E-02
   42.500000      4.962055247502E-02      1.453042802017E-02
   42.600000      4.711261901227E-02      1.370241754433E-02
   42.700000      4.407411955002E-02      1.271506623319E-02
   42.800000      4.081409858114E-02      1.166858189837E-02
   42.900000      3.769268354526E-02      1.067314267045E-02
   43.000000      3.507587825893E-02      9.831071037153E-03
   43.100000      3.328010797498E-02      9.221372043543E-03
   43.200000      3.250195817449E-02      8.889415573822E-03
   43.300000      3.274051919035E-02      8.843239676712E-03
   43.400000      3.379257938016E-02      9.056391580727E-03
   43.500000      3.537932063544E-02      9.475809461620E-03
   43.600000      3.723603274934E-02      1.003233961650E-02
   43.700000      3.914331868117E-02      1.065130231954E-02
   43.800000      4.093532070056E-02      1.126107906360E-02
   43.900000      4.249100792010E-02      1.179877144387E-02
   44.000000      4.371344032891E-02      1.221316885312E-02
   44.100000      4.450991398474E-02      1.246610489110E-02
   44.200000      4.479132047837E-02      1.253346978629E-02
   44.300000      4.449250891692E-02      1.240665156668E-02
   44.400000      4.359835802864E-02      1.209427673963E-02
   44.500000      4.216387334949E-02      1.162326419093E-02
   44.600000      4.032298776636E-02      1.103782139313E-02
   44.700000      3.828259590066E-02      1.039531730849E-02
   44.800000      3.629298467450E-02      9.758881053386E-03
   44.900000      3.456889002802E-02      9.187759519573E-03
   45.000000      3.322585023804E-02      8.727461983384E-03
   45.100000      3.230516167859E-02      8.402129409446E-03
   45.200000      3.178827020336E-02      8.211209234296E-03
   45.300000      3.160084289868E-02      8.131491014021E-03
   45.400000      3.162572332536E-02      8.124197945627E-03
   45.500000      3.172855933692E-02      8.145568972965E-03
   45.600000      3.179062996548E-02      8.158575398683E-03
   45.700000      3.174049135634E-02      8.143268802738E-03
   45.800000      3.157680721449E-02      8.103693591531E-03
   45.900000      3.137431661031E-02      8.070085816624E-03
   46.000000      3.127651982527E-02      8.095943251864E-03
   46.100000      3.148421311136E-02      8.250294715133E-03
   46.200000      3.223422655228E-02      8.606069251143E-03
   46.300000      3.375892562384E-02      9.225937520043E-03
   46.400000      3.622300633168E-02      1.014746181961E-02
   46.500000      3.964982421062E-02      1.136985625461E-02
   46.600000      4.389230986382E-02      1.284499129433E-02
   46.700000      4.863725951050E-02      1.447523255554E-02
   46.800000      5.344000765834E-02      1.612003679251E-02
   46.900000      5.779267090288E-02      1.761183659749E-02
   47.000000      6.120109984834E-02      1.877978134612E-02
   47.100000      6.325481281304E-02      1.947779307616E-02
   47.200000      6.368561921264E-02      1.961174922244E-02
   47.300000      6.241112900126E-02      1.916001056438E-02
   47.400000      5.955878993334E-02      1.818232018690E-02
   47.500000      5.546636252641E-02      1.681424777391E-02
   47.600000      5.065610230219E-02      1.524735542662E-02
   47.700000      4.578283756078E-02      1.369834810138E-02
   47.800000      4.155751873431E-02      1.237285419182E-02
   47.900000      3.863672851665E-02      1.143060905725E-02
   48.000000      3.743224141148E-02      1.095852126968E-02
   48.100000      3.791274590531E-02      1.095658772281E-02
   48.200000      3.965409311218E-02      1.133930288772E-02
   48.300000      4.204141990357E-02      1.195252770570E-02
   48.400000      4.441549658031E-02      1.260312317354E-02
   48.500000      4.617493014402E-02      1.309632599092E-02
   48.600000      4.686173022269E-02      1.327416569812E-02
   48.700000      4.622793964118E-02      1.304755394831E-02
   48.800000      4.427555389411E-02      1.241535352934E-02
   48.900000      4.126327827852E-02      1.146590317230E-02
   49.000000      3.767552019189E-02      1.035990752615E-02
   49.100000      3.415064050244E-02      9.297636571096E-03
   49.200000      3.137249746355E-02      8.477048538824E-03
   49.300000      2.993131923108E-02      8.051780796113E-03
   49.400000      3.015105323422E-02      8.098280050177E-03
   49.500000      3.196560307603E-02      8.599507199708E-03
   49.600000      3.493999437302E-02      9.449017416320E-03
   49.700000      3.841909390961E-02      1.047456646638E-02
   49.800000      4.171332028858E-02      1.147578069983E-02
   49.900000      4.423847993444E-02      1.226698400610E-02
   50.000000      4.560795254651E-02      1.271496958981E-02
   50.100000      4.567965349310E-02      1.276283858555E-02
   50.200000      4.455651594052E-02      1.243477545504E-02
   50.300000      4.254398500561E-02      1.182178713403E-02
   50.400000      4.007314055221E-02      1.105347270580E-02
   50.500000      3.760133439326E-02      1.026427821020E-02
   50.600000      3.550325816224E-02      9.563446410219E-03
   50.700000      3.396829345337E-02      9.015923315083E-03
   50.800000      3.297883805505E-02      8.637656908705E-03
   50.900000      3.240170753605E-02      8.404374184806E-03
   51.000000      3.206938336850E-02      8.269406402728E-03
   51.100000      3.183359698787E-02      8.184352016432E-03
   51.200000      3.160119801889E-02      8.116556652809E-03
   51.300000      3.135481517982E-02      8.059170331019E-03
   51.400000      3.115769687736E-02      8.032157489208E-03
   51.500000      3.113903866776E-02      8.075246290074E-03
   51.600000      3.146006320175E-02      8.235733717382E-03
   51.700000      3.227156720938E-02      8.554939929022E-03
   51.800000      3.367756353807E-02      9.056892161376E-03
   51.900000      3.569905580373E-02      9.741756385053E-03
   52.000000      3.823456213857E-02      1.058503152978E-02
   52.100000      4.107278139843E-02      1.154201832416E-02
   52.200000      4.397678779694E-02      1.255593006687E-02
   52.300000      4.674787342075E-02      1.356742343522E-02
   52.400000      4.925211427169E-02      1.452331634370E-02
   52.500000      5.142403884507E-02      1.538271617975E-02
   52.600000      5.325057007845E-02      1.611953247089E-02
   52.700000      5.474294094863E-02      1.672122015249E-02
   52.800000      5.591344469772E-02      1.718444628350E-02
   52.900000      5.676465495307E-02      1.750906581188E-02
   53.000000      5.728649390544E-02      1.769220683584E-02
   53.100000      5.745631332293E-02      1.772429295980E-02
   53.200000      5.723618748558E-02      1.758841306498E-02
   53.300000      5.656068763174E-02      1.726362925352E-02
   53.400000      5.533441181070E-02      1.673175439361E-02
   53.500000      5.347029744160E-02      1.598609191313E-02
   53.600000      5.094158500878E-02      1.503990427585E-02
   53.700000      4.781825489279E-02      1.393219503441E-02
   53.800000      4.428185627201E-02      1.272883913813E-02
   53.900000      4.061521882236E-02      1.151807738746E-02
   54.000000      3.716440076092E-02      1.040064777924E-02
   54.100000      3.428106941574E-02      9.476041158614E-03
   54.200000      3.226559751114E-02      8.827268535774E-03
   54.300000      3.132033181048E-02      8.506948142052E-03
   54.400000      3.151461091454E-02      8.527405699839E-03
   54.500000      3.276124333437E-02      8.856856200462E-03
   54.600000      3.480837987789E-02      9.422694434866E-03
   54.700000      3.727892788482E-02      1.012163901210E-02
   54.800000      3.975273744734E-02      1.083519716638E-02
   54.900000      4.184278725614E-02      1.144790975284E-02
   55.000000      4.324929491334E-02      1.186529914386E-02
   55.100000      4.379347219435E-02      1.202846175960E-02
   55.200000      4.343318170399E-02      1.192279177545E-02
   55.300000      4.226268690090E-02      1.157928839798E-02
   55.400000      4.049771588709E-02      1.106813854656E-02
   55.500000      3.844648660235E-02      1.048559561809E-02
   55.600000      3.646767558439E-02      9.936374059409E-03
   55.700000      3.491711707882E-02      9.514623058268E-03
   55.800000      3.408089490644E-02      9.286855003644E-03
   55.900000      3.409631395332E-02      9.279912589232E-03
   56.000000      3.490117321946E-02      9.476210223404E-03
   56.100000      3.624952400775E-02      9.817226873972E-03
   56.200000      3.778837518617E-02      1.021476363916E-02
   56.300000      3.914536314685E-02      1.056804258697E-02
   56.400000      3.999549374002E-02      1.078355632196E-02
   56.500000      4.011261367199E-02      1.079391511177E-02
   56.600000      3.940642431107E-02      1.057196838629E-02
   56.700000      3.794035049066E-02      1.013727908559E-02
   56.800000      3.592722659826E-02      9.553511350483E-03
   56.900000      3.370010670849E-02      8.917172421027E-03
   57.000000      3.165719496223E-02      8.340004449670E-03
   57.100000      3.018705452770E-02      7.928697298045E-03
   57.200000      2.958886004407E-02      7.766139979590E-03
   57.300000      3.001047798732E-02      7.898006894124E-03
   57.400000      3.142606531666E-02      8.327194410487E-03
   57.500000      3.366282694291E-02      9.016804905934E-03
   57.600000      3.645580229894E-02      9.900460817859E-03
   57.700000      3.950683950073E-02      1.089716883224E-02
   57.800000      4.253926234994E-02      1.192709491517E-02
   57.900000      4.534091638544E-02      1.292463598631E-02
   58.000000      4.778859928406E-02      1.384606205397E-02
   58.100000      4.984953911616E-02      1.467053108381E-02
   58.200000      5.156220288278E-02      1.539506185193E-02
   58.300000      5.300286515264E-02      1.602561650849E-02
   58.400000      5.424621130366E-02      1.656735750663E-02
   58.500000      5.533021273220E-02      1.701713672800E-02
   58.600000      5.623644690819E-02      1.736035780579E-02
   58.700000      5.689375048179E-02      1.757283072506E-02
   58.800000      5.720140391694E-02      1.762661952905E-02
   58.900000      5.705923740316E-02      1.749770569275E-02
   59.000000      5.639447975885E-02      1.717292172978E-02
   59.100000      5.517826562457E-02      1.665412351316E-02
   59.200000      5.342974613870E-02      1.595872035768E-02
   59.300000      5.121075706674E-02      1.511700927030E-02
   59.400000      4.861563053723E-02      1.416776947748E-02
   59.500000      4.576016172659E-02      1.315392074879E-02
   59.600000      4.277315977614E-02      1.211965645942E-02
   59.700000      3.979276824835E-02      1.110953004157E-02
   59.800000      3.696750125938E-02      1.016889180808E-02
   59.900000      3.445817387807E-02      9.344277298784E-03
   60.000000      3.243358203338E-02      8.682167254026E-03
   60.100000      3.105578412443E-02      8.225081585092E-03
   60.200000      3.045275579095E-02      8.005076480010E-03
   60.300000      3.068294245099E-02      8.035997807925E-03
   60.400000      3.170437759230E-02      8.306813349357E-03
   60.500000      3.336562053526E-02      8.778580641253E-03
   60.600000      3.542979280490E-02      9.386923268980E-03
   60.700000      3.761510745477E-02      1.005042815360E-02
   60.800000      3.964029499031E-02      1.068357711836E-02
   60.900000      4.126961483150E-02      1.121128189896E-02
   61.000000      4.234881654241E-02      1.158135377893E-02
   61.100000      4.282447678767E-02      1.177162000390E-02
   61.200000      4.274298486122E-02      1.178984793547E-02
   61.300000      4.222844903335E-02      1.166673096809E-02
   61.400000      4.144232846996E-02      1.144425646170E-02
   61.500000      4.053306440998E-02      1.116312415609E-02
   61.600000      3.959633367124E-02      1.085305268849E-02
   61.700000      3.866802353603E-02      1.052874289685E-02
   61.800000      3.773995629692E-02      1.019232255222E-02
   61.900000      3.678105781915E-02      9.840925979293E-03
   62.000000      3.576594620993E-02      9.476366837862E-03
   62.100000      3.470726231825E-02      9.113173792058E-03
   62.200000      3.367517087521E-02      8.781784181632E-03
   62.300000      3.279624939856E-02      8.525268631762E-03
   62.400000      3.223165244381E-02      8.390111504247E-03
   62.500000      3.213631869987E-02      8.413633542729E-03
   62.600000      3.260469368837E-02      8.611951481392E-03
   62.700000      3.362728689658E-02      8.972474067207E-03
   62.800000      3.508501780254E-02      9.453759746318E-03
   62.900000      3.677453386400E-02      9.993450592236E-03
   63.000000      3.845396811979E-02      1.052259687145E-02
   63.100000      3.989978810439E-02      1.098272459563E-02
   63.200000      4.096445967994E-02      1.134104795987E-02
   63.300000      4.161901757395E-02      1.159955453607E-02
   63.400000      4.196568334767E-02      1.179520723276E-02
   63.500000      4.221845253054E-02      1.199082081090E-02
   63.600000      4.265440527637E-02      1.225867919829E-02
   63.700000      4.353870412398E-02      1.266098359193E-02
   63.800000      4.502883268086E-02      1.323217548582E-02
   63.900000      4.711035185219E-02      1.396775287509E-02
   64.000000      4.961117878986E-02      1.482247846803E-02
   64.100000      5.225653191666E-02      1.571834678926E-02
   64.200000      5.473027381620E-02      1.656006607733E-02
   64.300000      5.673583325122E-02      1.725387822337E-02
   64.400000      5.804893530974E-02      1.772483657211E-02
   64.500000      5.855101124088E-02      1.792836951999E-02
   64.600000      5.823834626648E-02      1.785383441158E-02
   64.700000      5.720746722343E-02      1.752020643843E-02
   64.800000      5.562012652804E-02      1.696626662132E-02
   64.900000      5.365059978928E-02      1.623895056897E-02
   65.000000      5.142741559557E-02      1.538353368964E-02
   65.100000      4.901295347079E-02      1.443816899753E-02
   65.200000      4.642937935268E-02      1.343347895069E-02
   65.300000      4.369382979071E-02      1.239612492438E-02
   65.400000      4.084559303087E-02      1.135411739431E-02
   65.500000      3.796448265355E-02      1.034135989142E-02
   65.600000      3.517871015817E-02      9.399474074057E-03
   65.700000      3.265903098978E-02      8.576029652924E-03
   65.800000      3.059719322209E-02      7.919512833454E-03
   65.900000      2.917226844531E-02      7.472354392139E-03
   66.000000      2.851704881224E-02      7.263849775483E-03
   66.100000      2.869268888688E-02      7.304731417543E-03
   66.200000      2.966636488942E-02      7.584568644072E-03
   66.300000      3.131162381203E-02      8.072315296750E-03
   66.400000      3.344078571203E-02      8.719531251092E-03
   66.500000      3.583880006333E-02      9.465346027510E-03
   66.600000      3.828442576588E-02      1.024219661654E-02
   66.700000      4.056262775940E-02      1.098163099986E-02
   66.800000      4.247689163774E-02      1.161979165455E-02
   66.900000      4.386613665879E-02      1.210239861951E-02
   67.000000      4.462138964096E-02      1.238909740289E-02
   67.100000      4.469589131965E-02      1.245698731382E-02
   67.200000      4.410673580232E-02      1.230307480820E-02
   67.300000      4.292882750896E-02      1.194533041347E-02
   67.400000      4.128473555622E-02      1.142197172894E-02
   67.500000      3.933421669606E-02      1.078859390337E-02
   67.600000      3.726563026536E-02      1.011291896888E-02
   67.700000      3.528728242783E-02      9.467315090157E-03
   67.800000      3.360992387047E-02      8.919814837122E-03
   67.900000      3.241447497174E-02      8.524965857448E-03
   68.000000      3.181159382715E-02      8.316231708132E-03
   68.100000      3.181566473022E-02      8.301627320384E-03
   68.200000      3.235130344020E-02      8.463769384367E-03
   68.300000      3.328184468368E-02      8.764653135130E-03
   68.400000      3.444361635371E-02      9.154440690360E-03
   68.500000      3.568077765844E-02      9.582591983101E-03
   68.600000      3.687535654457E-02      1.000899303991E-02
   68.700000      3.796792189389E-02      1.041250964530E-02
   68.800000      3.896532237369E-02      1.079474555051E-02
   68.900000      3.993545107922E-02      1.117775185182E-02
   69.000000      4.099075962601E-02      1.159589383201E-02
   69.100000      4.225623302842E-02      1.208370567344E-02
   69.200000      4.382137331767E-02      1.266287344708E-02
   69.300000      4.569256098269E-02      1.333200859434E-02
   69.400000      4.777453310244E-02      1.406233439518E-02
   69.500000      4.988871882126E-02      1.480087416430E-02
   69.600000      5.181728742240E-02      1.548062097199E-02
   69.700000      5.335580010595E-02      1.603512488221E-02
   69.800000      5.435751727901E-02      1.641359858296E-02
   69.900000      5.476160622619E-02      1.659244016857E-02
   70.000000      5.460221583274E-02      1.658006271424E-02
   70.100000      5.399808244356E-02      1.641378367953E-02
   70.200000      5.312594863424E-02      1.614967993056E-02
   70.300000      5.218381396162E-02      1.584811653885E-02
   70.400000      5.134928569652E-02      1.555862712136E-02
   70.500000      5.073463180990E-02      1.530777595078E-02
   70.600000      5.034410654955E-02      1.509270254424E-02
   70.700000      5.005898960161E-02      1.488160133606E-02
   70.800000      4.967311665583E-02      1.462085850084E-02
   70.900000      4.895229381618E-02      1.424730974502E-02
   71.000000      4.768688561519E-02      1.370327509743E-02
   71.100000      4.573351170714E-02      1.295166684340E-02
   71.200000      4.304784394018E-02      1.198845283716E-02
   71.300000      3.970771001948E-02      1.085000788579E-02
   71.400000      3.592389747146E-02      9.613422479043E-03
   71.500000      3.203474502064E-02      8.388768231365E-03
   71.600000      2.847881286583E-02      7.303712312890E-03
   71.700000      2.573570094800E-02      6.482603969404E-03
   71.800000      2.422422378203E-02      6.023832594773E-03
   71.900000      2.417700770388E-02      5.980306856175E-03
   72.000000      2.556401367046E-02      6.347805388248E-03
   72.100000      2.810858935582E-02      7.064485029002E-03
   72.200000      3.137537186655E-02      8.022244429873E-03
   72.300000      3.487559466058E-02      9.087600777212E-03
   72.400000      3.816111510710E-02      1.012714599361E-02
   72.500000      4.089348999754E-02      1.103133822141E-02
   72.600000      4.288237752210E-02      1.173082743223E-02
   72.700000      4.409212928519E-02      1.220164252744E-02
   72.800000      4.461829743833E-02      1.245876991575E-02
   72.900000      4.463967420638E-02      1.254096175001E-02
   73.000000      4.435309170796E-02      1.249201209984E-02
   73.100000      4.390065595398E-02      1.234450080730E-02
   73.200000      4.331547693351E-02      1.211091456905E-02
   73.300000      4.252061876112E-02      1.178448540266E-02
   73.400000      4.138920865283E-02      1.134887832634E-02
   73.500000      3.982159786727E-02      1.079304886147E-02
   73.600000      3.780345029571E-02      1.012606153556E-02
   73.700000      3.543797513485E-02      9.386840524719E-03
   73.800000      3.295029273203E-02      8.645542129917E-03
   73.900000      3.066187184343E-02      7.995820380716E-03
   74.000000      2.893432049128E-02      7.539814530762E-03
   74.100000      2.809403170376E-02      7.369474216669E-03
   74.200000      2.837331712669E-02      7.548490938396E-03
   74.300000      2.988306198898E-02      8.098676785465E-03
   74.400000      3.258274149577E-02      8.993451022245E-03
   74.500000      3.624238780225E-02      1.015956590350E-02
   74.600000      4.044831989670E-02      1.148666594943E-02
   74.700000      4.470219792957E-02      1.284296891509E-02
   74.800000      4.854089351724E-02      1.409443671174E-02
   74.900000      5.160243821427E-02      1.512435612846E-02
   75.000000      5.365645826813E-02      1.585028218967E-02
   75.100000      5.461628527480E-02      1.623574555876E-02
   75.200000      5.453843678674E-02      1.629488181495E-02
   75.300000      5.361238060643E-02      1.608910686718E-02
   75.400000      5.213886733261E-02      1.571607389750E-02
   75.500000      5.049477132492E-02      1.529233653737E-02
   75.600000      4.908382507355E-02      1.493228286625E-02
   75.700000      4.826540391745E-02      1.472678440822E-02
   75.800000      4.825250604380E-02      1.472538088709E-02
   75.900000      4.904151992174E-02      1.492551685045E-02
   76.000000      5.041902954873E-02      1.527132252756E-02
   76.100000      5.201801279379E-02      1.566280709316E-02
   76.200000      5.339923895063E-02      1.597435542861E-02
   76.300000      5.413657632628E-02      1.607943400766E-02
   76.400000      5.389443517697E-02      1.587683179554E-02
   76.500000      5.248573481428E-02      1.531301600037E-02
   76.600000      4.990554216861E-02      1.439559793948E-02
   76.700000      4.633855704108E-02      1.319456127026E-02
   76.800000      4.213965419406E-02      1.183053314664E-02
   76.900000      3.778836735501E-02      1.045237607099E-02
   77.000000      3.381820633799E-02      9.208964425363E-03
   77.100000      3.071668124006E-02      8.221464081070E-03
   77.200000      2.879904508606E-02      7.562323054388E-03
   77.300000      2.810270696161E-02      7.245502405918E-03
   77.400000      2.839665738359E-02      7.229668045517E-03
   77.500000      2.932292350640E-02      7.432886920208E-03
   77.600000      3.051981209338E-02      7.754688593614E-03
   77.700000      3.169044534923E-02      8.099871006151E-03
   77.800000      3.264028950352E-02      8.398478011308E-03
   77.900000      3.328932258333E-02      8.617819359484E-03
   78.000000      3.366463407745E-02      8.764708547941E-03
   78.100000      3.388203859848E-02      8.878538710702E-03
   78.200000      3.411991437760E-02      9.017743070362E-03
   78.300000      3.458572196796E-02      9.243195405948E-03
   78.400000      3.547503833375E-02      9.602135910516E-03
   78.500000      3.691871257336E-02      1.011549015773E-02
   78.600000      3.891715806347E-02      1.077037684967E-02
   78.700000      4.130748661532E-02      1.151856075037E-02
   78.800000      4.380223046625E-02      1.228083366349E-02
   78.900000      4.605391340135E-02      1.295680562211E-02
   79.000000      4.771022052222E-02      1.343918498027E-02
   79.100000      4.846078350424E-02      1.363110652112E-02
   79.200000      4.808106345556E-02      1.346435347781E-02
   79.300000      4.647394770256E-02      1.291557092193E-02
   79.400000      4.370275174685E-02      1.201713859375E-02
   79.500000      4.000724393769E-02      1.085964398041E-02
   79.600000      3.579654379431E-02      9.584076348269E-03
   79.700000      3.161526805491E-02      8.363837499470E-03
   79.800000      2.808109470922E-02      7.379001016794E-03
   79.900000      2.579045856812E-02      6.787318351274E-03
   80.000000      2.519593485939E-02      6.697641970447E-03
   80.100000      2.649482048398E-02      7.151294532893E-03
   80.200000      2.957856943073E-02      8.115387596835E-03
   80.300000      3.403844288247E-02      9.489501426946E-03
   80.400000      3.926227740661E-02      1.112411782900E-02
   80.500000      4.460212406163E-02      1.284654742069E-02
   80.600000      4.950138182682E-02      1.448854331654E-02
   80.700000      5.355694861696E-02      1.590978515970E-02
   80.800000      5.653963360067E-02      1.701293954774E-02
   80.900000      5.838453778945E-02      1.774856783132E-02
   81.000000      5.915733165686E-02      1.811093984406E-02
   81.100000      5.900388927751E-02      1.812794731282E-02
   81.200000      5.809511603532E-02      1.784917571498E-02
   81.300000      5.658765124226E-02      1.733564527511E-02
   81.400000      5.461929907968E-02      1.665313184574E-02
   81.500000      5.233184380335E-02      1.586902383565E-02
   81.600000      4.989923481299E-02      1.505111029133E-02
   81.700000      4.754334337358E-02      1.426605074983E-02
   81.800000      4.551800646003E-02      1.357568817967E-02
   81.900000      4.403640931284E-02      1.303058664567E-02
   82.000000      4.319058278935E-02      1.266170650849E-02
   82.100000      4.295068911221E-02      1.247241022797E-02
   82.200000      4.319103626207E-02      1.243357387532E-02
   82.300000      4.370194167443E-02      1.248425067423E-02
   82.400000      4.420605838147E-02      1.253916160100E-02
   82.500000      4.439765836324E-02      1.250259270923E-02
   82.600000      4.399707581190E-02      1.228652767263E-02
   82.700000      4.280360245033E-02      1.182951394445E-02
   82.800000      4.073785973813E-02      1.111220550219E-02
   82.900000      3.786883418575E-02      1.016589836367E-02
   83.000000      3.442158835552E-02      9.071621300698E-03
   83.100000      3.076278969468E-02      7.949227997075E-03
   83.200000      2.736317642963E-02      6.938082740510E-03
   83.300000      2.473270880801E-02      6.172873079946E-03
   83.400000      2.331475257326E-02      5.759344188347E-03
   83.500000      2.334272310227E-02      5.754969239107E-03
   83.600000      2.476704010437E-02      6.158627175307E-03
   83.700000      2.731515699132E-02      6.911440014753E-03
   83.800000      3.059132736344E-02      7.908480038037E-03
   83.900000      3.415901198149E-02      9.018682960860E-03
   84.000000      3.759745674200E-02      1.010855983539E-02
   84.100000      4.055540631230E-02      1.106458983577E-02
   84.200000      4.279962911137E-02      1.180965839006E-02
   84.300000      4.423621198970E-02      1.231046815584E-02
   84.400000      4.490342264447E-02      1.257512175086E-02
   84.500000      4.494320301230E-02      1.264248586168E-02
   84.600000      4.455651351269E-02      1.256685820754E-02
   84.700000      4.394897452870E-02      1.240234429385E-02
   84.800000      4.328493637168E-02      1.219097098976E-02
   84.900000      4.265905963699E-02      1.195706814725E-02
   85.000000      4.207154066808E-02      1.170834212075E-02
   85.100000      4.144339521445E-02      1.144203989480E-02
   85.200000      4.068868383562E-02      1.115330346666E-02
   85.300000      3.976334302047E-02      1.084261072029E-02
   85.400000      3.868322445158E-02      1.052006027991E-02
   85.500000      3.752492245659E-02      1.020577299738E-02
   85.600000      3.641493329821E-02      9.927224640559E-03
   85.700000      3.550959221209E-02      9.715296035717E-03
   85.800000      3.496123973828E-02      9.600895778332E-03
   85.900000      3.486752204634E-02      9.613233230588E-03
   86.000000      3.525850078360E-02      9.779601688067E-03
   86.100000      3.614591164554E-02      1.012544269874E-02
   86.200000      3.756601942500E-02      1.067299348451E-02
   86.300000      3.958458476011E-02      1.143719535569E-02
   86.400000      4.226811680433E-02      1.241865685687E-02
   86.500000      4.561829683790E-02      1.359494182448E-02
   86.600000      4.947534498620E-02      1.491276438359E-02
   86.700000      5.353069747880E-02      1.628430458131E-02
   86.800000      5.740311542489E-02      1.759046264748E-02
   86.900000      6.068430960514E-02      1.869240591060E-02
   87.000000      6.298087582426E-02      1.945056260031E-02
   87.100000      6.396359643579E-02      1.974792271248E-02
   87.200000      6.341927487382E-02      1.951285971493E-02
   87.300000      6.129360508445E-02      1.873625194211E-02
   87.400000      5.771522795856E-02      1.747863132994E-02
   87.500000      5.299599550247E-02      1.586515664363E-02
   87.600000      4.760682402421E-02      1.406882801989E-02
   87.700000      4.213212161214E-02      1.228486117432E-02
   87.800000      3.720696012862E-02      1.070094617278E-02
   87.900000      3.343301734231E-02      9.468861702128E-03
   88.000000      3.124689231536E-02      8.682501163402E-03
   88.100000      3.074042228332E-02      8.365958003861E-03
   88.200000      3.163275984503E-02      8.473292786416E-03
   88.300000      3.345299229171E-02      8.899443284095E-03
   88.400000      3.567307077054E-02      9.499885337457E-03
   88.500000      3.778789408117E-02      1.011540494879E-02
   88.600000      3.937371335071E-02      1.059781599058E-02
   88.700000      4.012947494461E-02      1.083261770487E-02
   88.800000      3.990023663756E-02      1.075531280648E-02
   88.900000      3.868206213566E-02      1.035924981602E-02
   89.000000      3.661293182865E-02      9.694245929618E-03
   89.100000      3.395247512083E-02      8.856698610316E-03
   89.200000      3.105282147913E-02      7.973186250537E-03
   89.300000      2.832265550560E-02      7.180468210335E-03
   89.400000      2.618685145064E-02      6.605151279245E-03
   89.500000      2.504413144151E-02      6.346037113550E-03
   89.600000      2.521061380632E-02      6.461399269622E-03
   89.700000      2.680222753410E-02      6.962388333848E-03
   89.800000      2.964087223555E-02      7.812715583228E-03
   89.900000      3.335580963276E-02      8.933958123268E-03
   90.000000      3.750502422805E-02      1.021536816477E-02
   90.100000      4.164439772440E-02      1.152690773575E-02
   90.200000      4.536972588554E-02      1.273421278041E-02
   90.300000      4.834291870142E-02      1.371415092333E-02
   90.400000      5.031053447950E-02      1.436949374160E-02
   90.500000      5.111874270059E-02      1.464103195798E-02
   90.600000      5.072711843861E-02      1.451539067441E-02
   90.700000      4.921901914975E-02      1.402705030753E-02
   90.800000      4.680191643468E-02      1.325376235139E-02
   90.900000      4.379307579484E-02      1.230561857780E-02
   91.000000      4.058910568475E-02      1.130926831881E-02
   91.100000      3.761575779595E-02      1.038985971401E-02
   91.200000      3.524361378854E-02      9.653891158354E-03
   91.300000      3.369609613029E-02      9.176086895947E-03
   91.400000      3.304667070776E-02      8.992611660056E-03
   91.500000      3.326604109946E-02      9.101559458915E-03
   91.600000      3.426261838337E-02      9.470008672786E-03
   91.700000      3.590989691052E-02      1.004545292420E-02
   91.800000      3.805069712889E-02      1.076850968321E-02
   91.900000      4.049886150389E-02      1.158374654864E-02
   92.000000      4.307348974848E-02      1.244626954461E-02
   92.100000      4.563663921907E-02      1.332313956145E-02
   92.200000      4.809951436743E-02      1.419028165414E-02
   92.300000      5.040552256416E-02      1.502684011068E-02
   92.400000      5.250853002801E-02      1.580953022345E-02
   92.500000      5.435798439951E-02      1.650928545720E-02
   92.600000      5.589381339569E-02      1.709149993877E-02
   92.700000      5.704613873121E-02      1.751975931716E-02
   92.800000      5.773802602284E-02      1.776161678240E-02
   92.900000      5.790185719434E-02      1.779418243933E-02
   93.000000      5.749983290907E-02      1.760736966741E-02
   93.100000      5.652657192169E-02      1.720360633859E-02
   93.200000      5.499833326938E-02      1.659435487695E-02
   93.300000      5.293859660127E-02      1.579530588705E-02
   93.400000      5.036690266462E-02      1.482295373332E-02
   93.500000      4.729941209118E-02      1.369495923768E-02
   93.600000      4.376859250692E-02      1.243520973805E-02
   93.700000      3.985901661701E-02      1.108226574667E-02
   93.800000      3.573870409447E-02      9.697785206384E-03
   93.900000      3.166609920614E-02      8.370460364853E-03
   94.000000      2.798295258218E-02      7.211600064454E-03
   94.100000      2.509160332506E-02      6.340761441521E-03
   94.200000      2.339913970041E-02      5.863147048639E-03
   94.300000      2.322970499654E-02      5.843749495330E-03
   94.400000      2.469663583071E-02      6.285285384377E-03
   94.500000      2.758234125733E-02      7.116990826146E-03
   94.600000      3.134949096401E-02      8.199155339883E-03
   94.700000      3.529359322456E-02      9.344355129290E-03
   94.800000      3.871506840912E-02      1.035178045100E-02
   94.900000      4.104657030112E-02      1.104716994061E-02
   95.000000      4.193946397252E-02      1.131887923575E-02
   95.100000      4.131246358283E-02      1.114122192475E-02
   95.200000      3.935995872510E-02      1.057934239994E-02
   95.300000      3.651969851645E-02      9.774612002213E-03
   95.400000      3.340411416063E-02      8.914443375702E-03
   95.500000      3.070013796680E-02      8.194026447542E-03
   95.600000      2.904161477689E-02      7.778837928296E-03
   95.700000      2.887539690790E-02      7.775709509233E-03
   95.800000      3.034977068343E-02      8.217372042587E-03
   95.900000      3.326223828954E-02      9.061780019314E-03
   96.000000      3.713969592586E-02      1.020423947595E-02
   96.100000      4.139974247699E-02      1.149818276936E-02
   96.200000      4.547686450002E-02      1.277966734084E-02
   96.300000      4.889358816896E-02      1.389118594943E-02
   96.400000      5.129635513543E-02      1.470169431568E-02
   96.500000      5.246981510878E-02      1.512127407502E-02
   96.600000      5.233669285882E-02      1.511001591487E-02
   96.700000      5.094857487322E-02      1.468126501524E-02
   96.800000      4.847642289224E-02      1.389941261809E-02
   96.900000      4.520404449420E-02      1.287230966363E-02
   97.000000      4.151686855522E-02      1.173852942683E-02
   97.100000      3.787867645895E-02      1.065031950787E-02
   97.200000      3.478961689777E-02      9.754035645415E-03
   97.300000      3.270780713241E-02      9.170758497865E-03
   97.400000      3.194375982519E-02      8.980226592538E-03
   97.500000      3.260765497830E-02      9.210907899297E-03
   97.600000      3.461049527829E-02      9.837993689909E-03
   97.700000      3.769158485108E-02      1.078959880760E-02
   97.800000      4.146110252146E-02      1.195988371452E-02
   97.900000      4.546011857044E-02      1.322654374497E-02
   98.000000      4.925776547595E-02      1.446938574924E-02
   98.100000      5.252126759818E-02      1.558663033165E-02
   98.200000      5.504699831473E-02      1.650611759787E-02
   98.300000      5.676665177934E-02      1.718965119979E-02
   98.400000      5.773059271471E-02      1.763011972254E-02
   98.500000      5.806800335748E-02      1.784255205083E-02
   98.600000      5.792665473503E-02      1.785160590269E-02
   98.700000      5.741717607049E-02      1.767885365808E-02
   98.800000      5.658163096465E-02      1.733336799734E-02
   98.900000      5.538291986199E-02      1.680840024637E-02
   99.000000      5.371758601692E-02      1.608545026446E-02
   99.100000      5.145063614526E-02      1.514502367529E-02
   99.200000      4.846942096992E-02      1.398132935608E-02
   99.300000      4.474370795115E-02      1.261666632234E-02
   99.400000      4.037366648368E-02      1.111081486506E-02
   99.500000      3.561419036323E-02      9.561664450709E-03
   99.600000      3.087137685313E-02      8.095458325867E-03
   99.700000      2.667004325858E-02      6.847864806638E-03
   99.800000      2.357162107845E-02      5.939779049287E-03
   99.900000      2.200162808484E-02      5.453499398710E-03
  100.000000      2.207837934502E-02      5.415169265134E-03
