# M=8, N=4, V0=0.0, V=0.25, PBC
#  time (tJ)                 S₁(n=2)                 S₂(n=2)
    0.000000     -4.440892098501E-16      1.332267629550E-15
    0.100000      2.841269833314E-03      5.926739776743E-04
    0.200000      9.077530464128E-03      2.190780982405E-03
    0.300000      1.644121258732E-02      4.315884130686E-03
    0.400000      2.300743043368E-02      6.351084342280E-03
    0.500000      2.732291415782E-02      7.738845706587E-03
    0.600000      2.859701668110E-02      8.145036454857E-03
    0.700000      2.677095850287E-02      7.536588441069E-03
    0.800000      2.245664384934E-02      6.157817579911E-03
    0.900000      1.677894706781E-02      4.428558869839E-03
    1.000000      1.122002272368E-02      2.809855338142E-03
    1.100000      7.354428254170E-03      1.683573292655E-03
    1.200000      5.837578010882E-03      1.275641567975E-03
    1.300000      6.873000236961E-03      1.629997464337E-03
    1.400000      1.024809256720E-02      2.623035735301E-03
    1.500000      1.505921710753E-02      4.002400088738E-03
    1.600000      2.000542257400E-02      5.438372400208E-03
    1.700000      2.386842617094E-02      6.584343883476E-03
    1.800000      2.576158278070E-02      7.146515820485E-03
    1.900000      2.520295417466E-02      6.957293712471E-03
    2.000000      2.223010491640E-02      6.034829913556E-03
    2.100000      1.746686576984E-02      4.602666066477E-03
    2.200000      1.213183683812E-02      3.048262533824E-03
    2.300000      7.907035143109E-03      1.819520438116E-03
    2.400000      5.853429023137E-03      1.286156741772E-03
    2.500000      6.994239366069E-03      1.613950531885E-03
    2.600000      1.102342919232E-02      2.702035806171E-03
    2.700000      1.636788046160E-02      4.212598755030E-03
    2.800000      2.138267719295E-02      5.685932994735E-03
    2.900000      2.474962396062E-02      6.697921847328E-03
    3.000000      2.574787409003E-02      6.998801755168E-03
    3.100000      2.434803608735E-02      6.580664481486E-03
    3.200000      2.115704922792E-02      5.652611239435E-03
    3.300000      1.724726825872E-02      4.541724274138E-03
    3.400000      1.395152018177E-02      3.566797803635E-03
    3.500000      1.208580143725E-02      2.937690394491E-03
    3.600000      1.138539623630E-02      2.715351636760E-03
    3.700000      1.158041847574E-02      2.836318571847E-03
    3.800000      1.253361042403E-02      3.176567647378E-03
    3.900000      1.408710879899E-02      3.616518035617E-03
    4.000000      1.592490441419E-02      4.076488659781E-03
    4.100000      1.763276821855E-02      4.514016137217E-03
    4.200000      1.893299260511E-02      4.897775670409E-03
    4.300000      1.967522133484E-02      5.184221675061E-03
    4.400000      1.986855113863E-02      5.317076368102E-03
    4.500000      1.966119421770E-02      5.251671521844E-03
    4.600000      1.910726710607E-02      4.987889596445E-03
    4.700000      1.804225700038E-02      4.588143401740E-03
    4.800000      1.659045137271E-02      4.164496123096E-03
    4.900000      1.521938075178E-02      3.837118440400E-03
    5.000000      1.450157276753E-02      3.684399586929E-03
    5.100000      1.461253652849E-02      3.712132227860E-03
    5.200000      1.536268682767E-02      3.859875288684E-03
    5.300000      1.622622844985E-02      4.041348418998E-03
    5.400000      1.671907026675E-02      4.195199558203E-03
    5.500000      1.678862878040E-02      4.315702754341E-03
    5.600000      1.689974304463E-02      4.444505494543E-03
    5.700000      1.752889552180E-02      4.627755913832E-03
    5.800000      1.850973302568E-02      4.864347742164E-03
    5.900000      1.932344022213E-02      5.078479691870E-03
    6.000000      1.954740815057E-02      5.138666158870E-03
    6.100000      1.879688836523E-02      4.920727184363E-03
    6.200000      1.693400019824E-02      4.386371459669E-03
    6.300000      1.435666692525E-02      3.635678727060E-03
    6.400000      1.188904661464E-02      2.899589408343E-03
    6.500000      1.046758245958E-02      2.465384717951E-03
    6.600000      1.070327609683E-02      2.561620857442E-03
    6.700000      1.304652714571E-02      3.252060810504E-03
    6.800000      1.694414040905E-02      4.388178734682E-03
    6.900000      2.122240845030E-02      5.645615733477E-03
    7.000000      2.447371909990E-02      6.632899306944E-03
    7.100000      2.571646145432E-02      7.028807227482E-03
    7.200000      2.456924778286E-02      6.693164879092E-03
    7.300000      2.129131250100E-02      5.709375696918E-03
    7.400000      1.670862272828E-02      4.347914806306E-03
    7.500000      1.197943280918E-02      2.972566181324E-03
    7.600000      8.248514991611E-03      1.929953153813E-03
    7.700000      6.512679343244E-03      1.461176511113E-03
    7.800000      7.276027322061E-03      1.656960506859E-03
    7.900000      1.018961344296E-02      2.456513659837E-03
    8.000000      1.453326373224E-02      3.676249986845E-03
    8.100000      1.912481493622E-02      5.051986532300E-03
    8.200000      2.294695917610E-02      6.284747772232E-03
    8.300000      2.526971957182E-02      7.089289119118E-03
    8.400000      2.565326258148E-02      7.248621402939E-03
    8.500000      2.388866381949E-02      6.672762837712E-03
    8.600000      2.008461822696E-02      5.447557442542E-03
    8.700000      1.488664625664E-02      3.848518292546E-03
    8.800000      9.484560142527E-03      2.296266749138E-03
    8.900000      5.558152198629E-03      1.249136145377E-03
    9.000000      4.813274731139E-03      1.058353890366E-03
    9.100000      7.883633202086E-03      1.836391372663E-03
    9.200000      1.352422572990E-02      3.394048957310E-03
    9.300000      1.973082031251E-02      5.280571360267E-03
    9.400000      2.475825998298E-02      6.921134045349E-03
    9.500000      2.731733513416E-02      7.805222278134E-03
    9.600000      2.678870898638E-02      7.656838325448E-03
    9.700000      2.332622430911E-02      6.523710671572E-03
    9.800000      1.779512791194E-02      4.754690876413E-03
    9.900000      1.156786520139E-02      2.877788526928E-03
   10.000000      6.300015414580E-03      1.427295995843E-03
   10.100000      3.702931841103E-03      7.830688635451E-04
   10.200000      4.853466165497E-03      1.074207171176E-03
   10.300000      9.072904926501E-03      2.170045000828E-03
   10.400000      1.462831381719E-02      3.747387666933E-03
   10.500000      2.002036065058E-02      5.398646970423E-03
   10.600000      2.416250028619E-02      6.739637578906E-03
   10.700000      2.639545885543E-02      7.487909843580E-03
   10.800000      2.647088780756E-02      7.503313137811E-03
   10.900000      2.444880881012E-02      6.798848978199E-03
   11.000000      2.061300051115E-02      5.533049162958E-03
   11.100000      1.560907184667E-02      3.986840284467E-03
   11.200000      1.051275528193E-02      2.518659485265E-03
   11.300000      6.728990665446E-03      1.492128187957E-03
   11.400000      5.374172392435E-03      1.183279071089E-03
   11.500000      7.309816660152E-03      1.691772501562E-03
   11.600000      1.168070098737E-02      2.890851107182E-03
   11.700000      1.699212498287E-02      4.445027945467E-03
   11.800000      2.173163306642E-02      5.901927415090E-03
   11.900000      2.468966722012E-02      6.833848907676E-03
   12.000000      2.519783303080E-02      6.979894677762E-03
   12.100000      2.323269248546E-02      6.334068537962E-03
   12.200000      1.941473720818E-02      5.143265097926E-03
   12.300000      1.492044806665E-02      3.814540573071E-03
   12.400000      1.131477256997E-02      2.767960733926E-03
   12.500000      9.820130353623E-03      2.293076935003E-03
   12.600000      1.052208495152E-02      2.463889738735E-03
   12.700000      1.277254617503E-02      3.140585765029E-03
   12.800000      1.579108306083E-02      4.048665886917E-03
   12.900000      1.864797727958E-02      4.894713925585E-03
   13.000000      2.060044643211E-02      5.467220054641E-03
   13.100000      2.132210989962E-02      5.684533205154E-03
   13.200000      2.092214273893E-02      5.581730847166E-03
   13.300000      1.981237711189E-02      5.257682922748E-03
   13.400000      1.827216435818E-02      4.817812269575E-03
   13.500000      1.664725930235E-02      4.341537024707E-03
   13.600000      1.522279261162E-02      3.882591768748E-03
   13.700000      1.407931345438E-02      3.488919195565E-03
   13.800000      1.319623244386E-02      3.218797288092E-03
   13.900000      1.272736749075E-02      3.135724262030E-03
   14.000000      1.307267334871E-02      3.281550443391E-03
   14.100000      1.437951410870E-02      3.644595051212E-03
   14.200000      1.629459299677E-02      4.146013222670E-03
   14.300000      1.822248736800E-02      4.658738847427E-03
   14.400000      1.956766444963E-02      5.053924045461E-03
   14.500000      2.003911436091E-02      5.252041254412E-03
   14.600000      1.977500382763E-02      5.251112125072E-03
   14.700000      1.926605907345E-02      5.116112024681E-03
   14.800000      1.882339694170E-02      4.934869725870E-03
   14.900000      1.850543878315E-02      4.764831079652E-03
   15.000000      1.804242039743E-02      4.601355061989E-03
   15.100000      1.718012814758E-02      4.387677795542E-03
   15.200000      1.587798724135E-02      4.063792564432E-03
   15.300000      1.436777104519E-02      3.627884381448E-03
   15.400000      1.292346393652E-02      3.173056109693E-03
   15.500000      1.189105524698E-02      2.871589278623E-03
   15.600000      1.180929009958E-02      2.905604994208E-03
   15.700000      1.322172146860E-02      3.373288201626E-03
   15.800000      1.606354407011E-02      4.217196013855E-03
   15.900000      1.961352438702E-02      5.215076658581E-03
   16.000000      2.256321014073E-02      6.045892848652E-03
   16.100000      2.385861532417E-02      6.407865515018E-03
   16.200000      2.298337182695E-02      6.139310675540E-03
   16.300000      2.008151978823E-02      5.289846767015E-03
   16.400000      1.594370446872E-02      4.110756846166E-03
   16.500000      1.184751706346E-02      2.968496584814E-03
   16.600000      9.186808668430E-03      2.217594776079E-03
   16.700000      9.047758677918E-03      2.083672585750E-03
   16.800000      1.104346709579E-02      2.598781507604E-03
   16.900000      1.428752389520E-02      3.606042936410E-03
   17.000000      1.818056582683E-02      4.822020136819E-03
   17.100000      2.178140426234E-02      5.926256068213E-03
   17.200000      2.417505714291E-02      6.644544739232E-03
   17.300000      2.473619233327E-02      6.804103391384E-03
   17.400000      2.327950675493E-02      6.356595232412E-03
   17.500000      2.000318813091E-02      5.378257677486E-03
   17.600000      1.546432907385E-02      4.058048627513E-03
   17.700000      1.057392877105E-02      2.675899413581E-03
   17.800000      6.567781988623E-03      1.563116412840E-03
   17.900000      4.819707378387E-03      1.036445056904E-03
   18.000000      5.889362881809E-03      1.310085687566E-03
   18.100000      9.849602000380E-03      2.409398441628E-03
   18.200000      1.585804756408E-02      4.123205225971E-03
   18.300000      2.213206341712E-02      6.027510052343E-03
   18.400000      2.701527353441E-02      7.590044007223E-03
   18.500000      2.924678624454E-02      8.331050150586E-03
   18.600000      2.817965844572E-02      7.986859959146E-03
   18.700000      2.393456579233E-02      6.613956601731E-03
   18.800000      1.741702068122E-02      4.588707455042E-03
   18.900000      1.018345935017E-02      2.496033841669E-03
   19.000000      4.208896461254E-03      9.434562004882E-04
   19.100000      1.832992790323E-03      3.667423004372E-04
   19.200000      4.098197400594E-03      8.967274768341E-04
   19.300000      9.450607388090E-03      2.332275906030E-03
   19.400000      1.589027807509E-02      4.222672985164E-03
   19.500000      2.172107870493E-02      6.022110690135E-03
   19.600000      2.562768066110E-02      7.256406792794E-03
   19.700000      2.691028768218E-02      7.645835062230E-03
   19.800000      2.547397071479E-02      7.153402333643E-03
   19.900000      2.175927387058E-02      5.960526985521E-03
   20.000000      1.663313717700E-02      4.395587532525E-03
   20.100000      1.130716318383E-02      2.846484820491E-03
   20.200000      7.233994143942E-03      1.679062862893E-03
   20.300000      5.295364989508E-03      1.169689467656E-03
   20.400000      6.222799210200E-03      1.452791258187E-03
   20.500000      9.875474652839E-03      2.486018024575E-03
   20.600000      1.527147092429E-02      4.042607369571E-03
   20.700000      2.102483945829E-02      5.744232309455E-03
   20.800000      2.561760170262E-02      7.141444030170E-03
   20.900000      2.789820450962E-02      7.831917546875E-03
   21.000000      2.723472351278E-02      7.585748561788E-03
   21.100000      2.366482399640E-02      6.433726679449E-03
   21.200000      1.794171374471E-02      4.679038095832E-03
   21.300000      1.144733956652E-02      2.817140544498E-03
   21.400000      6.038869778914E-03      1.383898258118E-03
   21.500000      3.677649712363E-03      7.830445774304E-04
   21.600000      5.184559783459E-03      1.156007801816E-03
   21.700000      9.698945335188E-03      2.343221648600E-03
   21.800000      1.538521979484E-02      3.950769516543E-03
   21.900000      2.061741936234E-02      5.494272531435E-03
   22.000000      2.417582952071E-02      6.562012362858E-03
   22.100000      2.544719563145E-02      6.935050385746E-03
   22.200000      2.444885589787E-02      6.624907941210E-03
   22.300000      2.173029140917E-02      5.827274759282E-03
   22.400000      1.820192112485E-02      4.824409480417E-03
   22.500000      1.503684129813E-02      3.883766285667E-03
   22.600000      1.309265177957E-02      3.191417245537E-03
   22.700000      1.198439540715E-02      2.834061019465E-03
   22.800000      1.164277137997E-02      2.817771273313E-03
   22.900000      1.227495507698E-02      3.098295347107E-03
   23.000000      1.394191804442E-02      3.601420699954E-03
   23.100000      1.631377459662E-02      4.227591633448E-03
   23.200000      1.870654374343E-02      4.851253387550E-03
   23.300000      2.040917521856E-02      5.331506363942E-03
   23.400000      2.096078474038E-02      5.542823979606E-03
   23.500000      2.024574778813E-02      5.418454559761E-03
   23.600000      1.860843437015E-02      4.985760598382E-03
   23.700000      1.678717692278E-02      4.371211727516E-03
   23.800000      1.502478378497E-02      3.764743925276E-03
   23.900000      1.362749732180E-02      3.352932628277E-03
   24.000000      1.309107787121E-02      3.248065726576E-03
   24.100000      1.366715048292E-02      3.446099489044E-03
   24.200000      1.507218671530E-02      3.835543816521E-03
   24.300000      1.677767518729E-02      4.254908790137E-03
   24.400000      1.807624896724E-02      4.570566125399E-03
   24.500000      1.859901402611E-02      4.734724164244E-03
   24.600000      1.845885024423E-02      4.793071967170E-03
   24.700000      1.819158905849E-02      4.839083341699E-03
   24.800000      1.852928126797E-02      4.941763104198E-03
   24.900000      1.933651386629E-02      5.088841244920E-03
   25.000000      1.987952965196E-02      5.179455312852E-03
   25.100000      1.956994253259E-02      5.073593532908E-03
   25.200000      1.810049720304E-02      4.674493165951E-03
   25.300000      1.560877535742E-02      4.001227892520E-03
   25.400000      1.273343982903E-02      3.211629883905E-03
   25.500000      1.046532110290E-02      2.558914561532E-03
   25.600000      9.697780973010E-03      2.297280233301E-03
   25.700000      1.068220246178E-02      2.576726180842E-03
   25.800000      1.337762513656E-02      3.373464260154E-03
   25.900000      1.717354088709E-02      4.486963077386E-03
   26.000000      2.105466481828E-02      5.605410406770E-03
   26.100000      2.383726457715E-02      6.411997404433E-03
   26.200000      2.477234916083E-02      6.688363020431E-03
   26.300000      2.367227202624E-02      6.375768346081E-03
   26.400000      2.087885670492E-02      5.576331420520E-03
   26.500000      1.717421780773E-02      4.504337888599E-03
   26.600000      1.346895320585E-02      3.416452358299E-03
   26.700000      1.051480596139E-02      2.550294809719E-03
   26.800000      9.000468709385E-03      2.085838186182E-03
   26.900000      9.203242207221E-03      2.125898485779E-03
   27.000000      1.098123374443E-02      2.683584292560E-03
   27.100000      1.442672900098E-02      3.670102187924E-03
   27.200000      1.862143815184E-02      4.889359385985E-03
   27.300000      2.236742406506E-02      6.055192290960E-03
   27.400000      2.470593743222E-02      6.844557908391E-03
   27.500000      2.495567356655E-02      6.984905557806E-03
   27.600000      2.286794562542E-02      6.353040677272E-03
   27.700000      1.871110427750E-02      5.047278947383E-03
   27.800000      1.326827921227E-02      3.394794428108E-03
   27.900000      7.926691672533E-03      1.875550179729E-03
   28.000000      4.487266045277E-03      9.772234093579E-04
   28.100000      4.693931691192E-03      1.028113558230E-03
   28.200000      8.827462010285E-03      2.071144488574E-03
   28.300000      1.515200894538E-02      3.831824974038E-03
   28.400000      2.160188812797E-02      5.798428579858E-03
   28.500000      2.647691782574E-02      7.387827342679E-03
   28.600000      2.862588973383E-02      8.135514020080E-03
   28.700000      2.761086386323E-02      7.839634651899E-03
   28.800000      2.374162856022E-02      6.610028652740E-03
   28.900000      1.797706070666E-02      4.813382486613E-03
   29.000000      1.172656698394E-02      2.945150711020E-03
   29.100000      6.450369699682E-03      1.480500619401E-03
   29.200000      3.442060139345E-03      7.537177914978E-04
   29.300000      3.990718690063E-03      8.945829490907E-04
   29.400000      7.712370961433E-03      1.824655583873E-03
   29.500000      1.306175404844E-02      3.298199744991E-03
   29.600000      1.862345179962E-02      4.966739826975E-03
   29.700000      2.325776212445E-02      6.450812602321E-03
   29.800000      2.611561145402E-02      7.410903318125E-03
   29.900000      2.668336954554E-02      7.614567061232E-03
   30.000000      2.484613325670E-02      6.994147688423E-03
   30.100000      2.088648480352E-02      5.681334836189E-03
   30.200000      1.552521371376E-02      3.998998052060E-03
   30.300000      1.001991443850E-02      2.395988909031E-03
   30.400000      6.058698535476E-03      1.329341069590E-03
   30.500000      5.035104968490E-03      1.123551614750E-03
   30.600000      7.817148659577E-03      1.855233566604E-03
   30.700000      1.307617594171E-02      3.311297111614E-03
   30.800000      1.891721400345E-02      5.045928364768E-03
   30.900000      2.363834461730E-02      6.523426587574E-03
   31.000000      2.604133081486E-02      7.297095596743E-03
   31.100000      2.560765240031E-02      7.156918101189E-03
   31.200000      2.257197702734E-02      6.190238732790E-03
   31.300000      1.785790356229E-02      4.735452750356E-03
   31.400000      1.283437793514E-02      3.252122358320E-03
   31.500000      9.061027597166E-03      2.162225095516E-03
   31.600000      7.650683361251E-03      1.723295200080E-03
   31.700000      8.627106274533E-03      1.974581428137E-03
   31.800000      1.135716826803E-02      2.763320764565E-03
   31.900000      1.498230323155E-02      3.826290567950E-03
   32.000000      1.857946819395E-02      4.885421067613E-03
   32.100000      2.137842102652E-02      5.720307533897E-03
   32.200000      2.294369683862E-02      6.199976569087E-03
   32.300000      2.317021224878E-02      6.279379261169E-03
   32.400000      2.219428132794E-02      5.980333426665E-03
   32.500000      2.021810603835E-02      5.375763654444E-03
   32.600000      1.762289353515E-02      4.583364908066E-03
   32.700000      1.496897285782E-02      3.760370361556E-03
   32.800000      1.263006034384E-02      3.085155011316E-03
   32.900000      1.122486058931E-02      2.718156986881E-03
   33.000000      1.123306543354E-02      2.750168692154E-03
   33.100000      1.264002836458E-02      3.160649784814E-03
   33.200000      1.499778544462E-02      3.811802576878E-03
   33.300000      1.743897597601E-02      4.490880136079E-03
   33.400000      1.915912964119E-02      4.988829102632E-03
   33.500000      1.974244699409E-02      5.181609464456E-03
   33.600000      1.926141950930E-02      5.075311913202E-03
   33.700000      1.815320013195E-02      4.792213183129E-03
   33.800000      1.714441453394E-02      4.504137180244E-03
   33.900000      1.679344245691E-02      4.346116511849E-03
   34.000000      1.712789178042E-02      4.353224984468E-03
   34.100000      1.758093636449E-02      4.451624235178E-03
   34.200000      1.763499281543E-02      4.507496894314E-03
   34.300000      1.711201723355E-02      4.408305541266E-03
   34.400000      1.619402627871E-02      4.134169115005E-03
   34.500000      1.513737225448E-02      3.781429718191E-03
   34.600000      1.426198464461E-02      3.523905017941E-03
   34.700000      1.408650583247E-02      3.528660032935E-03
   34.800000      1.507822938117E-02      3.866935373795E-03
   34.900000      1.698042126281E-02      4.464936963075E-03
   35.000000      1.920854355798E-02      5.120905073524E-03
   35.100000      2.091006934607E-02      5.583006325159E-03
   35.200000      2.132011580474E-02      5.653103466091E-03
   35.300000      2.011632542893E-02      5.269275121279E-03
   35.400000      1.756026386492E-02      4.531078727006E-03
   35.500000      1.440082604186E-02      3.659774409614E-03
   35.600000      1.166510452703E-02      2.915830355358E-03
   35.700000      1.029896571851E-02      2.512216577442E-03
   35.800000      1.078754211401E-02      2.557214733300E-03
   35.900000      1.264527605981E-02      3.040354979507E-03
   36.000000      1.524419694654E-02      3.853277945976E-03
   36.100000      1.829921140538E-02      4.825888494824E-03
   36.200000      2.129835608291E-02      5.760675568642E-03
   36.300000      2.361210856095E-02      6.459434896878E-03
   36.400000      2.462872048974E-02      6.747867502700E-03
   36.500000      2.389464815351E-02      6.507016833064E-03
   36.600000      2.129682362098E-02      5.713531301919E-03
   36.700000      1.714219938291E-02      4.477045830510E-03
   36.800000      1.222197543520E-02      3.051628365489E-03
   36.900000      7.749680554001E-03      1.798913915405E-03
   37.000000      5.091385587247E-03      1.097115660656E-03
   37.100000      5.472128154950E-03      1.216816264269E-03
   37.200000      9.082563590785E-03      2.207932830224E-03
   37.300000      1.486996855155E-02      3.848436427563E-03
   37.400000      2.096939663610E-02      5.687485702953E-03
   37.500000      2.567980819749E-02      7.178852901950E-03
   37.600000      2.778041225341E-02      7.860882555621E-03
   37.700000      2.673250909166E-02      7.515926923361E-03
   37.800000      2.277933742175E-02      6.247434785667E-03
   37.900000      1.690005814669E-02      4.445025278817E-03
   38.000000      1.063429604273E-02      2.652363265368E-03
   38.100000      5.894699966611E-03      1.389438119500E-03
   38.200000      4.579006327448E-03      9.944012465559E-04
   38.300000      6.755220438167E-03      1.536658459853E-03
   38.400000      1.133594532821E-02      2.821178901968E-03
   38.500000      1.679743272583E-02      4.469452549456E-03
   38.600000      2.171176680112E-02      6.039370364863E-03
   38.700000      2.515760677007E-02      7.141671724227E-03
   38.800000      2.643812940752E-02      7.522811284953E-03
   38.900000      2.528832528100E-02      7.104160546641E-03
   39.000000      2.188339608163E-02      5.983798891342E-03
   39.100000      1.681306656268E-02      4.412207007734E-03
   39.200000      1.106779634068E-02      2.748081801546E-03
   39.300000      6.039032929374E-03      1.393711960870E-03
   39.400000      3.328267045128E-03      7.098508836838E-04
   39.500000      4.174092022120E-03      9.203757685303E-04
   39.600000      8.422082596298E-03      2.031545855308E-03
   39.700000      1.465291678979E-02      3.798998024357E-03
   39.800000      2.121144158886E-02      5.768822774547E-03
   39.900000      2.641243102045E-02      7.395386987207E-03
   40.000000      2.900278275121E-02      8.206139351178E-03
   40.100000      2.835880949145E-02      7.957861732977E-03
   40.200000      2.462226598940E-02      6.724473089989E-03
   40.300000      1.869567242815E-02      4.878715659463E-03
   40.400000      1.209095487177E-02      2.970576400997E-03
   40.500000      6.715027363917E-03      1.546274315741E-03
   40.600000      4.574414370240E-03      9.746968252724E-04
   40.700000      5.932189911624E-03      1.343392475086E-03
   40.800000      9.965237035824E-03      2.456561876780E-03
   40.900000      1.500887367615E-02      3.926624201259E-03
   41.000000      1.966282414093E-02      5.316563103644E-03
   41.100000      2.291395188470E-02      6.276248210517E-03
   41.200000      2.421077027310E-02      6.626521895506E-03
   41.300000      2.351345878824E-02      6.372975084210E-03
   41.400000      2.118988597689E-02      5.662293998116E-03
   41.500000      1.790777115956E-02      4.713114642017E-03
   41.600000      1.459647720626E-02      3.753363710314E-03
   41.700000      1.227601156686E-02      2.980778511460E-03
   41.800000      1.086769123920E-02      2.544104740142E-03
   41.900000      1.056214912549E-02      2.531372626032E-03
   42.000000      1.181529009050E-02      2.954403454953E-03
   42.100000      1.448297335108E-02      3.731865737457E-03
   42.200000      1.794182406955E-02      4.686311547049E-03
   42.300000      2.114821950512E-02      5.572570049735E-03
   42.400000      2.312515975671E-02      6.141585260802E-03
   42.500000      2.330400458728E-02      6.222125552137E-03
   42.600000      2.164088862741E-02      5.786787451275E-03
   42.700000      1.866361551180E-02      4.969903511327E-03
   42.800000      1.546210085486E-02      4.024277714564E-03
   42.900000      1.296953436615E-02      3.231192601938E-03
   43.000000      1.156686096769E-02      2.799879459616E-03
   43.100000      1.142591869959E-02      2.798258028036E-03
   43.200000      1.249022870187E-02      3.143577233243E-03
   43.300000      1.435150340209E-02      3.655092491871E-03
   43.400000      1.628984811535E-02      4.142692184194E-03
   43.500000      1.769195218357E-02      4.488788174585E-03
   43.600000      1.835814559191E-02      4.684702027370E-03
   43.700000      1.849658083636E-02      4.806330149013E-03
   43.800000      1.857430755152E-02      4.945656809708E-03
   43.900000      1.913662055678E-02      5.138029433807E-03
   44.000000      2.013479702835E-02      5.327050014833E-03
   44.100000      2.068935444137E-02      5.387918935073E-03
   44.200000      2.019247922700E-02      5.197436033140E-03
   44.300000      1.845918890947E-02      4.712669652245E-03
   44.400000      1.581460378706E-02      4.014991206445E-03
   44.500000      1.305849223947E-02      3.294358703741E-03
   44.600000      1.123622821119E-02      2.779905859190E-03
   44.700000      1.102234015372E-02      2.649723410789E-03
   44.800000      1.221159597919E-02      2.961265572368E-03
   44.900000      1.430566060998E-02      3.631312874608E-03
   45.000000      1.692241920919E-02      4.469669297981E-03
   45.100000      1.969645065273E-02      5.247472204549E-03
   45.200000      2.166709210545E-02      5.769577183352E-03
   45.300000      2.228354783890E-02      5.923924042443E-03
   45.400000      2.144296583618E-02      5.695348992524E-03
   45.500000      1.940222377863E-02      5.149227394101E-03
   45.600000      1.672757823994E-02      4.402615553370E-03
   45.700000      1.400780864113E-02      3.600643189976E-03
   45.800000      1.175059707576E-02      2.904090647266E-03
   45.900000      1.052921840497E-02      2.478942322470E-03
   46.000000      1.057941945855E-02      2.472147458819E-03
   46.100000      1.198251496819E-02      2.966361861287E-03
   46.200000      1.520953624238E-02      3.925725728284E-03
   46.300000      1.954347606997E-02      5.161815325687E-03
   46.400000      2.348782388175E-02      6.350649450489E-03
   46.500000      2.585751317093E-02      7.113349353519E-03
   46.600000      2.582968398362E-02      7.142135376409E-03
   46.700000      2.313429471502E-02      6.325738429772E-03
   46.800000      1.817749776330E-02      4.819723068783E-03
   46.900000      1.204438993231E-02      3.024233386862E-03
   47.000000      6.370435248807E-03      1.467925871687E-03
   47.100000      3.042287076743E-03      6.362326640670E-04
   47.200000      3.798181063627E-03      8.067180355229E-04
   47.300000      8.374235404721E-03      1.953077530397E-03
   47.400000      1.487844580624E-02      3.752970956311E-03
   47.500000      2.131732638707E-02      5.694902282538E-03
   47.600000      2.612788914498E-02      7.242532522235E-03
   47.700000      2.831334033163E-02      7.996043003919E-03
   47.800000      2.754440243405E-02      7.796433927947E-03
   47.900000      2.414039515428E-02      6.745807901418E-03
   48.000000      1.895698807991E-02      5.151050991839E-03
   48.100000      1.324392473665E-02      3.423458203379E-03
   48.200000      8.195869443484E-03      1.972703506939E-03
   48.300000      4.995058285005E-03      1.121925552548E-03
   48.400000      4.735753578487E-03      1.052837261173E-03
   48.500000      7.472115432525E-03      1.777851181919E-03
   48.600000      1.239531161530E-02      3.135378803485E-03
   48.700000      1.806363365179E-02      4.810818260031E-03
   48.800000      2.306216402643E-02      6.390422829283E-03
   48.900000      2.623998535134E-02      7.450771246300E-03
   49.000000      2.682147917664E-02      7.671878969460E-03
   49.100000      2.455647923397E-02      6.943846491899E-03
   49.200000      1.984060157800E-02      5.426725181165E-03
   49.300000      1.372517246377E-02      3.530409420859E-03
   49.400000      7.702315019786E-03      1.806912996447E-03
   49.500000      3.695327958277E-03      7.821449995877E-04
   49.600000      3.592167685090E-03      7.827568654992E-04
   49.700000      7.676636288327E-03      1.821673459599E-03
   49.800000      1.401176087664E-02      3.587900293710E-03
   49.900000      2.051143481428E-02      5.547933085425E-03
   50.000000      2.548054788273E-02      7.122853964153E-03
   50.100000      2.781373838222E-02      7.875550884759E-03
   50.200000      2.712484927484E-02      7.639904463721E-03
   50.300000      2.375469806854E-02      6.549533380428E-03
   50.400000      1.865252937825E-02      4.965619340365E-03
   50.500000      1.317129763656E-02      3.341897102187E-03
   50.600000      8.755382400385E-03      2.083187724886E-03
   50.700000      6.455296278606E-03      1.446025783762E-03
   50.800000      6.568465753986E-03      1.503433175651E-03
   50.900000      8.973276268088E-03      2.166301526591E-03
   51.000000      1.280032952331E-02      3.235646607720E-03
   51.100000      1.707266811897E-02      4.459176026317E-03
   51.200000      2.085088517970E-02      5.577915418166E-03
   51.300000      2.340993485849E-02      6.363381046146E-03
   51.400000      2.429845154150E-02      6.652614760862E-03
   51.500000      2.339297692431E-02      6.383585020816E-03
   51.600000      2.094533027666E-02      5.622044201868E-03
   51.700000      1.754450538635E-02      4.562906994251E-03
   51.800000      1.410279591336E-02      3.492321239018E-03
   51.900000      1.137153229840E-02      2.711229725107E-03
   52.000000      1.019828696788E-02      2.440597735355E-03
   52.100000      1.121620984253E-02      2.742641162602E-03
   52.200000      1.384331595226E-02      3.492770866690E-03
   52.300000      1.711010268777E-02      4.420366769762E-03
   52.400000      1.986076284712E-02      5.207879310590E-03
   52.500000      2.123051399209E-02      5.609880188169E-03
   52.600000      2.092542954029E-02      5.541527458437E-03
   52.700000      1.926205062650E-02      5.097869995274E-03
   52.800000      1.704241762804E-02      4.497135905167E-03
   52.900000      1.523592685315E-02      3.976913856566E-03
   53.000000      1.447422771198E-02      3.693411555000E-03
   53.100000      1.471950469255E-02      3.669831986735E-03
   53.200000      1.534417657790E-02      3.813107386910E-03
   53.300000      1.580995848154E-02      3.983457817929E-03
   53.400000      1.596955760125E-02      4.076667381268E-03
   53.500000      1.599524834404E-02      4.076336366588E-03
   53.600000      1.605152217722E-02      4.052299417283E-03
   53.700000      1.626989339736E-02      4.110643281662E-03
   53.800000      1.689663978059E-02      4.324879128128E-03
   53.900000      1.802008107835E-02      4.685331526398E-03
   54.000000      1.928010320539E-02      5.092432799780E-03
   54.100000      2.032005967477E-02      5.396420707901E-03
   54.200000      2.064538344555E-02      5.462924991405E-03
   54.300000      1.994970975058E-02      5.232074289706E-03
   54.400000      1.833056278160E-02      4.743368135665E-03
   54.500000      1.614437287109E-02      4.117073903761E-03
   54.600000      1.391912677116E-02      3.505528327674E-03
   54.700000      1.224206791269E-02      3.041716333389E-03
   54.800000      1.151304293812E-02      2.809619230810E-03
   54.900000      1.172764088214E-02      2.843454498294E-03
   55.000000      1.279693244759E-02      3.143243349201E-03
   55.100000      1.456167490341E-02      3.685661886171E-03
   55.200000      1.690511974626E-02      4.417127307151E-03
   55.300000      1.960059627308E-02      5.234312306640E-03
   55.400000      2.207435135854E-02      5.972857160645E-03
   55.500000      2.365121110695E-02      6.426859599372E-03
   55.600000      2.363761985789E-02      6.407057528417E-03
   55.700000      2.173028126151E-02      5.821731375691E-03
   55.800000      1.814610019485E-02      4.744671338197E-03
   55.900000      1.368591734487E-02      3.431407446746E-03
   56.000000      9.603948171264E-03      2.262474935276E-03
   56.100000      7.252823366786E-03      1.624029899094E-03
   56.200000      7.685142550626E-03      1.767039912527E-03
   56.300000      1.101771259977E-02      2.701317388207E-03
   56.400000      1.606082218490E-02      4.171428073034E-03
   56.500000      2.110073008263E-02      5.730545063750E-03
   56.600000      2.470598732719E-02      6.888368360131E-03
   56.700000      2.592589327482E-02      7.277900434659E-03
   56.800000      2.441380881271E-02      6.777652166187E-03
   56.900000      2.054167425630E-02      5.544833879931E-03
   57.000000      1.528412102197E-02      3.952366348883E-03
   57.100000      1.002691736579E-02      2.460450970409E-03
   57.200000      6.380014876972E-03      1.474660317613E-03
   57.300000      5.675967241259E-03      1.239257083082E-03
   57.400000      7.841733319898E-03      1.792039507522E-03
   57.500000      1.204966620406E-02      2.979487087108E-03
   57.600000      1.714922277538E-02      4.512040313662E-03
   57.700000      2.189297532226E-02      6.035133967325E-03
   57.800000      2.542515814428E-02      7.199246255034E-03
   57.900000      2.708266865609E-02      7.723219062557E-03
   58.000000      2.637780665604E-02      7.450664745956E-03
   58.100000      2.324031637959E-02      6.395515493619E-03
   58.200000      1.809429249753E-02      4.763475539401E-03
   58.300000      1.189185543451E-02      2.930704108179E-03
   58.400000      6.074574723013E-03      1.367847067279E-03
   58.500000      2.507207578185E-03      5.172011407975E-04
   58.600000      3.152356590454E-03      6.549314346898E-04
   58.700000      7.594124262447E-03      1.786124502896E-03
   58.800000      1.403632256310E-02      3.617853468849E-03
   58.900000      2.063347723805E-02      5.631878544215E-03
   59.000000      2.569677199634E-02      7.241332877959E-03
   59.100000      2.804136584685E-02      7.979931119108E-03
   59.200000      2.719234573904E-02      7.654870889334E-03
   59.300000      2.345398880229E-02      6.405669155875E-03
   59.400000      1.784031964196E-02      4.647429798732E-03
   59.500000      1.188437883731E-02      2.922767818302E-03
   59.600000      7.445944856603E-03      1.721248327394E-03
   59.700000      6.051616987807E-03      1.333545739510E-03
   59.800000      7.655770226534E-03      1.787435644083E-03
   59.900000      1.146952080831E-02      2.875719352946E-03
   60.000000      1.610992839005E-02      4.250538599748E-03
   60.100000      2.028881878575E-02      5.539499389433E-03
   60.200000      2.318744566852E-02      6.441918947295E-03
   60.300000      2.443738610927E-02      6.782666661702E-03
   60.400000      2.382582041855E-02      6.523982937694E-03
   60.500000      2.145755540956E-02      5.750186498599E-03
   60.600000      1.778293126079E-02      4.641135643831E-03
   60.700000      1.360767395197E-02      3.441476782252E-03
   60.800000      1.012868177488E-02      2.423076013091E-03
   60.900000      8.094570417358E-03      1.835407296959E-03
   61.000000      7.984410233485E-03      1.845390661650E-03
   61.100000      1.019988282098E-02      2.480485900846E-03
   61.200000      1.417273115144E-02      3.598847240108E-03
   61.300000      1.879198377477E-02      4.909457894740E-03
   61.400000      2.270683910201E-02      6.049197376240E-03
   61.500000      2.487808829592E-02      6.697574781795E-03
   61.600000      2.480818362818E-02      6.686946379963E-03
   61.700000      2.263414794948E-02      6.061254617941E-03
   61.800000      1.910285968564E-02      5.055472582481E-03
   61.900000      1.547134277223E-02      4.002754418032E-03
   62.000000      1.290825573284E-02      3.208972351702E-03
   62.100000      1.187225292246E-02      2.848086616076E-03
   62.200000      1.203619905362E-02      2.920192212178E-03
   62.300000      1.307537172093E-02      3.283753831784E-03
   62.400000      1.459424347835E-02      3.739876708174E-03
   62.500000      1.603125765941E-02      4.125400004101E-03
   62.600000      1.701912073364E-02      4.372013133281E-03
   62.700000      1.755192716242E-02      4.508778707621E-03
   62.800000      1.779189945996E-02      4.614693549835E-03
   62.900000      1.798522135951E-02      4.751908633170E-03
   63.000000      1.840168781623E-02      4.917669625762E-03
   63.100000      1.913627903555E-02      5.040848974875E-03
   63.200000      1.946940804593E-02      5.023707261235E-03
   63.300000      1.888547196298E-02      4.804421480153E-03
   63.400000      1.738379603203E-02      4.404296420652E-03
   63.500000      1.543260626796E-02      3.932015387175E-03
   63.600000      1.386017718587E-02      3.541458193157E-03
   63.700000      1.340080134095E-02      3.365713406087E-03
   63.800000      1.411002719599E-02      3.462339850334E-03
   63.900000      1.541216622555E-02      3.796432398860E-03
   64.000000      1.676748351549E-02      4.264929538635E-03
   64.100000      1.793138848516E-02      4.743223989286E-03
   64.200000      1.913332911670E-02      5.126886331293E-03
   64.300000      2.015410236398E-02      5.349994733082E-03
   64.400000      2.046866808650E-02      5.379382016510E-03
   64.500000      1.986975443841E-02      5.199358470745E-03
   64.600000      1.835392401374E-02      4.805656913420E-03
   64.700000      1.611587842550E-02      4.218758066205E-03
   64.800000      1.359278129974E-02      3.510500374611E-03
   64.900000      1.137521960200E-02      2.823479539523E-03
   65.000000      1.005167848043E-02      2.359625183852E-03
   65.100000      1.001000804343E-02      2.326564398290E-03
   65.200000      1.154498794082E-02      2.853473891111E-03
   65.300000      1.513402994722E-02      3.910431029839E-03
   65.400000      1.993072783813E-02      5.273620812234E-03
   65.500000      2.427232618683E-02      6.565655783915E-03
   65.600000      2.684776465906E-02      7.368987563948E-03
   65.700000      2.681546476927E-02      7.374789435886E-03
   65.800000      2.399017143260E-02      6.507928447288E-03
   65.900000      1.891468049765E-02      4.973407778650E-03
   66.000000      1.279179940099E-02      3.200514717825E-03
   66.100000      7.282415170401E-03      1.703781134753E-03
   66.200000      4.229122131528E-03      9.142543426641E-04
   66.300000      4.889558963423E-03      1.044535362783E-03
   66.400000      8.519475474618E-03      2.033544710783E-03
   66.500000      1.410595702069E-02      3.582565839532E-03
   66.600000      1.979145214650E-02      5.259787605674E-03
   66.700000      2.417592927815E-02      6.630394769414E-03
   66.800000      2.637771921853E-02      7.368702749245E-03
   66.900000      2.605647561752E-02      7.324338786284E-03
   67.000000      2.338387140278E-02      6.536433863366E-03
   67.100000      1.896727018746E-02      5.207196560217E-03
   67.200000      1.379835053498E-02      3.652040491466E-03
   67.300000      8.991942160986E-03      2.238401855096E-03
   67.400000      5.776984920922E-03      1.317228443348E-03
   67.500000      5.219314257983E-03      1.148646705044E-03
   67.600000      7.704809346034E-03      1.829878071941E-03
   67.700000      1.276741242844E-02      3.244668453997E-03
   67.800000      1.892106955669E-02      5.060028974557E-03
   67.900000      2.440972475624E-02      6.789519746722E-03
   68.000000      2.781711850737E-02      7.920651358028E-03
   68.100000      2.821494598146E-02      8.074589016080E-03
   68.200000      2.535009092497E-02      7.143715733090E-03
   68.300000      1.973441706484E-02      5.350857492296E-03
   68.400000      1.260755534800E-02      3.198087123666E-03
   68.500000      5.766085132380E-03      1.314786192438E-03
   68.600000      1.345445210356E-03      2.559455326843E-04
   68.700000      1.672194742654E-03      3.234063807298E-04
   68.800000      6.411518765046E-03      1.474547308256E-03
   68.900000      1.319992516075E-02      3.348516891046E-03
   69.000000      2.000730162664E-02      5.394951220553E-03
   69.100000      2.524837207147E-02      7.053461142611E-03
   69.200000      2.791976227541E-02      7.918387304581E-03
   69.300000      2.768379741624E-02      7.836127113245E-03
   69.400000      2.483437805649E-02      6.913830137440E-03
   69.500000      2.017157461119E-02      5.453049615652E-03
   69.600000      1.485807162491E-02      3.844838453730E-03
   69.700000      1.021068832723E-02      2.466137521259E-03
   69.800000      7.254257295079E-03      1.603967142686E-03
   69.900000      6.313041344231E-03      1.414381684308E-03
   70.000000      7.844595593500E-03      1.908934890817E-03
   70.100000      1.162610909007E-02      2.958838960166E-03
   70.200000      1.643433953752E-02      4.314222730536E-03
   70.300000      2.096159917971E-02      5.644440954715E-03
   70.400000      2.410882166995E-02      6.605651299170E-03
   70.500000      2.512257477800E-02      6.930042836861E-03
   70.600000      2.374361543816E-02      6.513103804833E-03
   70.700000      2.030975441237E-02      5.463880767957E-03
   70.800000      1.577123118384E-02      4.088993156958E-03
   70.900000      1.148359869159E-02      2.804807560728E-03
   71.000000      8.651844790903E-03      2.003133106261E-03
   71.100000      8.297540640856E-03      1.918717976894E-03
   71.200000      1.058762559017E-02      2.549936227250E-03
   71.300000      1.447797945890E-02      3.664809508894E-03
   71.400000      1.869985979093E-02      4.890547228422E-03
   71.500000      2.196907117221E-02      5.850614631883E-03
   71.600000      2.346769429476E-02      6.294139987700E-03
   71.700000      2.301065741395E-02      6.167218033634E-03
   71.800000      2.100518110649E-02      5.602468027511E-03
   71.900000      1.828350916013E-02      4.839652508427E-03
   72.000000      1.581543341115E-02      4.119030380739E-03
   72.100000      1.423475719748E-02      3.596831916913E-03
   72.200000      1.342297144866E-02      3.315897539564E-03
   72.300000      1.314349106322E-02      3.233582658095E-03
   72.400000      1.316720128127E-02      3.280345286314E-03
   72.500000      1.350997131554E-02      3.410971446031E-03
   72.600000      1.432518953787E-02      3.620942259343E-03
   72.700000      1.556371293367E-02      3.925152036411E-03
   72.800000      1.697760495844E-02      4.319528583142E-03
   72.900000      1.834796458504E-02      4.754485814447E-03
   73.000000      1.949228044101E-02      5.139093799059E-03
   73.100000      2.019797719632E-02      5.374390646257E-03
   73.200000      2.037112078965E-02      5.396598667836E-03
   73.300000      1.992785375616E-02      5.205844757159E-03
   73.400000      1.884389937075E-02      4.864746268949E-03
   73.500000      1.743394880198E-02      4.468122617941E-03
   73.600000      1.611161194848E-02      4.101050581123E-03
   73.700000      1.503619805656E-02      3.809010791947E-03
   73.800000      1.432702183140E-02      3.596729360595E-03
   73.900000      1.400266992134E-02      3.454539663831E-03
   74.000000      1.387276281232E-02      3.392755444043E-03
   74.100000      1.390537460152E-02      3.457441222811E-03
   74.200000      1.453678303888E-02      3.710867690992E-03
   74.300000      1.603883051907E-02      4.182207262959E-03
   74.400000      1.822736956713E-02      4.815861408388E-03
   74.500000      2.039727362619E-02      5.452615855523E-03
   74.600000      2.185184021834E-02      5.866116665444E-03
   74.700000      2.185151244325E-02      5.848880323884E-03
   74.800000      2.009198617097E-02      5.312736039604E-03
   74.900000      1.687481826611E-02      4.354826640304E-03
   75.000000      1.308984449434E-02      3.251175842389E-03
   75.100000      9.996994405753E-03      2.371353755327E-03
   75.200000      8.803041901120E-03      2.044643637939E-03
   75.300000      1.023929237528E-02      2.431962767345E-03
   75.400000      1.384782858492E-02      3.456948483729E-03
   75.500000      1.845595087813E-02      4.824894086215E-03
   75.600000      2.265193284237E-02      6.121677185717E-03
   75.700000      2.520530907696E-02      6.953067520565E-03
   75.800000      2.547398554498E-02      7.071114682919E-03
   75.900000      2.343409347699E-02      6.443338739927E-03
   76.000000      1.959449992537E-02      5.246736343129E-03
   76.100000      1.481076843051E-02      3.799235732766E-03
   76.200000      1.014249387008E-02      2.461920252893E-03
   76.300000      6.734407544494E-03      1.547944671468E-03
   76.400000      5.666291464955E-03      1.260858874930E-03
   76.500000      7.298383504186E-03      1.666486850590E-03
   76.600000      1.107483116456E-02      2.689973384156E-03
   76.700000      1.600339929177E-02      4.128522893798E-03
   76.800000      2.091809628199E-02      5.677934667329E-03
   76.900000      2.485654336786E-02      6.978986704980E-03
   77.000000      2.700249382372E-02      7.689485400068E-03
   77.100000      2.671665409678E-02      7.576053556900E-03
   77.200000      2.381689445638E-02      6.601598648446E-03
   77.300000      1.872865353741E-02      4.971763262263E-03
   77.400000      1.250419592937E-02      3.108080561048E-03
   77.500000      6.737021534605E-03      1.539906485072E-03
   77.600000      3.433331945101E-03      7.421162528922E-04
   77.700000      4.465333003437E-03      9.739145437873E-04
   77.800000      9.155230058681E-03      2.180678608278E-03
   77.900000      1.542618614970E-02      4.000575734866E-03
   78.000000      2.138292682599E-02      5.878456208830E-03
   78.100000      2.551316739156E-02      7.247663333298E-03
   78.200000      2.690813105020E-02      7.713760599362E-03
   78.300000      2.535792448062E-02      7.174181577702E-03
   78.400000      2.133237418840E-02      5.834250175763E-03
   78.500000      1.588365201224E-02      4.121076079029E-03
   78.600000      1.044547440484E-02      2.534614373872E-03
   78.700000      6.627336612747E-03      1.494004428158E-03
   78.800000      5.610132994639E-03      1.230830755728E-03
   78.900000      7.517170300920E-03      1.754862905629E-03
   79.000000      1.156366794877E-02      2.886406386550E-03
   79.100000      1.645940576522E-02      4.327653601957E-03
   79.200000      2.100587621340E-02      5.741438541728E-03
   79.300000      2.437444416230E-02      6.817241679963E-03
   79.400000      2.604187585788E-02      7.320624284602E-03
   79.500000      2.564286833549E-02      7.131539026737E-03
   79.600000      2.310245335766E-02      6.273743694629E-03
   79.700000      1.880366462034E-02      4.926744150642E-03
   79.800000      1.362281863464E-02      3.404637355042E-03
   79.900000      8.926929757023E-03      2.091653356540E-03
   80.000000      6.042484150410E-03      1.341593496389E-03
   80.100000      6.127625342215E-03      1.368676783719E-03
   80.200000      9.120346550347E-03      2.169091432408E-03
   80.300000      1.386641313791E-02      3.508145563145E-03
   80.400000      1.889349260094E-02      4.986715272720E-03
   80.500000      2.281708586453E-02      6.169755301504E-03
   80.600000      2.468985186906E-02      6.731854478375E-03
   80.700000      2.419583769329E-02      6.563916532795E-03
   80.800000      2.168611030288E-02      5.798437928324E-03
   80.900000      1.807424618061E-02      4.744355495810E-03
   81.000000      1.469210654731E-02      3.761066817926E-03
   81.100000      1.274158616708E-02      3.126421687612E-03
   81.200000      1.240489159288E-02      2.952888311758E-03
   81.300000      1.309791945514E-02      3.180447493367E-03
   81.400000      1.443969054287E-02      3.637697940244E-03
   81.500000      1.604328169074E-02      4.133207304126E-03
   81.600000      1.745183437456E-02      4.531288338539E-03
   81.700000      1.836765361226E-02      4.781788761169E-03
   81.800000      1.877560647430E-02      4.901551909304E-03
   81.900000      1.884365415634E-02      4.929851019739E-03
   82.000000      1.854394612521E-02      4.889023557947E-03
   82.100000      1.797989983539E-02      4.772447145867E-03
   82.200000      1.741417416758E-02      4.562440629815E-03
   82.300000      1.675102025340E-02      4.262366094086E-03
   82.400000      1.576135016736E-02      3.919446707298E-03
   82.500000      1.458803147373E-02      3.620757469956E-03
   82.600000      1.371040569882E-02      3.461055265892E-03
   82.700000      1.371033921531E-02      3.498964689815E-03
   82.800000      1.473906683331E-02      3.727027233158E-03
   82.900000      1.629387927974E-02      4.074617237702E-03
   83.000000      1.769899910223E-02      4.443364834076E-03
   83.100000      1.856102755899E-02      4.754299581910E-03
   83.200000      1.889648268693E-02      4.978033160372E-03
   83.300000      1.916409253128E-02      5.129741579915E-03
   83.400000      1.970674438541E-02      5.233268990785E-03
   83.500000      2.016922664215E-02      5.279282103241E-03
   83.600000      2.006110973053E-02      5.208106938427E-03
   83.700000      1.904090734004E-02      4.934546084832E-03
   83.800000      1.703095791743E-02      4.406633383673E-03
   83.900000      1.434098459271E-02      3.667257121643E-03
   84.000000      1.164906659900E-02      2.880474775206E-03
   84.100000      9.695295654754E-03      2.298302304138E-03
   84.200000      9.207109876549E-03      2.172545290618E-03
   84.300000      1.071749543881E-02      2.645552487353E-03
   84.400000      1.424344587101E-02      3.668674056839E-03
   84.500000      1.891763624858E-02      4.989551740984E-03
   84.600000      2.315416305836E-02      6.221704100372E-03
   84.700000      2.565871463155E-02      6.974226793092E-03
   84.800000      2.569211751959E-02      6.991897035557E-03
   84.900000      2.319501254018E-02      6.249520545899E-03
   85.000000      1.879438409209E-02      4.962697495328E-03
   85.100000      1.367819695030E-02      3.512339877423E-03
   85.200000      9.373850487853E-03      2.315732539765E-03
   85.300000      7.384705829360E-03      1.695859081383E-03
   85.400000      8.070890629223E-03      1.795232926248E-03
   85.500000      1.064990475036E-02      2.555948789317E-03
   85.600000      1.459919349425E-02      3.758713703071E-03
   85.700000      1.909195290941E-02      5.094743661343E-03
   85.800000      2.287842451034E-02      6.242085648703E-03
   85.900000      2.504292711347E-02      6.928643582689E-03
   86.000000      2.508671642441E-02      6.978241471955E-03
   86.100000      2.290834885494E-02      6.343734249821E-03
   86.200000      1.882041821774E-02      5.128337747788E-03
   86.300000      1.356747848787E-02      3.586945375533E-03
   86.400000      8.361696711852E-03      2.092837122428E-03
   86.500000      4.757271003822E-03      1.060411529091E-03
   86.600000      4.030284127587E-03      8.322848831726E-04
   86.700000      6.722352549621E-03      1.561132363489E-03
   86.800000      1.248787825980E-02      3.130410920642E-03
   86.900000      1.936060692628E-02      5.153754977080E-03
   87.000000      2.542409376930E-02      7.068602049348E-03
   87.100000      2.914197238445E-02      8.303364042639E-03
   87.200000      2.957027737890E-02      8.464252928810E-03
   87.300000      2.653813591448E-02      7.473634902387E-03
   87.400000      2.069115206987E-02      5.605348829145E-03
   87.500000      1.338197062610E-02      3.400099677541E-03
   87.600000      6.439139199889E-03      1.490444606507E-03
   87.700000      1.963178571331E-03      3.997700311875E-04
   87.800000      1.894917926833E-03      3.875239779862E-04
   87.900000      5.935201760213E-03      1.391006989421E-03
   88.000000      1.206563809786E-02      3.073586085896E-03
   88.100000      1.840490984957E-02      4.949451292009E-03
   88.200000      2.350522632219E-02      6.532821313327E-03
   88.300000      2.642792870123E-02      7.461490917372E-03
   88.400000      2.676817304240E-02      7.565401035958E-03
   88.500000      2.462602100099E-02      6.877191103547E-03
   88.600000      2.054252629425E-02      5.600048112034E-03
   88.700000      1.544470606651E-02      4.052418795996E-03
   88.800000      1.061015623768E-02      2.602742262480E-03
   88.900000      7.153913428885E-03      1.599312871259E-03
   89.000000      5.834004079645E-03      1.298281643126E-03
   89.100000      7.428938261317E-03      1.798191578283E-03
   89.200000      1.172438680780E-02      2.997901312579E-03
   89.300000      1.735349085535E-02      4.598944402609E-03
   89.400000      2.261106697401E-02      6.166841278556E-03
   89.500000      2.611259519859E-02      7.246965513436E-03
   89.600000      2.695440861916E-02      7.505299238899E-03
   89.700000      2.488767976350E-02      6.845482157359E-03
   89.800000      2.039389352013E-02      5.453729754859E-03
   89.900000      1.462348741568E-02      3.746677460605E-03
   90.000000      9.233307922282E-03      2.235511854881E-03
   90.100000      6.014726734705E-03      1.355420972399E-03
   90.200000      6.012331060504E-03      1.325109854396E-03
   90.300000      8.872128595403E-03      2.088797299374E-03
   90.400000      1.340856474844E-02      3.358217416477E-03
   90.500000      1.815927089291E-02      4.731022628413E-03
   90.600000      2.189655173393E-02      5.833445892101E-03
   90.700000      2.389320611780E-02      6.431083439408E-03
   90.800000      2.398576803545E-02      6.471894433189E-03
   90.900000      2.249301825882E-02      6.058460246433E-03
   91.000000      2.006357722251E-02      5.375916469355E-03
   91.100000      1.751340487891E-02      4.614894251136E-03
   91.200000      1.549412885276E-02      3.921619881469E-03
   91.300000      1.390695886052E-02      3.386364889969E-03
   91.400000      1.265792870896E-02      3.059005085765E-03
   91.500000      1.198841352706E-02      2.968360588276E-03
   91.600000      1.230377026436E-02      3.125864003674E-03
   91.700000      1.380543901365E-02      3.510486427120E-03
   91.800000      1.595541475047E-02      4.049730399418E-03
   91.900000      1.802042632232E-02      4.618505468927E-03
   92.000000      1.941443853049E-02      5.068291753275E-03
   92.100000      1.985275202802E-02      5.278920255182E-03
   92.200000      1.946308517545E-02      5.208055640583E-03
   92.300000      1.859079332249E-02      4.910837642651E-03
   92.400000      1.752232159892E-02      4.516250520464E-03
   92.500000      1.643661278964E-02      4.169510494389E-03
   92.600000      1.571583772389E-02      3.968397252987E-03
   92.700000      1.551328129096E-02      3.925780597182E-03
   92.800000      1.561299791764E-02      3.977714223100E-03
   92.900000      1.586134985441E-02      4.032434458655E-03
   93.000000      1.608856192654E-02      4.032949775623E-03
   93.100000      1.607085884901E-02      3.997315422067E-03
   93.200000      1.589942693044E-02      4.011722392071E-03
   93.300000      1.608298112592E-02      4.177032269857E-03
   93.400000      1.722439374313E-02      4.536004699688E-03
   93.500000      1.902596791144E-02      5.021795811460E-03
   93.600000      2.063216212640E-02      5.460524706992E-03
   93.700000      2.123784455009E-02      5.634700212147E-03
   93.800000      2.036028070338E-02      5.382569813442E-03
   93.900000      1.798130885258E-02      4.687225058727E-03
   94.000000      1.459666691094E-02      3.710327945230E-03
   94.100000      1.120508314589E-02      2.749324167257E-03
   94.200000      9.024026401654E-03      2.132580111163E-03
   94.300000      8.946651765881E-03      2.096150979509E-03
   94.400000      1.115905924785E-02      2.694141204760E-03
   94.500000      1.494161787635E-02      3.778379692027E-03
   94.600000      1.924702125992E-02      5.051688378715E-03
   94.700000      2.295922910606E-02      6.168518841980E-03
   94.800000      2.509303812491E-02      6.841068195126E-03
   94.900000      2.520901597986E-02      6.913295083151E-03
   95.000000      2.337656499627E-02      6.384760311112E-03
   95.100000      2.009396149721E-02      5.389558630791E-03
   95.200000      1.601273667930E-02      4.150720600874E-03
   95.300000      1.184783169183E-02      2.931001420900E-03
   95.400000      8.489880926096E-03      1.990023442007E-03
   95.500000      6.880664173548E-03      1.545454086672E-03
   95.600000      7.537423386163E-03      1.732020692960E-03
   95.700000      1.056781284952E-02      2.559224753836E-03
   95.800000      1.522697004661E-02      3.880933502888E-03
   95.900000      2.016201904602E-02      5.398060674131E-03
   96.000000      2.415427849822E-02      6.711660299461E-03
   96.100000      2.620792477968E-02      7.426322783866E-03
   96.200000      2.571309869531E-02      7.278802028460E-03
   96.300000      2.256300723664E-02      6.246401449812E-03
   96.400000      1.732434323399E-02      4.586548011798E-03
   96.500000      1.122990433183E-02      2.779172334409E-03
   96.600000      6.025319986966E-03      1.381208874339E-03
   96.700000      3.821138650066E-03      8.414034588209E-04
   96.800000      5.988731971182E-03      1.344530688865E-03
   96.900000      1.128260433682E-02      2.745555179727E-03
   97.000000      1.765423335472E-02      4.619095327025E-03
   97.100000      2.327123678292E-02      6.403743480665E-03
   97.200000      2.677675037755E-02      7.585026366794E-03
   97.300000      2.745873905367E-02      7.850101464286E-03
   97.400000      2.530730977798E-02      7.164296172982E-03
   97.500000      2.094002031013E-02      5.754175588601E-03
   97.600000      1.539690051312E-02      4.017057363521E-03
   97.700000      9.883006944919E-03      2.397959491553E-03
   97.800000      5.662695332814E-03      1.276014010004E-03
   97.900000      4.041089271857E-03      8.877917974996E-04
   98.000000      5.668904988188E-03      1.295135904461E-03
   98.100000      9.833376801134E-03      2.390058385326E-03
   98.200000      1.517500486430E-02      3.924258291769E-03
   98.300000      2.046302483485E-02      5.554888733563E-03
   98.400000      2.465854499925E-02      6.905234220041E-03
   98.500000      2.694363880034E-02      7.640970156082E-03
   98.600000      2.679231082190E-02      7.555001080549E-03
   98.700000      2.410432828969E-02      6.639785669032E-03
   98.800000      1.935305802461E-02      5.116273807632E-03
   98.900000      1.360988946941E-02      3.394149545868E-03
   99.000000      8.489783669293E-03      1.961436428416E-03
   99.100000      5.615261517147E-03      1.233152733381E-03
   99.200000      6.265663758969E-03      1.412169902519E-03
   99.300000      9.992940097630E-03      2.417069720888E-03
   99.400000      1.516710777038E-02      3.908580408143E-03
   99.500000      2.011693932168E-02      5.407454697699E-03
   99.600000      2.348726666762E-02      6.459583811448E-03
   99.700000      2.453135045417E-02      6.785400255874E-03
   99.800000      2.320751771878E-02      6.358488881307E-03
   99.900000      2.010260633801E-02      5.388873700801E-03
  100.000000      1.620831094595E-02      4.225673845807E-03
