# M=16, N=8, V0=0.0, V=0.25, PBC
#  time (tJ)                 S₁(ℓ=8)                 S₂(ℓ=8)
    0.000000      1.270191330997E+00      9.635005380843E-01
    0.100000      1.271240909069E+00      9.641435541450E-01
    0.200000      1.274063415713E+00      9.658956783021E-01
    0.300000      1.277831990240E+00      9.682782148092E-01
    0.400000      1.281497054244E+00      9.706498657378E-01
    0.500000      1.284121280606E+00      9.723879556859E-01
    0.600000      1.285163916284E+00      9.730548186605E-01
    0.700000      1.284621366411E+00      9.725005642481E-01
    0.800000      1.282988429189E+00      9.708776158760E-01
    0.900000      1.281058400724E+00      9.685726689300E-01
    1.000000      1.279621198570E+00      9.660864220493E-01
    1.100000      1.279179981432E+00      9.639023949602E-01
    1.200000      1.279844374471E+00      9.623816827207E-01
    1.300000      1.281400431932E+00      9.617051899714E-01
    1.400000      1.283436510219E+00      9.618665725092E-01
    1.500000      1.285482729280E+00      9.627049776000E-01
    1.600000      1.287146022728E+00      9.639604041476E-01
    1.700000      1.288207115411E+00      9.653355600358E-01
    1.800000      1.288651078131E+00      9.665530885311E-01
    1.900000      1.288630253632E+00      9.674021328369E-01
    2.000000      1.288381096030E+00      9.677711188128E-01
    2.100000      1.288134543195E+00      9.676642641444E-01
    2.200000      1.288044967255E+00      9.671990860777E-01
    2.300000      1.288165058047E+00      9.665828162592E-01
    2.400000      1.288483716081E+00      9.660683412119E-01
    2.500000      1.288985159352E+00      9.658953479249E-01
    2.600000      1.289668828539E+00      9.662286893872E-01
    2.700000      1.290520350309E+00      9.671107586724E-01
    2.800000      1.291458085696E+00      9.684441043367E-01
    2.900000      1.292352327365E+00      9.700126244193E-01
    3.000000      1.293078743760E+00      9.715367921816E-01
    3.100000      1.293527428177E+00      9.727465483932E-01
    3.200000      1.293596092577E+00      9.734502672704E-01
    3.300000      1.293220988938E+00      9.735807306784E-01
    3.400000      1.292434695475E+00      9.732066537258E-01
    3.500000      1.291407152888E+00      9.725080045110E-01
    3.600000      1.290414584839E+00      9.717233715669E-01
    3.700000      1.289720123671E+00      9.710856228516E-01
    3.800000      1.289441017469E+00      9.707645230868E-01
    3.900000      1.289559723823E+00      9.708302263032E-01
    4.000000      1.289995699712E+00      9.712428580029E-01
    4.100000      1.290647232087E+00      9.718663765872E-01
    4.200000      1.291399682966E+00      9.725019905907E-01
    4.300000      1.292135240294E+00      9.729350639455E-01
    4.400000      1.292728408611E+00      9.729865460160E-01
    4.500000      1.293062631824E+00      9.725566406027E-01
    4.600000      1.293092139978E+00      9.716489181552E-01
    4.700000      1.292897994518E+00      9.703691281419E-01
    4.800000      1.292671707608E+00      9.689011291753E-01
    4.900000      1.292624958853E+00      9.674676093860E-01
    5.000000      1.292866695274E+00      9.662842443060E-01
    5.100000      1.293338600626E+00      9.655152795823E-01
    5.200000      1.293869542739E+00      9.652386855892E-01
    5.300000      1.294266308902E+00      9.654291474137E-01
    5.400000      1.294398531811E+00      9.659645193682E-01
    5.500000      1.294255358822E+00      9.666552046623E-01
    5.600000      1.293937841820E+00      9.672889258996E-01
    5.700000      1.293589663466E+00      9.676795261716E-01
    5.800000      1.293326356037E+00      9.677094639522E-01
    5.900000      1.293213712598E+00      9.673594186268E-01
    6.000000      1.293277091978E+00      9.667210849741E-01
    6.100000      1.293498151771E+00      9.659891390442E-01
    6.200000      1.293799441909E+00      9.654279803051E-01
    6.300000      1.294039694094E+00      9.653126673595E-01
    6.400000      1.294070189679E+00      9.658531779272E-01
    6.500000      1.293843474397E+00      9.671226398216E-01
    6.600000      1.293454736674E+00      9.690155065465E-01
    6.700000      1.293090010021E+00      9.712548222508E-01
    6.800000      1.292909217761E+00      9.734501734918E-01
    6.900000      1.292931998446E+00      9.751887613861E-01
    7.000000      1.293050153275E+00      9.761319955327E-01
    7.100000      1.293108438490E+00      9.760931813556E-01
    7.200000      1.292949039295E+00      9.750824434057E-01
    7.300000      1.292452326907E+00      9.733134364608E-01
    7.400000      1.291598553276E+00      9.711692162349E-01
    7.500000      1.290522944087E+00      9.691273084823E-01
    7.600000      1.289498150517E+00      9.676531007878E-01
    7.700000      1.288797930623E+00      9.670848166758E-01
    7.800000      1.288568294623E+00      9.675431677602E-01
    7.900000      1.288818269995E+00      9.688954524907E-01
    8.000000      1.289450317214E+00      9.707867594334E-01
    8.100000      1.290277789405E+00      9.727281255609E-01
    8.200000      1.291084553311E+00      9.742141073601E-01
    8.300000      1.291676304094E+00      9.748374528173E-01
    8.400000      1.291906182771E+00      9.743757273616E-01
    8.500000      1.291707612304E+00      9.728365990952E-01
    8.600000      1.291137976313E+00      9.704573803461E-01
    8.700000      1.290386751214E+00      9.676586147503E-01
    8.800000      1.289705324390E+00      9.649557319425E-01
    8.900000      1.289302887962E+00      9.628421894011E-01
    9.000000      1.289297550461E+00      9.616707168618E-01
    9.100000      1.289700087554E+00      9.615677436603E-01
    9.200000      1.290393448453E+00      9.624106859715E-01
    9.300000      1.291150084390E+00      9.638769253757E-01
    9.400000      1.291713328350E+00      9.655459953594E-01
    9.500000      1.291895718835E+00      9.670172852647E-01
    9.600000      1.291641484309E+00      9.680047303726E-01
    9.700000      1.291032460331E+00      9.683858638162E-01
    9.800000      1.290249328668E+00      9.682034543125E-01
    9.900000      1.289518503838E+00      9.676317745274E-01
   10.000000      1.289057890265E+00      9.669229641412E-01
   10.100000      1.289009612025E+00      9.663466192024E-01
   10.200000      1.289367274533E+00      9.661331074831E-01
   10.300000      1.289962430088E+00      9.664294424427E-01
   10.400000      1.290540912007E+00      9.672741495429E-01
   10.500000      1.290887165134E+00      9.685935269516E-01
   10.600000      1.290920693400E+00      9.702173382654E-01
   10.700000      1.290701075659E+00      9.719092305013E-01
   10.800000      1.290367020638E+00      9.734067195849E-01
   10.900000      1.290044156351E+00      9.744663712951E-01
   11.000000      1.289778020606E+00      9.749098968258E-01
   11.100000      1.289534512344E+00      9.746648740775E-01
   11.200000      1.289244390761E+00      9.737903125002E-01
   11.300000      1.288863549893E+00      9.724755199949E-01
   11.400000      1.288405423892E+00      9.710047360069E-01
   11.500000      1.287938193659E+00      9.696908336233E-01
   11.600000      1.287565501456E+00      9.687948094653E-01
   11.700000      1.287396530175E+00      9.684563199954E-01
   11.800000      1.287496016364E+00      9.686587641618E-01
   11.900000      1.287831846026E+00      9.692406167013E-01
   12.000000      1.288279837093E+00      9.699482085435E-01
   12.100000      1.288706099603E+00      9.705109743119E-01
   12.200000      1.289032769832E+00      9.707138910386E-01
   12.300000      1.289250125373E+00      9.704454812767E-01
   12.400000      1.289387796742E+00      9.697111164091E-01
   12.500000      1.289469167880E+00      9.686148278631E-01
   12.600000      1.289490043822E+00      9.673223870717E-01
   12.700000      1.289428193477E+00      9.660208136783E-01
   12.800000      1.289264423667E+00      9.648853308467E-01
   12.900000      1.289004393572E+00      9.640573915214E-01
   13.000000      1.288686811336E+00      9.636309953109E-01
   13.100000      1.288394793713E+00      9.636425882898E-01
   13.200000      1.288260759910E+00      9.640630449935E-01
   13.300000      1.288427440414E+00      9.647954674725E-01
   13.400000      1.288972552760E+00      9.656851688375E-01
   13.500000      1.289837103155E+00      9.665459739455E-01
   13.600000      1.290815522028E+00      9.672012828012E-01
   13.700000      1.291628453123E+00      9.675319486056E-01
   13.800000      1.292004824899E+00      9.675177684515E-01
   13.900000      1.291784541408E+00      9.672569607504E-01
   14.000000      1.291007430470E+00      9.669511320440E-01
   14.100000      1.289913734197E+00      9.668535883827E-01
   14.200000      1.288864457363E+00      9.671934347590E-01
   14.300000      1.288213518748E+00      9.680993972403E-01
   14.400000      1.288184748259E+00      9.695492377911E-01
   14.500000      1.288805898341E+00      9.713621512225E-01
   14.600000      1.289901508701E+00      9.732370980857E-01
   14.700000      1.291150426497E+00      9.748256759763E-01
   14.800000      1.292173262133E+00      9.758184174197E-01
   14.900000      1.292652861152E+00      9.760205864238E-01
   15.000000      1.292459110800E+00      9.753978878661E-01
   15.100000      1.291685413625E+00      9.740823865884E-01
   15.200000      1.290599429249E+00      9.723408263070E-01
   15.300000      1.289532156530E+00      9.705167857917E-01
   15.400000      1.288736375234E+00      9.689612813495E-01
   15.500000      1.288318267436E+00      9.679640530176E-01
   15.600000      1.288282413551E+00      9.676943625284E-01
   15.700000      1.288596575632E+00      9.681599413557E-01
   15.800000      1.289198609287E+00      9.691948460108E-01
   15.900000      1.289954801373E+00      9.704856258374E-01
   16.000000      1.290664922538E+00      9.716361741762E-01
   16.100000      1.291133496901E+00      9.722580945228E-01
   16.200000      1.291229200635E+00      9.720638942174E-01
   16.300000      1.290906068517E+00      9.709402940758E-01
   16.400000      1.290202387336E+00      9.689857120259E-01
   16.500000      1.289234293652E+00      9.665031228202E-01
   16.600000      1.288191679610E+00      9.639452148063E-01
   16.700000      1.287316860610E+00      9.618170787377E-01
   16.800000      1.286838615962E+00      9.605549342605E-01
   16.900000      1.286893492570E+00      9.604124037911E-01
   17.000000      1.287480225448E+00      9.613893488933E-01
   17.100000      1.288468757194E+00      9.632276363346E-01
   17.200000      1.289634596143E+00      9.654772586504E-01
   17.300000      1.290700202766E+00      9.676139846221E-01
   17.400000      1.291388743035E+00      9.691745154105E-01
   17.500000      1.291497650327E+00      9.698713585196E-01
   17.600000      1.290977981449E+00      9.696573413448E-01
   17.700000      1.289972540975E+00      9.687254941659E-01
   17.800000      1.288768888170E+00      9.674484404287E-01
   17.900000      1.287682785372E+00      9.662765951948E-01
   18.000000      1.286957629609E+00      9.656224695879E-01
   18.100000      1.286731343560E+00      9.657587983659E-01
   18.200000      1.287037787712E+00      9.667533973447E-01
   18.300000      1.287823920145E+00      9.684558104288E-01
   18.400000      1.288935256783E+00      9.705398941259E-01
   18.500000      1.290121407581E+00      9.725920047763E-01
   18.600000      1.291114111787E+00      9.742195117041E-01
   18.700000      1.291724325226E+00      9.751465029489E-01
   18.800000      1.291862522225E+00      9.752691328717E-01
   18.900000      1.291542247514E+00      9.746601577585E-01
   19.000000      1.290900572874E+00      9.735307510326E-01
   19.100000      1.290173748747E+00      9.721679363878E-01
   19.200000      1.289641864692E+00      9.708661243797E-01
   19.300000      1.289545844117E+00      9.698663411588E-01
   19.400000      1.289999928074E+00      9.693119573689E-01
   19.500000      1.290962375333E+00      9.692263515783E-01
   19.600000      1.292259891673E+00      9.695149056170E-01
   19.700000      1.293621029110E+00      9.699904053469E-01
   19.800000      1.294729810231E+00      9.704175524370E-01
   19.900000      1.295297092449E+00      9.705689779020E-01
   20.000000      1.295172172274E+00      9.702819019104E-01
   20.100000      1.294432641234E+00      9.695024059353E-01
   20.200000      1.293349897162E+00      9.683051150050E-01
   20.300000      1.292241571761E+00      9.668810683602E-01
   20.400000      1.291335271929E+00      9.654945932002E-01
   20.500000      1.290740362195E+00      9.644184549074E-01
   20.600000      1.290501946768E+00      9.638630811256E-01
   20.700000      1.290642907310E+00      9.639188417685E-01
   20.800000      1.291145498968E+00      9.645290490361E-01
   20.900000      1.291898024898E+00      9.655044185130E-01
   21.000000      1.292680705957E+00      9.665775848209E-01
   21.100000      1.293253910338E+00      9.674823049571E-01
   21.200000      1.293477805501E+00      9.680320502604E-01
   21.300000      1.293350127360E+00      9.681719366461E-01
   21.400000      1.292945149469E+00      9.679874000507E-01
   21.500000      1.292334521162E+00      9.676686540363E-01
   21.600000      1.291572411536E+00      9.674450339307E-01
   21.700000      1.290730464371E+00      9.675121289704E-01
   21.800000      1.289915214568E+00      9.679748217461E-01
   21.900000      1.289243686261E+00      9.688220671540E-01
   22.000000      1.288789179329E+00      9.699375721880E-01
   22.100000      1.288560521106E+00      9.711385143945E-01
   22.200000      1.288538921585E+00      9.722262890858E-01
   22.300000      1.288709644189E+00      9.730321315555E-01
   22.400000      1.289037900137E+00      9.734463169590E-01
   22.500000      1.289433381812E+00      9.734286466503E-01
   22.600000      1.289769668391E+00      9.730048504238E-01
   22.700000      1.289925637546E+00      9.722556016811E-01
   22.800000      1.289822535891E+00      9.713030114973E-01
   22.900000      1.289425274657E+00      9.702962246739E-01
   23.000000      1.288771109432E+00      9.693948499159E-01
   23.100000      1.288029696030E+00      9.687475849151E-01
   23.200000      1.287490538318E+00      9.684648534544E-01
   23.300000      1.287430768601E+00      9.685889155239E-01
   23.400000      1.287959034350E+00      9.690704715078E-01
   23.500000      1.288983992730E+00      9.697631459585E-01
   23.600000      1.290267132050E+00      9.704437174075E-01
   23.700000      1.291479952228E+00      9.708576219832E-01
   23.800000      1.292276156421E+00      9.707799912375E-01
   23.900000      1.292393963073E+00      9.700762401136E-01
   24.000000      1.291744565252E+00      9.687451540805E-01
   24.100000      1.290457607572E+00      9.669317208917E-01
   24.200000      1.288862203239E+00      9.649052046452E-01
   24.300000      1.287380691605E+00      9.630073942393E-01
   24.400000      1.286386376705E+00      9.615831924925E-01
   24.500000      1.286121734027E+00      9.609085373170E-01
   24.600000      1.286672867769E+00      9.611295948220E-01
   24.700000      1.287932906326E+00      9.622248304592E-01
   24.800000      1.289564376541E+00      9.639995754957E-01
   24.900000      1.291075765191E+00      9.661193506182E-01
   25.000000      1.292024197848E+00      9.681801755555E-01
   25.100000      1.292187656787E+00      9.698015949789E-01
   25.200000      1.291614465654E+00      9.707175354536E-01
   25.300000      1.290552790477E+00      9.708391296621E-01
   25.400000      1.289299861683E+00      9.702733350356E-01
   25.500000      1.288080398948E+00      9.692944736530E-01
   25.600000      1.287049482561E+00      9.682757090405E-01
   25.700000      1.286327978844E+00      9.675941156520E-01
   25.800000      1.286001651581E+00      9.675301774936E-01
   25.900000      1.286099737169E+00      9.681890647746E-01
   26.000000      1.286568766637E+00      9.694697785052E-01
   26.100000      1.287239462991E+00      9.710945844197E-01
   26.200000      1.287888556106E+00      9.726896846221E-01
   26.300000      1.288324914630E+00      9.738898750347E-01
   26.400000      1.288442832622E+00      9.744338497324E-01
   26.500000      1.288248668643E+00      9.742237304203E-01
   26.600000      1.287846708782E+00      9.733367399776E-01
   26.700000      1.287391298424E+00      9.719919746889E-01
   26.800000      1.287036209100E+00      9.704865927400E-01
   26.900000      1.286902362374E+00      9.691214168131E-01
   27.000000      1.287053683655E+00      9.681353100892E-01
   27.100000      1.287480650131E+00      9.676616218072E-01
   27.200000      1.288112444278E+00      9.677114233467E-01
   27.300000      1.288850439151E+00      9.681811475968E-01
   27.400000      1.289595569954E+00      9.688791752067E-01
   27.500000      1.290255994439E+00      9.695660872866E-01
   27.600000      1.290741943366E+00      9.700034864102E-01
   27.700000      1.290973444000E+00      9.700043794061E-01
   27.800000      1.290910276681E+00      9.694756203934E-01
   27.900000      1.290566189493E+00      9.684429199404E-01
   28.000000      1.289991545774E+00      9.670520209740E-01
   28.100000      1.289278228662E+00      9.655436496264E-01
   28.200000      1.288580235376E+00      9.642038848675E-01
   28.300000      1.288084987883E+00      9.632976211832E-01
   28.400000      1.287958643678E+00      9.630011734003E-01
   28.500000      1.288278141232E+00      9.633556110734E-01
   28.600000      1.288977899932E+00      9.642583615472E-01
   28.700000      1.289879016132E+00      9.654966814553E-01
   28.800000      1.290761847763E+00      9.668106223511E-01
   28.900000      1.291428138889E+00      9.679640454164E-01
   29.000000      1.291738591488E+00      9.688027085866E-01
   29.100000      1.291642354449E+00      9.692849927386E-01
   29.200000      1.291204440345E+00      9.694793836477E-01
   29.300000      1.290600819449E+00      9.695317054179E-01
   29.400000      1.290056629257E+00      9.696132315785E-01
   29.500000      1.289722557605E+00      9.698658633964E-01
   29.600000      1.289608149221E+00      9.703603824570E-01
   29.700000      1.289624135613E+00      9.710784952198E-01
   29.800000      1.289628767541E+00      9.719213740171E-01
   29.900000      1.289493573218E+00      9.727396146689E-01
   30.000000      1.289168038875E+00      9.733742286260E-01
   30.100000      1.288703863120E+00      9.736965540194E-01
   30.200000      1.288250110893E+00      9.736367172651E-01
   30.300000      1.288000404314E+00      9.731947023849E-01
   30.400000      1.288115611056E+00      9.724340649289E-01
   30.500000      1.288665857492E+00      9.714639862162E-01
   30.600000      1.289588738637E+00      9.704178816747E-01
   30.700000      1.290676075027E+00      9.694343316750E-01
   30.800000      1.291647409463E+00      9.686406481775E-01
   30.900000      1.292269938363E+00      9.681360307078E-01
   31.000000      1.292427360857E+00      9.679733418419E-01
   31.100000      1.292142129770E+00      9.681437583288E-01
   31.200000      1.291581210742E+00      9.685712883877E-01
   31.300000      1.291022250659E+00      9.691214665244E-01
   31.400000      1.290757982569E+00      9.696230517626E-01
   31.500000      1.290975662798E+00      9.698980490173E-01
   31.600000      1.291670961564E+00      9.697955839761E-01
   31.700000      1.292646863477E+00      9.692264443863E-01
   31.800000      1.293598027345E+00      9.681939017474E-01
   31.900000      1.294230074665E+00      9.668125169081E-01
   32.000000      1.294356659944E+00      9.653038308924E-01
   32.100000      1.293951027008E+00      9.639607703471E-01
   32.200000      1.293159440136E+00      9.630825609826E-01
   32.300000      1.292267533261E+00      9.628953278323E-01
   32.400000      1.291598027176E+00      9.634836269370E-01
   32.500000      1.291370225775E+00      9.647586735998E-01
   32.600000      1.291610607864E+00      9.664777829810E-01
   32.700000      1.292178042858E+00      9.683102699358E-01
   32.800000      1.292859297248E+00      9.699267075816E-01
   32.900000      1.293460179998E+00      9.710806603948E-01
   33.000000      1.293848299435E+00      9.716586253590E-01
   33.100000      1.293933264252E+00      9.716896736542E-01
   33.200000      1.293642337500E+00      9.713208943567E-01
   33.300000      1.292958203008E+00      9.707713146525E-01
   33.400000      1.291965772248E+00      9.702765615984E-01
   33.500000      1.290854939355E+00      9.700346070479E-01
   33.600000      1.289863921286E+00      9.701625693679E-01
   33.700000      1.289187275039E+00      9.706738768905E-01
   33.800000      1.288915314705E+00      9.714808725292E-01
   33.900000      1.289026313095E+00      9.724202244096E-01
   34.000000      1.289401226066E+00      9.732914275442E-01
   34.100000      1.289854917479E+00      9.738967770908E-01
   34.200000      1.290198028978E+00      9.740752286085E-01
   34.300000      1.290321744369E+00      9.737286878534E-01
   34.400000      1.290226254719E+00      9.728422306644E-01
   34.500000      1.289980496548E+00      9.714972698717E-01
   34.600000      1.289686578811E+00      9.698714156734E-01
   34.700000      1.289455821919E+00      9.682163377902E-01
   34.800000      1.289373977303E+00      9.668096278072E-01
   34.900000      1.289483615283E+00      9.658878835802E-01
   35.000000      1.289799844688E+00      9.655801872039E-01
   35.100000      1.290324900712E+00      9.658662252223E-01
   35.200000      1.291017310645E+00      9.665771383476E-01
   35.300000      1.291768978316E+00      9.674417681047E-01
   35.400000      1.292423161587E+00      9.681636166261E-01
   35.500000      1.292825451561E+00      9.685028593002E-01
   35.600000      1.292884781250E+00      9.683376742866E-01
   35.700000      1.292597501832E+00      9.676886730966E-01
   35.800000      1.292034995962E+00      9.667039105851E-01
   35.900000      1.291322065176E+00      9.656139419456E-01
   36.000000      1.290621583014E+00      9.646729946902E-01
   36.100000      1.290124222454E+00      9.641025547442E-01
   36.200000      1.289991844236E+00      9.640488153377E-01
   36.300000      1.290286601741E+00      9.645586752423E-01
   36.400000      1.290984916685E+00      9.655741885706E-01
   36.500000      1.292002040573E+00      9.669445211661E-01
   36.600000      1.293183923862E+00      9.684554185611E-01
   36.700000      1.294289387294E+00      9.698743250676E-01
   36.800000      1.295020559615E+00      9.710028424444E-01
   36.900000      1.295155438155E+00      9.717217137086E-01
   37.000000      1.294642404190E+00      9.720139933774E-01
   37.100000      1.293606847019E+00      9.719608548478E-01
   37.200000      1.292293978698E+00      9.717147207776E-01
   37.300000      1.290990032836E+00      9.714586423676E-01
   37.400000      1.289944406969E+00      9.713596687592E-01
   37.500000      1.289324649007E+00      9.715238475083E-01
   37.600000      1.289246592253E+00      9.719639180233E-01
   37.700000      1.289736668991E+00      9.725921002378E-01
   37.800000      1.290639214475E+00      9.732436151527E-01
   37.900000      1.291625690022E+00      9.737239449724E-01
   38.000000      1.292324373595E+00      9.738631614978E-01
   38.100000      1.292478283763E+00      9.735599981167E-01
   38.200000      1.292036570361E+00      9.728049419287E-01
   38.300000      1.291134414208E+00      9.716797171339E-01
   38.400000      1.290022055154E+00      9.703365132126E-01
   38.500000      1.288991725973E+00      9.689639239256E-01
   38.600000      1.288296624745E+00      9.677482469034E-01
   38.700000      1.288103858900E+00      9.668383445636E-01
   38.800000      1.288463291695E+00      9.663198842303E-01
   38.900000      1.289245286674E+00      9.662017866695E-01
   39.000000      1.290157191580E+00      9.664156692962E-01
   39.100000      1.290884191938E+00      9.668283968922E-01
   39.200000      1.291220914405E+00      9.672673527094E-01
   39.300000      1.291153418746E+00      9.675558997655E-01
   39.400000      1.290829717397E+00      9.675525755338E-01
   39.500000      1.290444863680E+00      9.671846472466E-01
   39.600000      1.290136595737E+00      9.664678918214E-01
   39.700000      1.289942155747E+00      9.655090125415E-01
   39.800000      1.289794551723E+00      9.644905675542E-01
   39.900000      1.289583369285E+00      9.636388685117E-01
   40.000000      1.289224520889E+00      9.631769538846E-01
   40.100000      1.288715113240E+00      9.632711402636E-01
   40.200000      1.288161353094E+00      9.639869681890E-01
   40.300000      1.287757796307E+00      9.652701775570E-01
   40.400000      1.287708534266E+00      9.669581779810E-01
   40.500000      1.288132551552E+00      9.688147775236E-01
   40.600000      1.289000147861E+00      9.705752151897E-01
   40.700000      1.290105833178E+00      9.719916236434E-01
   40.800000      1.291106703010E+00      9.728746939310E-01
   40.900000      1.291633224804E+00      9.731290513510E-01
   41.000000      1.291423493028E+00      9.727771181574E-01
   41.100000      1.290435969093E+00      9.719633799054E-01
   41.200000      1.288898924579E+00      9.709322464183E-01
   41.300000      1.287247263645E+00      9.699788316178E-01
   41.400000      1.285971332232E+00      9.693804176905E-01
   41.500000      1.285443728966E+00      9.693238228287E-01
   41.600000      1.285810028284E+00      9.698482392225E-01
   41.700000      1.286962919426E+00      9.708229081292E-01
   41.800000      1.288557289868E+00      9.719722417594E-01
   41.900000      1.290104450807E+00      9.729466974400E-01
   42.000000      1.291146799496E+00      9.734199325376E-01
   42.100000      1.291416792038E+00      9.731810385546E-01
   42.200000      1.290903265438E+00      9.721927942745E-01
   42.300000      1.289814399196E+00      9.706009494749E-01
   42.400000      1.288470766237E+00      9.686955870572E-01
   42.500000      1.287221893150E+00      9.668362751576E-01
   42.600000      1.286409935341E+00      9.653591639436E-01
   42.700000      1.286297646280E+00      9.644897955073E-01
   42.800000      1.286966975738E+00      9.642876049045E-01
   42.900000      1.288258833092E+00      9.646406136551E-01
   43.000000      1.289805600381E+00      9.653111117182E-01
   43.100000      1.291159049421E+00      9.660138993299E-01
   43.200000      1.291945095024E+00      9.664988216592E-01
   43.300000      1.291977193972E+00      9.666127621733E-01
   43.400000      1.291304455618E+00      9.663280581926E-01
   43.500000      1.290184153688E+00      9.657366055929E-01
   43.600000      1.288979529978E+00      9.650170661047E-01
   43.700000      1.288027594567E+00      9.643862374460E-01
   43.800000      1.287542304678E+00      9.640462652861E-01
   43.900000      1.287594751010E+00      9.641382232463E-01
   44.000000      1.288138967294E+00      9.647104966262E-01
   44.100000      1.289039305020E+00      9.657079509148E-01
   44.200000      1.290088661465E+00      9.669849683371E-01
   44.300000      1.291038402979E+00      9.683412625575E-01
   44.400000      1.291661402518E+00      9.695734355675E-01
   44.500000      1.291827291738E+00      9.705288973996E-01
   44.600000      1.291542992153E+00      9.711454115834E-01
   44.700000      1.290938810175E+00      9.714624012878E-01
   44.800000      1.290210094194E+00      9.715994482898E-01
   44.900000      1.289541247557E+00      9.717093722671E-01
   45.000000      1.289061844596E+00      9.719223630506E-01
   45.100000      1.288860680023E+00      9.723000315077E-01
   45.200000      1.289015432606E+00      9.728137243558E-01
   45.300000      1.289581981713E+00      9.733526971182E-01
   45.400000      1.290527039196E+00      9.737583017340E-01
   45.500000      1.291661275480E+00      9.738730072082E-01
   45.600000      1.292679921738E+00      9.735894114318E-01
   45.700000      1.293294182679E+00      9.728850462590E-01
   45.800000      1.293344563190E+00      9.718334823194E-01
   45.900000      1.292845014009E+00      9.705895524375E-01
   46.000000      1.291963603954E+00      9.693538044246E-01
   46.100000      1.290958057473E+00      9.683259678935E-01
   46.200000      1.290090897239E+00      9.676583978346E-01
   46.300000      1.289570665266E+00      9.674193225031E-01
   46.400000      1.289530244697E+00      9.675738974093E-01
   46.500000      1.289993800711E+00      9.679887715346E-01
   46.600000      1.290830490913E+00      9.684619602360E-01
   46.700000      1.291777416698E+00      9.687736006693E-01
   46.800000      1.292522627187E+00      9.687459494110E-01
   46.900000      1.292818278793E+00      9.682957800341E-01
   47.000000      1.292586287475E+00      9.674621440209E-01
   47.100000      1.291967382068E+00      9.663985599641E-01
   47.200000      1.291259874425E+00      9.653298713271E-01
   47.300000      1.290753095510E+00      9.644866307058E-01
   47.400000      1.290603099093E+00      9.640389219024E-01
   47.500000      1.290803558642E+00      9.640526734870E-01
   47.600000      1.291208590263E+00      9.644834035987E-01
   47.700000      1.291614390344E+00      9.652077996295E-01
   47.800000      1.291836815986E+00      9.660785896971E-01
   47.900000      1.291753957517E+00      9.669792532656E-01
   48.000000      1.291340569027E+00      9.678561765194E-01
   48.100000      1.290700163865E+00      9.687165375838E-01
   48.200000      1.290060488980E+00      9.695958890384E-01
   48.300000      1.289665252564E+00      9.705129938790E-01
   48.400000      1.289599482861E+00      9.714346649029E-01
   48.500000      1.289781535742E+00      9.722680648034E-01
   48.600000      1.290073956902E+00      9.728853696100E-01
   48.700000      1.290345094160E+00      9.731719320726E-01
   48.800000      1.290491505296E+00      9.730791066500E-01
   48.900000      1.290450544293E+00      9.726592640910E-01
   49.000000      1.290225712060E+00      9.720647797812E-01
   49.100000      1.289913424608E+00      9.715056710021E-01
   49.200000      1.289689858705E+00      9.711788433692E-01
   49.300000      1.289755866531E+00      9.711966276477E-01
   49.400000      1.290240623091E+00      9.715439225153E-01
   49.500000      1.291070950073E+00      9.720801442513E-01
   49.600000      1.292046778563E+00      9.725826599690E-01
   49.700000      1.292975345716E+00      9.728137549007E-01
   49.800000      1.293704196639E+00      9.725890037685E-01
   49.900000      1.294124474999E+00      9.718289238341E-01
   50.000000      1.294168315846E+00      9.705827559143E-01
   50.100000      1.293822893146E+00      9.690201494993E-01
   50.200000      1.293153496940E+00      9.673932293014E-01
   50.300000      1.292312592047E+00      9.659779559917E-01
   50.400000      1.291519926616E+00      9.650085329198E-01
   50.500000      1.290993414791E+00      9.646204942343E-01
   50.600000      1.290859127002E+00      9.648169915805E-01
   50.700000      1.291100283068E+00      9.654689289077E-01
   50.800000      1.291560740628E+00      9.663518793294E-01
   50.900000      1.292026332664E+00      9.672103929465E-01
   51.000000      1.292354202384E+00      9.678276260071E-01
   51.100000      1.292529657572E+00      9.680749049157E-01
   51.200000      1.292613930289E+00      9.679279525425E-01
   51.300000      1.292641154722E+00      9.674561185788E-01
   51.400000      1.292565193332E+00      9.668005290027E-01
   51.500000      1.292324805937E+00      9.661487572596E-01
   51.600000      1.291939934555E+00      9.657005295282E-01
   51.700000      1.291513994878E+00      9.656205619787E-01
   51.800000      1.291142796320E+00      9.659916698347E-01
   51.900000      1.290846329036E+00      9.667928936837E-01
   52.000000      1.290597711577E+00      9.679160340121E-01
   52.100000      1.290404115225E+00      9.692079316897E-01
   52.200000      1.290328450856E+00      9.705107812505E-01
   52.300000      1.290424359138E+00      9.716828300994E-01
   52.400000      1.290636015655E+00      9.726044695794E-01
   52.500000      1.290784172133E+00      9.731862161454E-01
   52.600000      1.290661370971E+00      9.733863418906E-01
   52.700000      1.290181003581E+00      9.732292133430E-01
   52.800000      1.289457204528E+00      9.728081536055E-01
   52.900000      1.288746714222E+00      9.722640603719E-01
   53.000000      1.288329233463E+00      9.717449049467E-01
   53.100000      1.288405069362E+00      9.713610041613E-01
   53.200000      1.289027473646E+00      9.711523057629E-01
   53.300000      1.290066567265E+00      9.710787366125E-01
   53.400000      1.291243161048E+00      9.710365446198E-01
   53.500000      1.292242177485E+00      9.708953048294E-01
   53.600000      1.292833539878E+00      9.705439303858E-01
   53.700000      1.292954548056E+00      9.699312850286E-01
   53.800000      1.292718717988E+00      9.690884786074E-01
   53.900000      1.292344995205E+00      9.681249631404E-01
   54.000000      1.292046289764E+00      9.671979156017E-01
   54.100000      1.291930294162E+00      9.664630296907E-01
   54.200000      1.291927132022E+00      9.660229996080E-01
   54.300000      1.291859317002E+00      9.658939367205E-01
   54.400000      1.291576089639E+00      9.660052093410E-01
   54.500000      1.291041899625E+00      9.662338898907E-01
   54.600000      1.290354834534E+00      9.664575156422E-01
   54.700000      1.289713563016E+00      9.665992609836E-01
   54.800000      1.289346769083E+00      9.666451137169E-01
   54.900000      1.289448815447E+00      9.666297906038E-01
   55.000000      1.290104188772E+00      9.666050456599E-01
   55.100000      1.291210891125E+00      9.666103034865E-01
   55.200000      1.292471256655E+00      9.666598694901E-01
   55.300000      1.293452018922E+00      9.667496794681E-01
   55.400000      1.293729174080E+00      9.668767037824E-01
   55.500000      1.293089945810E+00      9.670590118608E-01
   55.600000      1.291655488786E+00      9.673444752573E-01
   55.700000      1.289849633909E+00      9.678007768551E-01
   55.800000      1.288226973650E+00      9.684877115660E-01
   55.900000      1.287237714599E+00      9.694216774021E-01
   56.000000      1.287075651953E+00      9.705474708362E-01
   56.100000      1.287683908283E+00      9.717312315840E-01
   56.200000      1.288816601817E+00      9.727812638745E-01
   56.300000      1.290095382925E+00      9.734936651106E-01
   56.400000      1.291072106328E+00      9.737106417700E-01
   56.500000      1.291340723618E+00      9.733735715001E-01
   56.600000      1.290709845744E+00      9.725521484213E-01
   56.700000      1.289314899241E+00      9.714366800186E-01
   56.800000      1.287592613586E+00      9.702923105731E-01
   56.900000      1.286121518585E+00      9.693878479646E-01
   57.000000      1.285389473852E+00      9.689217309621E-01
   57.100000      1.285625650436E+00      9.689684441049E-01
   57.200000      1.286783705364E+00      9.694602024836E-01
   57.300000      1.288607663677E+00      9.702059980553E-01
   57.400000      1.290695382891E+00      9.709396298510E-01
   57.500000      1.292574603272E+00      9.713835618973E-01
   57.600000      1.293820602367E+00      9.713151349742E-01
   57.700000      1.294179995671E+00      9.706224835939E-01
   57.800000      1.293644901229E+00      9.693380578649E-01
   57.900000      1.292448337338E+00      9.676397454171E-01
   58.000000      1.290996584770E+00      9.658157780564E-01
   58.100000      1.289749458614E+00      9.641996491330E-01
   58.200000      1.289075787500E+00      9.630913558328E-01
   58.300000      1.289148426552E+00      9.626865841357E-01
   58.400000      1.289881430059E+00      9.630333111354E-01
   58.500000      1.290968483446E+00      9.640265368629E-01
   58.600000      1.292087754117E+00      9.654400109214E-01
   58.700000      1.293006600291E+00      9.669833982557E-01
   58.800000      1.293607119134E+00      9.683679679147E-01
   58.900000      1.293869568773E+00      9.693648044675E-01
   59.000000      1.293821953767E+00      9.698449998448E-01
   59.100000      1.293502858149E+00      9.697977541128E-01
   59.200000      1.292970579193E+00      9.693268190863E-01
   59.300000      1.292323568396E+00      9.686276138772E-01
   59.400000      1.291694783038E+00      9.679481062580E-01
   59.500000      1.291227611320E+00      9.675380332025E-01
   59.600000      1.291035699794E+00      9.675938806939E-01
   59.700000      1.291161430910E+00      9.682104102359E-01
   59.800000      1.291543555387E+00      9.693515056462E-01
   59.900000      1.292032305772E+00      9.708513166951E-01
   60.000000      1.292434767183E+00      9.724494113193E-01
   60.100000      1.292572231781E+00      9.738521885669E-01
   60.200000      1.292321071567E+00      9.748025282296E-01
   60.300000      1.291621443894E+00      9.751370561909E-01
   60.400000      1.290507213538E+00      9.748171750957E-01
   60.500000      1.289147588649E+00      9.739306377642E-01
   60.600000      1.287841237990E+00      9.726675000867E-01
   60.700000      1.286960621840E+00      9.712760853053E-01
   60.800000      1.286835113594E+00      9.700058255555E-01
   60.900000      1.287586879001E+00      9.690483932019E-01
   61.000000      1.289042551251E+00      9.684935547013E-01
   61.100000      1.290783922865E+00      9.683149572076E-01
   61.200000      1.292315288337E+00      9.683909019873E-01
   61.300000      1.293233399599E+00      9.685510644232E-01
   61.400000      1.293322624471E+00      9.686305934559E-01
   61.500000      1.292580093471E+00      9.685130738766E-01
   61.600000      1.291225453166E+00      9.681518727374E-01
   61.700000      1.289662868751E+00      9.675696527767E-01
   61.800000      1.288368529829E+00      9.668429072866E-01
   61.900000      1.287739939193E+00      9.660799949515E-01
   62.000000      1.287958462072E+00      9.653984173027E-01
   62.100000      1.288938317916E+00      9.649031630973E-01
   62.200000      1.290364295109E+00      9.646662803097E-01
   62.300000      1.291797770773E+00      9.647099060074E-01
   62.400000      1.292817519197E+00      9.649987118807E-01
   62.500000      1.293147316466E+00      9.654484845202E-01
   62.600000      1.292735116164E+00      9.659522017249E-01
   62.700000      1.291760265469E+00      9.664156823977E-01
   62.800000      1.290565120158E+00      9.667884706655E-01
   62.900000      1.289535324337E+00      9.670775518977E-01
   63.000000      1.288976389810E+00      9.673404327818E-01
   63.100000      1.289028707793E+00      9.676630182937E-01
   63.200000      1.289632406660E+00      9.681309823670E-01
   63.300000      1.290549724847E+00      9.688018205445E-01
   63.400000      1.291457995343E+00      9.696831528888E-01
   63.500000      1.292066838295E+00      9.707230439529E-01
   63.600000      1.292203728911E+00      9.718172069172E-01
   63.700000      1.291850427894E+00      9.728327658327E-01
   63.800000      1.291143376088E+00      9.736404962752E-01
   63.900000      1.290335604548E+00      9.741430962161E-01
   64.000000      1.289692132881E+00      9.742902086603E-01
   64.100000      1.289360459572E+00      9.740794200760E-01
   64.200000      1.289310559800E+00      9.735495909814E-01
   64.300000      1.289371807759E+00      9.727735988350E-01
   64.400000      1.289349028853E+00      9.718526093933E-01
   64.500000      1.289145342329E+00      9.709083790329E-01
   64.600000      1.288812402623E+00      9.700685236466E-01
   64.700000      1.288500022017E+00      9.694431849018E-01
   64.800000      1.288365908563E+00      9.690975310734E-01
   64.900000      1.288518060430E+00      9.690292971744E-01
   65.000000      1.288988910376E+00      9.691613957333E-01
   65.100000      1.289717137895E+00      9.693557649526E-01
   65.200000      1.290524582087E+00      9.694472456096E-01
   65.300000      1.291167230664E+00      9.692882843097E-01
   65.400000      1.291446044296E+00      9.687904939455E-01
   65.500000      1.291285616794E+00      9.679503107857E-01
   65.600000      1.290751886121E+00      9.668524372940E-01
   65.700000      1.290025940392E+00      9.656522739668E-01
   65.800000      1.289330217001E+00      9.645430540674E-01
   65.900000      1.288837397913E+00      9.637146651537E-01
   66.000000      1.288653638100E+00      9.633120610749E-01
   66.100000      1.288813310264E+00      9.634030546848E-01
   66.200000      1.289272190362E+00      9.639652058642E-01
   66.300000      1.289893794896E+00      9.648958507897E-01
   66.400000      1.290479723413E+00      9.660396252412E-01
   66.500000      1.290874600331E+00      9.672212448485E-01
   66.600000      1.291042142361E+00      9.682735089194E-01
   66.700000      1.291037329825E+00      9.690590003685E-01
   66.800000      1.290907886367E+00      9.694899744869E-01
   66.900000      1.290650472958E+00      9.695484558252E-01
   67.000000      1.290244032246E+00      9.693005562601E-01
   67.100000      1.289703445437E+00      9.688940522295E-01
   67.200000      1.289122603595E+00      9.685318627653E-01
   67.300000      1.288662900122E+00      9.684242137489E-01
   67.400000      1.288481269659E+00      9.687323067163E-01
   67.500000      1.288621701442E+00      9.695207981924E-01
   67.600000      1.288999276701E+00      9.707339704624E-01
   67.700000      1.289474325210E+00      9.722029210254E-01
   67.800000      1.289912801979E+00      9.736815202557E-01
   67.900000      1.290221255020E+00      9.749006667572E-01
   68.000000      1.290363090413E+00      9.756262720149E-01
   68.100000      1.290335545376E+00      9.757073193106E-01
   68.200000      1.290136610594E+00      9.751047364319E-01
   68.300000      1.289776758040E+00      9.738970121895E-01
   68.400000      1.289315568253E+00      9.722628075958E-01
   68.500000      1.288857927410E+00      9.704444630063E-01
   68.600000      1.288511374719E+00      9.686999723815E-01
   68.700000      1.288345119269E+00      9.672540080021E-01
   68.800000      1.288383370839E+00      9.662589569663E-01
   68.900000      1.288633053166E+00      9.657735471323E-01
   69.000000      1.289095385544E+00      9.657609988744E-01
   69.100000      1.289744798542E+00      9.661039833649E-01
   69.200000      1.290490134280E+00      9.666320126872E-01
   69.300000      1.291158719689E+00      9.671571178152E-01
   69.400000      1.291554226988E+00      9.675130239310E-01
   69.500000      1.291552877500E+00      9.675905660125E-01
   69.600000      1.291163760581E+00      9.673602065258E-01
   69.700000      1.290536747917E+00      9.668745344365E-01
   69.800000      1.289920202535E+00      9.662499169412E-01
   69.900000      1.289560992205E+00      9.656336440117E-01
   70.000000      1.289606277320E+00      9.651669203460E-01
   70.100000      1.290060203078E+00      9.649537024314E-01
   70.200000      1.290785634990E+00      9.650423006019E-01
   70.300000      1.291561498830E+00      9.654227831053E-01
   70.400000      1.292180724570E+00      9.660391089214E-01
   70.500000      1.292529681730E+00      9.668107996498E-01
   70.600000      1.292609266925E+00      9.676561475655E-01
   70.700000      1.292502645839E+00      9.685092606938E-01
   70.800000      1.292331396587E+00      9.693269255203E-01
   70.900000      1.292199438379E+00      9.700862117694E-01
   71.000000      1.292146091489E+00      9.707771118006E-01
   71.100000      1.292153782065E+00      9.713950068704E-01
   71.200000      1.292184112601E+00      9.719361294529E-01
   71.300000      1.292198315412E+00      9.723968936628E-01
   71.400000      1.292162599564E+00      9.727759109012E-01
   71.500000      1.292060784950E+00      9.730761184359E-01
   71.600000      1.291917096279E+00      9.733042247051E-01
   71.700000      1.291807825144E+00      9.734660834475E-01
   71.800000      1.291829436078E+00      9.735593035311E-01
   71.900000      1.292012152040E+00      9.735668988837E-01
   72.000000      1.292293271218E+00      9.734563526395E-01
   72.100000      1.292567527396E+00      9.731865601651E-01
   72.200000      1.292728890314E+00      9.727218047972E-01
   72.300000      1.292703975373E+00      9.720488617099E-01
   72.400000      1.292473523207E+00      9.711914647548E-01
   72.500000      1.292070416661E+00      9.702159427698E-01
   72.600000      1.291564207634E+00      9.692232644940E-01
   72.700000      1.291048164453E+00      9.683266379451E-01
   72.800000      1.290621134428E+00      9.676196169611E-01
   72.900000      1.290365821948E+00      9.671448826971E-01
   73.000000      1.290339779412E+00      9.668755857175E-01
   73.100000      1.290558058761E+00      9.667182681678E-01
   73.200000      1.290952355239E+00      9.665400167227E-01
   73.300000      1.291343438101E+00      9.662144681038E-01
   73.400000      1.291487317186E+00      9.656734697906E-01
   73.500000      1.291195887709E+00      9.649461448089E-01
   73.600000      1.290443731136E+00      9.641680084845E-01
   73.700000      1.289382539368E+00      9.635513207424E-01
   73.800000      1.288274260956E+00      9.633219270894E-01
   73.900000      1.287398688025E+00      9.636418641343E-01
   74.000000      1.286975386329E+00      9.645447320504E-01
   74.100000      1.287094716006E+00      9.659083585343E-01
   74.200000      1.287683318136E+00      9.674768212407E-01
   74.300000      1.288526790441E+00      9.689262090629E-01
   74.400000      1.289323461931E+00      9.699532148356E-01
   74.500000      1.289778375537E+00      9.703592145271E-01
   74.600000      1.289700667587E+00      9.701061119471E-01
   74.700000      1.289065813194E+00      9.693298484162E-01
   74.800000      1.288024182127E+00      9.683082684445E-01
   74.900000      1.286857913171E+00      9.673904484893E-01
   75.000000      1.285895636584E+00      9.669050739712E-01
   75.100000      1.285402958353E+00      9.670738513906E-01
   75.200000      1.285498937332E+00      9.679565716970E-01
   75.300000      1.286144058062E+00      9.694432996731E-01
   75.400000      1.287185595534E+00      9.712900414015E-01
   75.500000      1.288426408622E+00      9.731782322179E-01
   75.600000      1.289676422332E+00      9.747756668719E-01
   75.700000      1.290758571500E+00      9.757872343105E-01
   75.800000      1.291493852260E+00      9.759972407197E-01
   75.900000      1.291724698117E+00      9.753088098012E-01
   76.000000      1.291388404753E+00      9.737772110906E-01
   76.100000      1.290583383451E+00      9.716224034726E-01
   76.200000      1.289568551865E+00      9.692039735101E-01
   76.300000      1.288679437417E+00      9.669531238569E-01
   76.400000      1.288202508259E+00      9.652746210715E-01
   76.500000      1.288290829575E+00      9.644457754678E-01
   76.600000      1.288954163790E+00      9.645428745708E-01
   76.700000      1.290079526051E+00      9.654179629840E-01
   76.800000      1.291439032260E+00      9.667344897342E-01
   76.900000      1.292705655316E+00      9.680540384069E-01
   77.000000      1.293528065131E+00      9.689522689551E-01
   77.100000      1.293672251246E+00      9.691333766643E-01
   77.200000      1.293135476960E+00      9.685110003769E-01
   77.300000      1.292149275236E+00      9.672310446503E-01
   77.400000      1.291072390831E+00      9.656280450247E-01
   77.500000      1.290226474894E+00      9.641276772389E-01
   77.600000      1.289801593316E+00      9.631261972465E-01
   77.700000      1.289865475741E+00      9.628849067099E-01
   77.800000      1.290370817514E+00      9.634705771835E-01
   77.900000      1.291142833419E+00      9.647546575917E-01
   78.000000      1.291937826082E+00      9.664636629909E-01
   78.100000      1.292545863918E+00      9.682590713513E-01
   78.200000      1.292848675548E+00      9.698214547814E-01
   78.300000      1.292808152018E+00      9.709186753305E-01
   78.400000      1.292427817783E+00      9.714466054767E-01
   78.500000      1.291726043630E+00      9.714385322266E-01
   78.600000      1.290753057175E+00      9.710448994124E-01
   78.700000      1.289633314538E+00      9.704894147215E-01
   78.800000      1.288565628548E+00      9.700116458452E-01
   78.900000      1.287771679281E+00      9.698092310608E-01
   79.000000      1.287421806307E+00      9.699930541416E-01
   79.100000      1.287600259374E+00      9.705653572269E-01
   79.200000      1.288304168849E+00      9.714246274807E-01
   79.300000      1.289425576587E+00      9.723942072980E-01
   79.400000      1.290747623959E+00      9.732660851762E-01
   79.500000      1.291994837535E+00      9.738486251995E-01
   79.600000      1.292915104832E+00      9.740073619895E-01
   79.700000      1.293354595739E+00      9.736907355019E-01
   79.800000      1.293285162105E+00      9.729366511496E-01
   79.900000      1.292801355668E+00      9.718600190270E-01
   80.000000      1.292105699266E+00      9.706252616677E-01
   80.100000      1.291464321142E+00      9.694106743833E-01
   80.200000      1.291121737980E+00      9.683729298301E-01
   80.300000      1.291194203594E+00      9.676193917865E-01
   80.400000      1.291611010831E+00      9.671931363254E-01
   80.500000      1.292177964420E+00      9.670715493405E-01
   80.600000      1.292698930344E+00      9.671758986267E-01
   80.700000      1.293041567648E+00      9.673881067615E-01
   80.800000      1.293151302328E+00      9.675722891081E-01
   80.900000      1.293039110704E+00      9.676005814282E-01
   81.000000      1.292752920030E+00      9.673825839346E-01
   81.100000      1.292346558748E+00      9.668941633562E-01
   81.200000      1.291883520432E+00      9.661964640522E-01
   81.300000      1.291461278725E+00      9.654342975994E-01
   81.400000      1.291197203326E+00      9.648079889442E-01
   81.500000      1.291185220199E+00      9.645230519919E-01
   81.600000      1.291452376850E+00      9.647321533913E-01
   81.700000      1.291944478909E+00      9.654878781320E-01
   81.800000      1.292544791238E+00      9.667210799236E-01
   81.900000      1.293101346639E+00      9.682509191582E-01
   82.000000      1.293465058052E+00      9.698234743987E-01
   82.100000      1.293525560915E+00      9.711689674407E-01
   82.200000      1.293231545892E+00      9.720639055168E-01
   82.300000      1.292600582499E+00      9.723835821797E-01
   82.400000      1.291726202113E+00      9.721323029707E-01
   82.500000      1.290774995123E+00      9.714435163611E-01
   82.600000      1.289954916029E+00      9.705492758652E-01
   82.700000      1.289441686773E+00      9.697263866099E-01
   82.800000      1.289289455821E+00      9.692324429747E-01
   82.900000      1.289416473169E+00      9.692466551107E-01
   83.000000      1.289689573608E+00      9.698281111361E-01
   83.100000      1.290033643274E+00      9.708998660399E-01
   83.200000      1.290455011945E+00      9.722622170638E-01
   83.300000      1.290960907544E+00      9.736324205959E-01
   83.400000      1.291521427308E+00      9.747014965964E-01
   83.500000      1.292089284648E+00      9.751949426109E-01
   83.600000      1.292597397408E+00      9.749261532011E-01
   83.700000      1.292948711449E+00      9.738368536095E-01
   83.800000      1.293060441814E+00      9.720213054033E-01
   83.900000      1.292911364744E+00      9.697275080178E-01
   84.000000      1.292550967691E+00      9.673251335835E-01
   84.100000      1.292098504451E+00      9.652355752495E-01
   84.200000      1.291736634537E+00      9.638352483652E-01
   84.300000      1.291645484299E+00      9.633592680504E-01
   84.400000      1.291882583975E+00      9.638371269463E-01
   84.500000      1.292353726938E+00      9.650817901854E-01
   84.600000      1.292838873580E+00      9.667351763392E-01
   84.700000      1.293068379990E+00      9.683558034042E-01
   84.800000      1.292844862924E+00      9.695244989013E-01
   84.900000      1.292148258752E+00      9.699424379296E-01
   85.000000      1.291150738460E+00      9.695001403523E-01
   85.100000      1.290120246048E+00      9.683035064760E-01
   85.200000      1.289310904126E+00      9.666513973550E-01
   85.300000      1.288914644301E+00      9.649678803011E-01
   85.400000      1.289043638561E+00      9.637012490756E-01
   85.500000      1.289716856008E+00      9.632111815618E-01
   85.600000      1.290804533518E+00      9.636727649957E-01
   85.700000      1.291981181759E+00      9.650269364897E-01
   85.800000      1.292852456861E+00      9.669965383843E-01
   85.900000      1.293109797257E+00      9.691659720365E-01
   86.000000      1.292646679769E+00      9.710985839248E-01
   86.100000      1.291584815907E+00      9.724521366254E-01
   86.200000      1.290193668569E+00      9.730568387427E-01
   86.300000      1.288781994003E+00      9.729384533635E-01
   86.400000      1.287624420061E+00      9.722888906019E-01
   86.500000      1.286922532765E+00      9.713993457147E-01
   86.600000      1.286777854337E+00      9.705762696992E-01
   86.700000      1.287155194776E+00      9.700619630543E-01
   86.800000      1.287882000981E+00      9.699798748403E-01
   86.900000      1.288730940331E+00      9.703174290206E-01
   87.000000      1.289499502887E+00      9.709467746574E-01
   87.100000      1.290053075123E+00      9.716715200884E-01
   87.200000      1.290337605720E+00      9.722814166329E-01
   87.300000      1.290376569044E+00      9.725991602464E-01
   87.400000      1.290275440330E+00      9.725110129158E-01
   87.500000      1.290194919408E+00      9.719807605568E-01
   87.600000      1.290291941282E+00      9.710508365096E-01
   87.700000      1.290650659374E+00      9.698342692701E-01
   87.800000      1.291243111865E+00      9.684982018741E-01
   87.900000      1.291953230079E+00      9.672374562970E-01
   88.000000      1.292640126888E+00      9.662379636533E-01
   88.100000      1.293189055297E+00      9.656351609601E-01
   88.200000      1.293529919563E+00      9.654785683804E-01
   88.300000      1.293646562543E+00      9.657160837329E-01
   88.400000      1.293581322991E+00      9.662071879511E-01
   88.500000      1.293416583871E+00      9.667642471973E-01
   88.600000      1.293240329896E+00      9.672098266097E-01
   88.700000      1.293085983103E+00      9.674306984259E-01
   88.800000      1.292935430081E+00      9.674094800585E-01
   88.900000      1.292781506569E+00      9.672227246154E-01
   89.000000      1.292659315141E+00      9.670068749263E-01
   89.100000      1.292643444594E+00      9.669059184307E-01
   89.200000      1.292768450227E+00      9.670215980040E-01
   89.300000      1.292968034453E+00      9.673851294140E-01
   89.400000      1.293118917085E+00      9.679589898522E-01
   89.500000      1.293108227873E+00      9.686633898888E-01
   89.600000      1.292884822819E+00      9.694115230540E-01
   89.700000      1.292487604042E+00      9.701357357732E-01
   89.800000      1.292021822927E+00      9.707939106424E-01
   89.900000      1.291578472432E+00      9.713575328378E-01
   90.000000      1.291184793789E+00      9.717936131779E-01
   90.100000      1.290799883094E+00      9.720561005224E-01
   90.200000      1.290326657567E+00      9.720965584506E-01
   90.300000      1.289663114963E+00      9.718917490946E-01
   90.400000      1.288763494489E+00      9.714741311620E-01
   90.500000      1.287687211199E+00      9.709467762617E-01
   90.600000      1.286593549771E+00      9.704694342074E-01
   90.700000      1.285687695359E+00      9.702147813220E-01
   90.800000      1.285151414832E+00      9.703074147217E-01
   90.900000      1.285089958607E+00      9.707671833021E-01
   91.000000      1.285505106982E+00      9.714795814860E-01
   91.100000      1.286268981408E+00      9.722085854135E-01
   91.200000      1.287151175048E+00      9.726534328055E-01
   91.300000      1.287888374328E+00      9.725347659622E-01
   91.400000      1.288254425630E+00      9.716833287248E-01
   91.500000      1.288132192463E+00      9.701016038013E-01
   91.600000      1.287557506255E+00      9.679772957835E-01
   91.700000      1.286709925463E+00      9.656439986577E-01
   91.800000      1.285849597493E+00      9.635017278649E-01
   91.900000      1.285222802790E+00      9.619214916155E-01
   92.000000      1.284977776032E+00      9.611603558218E-01
   92.100000      1.285128919563E+00      9.613073532191E-01
   92.200000      1.285587719348E+00      9.622699116251E-01
   92.300000      1.286229110052E+00      9.637997255768E-01
   92.400000      1.286940141125E+00      9.655491350583E-01
   92.500000      1.287624720631E+00      9.671447600396E-01
   92.600000      1.288176850091E+00      9.682637722985E-01
   92.700000      1.288473434122E+00      9.686992156154E-01
   92.800000      1.288404889035E+00      9.684035358734E-01
   92.900000      1.287918239688E+00      9.675025552287E-01
   93.000000      1.287073939020E+00      9.662747041482E-01
   93.100000      1.286085088068E+00      9.650941974507E-01
   93.200000      1.285265320757E+00      9.643449385288E-01
   93.300000      1.284912924671E+00      9.643234628436E-01
   93.400000      1.285210888223E+00      9.651577617833E-01
   93.500000      1.286182423814E+00      9.667673696307E-01
   93.600000      1.287693014243E+00      9.688778916481E-01
   93.700000      1.289458127838E+00      9.710863365452E-01
   93.800000      1.291062789317E+00      9.729595805883E-01
   93.900000      1.292046664223E+00      9.741406166870E-01
   94.000000      1.292049568238E+00      9.744358889081E-01
   94.100000      1.290982397384E+00      9.738613746057E-01
   94.200000      1.289110322741E+00      9.726350489552E-01
   94.300000      1.286991736672E+00      9.711175478388E-01
   94.400000      1.285280936669E+00      9.697172168255E-01
   94.500000      1.284474584859E+00      9.687852647391E-01
   94.600000      1.284762882432E+00      9.685283928009E-01
   94.700000      1.286017814216E+00      9.689604067295E-01
   94.800000      1.287863987652E+00      9.699036368351E-01
   94.900000      1.289794298930E+00      9.710385984609E-01
   95.000000      1.291305141512E+00      9.719887733649E-01
   95.100000      1.292037218244E+00      9.724188767870E-01
   95.200000      1.291890283499E+00      9.721215160690E-01
   95.300000      1.291048451710E+00      9.710699173746E-01
   95.400000      1.289892526124E+00      9.694229348883E-01
   95.500000      1.288844277352E+00      9.674809818134E-01
   95.600000      1.288220495882E+00      9.656051961322E-01
   95.700000      1.288157754167E+00      9.641235107198E-01
   95.800000      1.288622667116E+00      9.632517817354E-01
   95.900000      1.289470973745E+00      9.630524514395E-01
   96.000000      1.290497062354E+00      9.634389412443E-01
   96.100000      1.291474442585E+00      9.642179704893E-01
   96.200000      1.292205247507E+00      9.651518465216E-01
   96.300000      1.292581405880E+00      9.660211707949E-01
   96.400000      1.292631970837E+00      9.666725954217E-01
   96.500000      1.292503571290E+00      9.670425276917E-01
   96.600000      1.292373085288E+00      9.671548200267E-01
   96.700000      1.292340232084E+00      9.670981752362E-01
   96.800000      1.292372373137E+00      9.669946603020E-01
   96.900000      1.292354160873E+00      9.669707093572E-01
   97.000000      1.292193546754E+00      9.671361119684E-01
   97.100000      1.291877109553E+00      9.675694107935E-01
   97.200000      1.291462104215E+00      9.683053392410E-01
   97.300000      1.291058607160E+00      9.693227605205E-01
   97.400000      1.290814910895E+00      9.705367581421E-01
   97.500000      1.290885077094E+00      9.718016811066E-01
   97.600000      1.291353099223E+00      9.729308100563E-01
   97.700000      1.292150630824E+00      9.737333161762E-01
   97.800000      1.293046618637E+00      9.740622317944E-01
   97.900000      1.293723823957E+00      9.738606279180E-01
   98.000000      1.293904992201E+00      9.731898648887E-01
   98.100000      1.293471953090E+00      9.722264344747E-01
   98.200000      1.292518697794E+00      9.712235011898E-01
   98.300000      1.291316393865E+00      9.704465660180E-01
   98.400000      1.290221392735E+00      9.701028373373E-01
   98.500000      1.289572799385E+00      9.702851362461E-01
   98.600000      1.289604092121E+00      9.709439109755E-01
   98.700000      1.290361783408E+00      9.718913626302E-01
   98.800000      1.291637796725E+00      9.728356037651E-01
   98.900000      1.293031892950E+00      9.734403488088E-01
   99.000000      1.294108686711E+00      9.734026212358E-01
   99.100000      1.294538315279E+00      9.725346656315E-01
   99.200000      1.294185250948E+00      9.708294030016E-01
   99.300000      1.293142901278E+00      9.684872915893E-01
   99.400000      1.291715244949E+00      9.658900090133E-01
   99.500000      1.290333772902E+00      9.635212675781E-01
   99.600000      1.289418316345E+00      9.618517804006E-01
   99.700000      1.289228228857E+00      9.612180378655E-01
   99.800000      1.289768052659E+00      9.617290887234E-01
   99.900000      1.290804876953E+00      9.632300264754E-01
  100.000000      1.291967617325E+00      9.653357126014E-01
