# M=14, N=7, V0=0.0, V=0.25, PBC
#  time (tJ)                 S₁(n=1)                 S₂(n=1)
    0.000000      2.220446049250E-16     -2.220446049250E-16
    0.100000      8.947937569401E-04      1.754998431935E-04
    0.200000      2.972624419995E-03      6.718561709154E-04
    0.300000      5.691945642637E-03      1.405252813867E-03
    0.400000      8.587736336522E-03      2.256351902028E-03
    0.500000      1.125795368111E-02      3.095400242589E-03
    0.600000      1.339807602065E-02      3.808114836790E-03
    0.700000      1.482774583392E-02      4.316288283431E-03
    0.800000      1.549969304679E-02      4.588768517461E-03
    0.900000      1.548950370768E-02      4.641200410712E-03
    1.000000      1.496894724169E-02      4.525832386999E-03
    1.100000      1.416835277068E-02      4.314968732373E-03
    1.200000      1.333477594146E-02      4.082732239856E-03
    1.300000      1.268416108179E-02      3.889544003321E-03
    1.400000      1.233679312006E-02      3.772383542923E-03
    1.500000      1.229688604103E-02      3.741990554647E-03
    1.600000      1.250025920827E-02      3.786307927067E-03
    1.700000      1.284917273863E-02      3.878124298304E-03
    1.800000      1.323527190178E-02      3.984298472059E-03
    1.900000      1.356211593533E-02      4.074126724906E-03
    2.000000      1.376130164875E-02      4.125139814026E-03
    2.100000      1.379831759315E-02      4.125587147624E-03
    2.200000      1.366954270324E-02      4.073789714262E-03
    2.300000      1.339387425810E-02      3.975217137914E-03
    2.400000      1.300186365232E-02      3.838482417623E-03
    2.500000      1.252412141058E-02      3.671469710290E-03
    2.600000      1.198250387126E-02      3.478596163254E-03
    2.700000      1.138477554955E-02      3.259851638206E-03
    2.800000      1.071617167189E-02      3.011835535892E-03
    2.900000      9.941855632797E-03      2.730569956339E-03
    3.000000      9.031102907132E-03      2.415456627233E-03
    3.100000      7.981682154046E-03      2.073414899044E-03
    3.200000      6.836066252490E-03      1.722059356661E-03
    3.300000      5.691289945959E-03      1.390819967921E-03
    3.400000      4.699991709184E-03      1.119218587515E-03
    3.500000      4.054806405200E-03      9.520763215025E-04
    3.600000      3.946451527157E-03      9.321440905767E-04
    3.700000      4.490048283380E-03      1.091366558328E-03
    3.800000      5.667516678727E-03      1.442522981310E-03
    3.900000      7.370271999202E-03      1.973176206106E-03
    4.000000      9.448821415622E-03      2.643611638387E-03
    4.100000      1.170920165469E-02      3.389769958651E-03
    4.200000      1.390834911081E-02      4.131185296511E-03
    4.300000      1.580009746133E-02      4.782837581256E-03
    4.400000      1.718003986106E-02      5.268865684601E-03
    4.500000      1.791102505520E-02      5.535511010429E-03
    4.600000      1.793885698907E-02      5.560643068055E-03
    4.700000      1.729892850944E-02      5.357807974651E-03
    4.800000      1.611285941400E-02      4.973833212780E-03
    4.900000      1.457516258178E-02      4.480372325198E-03
    5.000000      1.293116640835E-02      3.961054553299E-03
    5.100000      1.144823150277E-02      3.496799677029E-03
    5.200000      1.037673294159E-02      3.152156361319E-03
    5.300000      9.878674551528E-03      2.965180574750E-03
    5.400000      9.960141410650E-03      2.942518307970E-03
    5.500000      1.049861871837E-02      3.060239565084E-03
    5.600000      1.130340969731E-02      3.269864593353E-03
    5.700000      1.216141668120E-02      3.508155680610E-03
    5.800000      1.286927393886E-02      3.708749599581E-03
    5.900000      1.325862275987E-02      3.813602942288E-03
    6.000000      1.321521716366E-02      3.782456908455E-03
    6.100000      1.269061853835E-02      3.598994354776E-03
    6.200000      1.170629476461E-02      3.272948630067E-03
    6.300000      1.035073137434E-02      2.838043440861E-03
    6.400000      8.770393394764E-03      2.346239762739E-03
    6.500000      7.155347136967E-03      1.859298720433E-03
    6.600000      5.719954589485E-03      1.439086513121E-03
    6.700000      4.675349931986E-03      1.138273562224E-03
    6.800000      4.182809146493E-03      9.930327597090E-04
    6.900000      4.301925543040E-03      1.018972290344E-03
    7.000000      4.985075926977E-03      1.210875250299E-03
    7.100000      6.118827423634E-03      1.545986640082E-03
    7.200000      7.561885201638E-03      1.989792129792E-03
    7.300000      9.166733636470E-03      2.502698097256E-03
    7.400000      1.079978249399E-02      3.045920941172E-03
    7.500000      1.235575561110E-02      3.585277539473E-03
    7.600000      1.376008002932E-02      4.092339178913E-03
    7.700000      1.496311155664E-02      4.543337664160E-03
    7.800000      1.593224846493E-02      4.916996561621E-03
    7.900000      1.664324164267E-02      5.192829446724E-03
    8.000000      1.706746316958E-02      5.351246576661E-03
    8.100000      1.716040877315E-02      5.376073678581E-03
    8.200000      1.687401116968E-02      5.259041082449E-03
    8.300000      1.618815297202E-02      5.004814825210E-03
    8.400000      1.513405494769E-02      4.634594412491E-03
    8.500000      1.380320488148E-02      4.186445041369E-03
    8.600000      1.234442793798E-02      3.711377419876E-03
    8.700000      1.095134441419E-02      3.265487896254E-03
    8.800000      9.841114961485E-03      2.899795693494E-03
    8.900000      9.184356817606E-03      2.650301852242E-03
    9.000000      8.983470718076E-03      2.530920484003E-03
    9.100000      9.138512572990E-03      2.531226812998E-03
    9.200000      9.522107189518E-03      2.619642558325E-03
    9.300000      9.993255931795E-03      2.751163731295E-03
    9.400000      1.041452805122E-02      2.877518003713E-03
    9.500000      1.067285353708E-02      2.957099703341E-03
    9.600000      1.069584626898E-02      2.962314278645E-03
    9.700000      1.045887008372E-02      2.882935318129E-03
    9.800000      9.982464521032E-03      2.725376958783E-03
    9.900000      9.322071900277E-03      2.508960730533E-03
   10.000000      8.552591683856E-03      2.260922035210E-03
   10.100000      7.757764800232E-03      2.011870238690E-03
   10.200000      7.030022930000E-03      1.792762454224E-03
   10.300000      6.469949410381E-03      1.633478279272E-03
   10.400000      6.180160958749E-03      1.562204319227E-03
   10.500000      6.252832066844E-03      1.604414811928E-03
   10.600000      6.752859647375E-03      1.780438743369E-03
   10.700000      7.703472628356E-03      2.101352143346E-03
   10.800000      9.079466579101E-03      2.563927199377E-03
   10.900000      1.080217098984E-02      3.146206422175E-03
   11.000000      1.273808234070E-02      3.805597370041E-03
   11.100000      1.470707461173E-02      4.481025236942E-03
   11.200000      1.649597065692E-02      5.099701901969E-03
   11.300000      1.789655898656E-02      5.587756924037E-03
   11.400000      1.874062766406E-02      5.882740447996E-03
   11.500000      1.892386119921E-02      5.945251390155E-03
   11.600000      1.842167072615E-02      5.766925601389E-03
   11.700000      1.729458065829E-02      5.372770976497E-03
   11.800000      1.568196431873E-02      4.817156965600E-03
   11.900000      1.378470053710E-02      4.174281861446E-03
   12.000000      1.183837718628E-02      3.525227915941E-03
   12.100000      1.007842936757E-02      2.944426296683E-03
   12.200000      8.701462256573E-03      2.488325837334E-03
   12.300000      7.833953126122E-03      2.188346086152E-03
   12.400000      7.506569309205E-03      2.049040389185E-03
   12.500000      7.650088956449E-03      2.051146225365E-03
   12.600000      8.121037573393E-03      2.158197962261E-03
   12.700000      8.748857676603E-03      2.324854108111E-03
   12.800000      9.373746866024E-03      2.505111831581E-03
   12.900000      9.868464231257E-03      2.659040826079E-03
   13.000000      1.014988183008E-02      2.757344907252E-03
   13.100000      1.018274640062E-02      2.783703117623E-03
   13.200000      9.977275040017E-03      2.735262856248E-03
   13.300000      9.581922862747E-03      2.621783034344E-03
   13.400000      9.071773960197E-03      2.463808541610E-03
   13.500000      8.533223263556E-03      2.290040357130E-03
   13.600000      8.051292666080E-03      2.133913883521E-03
   13.700000      7.706606750665E-03      2.029428773741E-03
   13.800000      7.576250244514E-03      2.006501828745E-03
   13.900000      7.733091215298E-03      2.086439818282E-03
   14.000000      8.241688158626E-03      2.278374009113E-03
   14.100000      9.127883029526E-03      2.577491862896E-03
   14.200000      1.031741033571E-02      2.965570793424E-03
   14.300000      1.166841166504E-02      3.413740913220E-03
   14.400000      1.304349522097E-02      3.886784605734E-03
   14.500000      1.433129327940E-02      4.347868257062E-03
   14.600000      1.544984601079E-02      4.762571611322E-03
   14.700000      1.634439492133E-02      5.101454400511E-03
   14.800000      1.697959941880E-02      5.341030896749E-03
   14.900000      1.732701720181E-02      5.463654514516E-03
   15.000000      1.735520236791E-02      5.457187349288E-03
   15.100000      1.703240703939E-02      5.315289822655E-03
   15.200000      1.633868699907E-02      5.038730909944E-03
   15.300000      1.527826794746E-02      4.637473272482E-03
   15.400000      1.388889256145E-02      4.132703607451E-03
   15.500000      1.224733919483E-02      3.557705700017E-03
   15.600000      1.047000230576E-02      2.956633812873E-03
   15.700000      8.707363901377E-03      2.380785846186E-03
   15.800000      7.131276547369E-03      1.882702625967E-03
   15.900000      5.914102921409E-03      1.509075143480E-03
   16.000000      5.200491655615E-03      1.293811850635E-03
   16.100000      5.075546144657E-03      1.252609848163E-03
   16.200000      5.535174415146E-03      1.380036184823E-03
   16.300000      6.476011327383E-03      1.649611732253E-03
   16.400000      7.722015410991E-03      2.016878809755E-03
   16.500000      9.067922077703E-03      2.425048166555E-03
   16.600000      1.031353004310E-02      2.812584268648E-03
   16.700000      1.128674683708E-02      3.121934811640E-03
   16.800000      1.186121252557E-02      3.308448190240E-03
   16.900000      1.197108915171E-02      3.348309179564E-03
   17.000000      1.162232038592E-02      3.244119152121E-03
   17.100000      1.089785899030E-02      3.026709105381E-03
   17.200000      9.953710291941E-03      2.752081483212E-03
   17.300000      9.003396667658E-03      2.493128207665E-03
   17.400000      8.291004107278E-03      2.326898152273E-03
   17.500000      8.056263438977E-03      2.319432709722E-03
   17.600000      8.497547823807E-03      2.511177209032E-03
   17.700000      9.706375837953E-03      2.906335406051E-03
   17.800000      1.151200534894E-02      3.469030534740E-03
   17.900000      1.359014676498E-02      4.127778071864E-03
   18.000000      1.561095431962E-02      4.787844957909E-03
   18.100000      1.727800860700E-02      5.349067216547E-03
   18.200000      1.836218052471E-02      5.725200486284E-03
   18.300000      1.872884151134E-02      5.860357135181E-03
   18.400000      1.835156887485E-02      5.738738013267E-03
   18.500000      1.730986792127E-02      5.385543026441E-03
   18.600000      1.577127251891E-02      4.859179695852E-03
   18.700000      1.396006595579E-02      4.237057460476E-03
   18.800000      1.211536530517E-02      3.598762011512E-03
   18.900000      1.043520320021E-02      3.010852749789E-03
   19.000000      9.030192243086E-03      2.516825693160E-03
   19.100000      7.936650720291E-03      2.134163792264E-03
   19.200000      7.141066532485E-03      1.858339894803E-03
   19.300000      6.594308814271E-03      1.671741479555E-03
   19.400000      6.237147329923E-03      1.554285859793E-03
   19.500000      6.032977934674E-03      1.492304066232E-03
   19.600000      5.984132625980E-03      1.483095087384E-03
   19.700000      6.124043125317E-03      1.534093656884E-03
   19.800000      6.495285014231E-03      1.657360925023E-03
   19.900000      7.125712294484E-03      1.861562914235E-03
   20.000000      8.011696479777E-03      2.144327970721E-03
   20.100000      9.102084398365E-03      2.487686338698E-03
   20.200000      1.028332166847E-02      2.858286834810E-03
   20.300000      1.140158006091E-02      3.212594042628E-03
   20.400000      1.230758299155E-02      3.505762759112E-03
   20.500000      1.288922810949E-02      3.701814080660E-03
   20.600000      1.309182935334E-02      3.782390466401E-03
   20.700000      1.292834791720E-02      3.751797036970E-03
   20.800000      1.247909399720E-02      3.637059354945E-03
   20.900000      1.188119263049E-02      3.483005165768E-03
   21.000000      1.130839983679E-02      3.343537826840E-03
   21.100000      1.094191783770E-02      3.271026673019E-03
   21.200000      1.093969739442E-02      3.305967784056E-03
   21.300000      1.139314976703E-02      3.468810199419E-03
   21.400000      1.227948851522E-02      3.755261517425E-03
   21.500000      1.347441476004E-02      4.135688314444E-03
   21.600000      1.479507901700E-02      4.558580087399E-03
   21.700000      1.603281611983E-02      4.957537036380E-03
   21.800000      1.698116303355E-02      5.260873233238E-03
   21.900000      1.746085813077E-02      5.402648914227E-03
   22.000000      1.734114664880E-02      5.333714054847E-03
   22.100000      1.655653547647E-02      5.031165950139E-03
   22.200000      1.511557154663E-02      4.504570268509E-03
   22.300000      1.310171828697E-02      3.797487411954E-03
   22.400000      1.067665518014E-02      2.983390662794E-03
   22.500000      8.077856317575E-03      2.155980244184E-03
   22.600000      5.603099333555E-03      1.415066817011E-03
   22.700000      3.587143502036E-03      8.503507583575E-04
   22.800000      2.369019419599E-03      5.262090768741E-04
   22.900000      2.184580297482E-03      4.707084114595E-04
   23.000000      2.991687576821E-03      6.713490272816E-04
   23.100000      4.518409576935E-03      1.078620079859E-03
   23.200000      6.417084718586E-03      1.616656901969E-03
   23.300000      8.369180724322E-03      2.198616609757E-03
   23.400000      1.011664554525E-02      2.743291272943E-03
   23.500000      1.148384642803E-02      3.189261722495E-03
   23.600000      1.239022290555E-02      3.503617431474E-03
   23.700000      1.284652166529E-02      3.683726431572E-03
   23.800000      1.293843530555E-02      3.752327678767E-03
   23.900000      1.280054166973E-02      3.747839577759E-03
   24.000000      1.258363323838E-02      3.712790232259E-03
   24.100000      1.241648953150E-02      3.683427372619E-03
   24.200000      1.237016018819E-02      3.682879099075E-03
   24.300000      1.245329847268E-02      3.718983613166E-03
   24.400000      1.263583085701E-02      3.786505129352E-03
   24.500000      1.287125755158E-02      3.872318007620E-03
   24.600000      1.311390812428E-02      3.961553276168E-03
   24.700000      1.333394276080E-02      4.042746198657E-03
   24.800000      1.352352011295E-02      4.110596791929E-03
   24.900000      1.369046235253E-02      4.165825525927E-03
   25.000000      1.384587147509E-02      4.212499431537E-03
   25.100000      1.399430436751E-02      4.253885517489E-03
   25.200000      1.412860560039E-02      4.288222750433E-03
   25.300000      1.422637398363E-02      4.305769195307E-03
   25.400000      1.424463219275E-02      4.288144617335E-03
   25.500000      1.411425823551E-02      4.210458852595E-03
   25.600000      1.374653024614E-02      4.046098020213E-03
   25.700000      1.305576978632E-02      3.773421326950E-03
   25.800000      1.198519321540E-02      3.383082083905E-03
   25.900000      1.052853902324E-02      2.884323714690E-03
   26.000000      8.746085193327E-03      2.308527774787E-03
   26.100000      6.773547887642E-03      1.708604175537E-03
   26.200000      4.822968745505E-03      1.153541519823E-03
   26.300000      3.177411421978E-03      7.184863331664E-04
   26.400000      2.180894173194E-03      4.718739929328E-04
   26.500000      2.147965855916E-03      4.620870183030E-04
   26.600000      3.103647721666E-03      7.065670346880E-04
   26.700000      4.843414624354E-03      1.186057885982E-03
   26.800000      7.091604350771E-03      1.845693338217E-03
   26.900000      9.538410862973E-03      2.603155842590E-03
   27.000000      1.188064965693E-02      3.362484429720E-03
   27.100000      1.385977357645E-02      4.030733899252E-03
   27.200000      1.528980062397E-02      4.533963159291E-03
   27.300000      1.607480994815E-02      4.829166402873E-03
   27.400000      1.621446656161E-02      4.909729905833E-03
   27.500000      1.579700780193E-02      4.803544001940E-03
   27.600000      1.498081621041E-02      4.564613458747E-03
   27.700000      1.396716286979E-02      4.260440359725E-03
   27.800000      1.296746345604E-02      3.958239438494E-03
   27.900000      1.216802565924E-02      3.713013830314E-03
   28.000000      1.169533207266E-02      3.559733195218E-03
   28.100000      1.159064344190E-02      3.510590916167E-03
   28.200000      1.181036196875E-02      3.556966337823E-03
   28.300000      1.225606558729E-02      3.674667840515E-03
   28.400000      1.281073024673E-02      3.830544480465E-03
   28.500000      1.336130956025E-02      3.988695287715E-03
   28.600000      1.380859021417E-02      4.115143425744E-03
   28.700000      1.407039862003E-02      4.180698841722E-03
   28.800000      1.408206681700E-02      4.162479839836E-03
   28.900000      1.379683837814E-02      4.044935440705E-03
   29.000000      1.318824783516E-02      3.821096618422E-03
   29.100000      1.225520393133E-02      3.494272881681E-03
   29.200000      1.102875351432E-02      3.079752567881E-03
   29.300000      9.578055444901E-03      2.605575074420E-03
   29.400000      8.012553149380E-03      2.111368483647E-03
   29.500000      6.477982129993E-03      1.644662978893E-03
   29.600000      5.145171869874E-03      1.254870107984E-03
   29.700000      4.190247315500E-03      9.859739240055E-04
   29.800000      3.761694623376E-03      8.695773485268E-04
   29.900000      3.938063935595E-03      9.200304656682E-04
   30.000000      4.702478424907E-03      1.132863291057E-03
   30.100000      5.941768328244E-03      1.486800684445E-03
   30.200000      7.484568806793E-03      1.948575623424E-03
   30.300000      9.161125361503E-03      2.478965168604E-03
   30.400000      1.083346553705E-02      3.038251145496E-03
   30.500000      1.240214088664E-02      3.589745247949E-03
   30.600000      1.380188365082E-02      4.100949969500E-03
   30.700000      1.498900143706E-02      4.542983906532E-03
   30.800000      1.592291408030E-02      4.889650035858E-03
   30.900000      1.655121221820E-02      5.117645305364E-03
   31.000000      1.681371768913E-02      5.208824600513E-03
   31.100000      1.666449131559E-02      5.154360039101E-03
   31.200000      1.609528150901E-02      4.959511787207E-03
   31.300000      1.515203951479E-02      4.647027193499E-03
   31.400000      1.394218770017E-02      4.257236536738E-03
   31.500000      1.263146168592E-02      3.843753230898E-03
   31.600000      1.142981938313E-02      3.465044454372E-03
   31.700000      1.055334975781E-02      3.173542434310E-03
   31.800000      1.013079116493E-02      3.004920966663E-03
   31.900000      1.016100961008E-02      2.970328617372E-03
   32.000000      1.056300990235E-02      3.053686674261E-03
   32.100000      1.119323805231E-02      3.214849666739E-03
   32.200000      1.186740625331E-02      3.397907581564E-03
   32.300000      1.239932883227E-02      3.542642793770E-03
   32.400000      1.263325574182E-02      3.596490933520E-03
   32.500000      1.246649897587E-02      3.524430325726E-03
   32.600000      1.186181929026E-02      3.314942109711E-03
   32.700000      1.084974831167E-02      2.981267742159E-03
   32.800000      9.522579184011E-03      2.558296648439E-03
   32.900000      8.022825998234E-03      2.096246050515E-03
   33.000000      6.529166219614E-03      1.652684917698E-03
   33.100000      5.241642581645E-03      1.284407090590E-03
   33.200000      4.361939188417E-03      1.040307916591E-03
   33.300000      4.051482660912E-03      9.559518129172E-04
   33.400000      4.380616087190E-03      1.050098664640E-03
   33.500000      5.318835924776E-03      1.323175766177E-03
   33.600000      6.759684326454E-03      1.757549188097E-03
   33.700000      8.550738018194E-03      2.319415673979E-03
   33.800000      1.051867337461E-02      2.962131834529E-03
   33.900000      1.248852533310E-02      3.630760235456E-03
   34.000000      1.429816304442E-02      4.267514937563E-03
   34.100000      1.581002181822E-02      4.817647971857E-03
   34.200000      1.692057741866E-02      5.235182261869E-03
   34.300000      1.756644259774E-02      5.487824180642E-03
   34.400000      1.772448674348E-02      5.560421742907E-03
   34.500000      1.740811413895E-02      5.456481228105E-03
   34.600000      1.666844694700E-02      5.197492845785E-03
   34.700000      1.559410272760E-02      4.820102316522E-03
   34.800000      1.430313933116E-02      4.371451883988E-03
   34.900000      1.293065325053E-02      3.903258150990E-03
   35.000000      1.161709509643E-02      3.465363452083E-03
   35.100000      1.050079323056E-02      3.099575023571E-03
   35.200000      9.711632628917E-03      2.834588349233E-03
   35.300000      9.335936032945E-03      2.682682047951E-03
   35.400000      9.344796588494E-03      2.638677425812E-03
   35.500000      9.622916213399E-03      2.681382914912E-03
   35.600000      1.003331771501E-02      2.777406467789E-03
   35.700000      1.044044564936E-02      2.886850439434E-03
   35.800000      1.072608632001E-02      2.970060124372E-03
   35.900000      1.080357010877E-02      2.994352431638E-03
   36.000000      1.062728298978E-02      2.939577226148E-03
   36.100000      1.019613887427E-02      2.801507657231E-03
   36.200000      9.550817160062E-03      2.592419287231E-03
   36.300000      8.766059098762E-03      2.338748320903E-03
   36.400000      7.940438481826E-03      2.076313336839E-03
   36.500000      7.185219149419E-03      1.844106162788E-03
   36.600000      6.612553839558E-03      1.677966144637E-03
   36.700000      6.323314198454E-03      1.605443975101E-03
   36.800000      6.393847758646E-03      1.642808754168E-03
   36.900000      6.856409388599E-03      1.794531013116E-03
   37.000000      7.679219098602E-03      2.054860405085E-03
   37.100000      8.781660256336E-03      2.410538280898E-03
   37.200000      1.007422836275E-02      2.843446031662E-03
   37.300000      1.148001266461E-02      3.332187906446E-03
   37.400000      1.293589013522E-02      3.852187591761E-03
   37.500000      1.438159976649E-02      4.374643494536E-03
   37.600000      1.574186999735E-02      4.865360375985E-03
   37.700000      1.691620798746E-02      5.284790137067E-03
   37.800000      1.778775851385E-02      5.590414290383E-03
   37.900000      1.824251809806E-02      5.741897267096E-03
   38.000000      1.818979458040E-02      5.708427281062E-03
   38.100000      1.758167946383E-02      5.476666264161E-03
   38.200000      1.642932571226E-02      5.057109357925E-03
   38.300000      1.481282787795E-02      4.486672229574E-03
   38.400000      1.288193217159E-02      3.826052021268E-03
   38.500000      1.084614821011E-02      3.151681944804E-03
   38.600000      8.954313421237E-03      2.543562754102E-03
   38.700000      7.462955190208E-03      2.071464142847E-03
   38.800000      6.583266171613E-03      1.782563169037E-03
   38.900000      6.400508971760E-03      1.693332938402E-03
   39.000000      6.836432289600E-03      1.787478876981E-03
   39.100000      7.701374377846E-03      2.020244802661E-03
   39.200000      8.761198418286E-03      2.327912893930E-03
   39.300000      9.785118346154E-03      2.640222913014E-03
   39.400000      1.058060262986E-02      2.893008561429E-03
   39.500000      1.101615046534E-02      3.038636049410E-03
   39.600000      1.103193234632E-02      3.052651449416E-03
   39.700000      1.064037906606E-02      2.936076399293E-03
   39.800000      9.919421174571E-03      2.713697653939E-03
   39.900000      9.000122945498E-03      2.429245123738E-03
   40.000000      8.048876952899E-03      2.138499000130E-03
   40.100000      7.243989658057E-03      1.901239649452E-03
   40.200000      6.750891579687E-03      1.772775804173E-03
   40.300000      6.706275505649E-03      1.795745988502E-03
   40.400000      7.216037925714E-03      1.993038354021E-03
   40.500000      8.332886302725E-03      2.362902513774E-03
   40.600000      9.949675313230E-03      2.877411881161E-03
   40.700000      1.183302875548E-02      3.485162890930E-03
   40.800000      1.373775591771E-02      4.118385233321E-03
   40.900000      1.543970908086E-02      4.703602356142E-03
   41.000000      1.675757726392E-02      5.173924434044E-03
   41.100000      1.757262609414E-02      5.480357192646E-03
   41.200000      1.784093713596E-02      5.599481504912E-03
   41.300000      1.759489891025E-02      5.535611600868E-03
   41.400000      1.693187407173E-02      5.316921339080E-03
   41.500000      1.598807845046E-02      4.986654362668E-03
   41.600000      1.489965732866E-02      4.591907244070E-03
   41.700000      1.376980719836E-02      4.173146478105E-03
   41.800000      1.265870544139E-02      3.757347315708E-03
   41.900000      1.158523357088E-02      3.356481215986E-03
   42.000000      1.053493107426E-02      2.971378908016E-03
   42.100000      9.482542367649E-03      2.599291291666E-03
   42.200000      8.422558129694E-03      2.242301596963E-03
   42.300000      7.392925476944E-03      1.913478975552E-03
   42.400000      6.483356462279E-03      1.638387414278E-03
   42.500000      5.823410575797E-03      1.451048970147E-03
   42.600000      5.550672919265E-03      1.385252026902E-03
   42.700000      5.767945879841E-03      1.463651931258E-03
   42.800000      6.500003066312E-03      1.687965770320E-03
   42.900000      7.654566999181E-03      2.033456737448E-03
   43.000000      9.037600998463E-03      2.449857709033E-03
   43.100000      1.041177844520E-02      2.869187681797E-03
   43.200000      1.154421685657E-02      3.219037312609E-03
   43.300000      1.224889509304E-02      3.438352339608E-03
   43.400000      1.241935064895E-02      3.491939024929E-03
   43.500000      1.204876453684E-02      3.380063457197E-03
   43.600000      1.123562994532E-02      3.140578380142E-03
   43.700000      1.017356668922E-02      2.842721046341E-03
   43.800000      9.126070080156E-03      2.573661876931E-03
   43.900000      8.391041541858E-03      2.420575818035E-03
   44.000000      8.264832016513E-03      2.452053503646E-03
   44.100000      8.970522518756E-03      2.702832500393E-03
   44.200000      1.045827614677E-02      3.165096726776E-03
   44.300000      1.245519553146E-02      3.788165569770E-03
   44.400000      1.463183358873E-02      4.486623628626E-03
   44.500000      1.665815763221E-02      5.155229296335E-03
   44.600000      1.823964398086E-02      5.687639808323E-03
   44.700000      1.914945774768E-02      5.995334806897E-03
   44.800000      1.925280588945E-02      6.023188206158E-03
   44.900000      1.852042341082E-02      5.758862286545E-03
   45.000000      1.703009334367E-02      5.234406311488E-03
   45.100000      1.495635714223E-02      4.519906095067E-03
   45.200000      1.254961650386E-02      3.710504149443E-03
   45.300000      1.010685220556E-02      2.909348685385E-03
   45.400000      7.934723368908E-03      2.209809912468E-03
   45.500000      6.292017357832E-03      1.680448616709E-03
   45.600000      5.317503872063E-03      1.355654651761E-03
   45.700000      5.014714469357E-03      1.233654490867E-03
   45.800000      5.271136658910E-03      1.281945595006E-03
   45.900000      5.901911615872E-03      1.448518746489E-03
   46.000000      6.705378806895E-03      1.675904204168E-03
   46.100000      7.509063577327E-03      1.914490589659E-03
   46.200000      8.202013662884E-03      2.131904670381E-03
   46.300000      8.746391466007E-03      2.316437387687E-03
   46.400000      9.168509752886E-03      2.474231825830E-03
   46.500000      9.536062531202E-03      2.621715515344E-03
   46.600000      9.928972340454E-03      2.776040773712E-03
   46.700000      1.040812689792E-02      2.946710782476E-03
   46.800000      1.097833869735E-02      3.131001639614E-03
   46.900000      1.157192429563E-02      3.314439370860E-03
   47.000000      1.209078103187E-02      3.475903447335E-03
   47.100000      1.245042856809E-02      3.595451438775E-03
   47.200000      1.260474886436E-02      3.662152973090E-03
   47.300000      1.256045281962E-02      3.679307303956E-03
   47.400000      1.238148399123E-02      3.665319954059E-03
   47.500000      1.218187566075E-02      3.649896886377E-03
   47.600000      1.210265662746E-02      3.666617422459E-03
   47.700000      1.226210220362E-02      3.743939656781E-03
   47.800000      1.270164676932E-02      3.897015297026E-03
   47.900000      1.338624084410E-02      4.122326802242E-03
   48.000000      1.423202805967E-02      4.396310874112E-03
   48.100000      1.511956344697E-02      4.678121617639E-03
   48.200000      1.590076346848E-02      4.915823069170E-03
   48.300000      1.641607641348E-02      5.054770233814E-03
   48.400000      1.652043725076E-02      5.046762921149E-03
   48.500000      1.610578364926E-02      4.858633971447E-03
   48.600000      1.511748063471E-02      4.479118657628E-03
   48.700000      1.356608652401E-02      3.923046127369E-03
   48.800000      1.153445666918E-02      3.232088079217E-03
   48.900000      9.179258396679E-03      2.471563676780E-03
   49.000000      6.726136437325E-03      1.723221953631E-03
   49.100000      4.458924699171E-03      1.074540355497E-03
   49.200000      2.703728566986E-03      6.058251199259E-04
   49.300000      1.790932860256E-03      3.771046601899E-04
   49.400000      1.947042015921E-03      4.172403062963E-04
   49.500000      3.132855846586E-03      7.176288808479E-04
   49.600000      5.043335740335E-03      1.232231606345E-03
   49.700000      7.312090132090E-03      1.884489314780E-03
   49.800000      9.597565959776E-03      2.580204791804E-03
   49.900000      1.161062438093E-02      3.224048437971E-03
   50.000000      1.313829250093E-02      3.736366035787E-03
   50.100000      1.406209836684E-02      4.066743581893E-03
   50.200000      1.436578278811E-02      4.201428948288E-03
   50.300000      1.412999167411E-02      4.163097345078E-03
   50.400000      1.351404120777E-02      4.003234858077E-03
   50.500000      1.272687017548E-02      3.789136535775E-03
   50.600000      1.199079543454E-02      3.588716117085E-03
   50.700000      1.150075554721E-02      3.456686854109E-03
   50.800000      1.137405631226E-02      3.425113445448E-03
   50.900000      1.161534801062E-02      3.500030537864E-03
   51.000000      1.214595254515E-02      3.664159825713E-03
   51.100000      1.284705681601E-02      3.884215260900E-03
   51.200000      1.358975847936E-02      4.120291854977E-03
   51.300000      1.425909636643E-02      4.334634956342E-03
   51.400000      1.476911724765E-02      4.497680108084E-03
   51.500000      1.506704267925E-02      4.590394526003E-03
   51.600000      1.512905118253E-02      4.603241376895E-03
   51.700000      1.495169571199E-02      4.533108565864E-03
   51.800000      1.454195375128E-02      4.379992763001E-03
   51.900000      1.390796551846E-02      4.145014624689E-03
   52.000000      1.305479772021E-02      3.830595979237E-03
   52.100000      1.198706710814E-02      3.442650996932E-03
   52.200000      1.071700580474E-02      2.993779948731E-03
   52.300000      9.278739016633E-03      2.505990465045E-03
   52.400000      7.742624758823E-03      2.011543260732E-03
   52.500000      6.222047089538E-03      1.551083160106E-03
   52.600000      4.871779803969E-03      1.169071034898E-03
   52.700000      3.879241600653E-03      9.073888380020E-04
   52.800000      3.440767462615E-03      7.985672973860E-04
   52.900000      3.681300283803E-03      8.602065557766E-04
   53.000000      4.554371094484E-03      1.091810211841E-03
   53.100000      5.902846077682E-03      1.474581679524E-03
   53.200000      7.550696373336E-03      1.973986723475E-03
   53.300000      9.332781603526E-03      2.544315226168E-03
   53.400000      1.110231393288E-02      3.134232104377E-03
   53.500000      1.273038279915E-02      3.692401136842E-03
   53.600000      1.410325241034E-02      4.172574081640E-03
   53.700000      1.512664586409E-02      4.537873186100E-03
   53.800000      1.573660235671E-02      4.764193780356E-03
   53.900000      1.590900008280E-02      4.842646811551E-03
   54.000000      1.566443723564E-02      4.780802001550E-03
   54.100000      1.506807320651E-02      4.602324208712E-03
   54.200000      1.422506687776E-02      4.344580333334E-03
   54.300000      1.327408666431E-02      4.054031578336E-03
   54.400000      1.237741866934E-02      3.779700164249E-03
   54.500000      1.169863179785E-02      3.565574676182E-03
   54.600000      1.135618539408E-02      3.443285787957E-03
   54.700000      1.138251253822E-02      3.426545728813E-03
   54.800000      1.173390300445E-02      3.508595913589E-03
   54.900000      1.231067534374E-02      3.663287279648E-03
   55.000000      1.297467656098E-02      3.849604268621E-03
   55.100000      1.357475306386E-02      4.018686961428E-03
   55.200000      1.396981469969E-02      4.121935411162E-03
   55.300000      1.404433064076E-02      4.118714808729E-03
   55.400000      1.371887010595E-02      3.982486930745E-03
   55.500000      1.295805161281E-02      3.704708838662E-03
   55.600000      1.177535692861E-02      3.296345941796E-03
   55.700000      1.023476732468E-02      2.787169244720E-03
   55.800000      8.450341647246E-03      2.223092391238E-03
   55.900000      6.584395686357E-03      1.661737058251E-03
   56.000000      4.844208972543E-03      1.166363593940E-03
   56.100000      3.476069637732E-03      7.984218198414E-04
   56.200000      2.743194070208E-03      6.093128208735E-04
   56.300000      2.831908320354E-03      6.324105623214E-04
   56.400000      3.742039290714E-03      8.767676538619E-04
   56.500000      5.330787570252E-03      1.323998619278E-03
   56.600000      7.376159114953E-03      1.929455890046E-03
   56.700000      9.621950932796E-03      2.628003323696E-03
   56.800000      1.181690023906E-02      3.343634532115E-03
   56.900000      1.374340794118E-02      4.001184125005E-03
   57.000000      1.523919841906E-02      4.537764589756E-03
   57.100000      1.621145114916E-02      4.911557684590E-03
   57.200000      1.664156546001E-02      5.106234644924E-03
   57.300000      1.657990470257E-02      5.130393981762E-03
   57.400000      1.613105263660E-02      5.012645405279E-03
   57.500000      1.542931268753E-02      4.793947754692E-03
   57.600000      1.460466707756E-02      4.519242583592E-03
   57.700000      1.375698593224E-02      4.230231683532E-03
   57.800000      1.295921064535E-02      3.960467352496E-03
   57.900000      1.227314706268E-02      3.733051100808E-03
   58.000000      1.176199616126E-02      3.560488469878E-03
   58.100000      1.148440163463E-02      3.445848211485E-03
   58.200000      1.143450654421E-02      3.384382876204E-03
   58.300000      1.152737340265E-02      3.365084379696E-03
   58.400000      1.166919975922E-02      3.372074741172E-03
   58.500000      1.178360928944E-02      3.386063446259E-03
   58.600000      1.181286837135E-02      3.386204265079E-03
   58.700000      1.171712625230E-02      3.352533904768E-03
   58.800000      1.147212647540E-02      3.268858019046E-03
   58.900000      1.106463391249E-02      3.125616277652E-03
   59.000000      1.049043927537E-02      2.922060175639E-03
   59.100000      9.760082967668E-03      2.667115491738E-03
   59.200000      8.906617779679E-03      2.378588532652E-03
   59.300000      7.988437438009E-03      2.080828097161E-03
   59.400000      7.086513078042E-03      1.801415148328E-03
   59.500000      6.297323685139E-03      1.567737476094E-03
   59.600000      5.721641023860E-03      1.404283168233E-03
   59.700000      5.448108610844E-03      1.331135225554E-03
   59.800000      5.534617457822E-03      1.363592251939E-03
   59.900000      6.000171590665E-03      1.512303732509E-03
   60.000000      6.834719753001E-03      1.783034222249E-03
   60.100000      8.014047916941E-03      2.175310576467E-03
   60.200000      9.503572753984E-03      2.679753504869E-03
   60.300000      1.124487082005E-02      3.274677472169E-03
   60.400000      1.313380392649E-02      3.923276930071E-03
   60.500000      1.501608653677E-02      4.573094606970E-03
   60.600000      1.670521426686E-02      5.159260816348E-03
   60.700000      1.800771359237E-02      5.612144369211E-03
   60.800000      1.875133560565E-02      5.868733775650E-03
   60.900000      1.881469977564E-02      5.885649649001E-03
   61.000000      1.815377935378E-02      5.650660996248E-03
   61.100000      1.681973227337E-02      5.189365964749E-03
   61.200000      1.496365920751E-02      4.564499538270E-03
   61.300000      1.282604063852E-02      3.867016747597E-03
   61.400000      1.071166285273E-02      3.200230511706E-03
   61.500000      8.954482699394E-03      2.660240348887E-03
   61.600000      7.870318976076E-03      2.317073111060E-03
   61.700000      7.647605882970E-03      2.200984789295E-03
   61.800000      8.194332099799E-03      2.297200069845E-03
   61.900000      9.223556730155E-03      2.550309978287E-03
   62.000000      1.041557636022E-02      2.877185138075E-03
   62.100000      1.147074043569E-02      3.185249840313E-03
   62.200000      1.214758632752E-02      3.391833271196E-03
   62.300000      1.229317069100E-02      3.440321349708E-03
   62.400000      1.185900317291E-02      3.309888453855E-03
   62.500000      1.090152099318E-02      3.017319194949E-03
   62.600000      9.569092912148E-03      2.611316975848E-03
   62.700000      8.078716651212E-03      2.161246192129E-03
   62.800000      6.684167186155E-03      1.743145198948E-03
   62.900000      5.629845934860E-03      1.425987009722E-03
   63.000000      5.089502822469E-03      1.260672598701E-03
   63.100000      5.139836319794E-03      1.273359473748E-03
   63.200000      5.775574752655E-03      1.463719277294E-03
   63.300000      6.914718203521E-03      1.807791482230E-03
   63.400000      8.396977167836E-03      2.264380148782E-03
   63.500000      1.002346312356E-02      2.783478593293E-03
   63.600000      1.161439967596E-02      3.315013410503E-03
   63.700000      1.303787973653E-02      3.816272997929E-03
   63.800000      1.421736785494E-02      4.256720284473E-03
   63.900000      1.512887422099E-02      4.619459016499E-03
   64.000000      1.578998287363E-02      4.899358452279E-03
   64.100000      1.624192672244E-02      5.098616421392E-03
   64.200000      1.653014854474E-02      5.221183690583E-03
   64.300000      1.667874984022E-02      5.267804364838E-03
   64.400000      1.666292332809E-02      5.233315695210E-03
   64.500000      1.642143280199E-02      5.107265279781E-03
   64.600000      1.588846860389E-02      4.877948620333E-03
   64.700000      1.501739980843E-02      4.538881221016E-03
   64.800000      1.380118498915E-02      4.095811895770E-03
   64.900000      1.228916442567E-02      3.571958236778E-03
   65.000000      1.059606198534E-02      3.009382780671E-03
   65.100000      8.899156518892E-03      2.465318689539E-03
   65.200000      7.418794596592E-03      2.003584699221E-03
   65.300000      6.375769694368E-03      1.682645137119E-03
   65.400000      5.931658178566E-03      1.542974450381E-03
   65.500000      6.146181675562E-03      1.596848671891E-03
   65.600000      6.954605993963E-03      1.823342140261E-03
   65.700000      8.153288325829E-03      2.170205113889E-03
   65.800000      9.467424860837E-03      2.562698216287E-03
   65.900000      1.062650953643E-02      2.917772825630E-03
   66.000000      1.140801286138E-02      3.160655297768E-03
   66.100000      1.166814411240E-02      3.240262288429E-03
   66.200000      1.136096963402E-02      3.140093844244E-03
   66.300000      1.054458323335E-02      2.882243588004E-03
   66.400000      9.374000493077E-03      2.523667811762E-03
   66.500000      8.081300322683E-03      2.145501934071E-03
   66.600000      6.944515022306E-03      1.837631485608E-03
   66.700000      6.249610867655E-03      1.681620589349E-03
   66.800000      6.254856123145E-03      1.735314679624E-03
   66.900000      7.125297148671E-03      2.021968198954E-03
   67.000000      8.763949266770E-03      2.525752115082E-03
   67.100000      1.088900175976E-02      3.194218036723E-03
   67.200000      1.319333815717E-02      3.947011413654E-03
   67.300000      1.538394597275E-02      4.689074026897E-03
   67.400000      1.720639043169E-02      5.325913139572E-03
   67.500000      1.846660634926E-02      5.778304729146E-03
   67.600000      1.904635552352E-02      5.994022743756E-03
   67.700000      1.891074592037E-02      5.954770836747E-03
   67.800000      1.810755994679E-02      5.677332962550E-03
   67.900000      1.675867715357E-02      5.208935751713E-03
   68.000000      1.504421976746E-02      4.617798725179E-03
   68.100000      1.318060293482E-02      3.980694288678E-03
   68.200000      1.139251884089E-02      3.369895381958E-03
   68.300000      9.869016280877E-03      2.842017110365E-03
   68.400000      8.710652306006E-03      2.430879723480E-03
   68.500000      7.930671047319E-03      2.145657332708E-03
   68.600000      7.484701830943E-03      1.974381880486E-03
   68.700000      7.293730017602E-03      1.891611237793E-03
   68.800000      7.269466794668E-03      1.868065164568E-03
   68.900000      7.338286150326E-03      1.879570873246E-03
   69.000000      7.457056088497E-03      1.912904292047E-03
   69.100000      7.617762804753E-03      1.967039295744E-03
   69.200000      7.840973445460E-03      2.049699246391E-03
   69.300000      8.161539575041E-03      2.170561304985E-03
   69.400000      8.611934706483E-03      2.333555648367E-03
   69.500000      9.202905979529E-03      2.531065540754E-03
   69.600000      9.885041057636E-03      2.742308141258E-03
   69.700000      1.053896830585E-02      2.936874248069E-03
   69.800000      1.103555388768E-02      3.082705769276E-03
   69.900000      1.128094106160E-02      3.156227111424E-03
   70.000000      1.124023121580E-02      3.151441619312E-03
   70.100000      1.095064355007E-02      3.084887324784E-03
   70.200000      1.052270480582E-02      2.994437830697E-03
   70.300000      1.012946773060E-02      2.931723041665E-03
   70.400000      9.987303368711E-03      2.949878004238E-03
   70.500000      1.030547280781E-02      3.089789301181E-03
   70.600000      1.113812591475E-02      3.368524953830E-03
   70.700000      1.237878534742E-02      3.773044925831E-03
   70.800000      1.386165260112E-02      4.260803585655E-03
   70.900000      1.538167749808E-02      4.766971204645E-03
   71.000000      1.671995752456E-02      5.216320777405E-03
   71.100000      1.768071749298E-02      5.536838547527E-03
   71.200000      1.811843719688E-02      5.672038249837E-03
   71.300000      1.795114043350E-02      5.589687223799E-03
   71.400000      1.716317662180E-02      5.285837528340E-03
   71.500000      1.580160240776E-02      4.784254394370E-03
   71.600000      1.396964847580E-02      4.132182648593E-03
   71.700000      1.181869096979E-02      3.393724123379E-03
   71.800000      9.539021350656E-03      2.641982355338E-03
   71.900000      7.349239534789E-03      1.950797612130E-03
   72.000000      5.482239228231E-03      1.386613764181E-03
   72.100000      4.159934760261E-03      1.000960447592E-03
   72.200000      3.547293507652E-03      8.242000781982E-04
   72.300000      3.703907980965E-03      8.614226639441E-04
   72.400000      4.555117983173E-03      1.091445749162E-03
   72.500000      5.904059103233E-03      1.469614620781E-03
   72.600000      7.498288267032E-03      1.934464057169E-03
   72.700000      9.091742107423E-03      2.417435004644E-03
   72.800000      1.047960427806E-02      2.854003277579E-03
   72.900000      1.151836250187E-02      3.194066690822E-03
   73.000000      1.213668004692E-02      3.409460364544E-03
   73.100000      1.233740953837E-02      3.497067098828E-03
   73.200000      1.219034689830E-02      3.477011181240E-03
   73.300000      1.181627898231E-02      3.386579156851E-03
   73.400000      1.136369655014E-02      3.271466472787E-03
   73.500000      1.097953471514E-02      3.176439874942E-03
   73.600000      1.077830536363E-02      3.137420881210E-03
   73.700000      1.082406965366E-02      3.176406065371E-03
   73.800000      1.113326127167E-02      3.299761720299E-03
   73.900000      1.168509242805E-02      3.499544651070E-03
   74.000000      1.242954288058E-02      3.756858497766E-03
   74.100000      1.329106153370E-02      4.046003512146E-03
   74.200000      1.417606653153E-02      4.338327913731E-03
   74.300000      1.498843281851E-02      4.605127584509E-03
   74.400000      1.564251063708E-02      4.819479775356E-03
   74.500000      1.606898926790E-02      4.957340631602E-03
   74.600000      1.621637758110E-02      4.998448107623E-03
   74.700000      1.605057664899E-02      4.927510325252E-03
   74.800000      1.555380204059E-02      4.735882177165E-03
   74.900000      1.472427921638E-02      4.423563635036E-03
   75.000000      1.357812300743E-02      4.001032405351E-03
   75.100000      1.215307424344E-02      3.490263540083E-03
   75.200000      1.051341081370E-02      2.924344468753E-03
   75.300000      8.754970481477E-03      2.345353280513E-03
   75.400000      7.006977805389E-03      1.800556548065E-03
   75.500000      5.429776020953E-03      1.337384963146E-03
   75.600000      4.209463307733E-03      9.979396122202E-04
   75.700000      3.534594549622E-03      8.138855982616E-04
   75.800000      3.513841579182E-03      8.024896226837E-04
   75.900000      4.123186710983E-03      9.643137448678E-04
   76.000000      5.247974040135E-03      1.282790292772E-03
   76.100000      6.733081398305E-03      1.725665836048E-03
   76.200000      8.414164343401E-03      2.248156942887E-03
   76.300000      1.012691534170E-02      2.797583568958E-03
   76.400000      1.171324727402E-02      3.319169597715E-03
   76.500000      1.303276818509E-02      3.762557600547E-03
   76.600000      1.397734429840E-02      4.088359161486E-03
   76.700000      1.448478360360E-02      4.273812940236E-03
   76.800000      1.454846739836E-02      4.316475419651E-03
   76.900000      1.422082314824E-02      4.234962786687E-03
   77.000000      1.360926600043E-02      4.066175862203E-03
   77.100000      1.286406004211E-02      3.859135026920E-03
   77.200000      1.215840497750E-02      3.666362392674E-03
   77.300000      1.166078685637E-02      3.534428189717E-03
   77.400000      1.149791313080E-02      3.495591108124E-03
   77.500000      1.171544402263E-02      3.562274026665E-03
   77.600000      1.226715391467E-02      3.725453706772E-03
   77.700000      1.304087510732E-02      3.957092801322E-03
   77.800000      1.389245344901E-02      4.215792676232E-03
   77.900000      1.467327998128E-02      4.454184938115E-03
   78.000000      1.525020834369E-02      4.626395439990E-03
   78.100000      1.551796680394E-02      4.694224812325E-03
   78.200000      1.540496954679E-02      4.631336790705E-03
   78.300000      1.487453230577E-02      4.425457552897E-03
   78.400000      1.392416284781E-02      4.079086433984E-03
   78.500000      1.258533764769E-02      3.609328226658E-03
   78.600000      1.092493691263E-02      3.047187028188E-03
   78.700000      9.047759327260E-03      2.436194155669E-03
   78.800000      7.098173537091E-03      1.829853460014E-03
   78.900000      5.258982270687E-03      1.287319150006E-03
   79.000000      3.746596910239E-03      8.670743875145E-04
   79.100000      2.798472499479E-03      6.190651483087E-04
   79.200000      2.623436658344E-03      5.765177783577E-04
   79.300000      3.288280640844E-03      7.492189886635E-04
   79.400000      4.664152601419E-03      1.120101557338E-03
   79.500000      6.505267403145E-03      1.646446207455E-03
   79.600000      8.547129058435E-03      2.265974225686E-03
   79.700000      1.054777039858E-02      2.906852088595E-03
   79.800000      1.230869249611E-02      3.499548400808E-03
   79.900000      1.369057091084E-02      3.987933186913E-03
   80.000000      1.462186679045E-02      4.337184715987E-03
   80.100000      1.509913188881E-02      4.536926420891E-03
   80.200000      1.517845438175E-02      4.599289756171E-03
   80.300000      1.495697592130E-02      4.552893448241E-03
   80.400000      1.454525841231E-02      4.434658161742E-03
   80.500000      1.404135689569E-02      4.281684129072E-03
   80.600000      1.352323039792E-02      4.125063270661E-03
   80.700000      1.305570855588E-02      3.986645794758E-03
   80.800000      1.269661354632E-02      3.878749356385E-03
   80.900000      1.248988034985E-02      3.805933793877E-03
   81.000000      1.244012553650E-02      3.767526877745E-03
   81.100000      1.250880870638E-02      3.759669980852E-03
   81.200000      1.264672744344E-02      3.776166500577E-03
   81.300000      1.281234804560E-02      3.808130936014E-03
   81.400000      1.297066999190E-02      3.843071918791E-03
   81.500000      1.308582708990E-02      3.864364562131E-03
   81.600000      1.311205857069E-02      3.851969168455E-03
   81.700000      1.298942158944E-02      3.784788300524E-03
   81.800000      1.265323379569E-02      3.644412149049E-03
   81.900000      1.205320528690E-02      3.419432308196E-03
   82.000000      1.116989548267E-02      3.109216972250E-03
   82.100000      1.002391758016E-02      2.726128165214E-03
   82.200000      8.678730756116E-03      2.295569303790E-03
   82.300000      7.238543639692E-03      1.853810902234E-03
   82.400000      5.842888443784E-03      1.444048040245E-03
   82.500000      4.659164638741E-03      1.111437450301E-03
   82.600000      3.870692603328E-03      8.978916355791E-04
   82.700000      3.641035514224E-03      8.372319633516E-04
   82.800000      4.047902481646E-03      9.510550591159E-04
   82.900000      5.065571033683E-03      1.245487554131E-03
   83.000000      6.601144934142E-03      1.708978952669E-03
   83.100000      8.516311441897E-03      2.311405684982E-03
   83.200000      1.063854441450E-02      3.004935604230E-03
   83.300000      1.277500825429E-02      3.727181695407E-03
   83.400000      1.472913961141E-02      4.407014876853E-03
   83.500000      1.631843886239E-02      4.972942931126E-03
   83.600000      1.739224574692E-02      5.363255414957E-03
   83.700000      1.784886754444E-02      5.536372350489E-03
   83.800000      1.765245897465E-02      5.479286721292E-03
   83.900000      1.684602193779E-02      5.211914361581E-03
   84.000000      1.555466751293E-02      4.785705089752E-03
   84.100000      1.397652521745E-02      4.275989433962E-03
   84.200000      1.236097938332E-02      3.769002937896E-03
   84.300000      1.097474935363E-02      3.345963432168E-03
   84.400000      1.006296379509E-02      3.067548980167E-03
   84.500000      9.818181554855E-03      2.962296175387E-03
   84.600000      1.021050465384E-02      3.021681514968E-03
   84.700000      1.099086973218E-02      3.203111070047E-03
   84.800000      1.189661171195E-02      3.440125963248E-03
   84.900000      1.268253879137E-02      3.657368694775E-03
   85.000000      1.314823501704E-02      3.786748134362E-03
   85.100000      1.316494986128E-02      3.781091569515E-03
   85.200000      1.268996653435E-02      3.622391411692E-03
   85.300000      1.176688608271E-02      3.323266481069E-03
   85.400000      1.051322355792E-02      2.922000300104E-03
   85.500000      9.097206311403E-03      2.472995709906E-03
   85.600000      7.704503380016E-03      2.035323166370E-03
   85.700000      6.501498463499E-03      1.662092866794E-03
   85.800000      5.616273234654E-03      1.392748797751E-03
   85.900000      5.136245255240E-03      1.249347892227E-03
   86.000000      5.099828646585E-03      1.236795266903E-03
   86.100000      5.485347980503E-03      1.346145995040E-03
   86.200000      6.217849456778E-03      1.559610915820E-03
   86.300000      7.197382223627E-03      1.855828214415E-03
   86.400000      8.329337808166E-03      2.214188846434E-03
   86.500000      9.541739073861E-03      2.617400200973E-03
   86.600000      1.078871770916E-02      3.051929847575E-03
   86.700000      1.204483991914E-02      3.506431609353E-03
   86.800000      1.329387320461E-02      3.968698491865E-03
   86.900000      1.451349896035E-02      4.422086468909E-03
   87.000000      1.565818505221E-02      4.842643176400E-03
   87.100000      1.664928372610E-02      5.198242327190E-03
   87.200000      1.738126408259E-02      5.450747628910E-03
   87.300000      1.773974428076E-02      5.561555009986E-03
   87.400000      1.762487898979E-02      5.499870690474E-03
   87.500000      1.697720843948E-02      5.252016420737E-03
   87.600000      1.580127168035E-02      4.829264289851E-03
   87.700000      1.418153476716E-02      4.271538511320E-03
   87.800000      1.228666737652E-02      3.644978188923E-03
   87.900000      1.036050571400E-02      3.032773075583E-03
   88.000000      8.701076101738E-03      2.520524605203E-03
   88.100000      7.619687042305E-03      2.179114208789E-03
   88.200000      7.313282901219E-03      2.049120725313E-03
   88.300000      7.743763335668E-03      2.130823546852E-03
   88.400000      8.707387093718E-03      2.382673788357E-03
   88.500000      9.920398952385E-03      2.729085889307E-03
   88.600000      1.107931922872E-02      3.076053820307E-03
   88.700000      1.191154991262E-02      3.331095982625E-03
   88.800000      1.221780118282E-02      3.422943232942E-03
   88.900000      1.190119809252E-02      3.316488723740E-03
   89.000000      1.098019075752E-02      3.019747835157E-03
   89.100000      9.585215926591E-03      2.581556281094E-03
   89.200000      7.940792465880E-03      2.080915914636E-03
   89.300000      6.335326498752E-03      1.610723095230E-03
   89.400000      5.079396595976E-03      1.259662259061E-03
   89.500000      4.449246179884E-03      1.096128138036E-03
   89.600000      4.616729981304E-03      1.157226486480E-03
   89.700000      5.589691962145E-03      1.444488681004E-03
   89.800000      7.203034980209E-03      1.926333996542E-03
   89.900000      9.198781227815E-03      2.545931811744E-03
   90.000000      1.131339395094E-02      3.232244737264E-03
   90.100000      1.331778347633E-02      3.911786912865E-03
   90.200000      1.503455546173E-02      4.518948766042E-03
   90.300000      1.634521926985E-02      5.003433311651E-03
   90.400000      1.719012386960E-02      5.334179122405E-03
   90.500000      1.756281408198E-02      5.499891876845E-03
   90.600000      1.750057281925E-02      5.506827966403E-03
   90.700000      1.707260260795E-02      5.374729931558E-03
   90.800000      1.636654257103E-02      5.131851782723E-03
   90.900000      1.547351008700E-02      4.809922213000E-03
   91.000000      1.447321836002E-02      4.439754311705E-03
   91.100000      1.342421247505E-02      4.048054812548E-03
   91.200000      1.236516762174E-02      3.655799505424E-03
   91.300000      1.132426788883E-02      3.278289782672E-03
   91.400000      1.032884120224E-02      2.926675037414E-03
   91.500000      9.412282687954E-03      2.610356563370E-03
   91.600000      8.615666540451E-03      2.339379688913E-03
   91.700000      7.982823857842E-03      2.125803242403E-03
   91.800000      7.554576255903E-03      1.983218756004E-03
   91.900000      7.366456843831E-03      1.924104178513E-03
   92.000000      7.444467867899E-03      1.955445525497E-03
   92.100000      7.794618737338E-03      2.073834980354E-03
   92.200000      8.385887475568E-03      2.261781894280E-03
   92.300000      9.128888211202E-03      2.487007041100E-03
   92.400000      9.876460424978E-03      2.705909510473E-03
   92.500000      1.046224313915E-02      2.871276889274E-03
   92.600000      1.074474512935E-02      2.942938553850E-03
   92.700000      1.064053266536E-02      2.898864852649E-03
   92.800000      1.014700208678E-02      2.743623003445E-03
   92.900000      9.352729464720E-03      2.511393809369E-03
   93.000000      8.432690427699E-03      2.261943319684E-03
   93.100000      7.628230134770E-03      2.069744552058E-03
   93.200000      7.216858350270E-03      2.008349510204E-03
   93.300000      7.467519747360E-03      2.133550354082E-03
   93.400000      8.494070139547E-03      2.469391218365E-03
   93.500000      1.017565351881E-02      3.000518926324E-03
   93.600000      1.227138842470E-02      3.672841231065E-03
   93.700000      1.448350640786E-02      4.402424935384E-03
   93.800000      1.651151539086E-02      5.090584425388E-03
   93.900000      1.809526470852E-02      5.641718557833E-03
   94.000000      1.904525126400E-02      5.979991770436E-03
   94.100000      1.926065747488E-02      6.061482739150E-03
   94.200000      1.873455170609E-02      5.879719519039E-03
   94.300000      1.754714326760E-02      5.464169180359E-03
   94.400000      1.584954463344E-02      4.872785477371E-03
   94.500000      1.384140095299E-02      4.180767194384E-03
   94.600000      1.174558044974E-02      3.468064887616E-03
   94.700000      9.780655984477E-03      2.807935236558E-03
   94.800000      8.131403929144E-03      2.258183447338E-03
   94.900000      6.928191008847E-03      1.855920799166E-03
   95.000000      6.235882794718E-03      1.615925602683E-03
   95.100000      6.046783024467E-03      1.532163499065E-03
   95.200000      6.285997851704E-03      1.581722428315E-03
   95.300000      6.832196285401E-03      1.730298666236E-03
   95.400000      7.545157815351E-03      1.938357744167E-03
   95.500000      8.292251758798E-03      2.167132554717E-03
   95.600000      8.968398993022E-03      2.383698369332E-03
   95.700000      9.506723453639E-03      2.564505656889E-03
   95.800000      9.880008439887E-03      2.696988632112E-03
   95.900000      1.009434069823E-02      2.779203333720E-03
   96.000000      1.017977278074E-02      2.817834046100E-03
   96.100000      1.018137410732E-02      2.825242295744E-03
   96.200000      1.014643356333E-02      2.816403142429E-03
   96.300000      1.011091191462E-02      2.806497018167E-03
   96.400000      1.009741481597E-02      2.809599396770E-03
   96.500000      1.012550066746E-02      2.838430984043E-03
   96.600000      1.022343251500E-02      2.904668872914E-03
   96.700000      1.043560546344E-02      3.019058262963E-03
   96.800000      1.082198853106E-02      3.190625741931E-03
   96.900000      1.143584778516E-02      3.424680321890E-03
   97.000000      1.227887533131E-02      3.719870364577E-03
   97.100000      1.329336281691E-02      4.065130061404E-03
   97.200000      1.439011499498E-02      4.437676179404E-03
   97.300000      1.546361037751E-02      4.803155720003E-03
   97.400000      1.639796485681E-02      5.118580442443E-03
   97.500000      1.707341918126E-02      5.337940313640E-03
   97.600000      1.737773074803E-02      5.419593527314E-03
   97.700000      1.722315318272E-02      5.333939463823E-03
   97.800000      1.656366109678E-02      5.069683801792E-03
   97.900000      1.540633421363E-02      4.637266240294E-03
   98.000000      1.381483267778E-02      4.068660928358E-03
   98.100000      1.190565937384E-02      3.413585002657E-03
   98.200000      9.838906754668E-03      2.732922527280E-03
   98.300000      7.805656886093E-03      2.090681911573E-03
   98.400000      6.013752164759E-03      1.545942751231E-03
   98.500000      4.666557332098E-03      1.146027584241E-03
   98.600000      3.913937823183E-03      9.216813357178E-04
   98.700000      3.811579802168E-03      8.845381654652E-04
   98.800000      4.336329428083E-03      1.026766028560E-03
   98.900000      5.384216560493E-03      1.322589091783E-03
   99.000000      6.784293812974E-03      1.731381764363E-03
   99.100000      8.341283150789E-03      2.202109955191E-03
   99.200000      9.866477391504E-03      2.678940631296E-03
   99.300000      1.119563074271E-02      3.107754325415E-03
   99.400000      1.220209799766E-02      3.443054736673E-03
   99.500000      1.280753429790E-02      3.654442299371E-03
   99.600000      1.298967947741E-02      3.731543820356E-03
   99.700000      1.278577798566E-02      3.686230912593E-03
   99.800000      1.229009334017E-02      3.551236600908E-03
   99.900000      1.164431325108E-02      3.374909400331E-03
  100.000000      1.102025183784E-02      3.212710710943E-03
