# M=16, N=8, V0=0.0, V=0.25, PBC
#  time (tJ)                 S₁(ℓ=8)                 S₂(ℓ=8)
    0.000000      1.270191330997E+00      9.635005380843E-01
    0.100000      1.270351325756E+00      9.632928440717E-01
    0.200000      1.270779253089E+00      9.627000958960E-01
    0.300000      1.271359604610E+00      9.618083915768E-01
    0.400000      1.271988490538E+00      9.607452625324E-01
    0.500000      1.272617559172E+00      9.596574548241E-01
    0.600000      1.273250194709E+00      9.586842415452E-01
    0.700000      1.273909797590E+00      9.579316152499E-01
    0.800000      1.274608949510E+00      9.574534295840E-01
    0.900000      1.275338525076E+00      9.572442006699E-01
    1.000000      1.276081133068E+00      9.572450921850E-01
    1.100000      1.276831291003E+00      9.573608804817E-01
    1.200000      1.277585889284E+00      9.574829698810E-01
    1.300000      1.278315678187E+00      9.575127317981E-01
    1.400000      1.278979831204E+00      9.573804972490E-01
    1.500000      1.279549246743E+00      9.570575859517E-01
    1.600000      1.280013118242E+00      9.565607544390E-01
    1.700000      1.280382622362E+00      9.559496762024E-01
    1.800000      1.280697685248E+00      9.553184019163E-01
    1.900000      1.281029083718E+00      9.547815927804E-01
    2.000000      1.281465002275E+00      9.544563501089E-01
    2.100000      1.282072947632E+00      9.544412420626E-01
    2.200000      1.282849600588E+00      9.547956942518E-01
    2.300000      1.283698732633E+00      9.555245356808E-01
    2.400000      1.284457051970E+00      9.565728673288E-01
    2.500000      1.284949755398E+00      9.578344233098E-01
    2.600000      1.285052158379E+00      9.591723054465E-01
    2.700000      1.284735134658E+00      9.604461819513E-01
    2.800000      1.284074839292E+00      9.615374998115E-01
    2.900000      1.283223113380E+00      9.623658017299E-01
    3.000000      1.282349962168E+00      9.628941037344E-01
    3.100000      1.281569336560E+00      9.631262961276E-01
    3.200000      1.280888522232E+00      9.631013646350E-01
    3.300000      1.280247860506E+00      9.628871013422E-01
    3.400000      1.279588536089E+00      9.625722672144E-01
    3.500000      1.278888564062E+00      9.622543963639E-01
    3.600000      1.278170911967E+00      9.620222968615E-01
    3.700000      1.277490607904E+00      9.619363711326E-01
    3.800000      1.276909591069E+00      9.620129176617E-01
    3.900000      1.276473533798E+00      9.622182132801E-01
    4.000000      1.276200274194E+00      9.624746180637E-01
    4.100000      1.276082156042E+00      9.626765477428E-01
    4.200000      1.276094679051E+00      9.627114941379E-01
    4.300000      1.276204133087E+00      9.624813263157E-01
    4.400000      1.276372414601E+00      9.619208461635E-01
    4.500000      1.276563087042E+00      9.610120550874E-01
    4.600000      1.276747679057E+00      9.597926262386E-01
    4.700000      1.276907078172E+00      9.583561964948E-01
    4.800000      1.277035882768E+00      9.568420135767E-01
    4.900000      1.277142125282E+00      9.554135212769E-01
    5.000000      1.277239210629E+00      9.542292512679E-01
    5.100000      1.277338342575E+00      9.534129092206E-01
    5.200000      1.277441523462E+00      9.530306258650E-01
    5.300000      1.277540590489E+00      9.530812242558E-01
    5.400000      1.277623699335E+00      9.535011181726E-01
    5.500000      1.277684644179E+00      9.541811756468E-01
    5.600000      1.277736562412E+00      9.549902777650E-01
    5.700000      1.277828091501E+00      9.557999168258E-01
    5.800000      1.278042099832E+00      9.565054206342E-01
    5.900000      1.278464992710E+00      9.570411819891E-01
    6.000000      1.279132692096E+00      9.573887314634E-01
    6.100000      1.279990254959E+00      9.575772978615E-01
    6.200000      1.280913419543E+00      9.576768820046E-01
    6.300000      1.281765323114E+00      9.577843256496E-01
    6.400000      1.282434096496E+00      9.580037906483E-01
    6.500000      1.282845179192E+00      9.584244722166E-01
    6.600000      1.282962515261E+00      9.590997555270E-01
    6.700000      1.282790378020E+00      9.600325958053E-01
    6.800000      1.282380817629E+00      9.611710161130E-01
    6.900000      1.281833709140E+00      9.624152331574E-01
    7.000000      1.281269003859E+00      9.636347836616E-01
    7.100000      1.280772952725E+00      9.646913882732E-01
    7.200000      1.280363467376E+00      9.654622604677E-01
    7.300000      1.280014172433E+00      9.658594055294E-01
    7.400000      1.279695817775E+00      9.658423756940E-01
    7.500000      1.279392460849E+00      9.654236734770E-01
    7.600000      1.279099826567E+00      9.646667244732E-01
    7.700000      1.278821529690E+00      9.636763531906E-01
    7.800000      1.278570588918E+00      9.625820194134E-01
    7.900000      1.278372850295E+00      9.615154661077E-01
    8.000000      1.278260452910E+00      9.605865816008E-01
    8.100000      1.278250974635E+00      9.598629432388E-01
    8.200000      1.278327422639E+00      9.593584252713E-01
    8.300000      1.278439268610E+00      9.590340466076E-01
    8.400000      1.278527946359E+00      9.588106683739E-01
    8.500000      1.278559356568E+00      9.585897040171E-01
    8.600000      1.278543696588E+00      9.582761290937E-01
    8.700000      1.278530861031E+00      9.577984843255E-01
    8.800000      1.278574330621E+00      9.571227822504E-01
    8.900000      1.278685746149E+00      9.562597608884E-01
    9.000000      1.278831117072E+00      9.552661800452E-01
    9.100000      1.278959131237E+00      9.542403435584E-01
    9.200000      1.279027353840E+00      9.533108862955E-01
    9.300000      1.279020638312E+00      9.526179645591E-01
    9.400000      1.278960521759E+00      9.522882689998E-01
    9.500000      1.278901356015E+00      9.524087180887E-01
    9.600000      1.278911996725E+00      9.530059560304E-01
    9.700000      1.279049628896E+00      9.540380292716E-01
    9.800000      1.279333828399E+00      9.554009025149E-01
    9.900000      1.279733854810E+00      9.569476666862E-01
   10.000000      1.280182909454E+00      9.585147478287E-01
   10.100000      1.280608660747E+00      9.599485416254E-01
   10.200000      1.280955619016E+00      9.611274654654E-01
   10.300000      1.281189765325E+00      9.619770265350E-01
   10.400000      1.281289773853E+00      9.624775385966E-01
   10.500000      1.281235540568E+00      9.626647384582E-01
   10.600000      1.281008363307E+00      9.626230967051E-01
   10.700000      1.280613654927E+00      9.624712740836E-01
   10.800000      1.280107899832E+00      9.623400804747E-01
   10.900000      1.279595680384E+00      9.623456208701E-01
   11.000000      1.279185341355E+00      9.625629927477E-01
   11.100000      1.278932331776E+00      9.630072385446E-01
   11.200000      1.278817512639E+00      9.636270766859E-01
   11.300000      1.278759883585E+00      9.643134315996E-01
   11.400000      1.278664864361E+00      9.649204943207E-01
   11.500000      1.278482878777E+00      9.652939189318E-01
   11.600000      1.278236825174E+00      9.652999451337E-01
   11.700000      1.278006166546E+00      9.648504209167E-01
   11.800000      1.277877381319E+00      9.639204937747E-01
   11.900000      1.277883541178E+00      9.625568659038E-01
   12.000000      1.277976071617E+00      9.608748484693E-01
   12.100000      1.278062755830E+00      9.590430439950E-01
   12.200000      1.278079802150E+00      9.572564520644E-01
   12.300000      1.278031464005E+00      9.557021023021E-01
   12.400000      1.277968140938E+00      9.545245356330E-01
   12.500000      1.277931842326E+00      9.537996834462E-01
   12.600000      1.277927494625E+00      9.535239102713E-01
   12.700000      1.277938052713E+00      9.536207222779E-01
   12.800000      1.277960070920E+00      9.539626396648E-01
   12.900000      1.278022184891E+00      9.544019374915E-01
   13.000000      1.278163272058E+00      9.548025881488E-01
   13.100000      1.278418481490E+00      9.550668091404E-01
   13.200000      1.278795353588E+00      9.551521321539E-01
   13.300000      1.279247203689E+00      9.550774909075E-01
   13.400000      1.279701085052E+00      9.549185098051E-01
   13.500000      1.280105187719E+00      9.547928891044E-01
   13.600000      1.280465535683E+00      9.548372492948E-01
   13.700000      1.280855008878E+00      9.551779211387E-01
   13.800000      1.281377919594E+00      9.559002639084E-01
   13.900000      1.282091657323E+00      9.570234310438E-01
   14.000000      1.282934592639E+00      9.584884528286E-01
   14.100000      1.283727497479E+00      9.601653816402E-01
   14.200000      1.284253119966E+00      9.618795830750E-01
   14.300000      1.284359706755E+00      9.634498646311E-01
   14.400000      1.284034389795E+00      9.647258423749E-01
   14.500000      1.283413153659E+00      9.656124392445E-01
   14.600000      1.282711198715E+00      9.660761792119E-01
   14.700000      1.282114291176E+00      9.661370127539E-01
   14.800000      1.281714222905E+00      9.658547591723E-01
   14.900000      1.281487082497E+00      9.653175373437E-01
   15.000000      1.281316298204E+00      9.646330023168E-01
   15.100000      1.281102044091E+00      9.639177714118E-01
   15.200000      1.280816145043E+00      9.632807253108E-01
   15.300000      1.280489527965E+00      9.628013786848E-01
   15.400000      1.280164950473E+00      9.625103426576E-01
   15.500000      1.279847100763E+00      9.623801985953E-01
   15.600000      1.279508410817E+00      9.623309842701E-01
   15.700000      1.279130158579E+00      9.622482533601E-01
   15.800000      1.278732612718E+00      9.620076286270E-01
   15.900000      1.278374054220E+00      9.614998039595E-01
   16.000000      1.278113789395E+00      9.606525010553E-01
   16.100000      1.277962579180E+00      9.594478651395E-01
   16.200000      1.277862731537E+00      9.579334615679E-01
   16.300000      1.277724426521E+00      9.562234330000E-01
   16.400000      1.277490151148E+00      9.544861479868E-01
   16.500000      1.277179104382E+00      9.529175917995E-01
   16.600000      1.276886404273E+00      9.517050036029E-01
   16.700000      1.276734523473E+00      9.509899153100E-01
   16.800000      1.276795681169E+00      9.508409052786E-01
   16.900000      1.277041392318E+00      9.512432403091E-01
   17.000000      1.277369160744E+00      9.521068316957E-01
   17.100000      1.277677185225E+00      9.532884591907E-01
   17.200000      1.277919579077E+00      9.546212522521E-01
   17.300000      1.278125294846E+00      9.559444418113E-01
   17.400000      1.278380576264E+00      9.571283197326E-01
   17.500000      1.278762823395E+00      9.580915718308E-01
   17.600000      1.279268202384E+00      9.588096580170E-01
   17.700000      1.279833575979E+00      9.593136644602E-01
   17.800000      1.280403434049E+00      9.596796819382E-01
   17.900000      1.280953591906E+00      9.600099074987E-01
   18.000000      1.281477320992E+00      9.604084235031E-01
   18.100000      1.281955779500E+00      9.609564096530E-01
   18.200000      1.282332547647E+00      9.616924339059E-01
   18.300000      1.282526367669E+00      9.626026510996E-01
   18.400000      1.282484767895E+00      9.636231270226E-01
   18.500000      1.282232899859E+00      9.646529667844E-01
   18.600000      1.281886257317E+00      9.655739718072E-01
   18.700000      1.281620524378E+00      9.662715125676E-01
   18.800000      1.281591294907E+00      9.666524489068E-01
   18.900000      1.281832475745E+00      9.666581936348E-01
   19.000000      1.282236189501E+00      9.662727451333E-01
   19.100000      1.282633684554E+00      9.655257394781E-01
   19.200000      1.282882607724E+00      9.644897584764E-01
   19.300000      1.282911600534E+00      9.632707167659E-01
   19.400000      1.282725671512E+00      9.619912501893E-01
   19.500000      1.282381999107E+00      9.607694319857E-01
   19.600000      1.281949306448E+00      9.596974774998E-01
   19.700000      1.281473052038E+00      9.588258821849E-01
   19.800000      1.280968825099E+00      9.581571146260E-01
   19.900000      1.280444346440E+00      9.576501725470E-01
   20.000000      1.279918967387E+00      9.572342762044E-01
   20.100000      1.279422623816E+00      9.568278771583E-01
   20.200000      1.278982366924E+00      9.563585226570E-01
   20.300000      1.278605538348E+00      9.557797407346E-01
   20.400000      1.278271063483E+00      9.550823672633E-01
   20.500000      1.277954769264E+00      9.542989893049E-01
   20.600000      1.277662937056E+00      9.535011243616E-01
   20.700000      1.277436887163E+00      9.527894762885E-01
   20.800000      1.277327707115E+00      9.522783687500E-01
   20.900000      1.277351198881E+00      9.520764010432E-01
   21.000000      1.277478735040E+00      9.522663583885E-01
   21.100000      1.277659881834E+00      9.528880708991E-01
   21.200000      1.277841344107E+00      9.539278603152E-01
   21.300000      1.277985878661E+00      9.553172258846E-01
   21.400000      1.278087917151E+00      9.569415702539E-01
   21.500000      1.278175634761E+00      9.586574376333E-01
   21.600000      1.278290942570E+00      9.603146015399E-01
   21.700000      1.278454701854E+00      9.617782024987E-01
   21.800000      1.278647069858E+00      9.629465663878E-01
   21.900000      1.278820167265E+00      9.637621983325E-01
   22.000000      1.278924887118E+00      9.642157463139E-01
   22.100000      1.278931883141E+00      9.643441165905E-01
   22.200000      1.278842043067E+00      9.642237276786E-01
   22.300000      1.278688188889E+00      9.639588056565E-01
   22.400000      1.278527960502E+00      9.636642712620E-01
   22.500000      1.278429069237E+00      9.634442689948E-01
   22.600000      1.278450506023E+00      9.633701598476E-01
   22.700000      1.278615652869E+00      9.634638017051E-01
   22.800000      1.278897411391E+00      9.636913176234E-01
   22.900000      1.279245675870E+00      9.639692733016E-01
   23.000000      1.279613594402E+00      9.641811934506E-01
   23.100000      1.279962666321E+00      9.641999998822E-01
   23.200000      1.280252631899E+00      9.639120951659E-01
   23.300000      1.280431888115E+00      9.632401791461E-01
   23.400000      1.280449278707E+00      9.621624168626E-01
   23.500000      1.280280666619E+00      9.607245133955E-01
   23.600000      1.279950056327E+00      9.590400265243E-01
   23.700000      1.279530858023E+00      9.572752613754E-01
   23.800000      1.279122044076E+00      9.556193756968E-01
   23.900000      1.278807270959E+00      9.542462386107E-01
   24.000000      1.278616191564E+00      9.532787737589E-01
   24.100000      1.278517852874E+00      9.527663314451E-01
   24.200000      1.278453223479E+00      9.526809945639E-01
   24.300000      1.278374406352E+00      9.529320603921E-01
   24.400000      1.278268940884E+00      9.533925045256E-01
   24.500000      1.278166437258E+00      9.539291360913E-01
   24.600000      1.278127298662E+00      9.544294033092E-01
   24.700000      1.278211802912E+00      9.548207510730E-01
   24.800000      1.278437494381E+00      9.550810925275E-01
   24.900000      1.278757465641E+00      9.552402927917E-01
   25.000000      1.279090459143E+00      9.553728439155E-01
   25.100000      1.279372801534E+00      9.555821511500E-01
   25.200000      1.279585719962E+00      9.559778888592E-01
   25.300000      1.279754464351E+00      9.566497668608E-01
   25.400000      1.279926772310E+00      9.576430118390E-01
   25.500000      1.280142323932E+00      9.589417765534E-01
   25.600000      1.280412568140E+00      9.604656369675E-01
   25.700000      1.280721385290E+00      9.620811889883E-01
   25.800000      1.281035899253E+00      9.636264002764E-01
   25.900000      1.281312752418E+00      9.649414784118E-01
   26.000000      1.281503100008E+00      9.658982608273E-01
   26.100000      1.281568915690E+00      9.664212383399E-01
   26.200000      1.281509216147E+00      9.664965796216E-01
   26.300000      1.281377512214E+00      9.661692175789E-01
   26.400000      1.281272408725E+00      9.655305904072E-01
   26.500000      1.281295912615E+00      9.647004513647E-01
   26.600000      1.281478356977E+00      9.638058611881E-01
   26.700000      1.281744603791E+00      9.629600710193E-01
   26.800000      1.281966745737E+00      9.622440738577E-01
   26.900000      1.282029788132E+00      9.616939134771E-01
   27.000000      1.281872497041E+00      9.612966079376E-01
   27.100000      1.281492916473E+00      9.609961166183E-01
   27.200000      1.280929131051E+00      9.607082672006E-01
   27.300000      1.280235040284E+00      9.603409804192E-01
   27.400000      1.279466677080E+00      9.598148357096E-01
   27.500000      1.278681460039E+00      9.590796929018E-01
   27.600000      1.277937360998E+00      9.581251026070E-01
   27.700000      1.277285699017E+00      9.569841000862E-01
   27.800000      1.276761172159E+00      9.557305982924E-01
   27.900000      1.276377797117E+00      9.544703093844E-01
   28.000000      1.276129865790E+00      9.533253200886E-01
   28.100000      1.275990800296E+00      9.524140626433E-01
   28.200000      1.275915518516E+00      9.518307786593E-01
   28.300000      1.275853724167E+00      9.516298028309E-01
   28.400000      1.275773250280E+00      9.518187451396E-01
   28.500000      1.275674844144E+00      9.523614006707E-01
   28.600000      1.275585620066E+00      9.531879347771E-01
   28.700000      1.275534221609E+00      9.542084117310E-01
   28.800000      1.275527875774E+00      9.553263774102E-01
   28.900000      1.275549402652E+00      9.564508234349E-01
   29.000000      1.275570754234E+00      9.575060501275E-01
   29.100000      1.275574986482E+00      9.584391719795E-01
   29.200000      1.275572222473E+00      9.592246938193E-01
   29.300000      1.275596505027E+00      9.598653999559E-01
   29.400000      1.275688318620E+00      9.603890417996E-01
   29.500000      1.275877763087E+00      9.608408847737E-01
   29.600000      1.276174809906E+00      9.612729029660E-01
   29.700000      1.276569037365E+00      9.617311907159E-01
   29.800000      1.277037188351E+00      9.622438734163E-01
   29.900000      1.277551015924E+00      9.628121832484E-01
   30.000000      1.278081959014E+00      9.634070867204E-01
   30.100000      1.278607525497E+00      9.639727350264E-01
   30.200000      1.279119038259E+00      9.644362565892E-01
   30.300000      1.279628894733E+00      9.647216339464E-01
   30.400000      1.280172556529E+00      9.647643617220E-01
   30.500000      1.280796763897E+00      9.645237021340E-01
   30.600000      1.281525566571E+00      9.639904201953E-01
   30.700000      1.282316920548E+00      9.631891883013E-01
   30.800000      1.283052979018E+00      9.621757880688E-01
   30.900000      1.283588522935E+00      9.610297310938E-01
   31.000000      1.283810611406E+00      9.598433087156E-01
   31.100000      1.283665681994E+00      9.587086144857E-01
   31.200000      1.283166977432E+00      9.577046152883E-01
   31.300000      1.282390840598E+00      9.568865089884E-01
   31.400000      1.281463275934E+00      9.562791985413E-01
   31.500000      1.280533320890E+00      9.558758779102E-01
   31.600000      1.279726432954E+00      9.556417883782E-01
   31.700000      1.279104792848E+00      9.555224098699E-01
   31.800000      1.278660351576E+00      9.554547630376E-01
   31.900000      1.278335282560E+00      9.553800790598E-01
   32.000000      1.278057185702E+00      9.552558414914E-01
   32.100000      1.277771407437E+00      9.550651862231E-01
   32.200000      1.277456450069E+00      9.548219406983E-01
   32.300000      1.277119339234E+00      9.545701948557E-01
   32.400000      1.276783535795E+00      9.543781222645E-01
   32.500000      1.276478367009E+00      9.543266646215E-01
   32.600000      1.276225143685E+00      9.544945582870E-01
   32.700000      1.276024171190E+00      9.549419863375E-01
   32.800000      1.275852395864E+00      9.556958119320E-01
   32.900000      1.275672726474E+00      9.567396412888E-01
   33.000000      1.275449325993E+00      9.580114847613E-01
   33.100000      1.275166449569E+00      9.594102834161E-01
   33.200000      1.274844912860E+00      9.608103120695E-01
   33.300000      1.274544707157E+00      9.620803242322E-01
   33.400000      1.274348026923E+00      9.631033006692E-01
   33.500000      1.274326716398E+00      9.637932496132E-01
   33.600000      1.274512670341E+00      9.641070999781E-01
   33.700000      1.274892389174E+00      9.640510751245E-01
   33.800000      1.275421436194E+00      9.636811293451E-01
   33.900000      1.276044896827E+00      9.630963664234E-01
   34.000000      1.276715769507E+00      9.624241839816E-01
   34.100000      1.277404987227E+00      9.617974396879E-01
   34.200000      1.278103485630E+00      9.613271152867E-01
   34.300000      1.278820861369E+00      9.610770906426E-01
   34.400000      1.279579631715E+00      9.610485643191E-01
   34.500000      1.280402937880E+00      9.611792988262E-01
   34.600000      1.281294140000E+00      9.613581451226E-01
   34.700000      1.282213396199E+00      9.614505971263E-01
   34.800000      1.283073933325E+00      9.613286903638E-01
   34.900000      1.283768260551E+00      9.608989708566E-01
   35.000000      1.284204123754E+00      9.601241847880E-01
   35.100000      1.284333756343E+00      9.590358281474E-01
   35.200000      1.284170322454E+00      9.577349944874E-01
   35.300000      1.283787571857E+00      9.563791863917E-01
   35.400000      1.283305922490E+00      9.551547462036E-01
   35.500000      1.282865464647E+00      9.542388752161E-01
   35.600000      1.282582764628E+00      9.537601488453E-01
   35.700000      1.282503835383E+00      9.537689908427E-01
   35.800000      1.282578503783E+00      9.542275505996E-01
   35.900000      1.282677456415E+00      9.550221044487E-01
   36.000000      1.282650639734E+00      9.559932515417E-01
   36.100000      1.282394690205E+00      9.569735548129E-01
   36.200000      1.281892809114E+00      9.578214460542E-01
   36.300000      1.281212964262E+00      9.584439869110E-01
   36.400000      1.280471920455E+00      9.588066913327E-01
   36.500000      1.279777492901E+00      9.589326603699E-01
   36.600000      1.279163707626E+00      9.588940749088E-01
   36.700000      1.278594836475E+00      9.587976431301E-01
   36.800000      1.278030071130E+00      9.587644176564E-01
   36.900000      1.277446871758E+00      9.589052557649E-01
   37.000000      1.276839009360E+00      9.592957400527E-01
   37.100000      1.276216682778E+00      9.599565872797E-01
   37.200000      1.275610607064E+00      9.608454632933E-01
   37.300000      1.275071966143E+00      9.618632078136E-01
   37.400000      1.274654842594E+00      9.628730221355E-01
   37.500000      1.274400735942E+00      9.637273043385E-01
   37.600000      1.274332477697E+00      9.642952089287E-01
   37.700000      1.274448990179E+00      9.644850098530E-01
   37.800000      1.274726600538E+00      9.642579358685E-01
   37.900000      1.275126896853E+00      9.636327141563E-01
   38.000000      1.275606356125E+00      9.626814946866E-01
   38.100000      1.276121840988E+00      9.615181793079E-01
   38.200000      1.276634766349E+00      9.602803680380E-01
   38.300000      1.277122538785E+00      9.591070026373E-01
   38.400000      1.277587601858E+00      9.581152738043E-01
   38.500000      1.278054059254E+00      9.573815052647E-01
   38.600000      1.278545574574E+00      9.569304693227E-01
   38.700000      1.279049422817E+00      9.567356205386E-01
   38.800000      1.279512462002E+00      9.567297710350E-01
   38.900000      1.279873940539E+00      9.568230221496E-01
   39.000000      1.280096771109E+00      9.569233271459E-01
   39.100000      1.280183259512E+00      9.569551680074E-01
   39.200000      1.280176310317E+00      9.568730574473E-01
   39.300000      1.280152713739E+00      9.566681994111E-01
   39.400000      1.280210123412E+00      9.563680835211E-01
   39.500000      1.280440505511E+00      9.560298377353E-01
   39.600000      1.280888434009E+00      9.557288859454E-01
   39.700000      1.281518784744E+00      9.555449800645E-01
   39.800000      1.282225261483E+00      9.555480145156E-01
   39.900000      1.282870482758E+00      9.557860619111E-01
   40.000000      1.283325248769E+00      9.562776340724E-01
   40.100000      1.283497959374E+00      9.570092366665E-01
   40.200000      1.283357040563E+00      9.579380497967E-01
   40.300000      1.282938842167E+00      9.589984460145E-01
   40.400000      1.282332934985E+00      9.601104896877E-01
   40.500000      1.281646047293E+00      9.611887472129E-01
   40.600000      1.280958580098E+00      9.621504922867E-01
   40.700000      1.280308549053E+00      9.629232411362E-01
   40.800000      1.279705373364E+00      9.634520038256E-01
   40.900000      1.279144712421E+00      9.637064175741E-01
   41.000000      1.278618987637E+00      9.636870852381E-01
   41.100000      1.278125766479E+00      9.634293307168E-01
   41.200000      1.277671247374E+00      9.630018082280E-01
   41.300000      1.277273094152E+00      9.624976754661E-01
   41.400000      1.276965006469E+00      9.620178232766E-01
   41.500000      1.276790038777E+00      9.616486742842E-01
   41.600000      1.276775218687E+00      9.614401015772E-01
   41.700000      1.276910263380E+00      9.613903785500E-01
   41.800000      1.277149163764E+00      9.614436224587E-01
   41.900000      1.277426730136E+00      9.615012845045E-01
   42.000000      1.277684509900E+00      9.614446667587E-01
   42.100000      1.277900540869E+00      9.611623665598E-01
   42.200000      1.278105630316E+00      9.605760788385E-01
   42.300000      1.278359833825E+00      9.596597977797E-01
   42.400000      1.278688336684E+00      9.584496370076E-01
   42.500000      1.279059589905E+00      9.570430493041E-01
   42.600000      1.279409103779E+00      9.555871395591E-01
   42.700000      1.279660275738E+00      9.542568295235E-01
   42.800000      1.279753534484E+00      9.532254730954E-01
   42.900000      1.279674396396E+00      9.526328533450E-01
   43.000000      1.279465294108E+00      9.525572548462E-01
   43.100000      1.279217821365E+00      9.529983892317E-01
   43.200000      1.279044289512E+00      9.538759022998E-01
   43.300000      1.279032023995E+00      9.550444529388E-01
   43.400000      1.279214935625E+00      9.563220880293E-01
   43.500000      1.279577659165E+00      9.575252816036E-01
   43.600000      1.280063626736E+00      9.585027166839E-01
   43.700000      1.280585801786E+00      9.591609919070E-01
   43.800000      1.281055130627E+00      9.594781960342E-01
   43.900000      1.281389657677E+00      9.595042958557E-01
   44.000000      1.281509861036E+00      9.593493473313E-01
   44.100000      1.281372993844E+00      9.591615245450E-01
   44.200000      1.281000191885E+00      9.590977178569E-01
   44.300000      1.280476667191E+00      9.592908682037E-01
   44.400000      1.279921740151E+00      9.598201319213E-01
   44.500000      1.279432980921E+00      9.606910507120E-01
   44.600000      1.279037685939E+00      9.618315464922E-01
   44.700000      1.278696520993E+00      9.631053701308E-01
   44.800000      1.278358565195E+00      9.643391115470E-01
   44.900000      1.278014863828E+00      9.653547870577E-01
   45.000000      1.277707651032E+00      9.659996243238E-01
   45.100000      1.277502408240E+00      9.661680099639E-01
   45.200000      1.277440226622E+00      9.658151368657E-01
   45.300000      1.277505894861E+00      9.649642761296E-01
   45.400000      1.277645106759E+00      9.637081875753E-01
   45.500000      1.277805862848E+00      9.622017443389E-01
   45.600000      1.277972741938E+00      9.606413851800E-01
   45.700000      1.278175140176E+00      9.592304126790E-01
   45.800000      1.278450863401E+00      9.581363626366E-01
   45.900000      1.278790371592E+00      9.574529798079E-01
   46.000000      1.279138536980E+00      9.571799225843E-01
   46.100000      1.279433141775E+00      9.572270789589E-01
   46.200000      1.279647853580E+00      9.574408876856E-01
   46.300000      1.279820788244E+00      9.576429174556E-01
   46.400000      1.280039977414E+00      9.576696475430E-01
   46.500000      1.280361335512E+00      9.574059576349E-01
   46.600000      1.280760424221E+00      9.568091486374E-01
   46.700000      1.281157577308E+00      9.559218520017E-01
   46.800000      1.281457907505E+00      9.548709849947E-01
   46.900000      1.281604733547E+00      9.538491894142E-01
   47.000000      1.281622588065E+00      9.530780727714E-01
   47.100000      1.281622088353E+00      9.527590058493E-01
   47.200000      1.281753799661E+00      9.530237939163E-01
   47.300000      1.282124448730E+00      9.539000059802E-01
   47.400000      1.282722866124E+00      9.553020875831E-01
   47.500000      1.283417742363E+00      9.570509605096E-01
   47.600000      1.284032828155E+00      9.589153925386E-01
   47.700000      1.284433073665E+00      9.606620505884E-01
   47.800000      1.284565785398E+00      9.621001859344E-01
   47.900000      1.284449726049E+00      9.631110193282E-01
   48.000000      1.284135142585E+00      9.636584977627E-01
   48.100000      1.283668406328E+00      9.637838697321E-01
   48.200000      1.283083832661E+00      9.635892775552E-01
   48.300000      1.282418664945E+00      9.632152190622E-01
   48.400000      1.281729238353E+00      9.628149695992E-01
   48.500000      1.281088820515E+00      9.625279563309E-01
   48.600000      1.280557984422E+00      9.624546604940E-01
   48.700000      1.280151657216E+00      9.626372004545E-01
   48.800000      1.279826551171E+00      9.630504825094E-01
   48.900000      1.279499796072E+00      9.636071646620E-01
   49.000000      1.279104818444E+00      9.641757824533E-01
   49.100000      1.278642392800E+00      9.646071826876E-01
   49.200000      1.278187322107E+00      9.647623557806E-01
   49.300000      1.277845246260E+00      9.645359064847E-01
   49.400000      1.277684115236E+00      9.638725044644E-01
   49.500000      1.277690720853E+00      9.627761758493E-01
   49.600000      1.277786095948E+00      9.613126102267E-01
   49.700000      1.277877441461E+00      9.596034449305E-01
   49.800000      1.277901372798E+00      9.578109951178E-01
   49.900000      1.277841243711E+00      9.561137410054E-01
   50.000000      1.277723299585E+00      9.546764782365E-01
   50.100000      1.277598972759E+00      9.536220628037E-01
   50.200000      1.277522319967E+00      9.530120208963E-01
   50.300000      1.277529476684E+00      9.528406222660E-01
   50.400000      1.277621644383E+00      9.530428093610E-01
   50.500000      1.277767338927E+00      9.535126623472E-01
   50.600000      1.277933340975E+00      9.541271581512E-01
   50.700000      1.278111162664E+00      9.547699563013E-01
   50.800000      1.278313837518E+00      9.553511018826E-01
   50.900000      1.278558441158E+00      9.558200172231E-01
   51.000000      1.278856520868E+00      9.561704516444E-01
   51.100000      1.279222211145E+00      9.564371360710E-01
   51.200000      1.279680019178E+00      9.566849677541E-01
   51.300000      1.280254911363E+00      9.569927626053E-01
   51.400000      1.280949133627E+00      9.574347737159E-01
   51.500000      1.281718983865E+00      9.580638307184E-01
   51.600000      1.282466989418E+00      9.588996652777E-01
   51.700000      1.283063219850E+00      9.599246389009E-01
   51.800000      1.283390658576E+00      9.610870393879E-01
   51.900000      1.283389569280E+00      9.623100953412E-01
   52.000000      1.283081730302E+00      9.635036694593E-01
   52.100000      1.282567383538E+00      9.645756840641E-01
   52.200000      1.281993313165E+00      9.654415397801E-01
   52.300000      1.281499312215E+00      9.660313824045E-01
   52.400000      1.281166860637E+00      9.662961675404E-01
   52.500000      1.281000235781E+00      9.662135099280E-01
   52.600000      1.280943306151E+00      9.657933068208E-01
   52.700000      1.280915031634E+00      9.650816218405E-01
   52.800000      1.280842904046E+00      9.641601069963E-01
   52.900000      1.280681918853E+00      9.631381389923E-01
   53.000000      1.280420918334E+00      9.621363749247E-01
   53.100000      1.280076176811E+00      9.612634478175E-01
   53.200000      1.279675899731E+00      9.605909787558E-01
   53.300000      1.279252167758E+00      9.601343042625E-01
   53.400000      1.278840913142E+00      9.598458490949E-01
   53.500000      1.278474871149E+00      9.596246460697E-01
   53.600000      1.278172000168E+00      9.593404036646E-01
   53.700000      1.277926650366E+00      9.588659813359E-01
   53.800000      1.277710827225E+00      9.581100345268E-01
   53.900000      1.277492001154E+00      9.570423641606E-01
   54.000000      1.277262114009E+00      9.557070475896E-01
   54.100000      1.277057751871E+00      9.542211522535E-01
   54.200000      1.276934833057E+00      9.527589438360E-01
   54.300000      1.276910051611E+00      9.515233657856E-01
   54.400000      1.276970136652E+00      9.507088992462E-01
   54.500000      1.277099041883E+00      9.504626294480E-01
   54.600000      1.277276009700E+00      9.508522530310E-01
   54.700000      1.277469176931E+00      9.518493527462E-01
   54.800000      1.277646669384E+00      9.533329033904E-01
   54.900000      1.277802906516E+00      9.551125152898E-01
   55.000000      1.277974671314E+00      9.569654064066E-01
   55.100000      1.278222663786E+00      9.586777186606E-01
   55.200000      1.278579736895E+00      9.600807677901E-01
   55.300000      1.279013572104E+00      9.610756955172E-01
   55.400000      1.279446788258E+00      9.616439555007E-01
   55.500000      1.279799779580E+00      9.618440925856E-01
   55.600000      1.280020780954E+00      9.617965194625E-01
   55.700000      1.280099187672E+00      9.616582649975E-01
   55.800000      1.280059311377E+00      9.615905405040E-01
   55.900000      1.279940853318E+00      9.617241691529E-01
   56.000000      1.279781772299E+00      9.621303680406E-01
   56.100000      1.279614562866E+00      9.628048210214E-01
   56.200000      1.279473520550E+00      9.636698793859E-01
   56.300000      1.279404831212E+00      9.645937879434E-01
   56.400000      1.279460623707E+00      9.654199901320E-01
   56.500000      1.279673697811E+00      9.659971444642E-01
   56.600000      1.280036861700E+00      9.662027948675E-01
   56.700000      1.280492170149E+00      9.659588037166E-01
   56.800000      1.280937011352E+00      9.652408100072E-01
   56.900000      1.281251546803E+00      9.640841455341E-01
   57.000000      1.281341713535E+00      9.625851669973E-01
   57.100000      1.281181590012E+00      9.608933853702E-01
   57.200000      1.280831149071E+00      9.591900936733E-01
   57.300000      1.280410221781E+00      9.576545174987E-01
   57.400000      1.280032417898E+00      9.564258375867E-01
   57.500000      1.279740030810E+00      9.555736994872E-01
   57.600000      1.279496262735E+00      9.550876940987E-01
   57.700000      1.279235446787E+00      9.548886821479E-01
   57.800000      1.278919952531E+00      9.548562617312E-01
   57.900000      1.278566535481E+00      9.548619883987E-01
   58.000000      1.278234188085E+00      9.547989552769E-01
   58.100000      1.277990926647E+00      9.546028474421E-01
   58.200000      1.277888976127E+00      9.542636073669E-01
   58.300000      1.277925497688E+00      9.538279786477E-01
   58.400000      1.278043426588E+00      9.533922908119E-01
   58.500000      1.278191873533E+00      9.530846603131E-01
   58.600000      1.278351297321E+00      9.530380573430E-01
   58.700000      1.278525120501E+00      9.533595172133E-01
   58.800000      1.278722283383E+00      9.541035094697E-01
   58.900000      1.278944861959E+00      9.552570229758E-01
   59.000000      1.279184753002E+00      9.567402772138E-01
   59.100000      1.279425894397E+00      9.584219683035E-01
   59.200000      1.279647508300E+00      9.601438924878E-01
   59.300000      1.279825716690E+00      9.617481076242E-01
   59.400000      1.279933412222E+00      9.631006156242E-01
   59.500000      1.279941014050E+00      9.641079434268E-01
   59.600000      1.279821239734E+00      9.647256244551E-01
   59.700000      1.279561084594E+00      9.649593492295E-01
   59.800000      1.279179125138E+00      9.648600815209E-01
   59.900000      1.278736307321E+00      9.645141222464E-01
   60.000000      1.278327577722E+00      9.640287768120E-01
   60.100000      1.278049160807E+00      9.635146203679E-01
   60.200000      1.277940312895E+00      9.630664210569E-01
   60.300000      1.277972061717E+00      9.627459824967E-01
   60.400000      1.278084261086E+00      9.625706612676E-01
   60.500000      1.278202767812E+00      9.625105569644E-01
   60.600000      1.278255935971E+00      9.624954424724E-01
   60.700000      1.278189454517E+00      9.624300596830E-01
   60.800000      1.277979842639E+00      9.622143461914E-01
   60.900000      1.277645813144E+00      9.617641862606E-01
   61.000000      1.277245640083E+00      9.610285945382E-01
   61.100000      1.276851653016E+00      9.600004856701E-01
   61.200000      1.276519339568E+00      9.587197023294E-01
   61.300000      1.276270801635E+00      9.572682583143E-01
   61.400000      1.276099181827E+00      9.557587333706E-01
   61.500000      1.275984673691E+00      9.543176812937E-01
   61.600000      1.275908571604E+00      9.530669005258E-01
   61.700000      1.275861292254E+00      9.521061341184E-01
   61.800000      1.275843581099E+00      9.515006200183E-01
   61.900000      1.275862390163E+00      9.512756177166E-01
   62.000000      1.275927098775E+00      9.514180112826E-01
   62.100000      1.276048405281E+00      9.518832583262E-01
   62.200000      1.276236423255E+00      9.526051187907E-01
   62.300000      1.276495606149E+00      9.535059061458E-01
   62.400000      1.276819166622E+00      9.545059590546E-01
   62.500000      1.277187704387E+00      9.555319308802E-01
   62.600000      1.277576050778E+00      9.565238869868E-01
   62.700000      1.277963883804E+00      9.574410469333E-01
   62.800000      1.278342640151E+00      9.582655646720E-01
   62.900000      1.278719282304E+00      9.590033624389E-01
   63.000000      1.279116769645E+00      9.596810486750E-01
   63.100000      1.279566036910E+00      9.603385469429E-01
   63.200000      1.280085990356E+00      9.610181876835E-01
   63.300000      1.280658712600E+00      9.617523122435E-01
   63.400000      1.281220461094E+00      9.625523385812E-01
   63.500000      1.281682140430E+00      9.634022090127E-01
   63.600000      1.281970369945E+00      9.642580075053E-01
   63.700000      1.282066765628E+00      9.650536760463E-01
   63.800000      1.282024432040E+00      9.657110112011E-01
   63.900000      1.281951610298E+00      9.661513421558E-01
   64.000000      1.281968413279E+00      9.663067960546E-01
   64.100000      1.282150405925E+00      9.661303100606E-01
   64.200000      1.282478504671E+00      9.656044455532E-01
   64.300000      1.282845642517E+00      9.647487128720E-01
   64.400000      1.283115271603E+00      9.636236334352E-01
   64.500000      1.283171565258E+00      9.623283682919E-01
   64.600000      1.282945825251E+00      9.609889988698E-01
   64.700000      1.282426042024E+00      9.597371933669E-01
   64.800000      1.281655157891E+00      9.586831718906E-01
   64.900000      1.280718384258E+00      9.578904499443E-01
   65.000000      1.279718966450E+00      9.573606391924E-01
   65.100000      1.278749325632E+00      9.570338498511E-01
   65.200000      1.277875463466E+00      9.568051262795E-01
   65.300000      1.277137644042E+00      9.565522348944E-01
   65.400000      1.276553685806E+00      9.561671706613E-01
   65.500000      1.276118314091E+00      9.555837030846E-01
   65.600000      1.275800542736E+00      9.547953299132E-01
   65.700000      1.275551698982E+00      9.538606684024E-01
   65.800000      1.275332311548E+00      9.528956041947E-01
   65.900000      1.275139042530E+00      9.520534089132E-01
   66.000000      1.275004787746E+00      9.514959684473E-01
   66.100000      1.274968461312E+00      9.513613064526E-01
   66.200000      1.275037806019E+00      9.517341078128E-01
   66.300000      1.275177480231E+00      9.526260177424E-01
   66.400000      1.275327461919E+00      9.539706044918E-01
   66.500000      1.275435403192E+00      9.556343462970E-01
   66.600000      1.275485430971E+00      9.574408933351E-01
   66.700000      1.275499967378E+00      9.592025463333E-01
   66.800000      1.275522220243E+00      9.607515680848E-01
   66.900000      1.275602848139E+00      9.619650399683E-01
   67.000000      1.275786922289E+00      9.627798167845E-01
   67.100000      1.276098994413E+00      9.631971310480E-01
   67.200000      1.276536196460E+00      9.632780086050E-01
   67.300000      1.277073896639E+00      9.631305664890E-01
   67.400000      1.277677078980E+00      9.628897318045E-01
   67.500000      1.278307999831E+00      9.626907117355E-01
   67.600000      1.278932965562E+00      9.626401764218E-01
   67.700000      1.279532599681E+00      9.627920212922E-01
   67.800000      1.280112278606E+00      9.631351410701E-01
   67.900000      1.280703610615E+00      9.635974153909E-01
   68.000000      1.281350915367E+00      9.640642793481E-01
   68.100000      1.282095423519E+00      9.644051321682E-01
   68.200000      1.282945489700E+00      9.644994621466E-01
   68.300000      1.283840532197E+00      9.642573528509E-01
   68.400000      1.284658132597E+00      9.636333877485E-01
   68.500000      1.285251939428E+00      9.626353477025E-01
   68.600000      1.285495201336E+00      9.613279483530E-01
   68.700000      1.285325179645E+00      9.598289513784E-01
   68.800000      1.284774012467E+00      9.582938834328E-01
   68.900000      1.283968429901E+00      9.568886078493E-01
   69.000000      1.283092524850E+00      9.557550122861E-01
   69.100000      1.282321095868E+00      9.549802132338E-01
   69.200000      1.281747210598E+00      9.545801222515E-01
   69.300000      1.281349780739E+00      9.545030573922E-01
   69.400000      1.281029308269E+00      9.546510141386E-01
   69.500000      1.280679167108E+00      9.549097275800E-01
   69.600000      1.280241374836E+00      9.551770649062E-01
   69.700000      1.279723849962E+00      9.553826082478E-01
   69.800000      1.279184501612E+00      9.554965544455E-01
   69.900000      1.278694441101E+00      9.555297565957E-01
   70.000000      1.278292629447E+00      9.555274332431E-01
   70.100000      1.277972306887E+00      9.555580612302E-01
   70.200000      1.277703477267E+00      9.556985015089E-01
   70.300000      1.277452604653E+00      9.560173995959E-01
   70.400000      1.277187835539E+00      9.565602687204E-01
   70.500000      1.276882065895E+00      9.573397144144E-01
   70.600000      1.276523908571E+00      9.583325278901E-01
   70.700000      1.276129448417E+00      9.594830237053E-01
   70.800000      1.275737273862E+00      9.607105853103E-01
   70.900000      1.275391953330E+00      9.619194360036E-01
   71.000000      1.275136673056E+00      9.630094465629E-01
   71.100000      1.275014668898E+00      9.638873293592E-01
   71.200000      1.275066083267E+00      9.644775509986E-01
   71.300000      1.275310341087E+00      9.647320842243E-01
   71.400000      1.275724113905E+00      9.646380092488E-01
   71.500000      1.276237294526E+00      9.642218108301E-01
   71.600000      1.276762010195E+00      9.635488442689E-01
   71.700000      1.277242556162E+00      9.627162984834E-01
   71.800000      1.277691669410E+00      9.618388996433E-01
   71.900000      1.278185458206E+00      9.610288498075E-01
   72.000000      1.278808216130E+00      9.603741631152E-01
   72.100000      1.279564680813E+00      9.599210508618E-01
   72.200000      1.280357535557E+00      9.596652927825E-01
   72.300000      1.281044842416E+00      9.595549348611E-01
   72.400000      1.281505848451E+00      9.595034637515E-01
   72.500000      1.281683498176E+00      9.594100813561E-01
   72.600000      1.281594897843E+00      9.591824129865E-01
   72.700000      1.281316340560E+00      9.587568979149E-01
   72.800000      1.280953647627E+00      9.581129830885E-01
   72.900000      1.280609038076E+00      9.572787658121E-01
   73.000000      1.280356608792E+00      9.563274957387E-01
   73.100000      1.280231708818E+00      9.553658990590E-01
   73.200000      1.280234520686E+00      9.545164056195E-01
   73.300000      1.280344281316E+00      9.538961623211E-01
   73.400000      1.280527378396E+00      9.535963890846E-01
   73.500000      1.280735783449E+00      9.536660383595E-01
   73.600000      1.280905281850E+00      9.541033683209E-01
   73.700000      1.280963147496E+00      9.548575285394E-01
   73.800000      1.280850368373E+00      9.558397473639E-01
   73.900000      1.280549987504E+00      9.569410302432E-01
   74.000000      1.280104572353E+00      9.580515507855E-01
   74.100000      1.279605117369E+00      9.590769662089E-01
   74.200000      1.279140248981E+00      9.599487434616E-01
   74.300000      1.278753581922E+00      9.606283268244E-01
   74.400000      1.278439845454E+00      9.611071271369E-01
   74.500000      1.278155215119E+00      9.614046445567E-01
   74.600000      1.277844488948E+00      9.615654657538E-01
   74.700000      1.277480179244E+00      9.616537159252E-01
   74.800000      1.277095882536E+00      9.617427504998E-01
   74.900000      1.276787920677E+00      9.618995920074E-01
   75.000000      1.276667251315E+00      9.621671058231E-01
   75.100000      1.276784859279E+00      9.625497773596E-01
   75.200000      1.277098421661E+00      9.630088399090E-01
   75.300000      1.277504908232E+00      9.634689638888E-01
   75.400000      1.277907502632E+00      9.638338150694E-01
   75.500000      1.278270501202E+00      9.640047151832E-01
   75.600000      1.278629022631E+00      9.638973029013E-01
   75.700000      1.279055975428E+00      9.634545402731E-01
   75.800000      1.279607920238E+00      9.626574773799E-01
   75.900000      1.280277172257E+00      9.615350634615E-01
   76.000000      1.280958820811E+00      9.601709468845E-01
   76.100000      1.281500171176E+00      9.587016328614E-01
   76.200000      1.281818179364E+00      9.573002958470E-01
   76.300000      1.281928882088E+00      9.561453899921E-01
   76.400000      1.281910229149E+00      9.553807155486E-01
   76.500000      1.281833491370E+00      9.550793041564E-01
   76.600000      1.281716640059E+00      9.552237597779E-01
   76.700000      1.281538018031E+00      9.557101408037E-01
   76.800000      1.281283072795E+00      9.563740074906E-01
   76.900000      1.280998685732E+00      9.570301150217E-01
   77.000000      1.280807293807E+00      9.575143649834E-01
   77.100000      1.280854240083E+00      9.577182100323E-01
   77.200000      1.281196831844E+00      9.576095641023E-01
   77.300000      1.281732917355E+00      9.572378514175E-01
   77.400000      1.282253594055E+00      9.567231041859E-01
   77.500000      1.282576829064E+00      9.562307669261E-01
   77.600000      1.282622104969E+00      9.559362433932E-01
   77.700000      1.282421697936E+00      9.559861634517E-01
   77.800000      1.282082217061E+00      9.564653356394E-01
   77.900000      1.281704710620E+00      9.573776811139E-01
   78.000000      1.281317208227E+00      9.586457018782E-01
   78.100000      1.280881706837E+00      9.601275533324E-01
   78.200000      1.280353126034E+00      9.616458862523E-01
   78.300000      1.279737136836E+00      9.630202998541E-01
   78.400000      1.279113684370E+00      9.640961573980E-01
   78.500000      1.278604619038E+00      9.647656661712E-01
   78.600000      1.278269882801E+00      9.649804587967E-01
   78.700000      1.278061660828E+00      9.647565365485E-01
   78.800000      1.277908154751E+00      9.641718421305E-01
   78.900000      1.277775909835E+00      9.633552137555E-01
   79.000000      1.277700665940E+00      9.624652525691E-01
   79.100000      1.277772976231E+00      9.616601205272E-01
   79.200000      1.278064983142E+00      9.610637261548E-01
   79.300000      1.278542237686E+00      9.607374449827E-01
   79.400000      1.279077859810E+00      9.606665992265E-01
   79.500000      1.279541917712E+00      9.607665091975E-01
   79.600000      1.279877061722E+00      9.609059849671E-01
   79.700000      1.280124814265E+00      9.609403080157E-01
   79.800000      1.280399175801E+00      9.607440123655E-01
   79.900000      1.280808811228E+00      9.602363736756E-01
   80.000000      1.281349331751E+00      9.593969506891E-01
   80.100000      1.281905365290E+00      9.582715334452E-01
   80.200000      1.282334299313E+00      9.569689644117E-01
   80.300000      1.282532277257E+00      9.556478510957E-01
   80.400000      1.282473578252E+00      9.544919878628E-01
   80.500000      1.282219282435E+00      9.536760863953E-01
   80.600000      1.281892163295E+00      9.533282412973E-01
   80.700000      1.281627388790E+00      9.534993949750E-01
   80.800000      1.281520243686E+00      9.541499597393E-01
   80.900000      1.281595415991E+00      9.551589083414E-01
   81.000000      1.281814506371E+00      9.563530100686E-01
   81.100000      1.282107959023E+00      9.575470541973E-01
   81.200000      1.282397620240E+00      9.585830280576E-01
   81.300000      1.282603571424E+00      9.593582497390E-01
   81.400000      1.282652732172E+00      9.598376975578E-01
   81.500000      1.282492665645E+00      9.600511603876E-01
   81.600000      1.282102272833E+00      9.600790105181E-01
   81.700000      1.281499655199E+00      9.600310723508E-01
   81.800000      1.280745204448E+00      9.600225534741E-01
   81.900000      1.279931122406E+00      9.601507118007E-01
   82.000000      1.279156950914E+00      9.604760866616E-01
   82.100000      1.278477081958E+00      9.610118733607E-01
   82.200000      1.277891914010E+00      9.617234994775E-01
   82.300000      1.277369838822E+00      9.625377562610E-01
   82.400000      1.276866058577E+00      9.633580978877E-01
   82.500000      1.276352791742E+00      9.640813810068E-01
   82.600000      1.275843143166E+00      9.646120842164E-01
   82.700000      1.275391536450E+00      9.648723663496E-01
   82.800000      1.275073469348E+00      9.648087026760E-01
   82.900000      1.274951412865E+00      9.643968438027E-01
   83.000000      1.275038879957E+00      9.636460569777E-01
   83.100000      1.275291655144E+00      9.626018560171E-01
   83.200000      1.275631537950E+00      9.613450831115E-01
   83.300000      1.275978092289E+00      9.599852102322E-01
   83.400000      1.276278383228E+00      9.586470767739E-01
   83.500000      1.276526552777E+00      9.574523132850E-01
   83.600000      1.276759199902E+00      9.564986851857E-01
   83.700000      1.277027860570E+00      9.558419731731E-01
   83.800000      1.277356660140E+00      9.554852963614E-01
   83.900000      1.277716174813E+00      9.553795407060E-01
   84.000000      1.278051424327E+00      9.554357777476E-01
   84.100000      1.278330719025E+00      9.555470679763E-01
   84.200000      1.278564574356E+00      9.556142530110E-01
   84.300000      1.278786983515E+00      9.555694025538E-01
   84.400000      1.279024491884E+00      9.553916296554E-01
   84.500000      1.279284105555E+00      9.551122003338E-01
   84.600000      1.279569043092E+00      9.548082462899E-01
   84.700000      1.279901515390E+00      9.545864622113E-01
   84.800000      1.280329649296E+00      9.545599452130E-01
   84.900000      1.280907036065E+00      9.548228026640E-01
   85.000000      1.281651587290E+00      9.554279584658E-01
   85.100000      1.282512243182E+00      9.563732334222E-01
   85.200000      1.283373605827E+00      9.575990789199E-01
   85.300000      1.284094687010E+00      9.589986367451E-01
   85.400000      1.284554201202E+00      9.604377792769E-01
   85.500000      1.284683292032E+00      9.617802512201E-01
   85.600000      1.284480297054E+00      9.629117168418E-01
   85.700000      1.284009284775E+00      9.637569571311E-01
   85.800000      1.283383196338E+00      9.642867690943E-01
   85.900000      1.282732700180E+00      9.645146503062E-01
   86.000000      1.282166666956E+00      9.644866635233E-01
   86.100000      1.281731750799E+00      9.642693109506E-01
   86.200000      1.281395512757E+00      9.639390037859E-01
   86.300000      1.281079188187E+00      9.635736548600E-01
   86.400000      1.280707254928E+00      9.632442930743E-01
   86.500000      1.280243460179E+00      9.630045184956E-01
   86.600000      1.279707457611E+00      9.628783613128E-01
   86.700000      1.279165631821E+00      9.628506225976E-01
   86.800000      1.278698349490E+00      9.628650948381E-01
   86.900000      1.278360357021E+00      9.628336782386E-01
   87.000000      1.278159546494E+00      9.626546551038E-01
   87.100000      1.278064460170E+00      9.622345260891E-01
   87.200000      1.278025753570E+00      9.615074455723E-01
   87.300000      1.277993247305E+00      9.604491621229E-01
   87.400000      1.277926399354E+00      9.590855735922E-01
   87.500000      1.277807179195E+00      9.574965991860E-01
   87.600000      1.277651716385E+00      9.558138233861E-01
   87.700000      1.277484456058E+00      9.542081203185E-01
   87.800000      1.277314129373E+00      9.528646034982E-01
   87.900000      1.277153527324E+00      9.519474645108E-01
   88.000000      1.277022201234E+00      9.515635923043E-01
   88.100000      1.276934153421E+00      9.517368430273E-01
   88.200000      1.276888275391E+00      9.524019994030E-01
   88.300000      1.276871265146E+00      9.534202354554E-01
   88.400000      1.276874357702E+00      9.546104483279E-01
   88.500000      1.276911791834E+00      9.557869569934E-01
   88.600000      1.277026482897E+00      9.567947022247E-01
   88.700000      1.277274230478E+00      9.575360817973E-01
   88.800000      1.277692818134E+00      9.579860696850E-01
   88.900000      1.278280757554E+00      9.581933522915E-01
   89.000000      1.278988340274E+00      9.582662973817E-01
   89.100000      1.279719770733E+00      9.583454017708E-01
   89.200000      1.280354152199E+00      9.585681520718E-01
   89.300000      1.280782413095E+00      9.590355017427E-01
   89.400000      1.280943569193E+00      9.597889439659E-01
   89.500000      1.280840711068E+00      9.608032173189E-01
   89.600000      1.280535413536E+00      9.619942087576E-01
   89.700000      1.280127694590E+00      9.632374301772E-01
   89.800000      1.279728266939E+00      9.643910577239E-01
   89.900000      1.279430051999E+00      9.653185924321E-01
   90.000000      1.279284998885E+00      9.659082932419E-01
   90.100000      1.279291968047E+00      9.660882430962E-01
   90.200000      1.279405505180E+00      9.658365257017E-01
   90.300000      1.279561000014E+00      9.651856252380E-01
   90.400000      1.279695947219E+00      9.642195480591E-01
   90.500000      1.279759010054E+00      9.630622554477E-01
   90.600000      1.279720379914E+00      9.618574072353E-01
   90.700000      1.279584691242E+00      9.607419840716E-01
   90.800000      1.279392617315E+00      9.598191029762E-01
   90.900000      1.279197720220E+00      9.591369121726E-01
   91.000000      1.279031896590E+00      9.586797871701E-01
   91.100000      1.278895257413E+00      9.583749715178E-01
   91.200000      1.278764465650E+00      9.581132636556E-01
   91.300000      1.278611665816E+00      9.577781360359E-01
   91.400000      1.278429062119E+00      9.572755497477E-01
   91.500000      1.278241593413E+00      9.565574037400E-01
   91.600000      1.278099766473E+00      9.556342423929E-01
   91.700000      1.278049291992E+00      9.545758881531E-01
   91.800000      1.278089717258E+00      9.535008153479E-01
   91.900000      1.278181750921E+00      9.525562642507E-01
   92.000000      1.278286403335E+00      9.518920558645E-01
   92.100000      1.278379925411E+00      9.516323309947E-01
   92.200000      1.278451944033E+00      9.518506469960E-01
   92.300000      1.278508703197E+00      9.525540685324E-01
   92.400000      1.278575891530E+00      9.536803663663E-01
   92.500000      1.278689909912E+00      9.551093292215E-01
   92.600000      1.278876581460E+00      9.566854938134E-01
   92.700000      1.279132018673E+00      9.582466583891E-01
   92.800000      1.279420338299E+00      9.596514205557E-01
   92.900000      1.279683629585E+00      9.607999436745E-01
   93.000000      1.279856295346E+00      9.616446024654E-01
   93.100000      1.279881366496E+00      9.621899764653E-01
   93.200000      1.279724941285E+00      9.624838730987E-01
   93.300000      1.279385994749E+00      9.626022962060E-01
   93.400000      1.278901484397E+00      9.626317171309E-01
   93.500000      1.278343303248E+00      9.626519654483E-01
   93.600000      1.277805324489E+00      9.627226182231E-01
   93.700000      1.277381084053E+00      9.628748441362E-01
   93.800000      1.277129486522E+00      9.631093144792E-01
   93.900000      1.277047697395E+00      9.633993922659E-01
   94.000000      1.277092185497E+00      9.636978263733E-01
   94.100000      1.277206911171E+00      9.639448826041E-01
   94.200000      1.277346417519E+00      9.640762152531E-01
   94.300000      1.277488639431E+00      9.640296276597E-01
   94.400000      1.277626645247E+00      9.637509100389E-01
   94.500000      1.277751526952E+00      9.631997508631E-01
   94.600000      1.277845959972E+00      9.623567368453E-01
   94.700000      1.277891599797E+00      9.612313402623E-01
   94.800000      1.277881704403E+00      9.598688894810E-01
   94.900000      1.277827779375E+00      9.583529580958E-01
   95.000000      1.277752545261E+00      9.567996834824E-01
   95.100000      1.277673439619E+00      9.553427395365E-01
   95.200000      1.277594542728E+00      9.541112356589E-01
   95.300000      1.277514221670E+00      9.532059757751E-01
   95.400000      1.277436755689E+00      9.526806879859E-01
   95.500000      1.277375887254E+00      9.525334678258E-01
   95.600000      1.277351719095E+00      9.527104705397E-01
   95.700000      1.277390459511E+00      9.531203048494E-01
   95.800000      1.277527225998E+00      9.536550152784E-01
   95.900000      1.277787106120E+00      9.542126494007E-01
   96.000000      1.278147805938E+00      9.547169497184E-01
   96.100000      1.278554577584E+00      9.551309255613E-01
   96.200000      1.278960865089E+00      9.554622889160E-01
   96.300000      1.279346851870E+00      9.557598316300E-01
   96.400000      1.279721775810E+00      9.561010524599E-01
   96.500000      1.280114952855E+00      9.565729419353E-01
   96.600000      1.280556793941E+00      9.572495894943E-01
   96.700000      1.281052669875E+00      9.581715399934E-01
   96.800000      1.281561138295E+00      9.593318914215E-01
   96.900000      1.281996872058E+00      9.606726943323E-01
   97.000000      1.282262347717E+00      9.620926171437E-01
   97.100000      1.282287730765E+00      9.634639228970E-01
   97.200000      1.282057600193E+00      9.646545535552E-01
   97.300000      1.281618117915E+00      9.655502522535E-01
   97.400000      1.281066384225E+00      9.660723139909E-01
   97.500000      1.280525217694E+00      9.661882779323E-01
   97.600000      1.280105651319E+00      9.659148430825E-01
   97.700000      1.279863076539E+00      9.653137418737E-01
   97.800000      1.279782673359E+00      9.644818931243E-01
   97.900000      1.279799645270E+00      9.635370731728E-01
   98.000000      1.279818609275E+00      9.626001883879E-01
   98.100000      1.279737808425E+00      9.617756244938E-01
   98.200000      1.279481553088E+00      9.611322764539E-01
   98.300000      1.279027969183E+00      9.606891974553E-01
   98.400000      1.278417095757E+00      9.604102594684E-01
   98.500000      1.277733665506E+00      9.602108210744E-01
   98.600000      1.277071916185E+00      9.599761443122E-01
   98.700000      1.276500678350E+00      9.595874952993E-01
   98.800000      1.276049999644E+00      9.589494690195E-01
   98.900000      1.275719297707E+00      9.580123411383E-01
   99.000000      1.275488546895E+00      9.567856523971E-01
   99.100000      1.275325944365E+00      9.553418624048E-01
   99.200000      1.275199490415E+00      9.538101266563E-01
   99.300000      1.275094329816E+00      9.523601765379E-01
   99.400000      1.275021855285E+00      9.511766265024E-01
   99.500000      1.275013762834E+00      9.504262811554E-01
   99.600000      1.275102431009E+00      9.502246831506E-01
   99.700000      1.275298970645E+00      9.506108023705E-01
   99.800000      1.275586259042E+00      9.515379108143E-01
   99.900000      1.275929514015E+00      9.528838508989E-01
  100.000000      1.276294774774E+00      9.544772900244E-01
