# M=12, N=6, V0=0.0, V=0.25, PBC
#  time (tJ)                 S₁(ℓ=6)                 S₂(ℓ=6)
    0.000000      1.175475821530E+00      8.854158610909E-01
    0.100000      1.175636262086E+00      8.851714135226E-01
    0.200000      1.176062216328E+00      8.844695992549E-01
    0.300000      1.176631174560E+00      8.833998744298E-01
    0.400000      1.177233584024E+00      8.820946398319E-01
    0.500000      1.177818601183E+00      8.807060631111E-01
    0.600000      1.178387670975E+00      8.793784335553E-01
    0.700000      1.178957277023E+00      8.782219315538E-01
    0.800000      1.179525037808E+00      8.772945425560E-01
    0.900000      1.180063114747E+00      8.765973773322E-01
    1.000000      1.180533938989E+00      8.760850551441E-01
    1.100000      1.180871251973E+00      8.756883763762E-01
    1.200000      1.181034079777E+00      8.753429116400E-01
    1.300000      1.181059916084E+00      8.750154793190E-01
    1.400000      1.181071429073E+00      8.747209885333E-01
    1.500000      1.181244047954E+00      8.745244072543E-01
    1.600000      1.181720284769E+00      8.745262125658E-01
    1.700000      1.182500143707E+00      8.748341659738E-01
    1.800000      1.183402641959E+00      8.755288138725E-01
    1.900000      1.184156287536E+00      8.766331546479E-01
    2.000000      1.184531931346E+00      8.780965617316E-01
    2.100000      1.184427477679E+00      8.797985217310E-01
    2.200000      1.183891147516E+00      8.815705642947E-01
    2.300000      1.183087724251E+00      8.832284394551E-01
    2.400000      1.182224394055E+00      8.846044867421E-01
    2.500000      1.181460424363E+00      8.855728843348E-01
    2.600000      1.180844699314E+00      8.860653474608E-01
    2.700000      1.180336463521E+00      8.860779575063E-01
    2.800000      1.179872345839E+00      8.856694209548E-01
    2.900000      1.179427197279E+00      8.849491260823E-01
    3.000000      1.179044168469E+00      8.840535764495E-01
    3.100000      1.178811487869E+00      8.831138891326E-01
    3.200000      1.178788935923E+00      8.822228596606E-01
    3.300000      1.178945084306E+00      8.814130798249E-01
    3.400000      1.179174527690E+00      8.806547114809E-01
    3.500000      1.179372303462E+00      8.798738995460E-01
    3.600000      1.179494201534E+00      8.789849446925E-01
    3.700000      1.179568131406E+00      8.779255681979E-01
    3.800000      1.179659575608E+00      8.766857970472E-01
    3.900000      1.179799338312E+00      8.753245295919E-01
    4.000000      1.179964284973E+00      8.739705029353E-01
    4.100000      1.180114353214E+00      8.728056193539E-01
    4.200000      1.180209212096E+00      8.720306868754E-01
    4.300000      1.180243252227E+00      8.718186489454E-01
    4.400000      1.180280601863E+00      8.722670542166E-01
    4.500000      1.180450432917E+00      8.733654649804E-01
    4.600000      1.180872067259E+00      8.749907172177E-01
    4.700000      1.181529984931E+00      8.769333884958E-01
    4.800000      1.182241965176E+00      8.789469830752E-01
    4.900000      1.182780466565E+00      8.808033441300E-01
    5.000000      1.182996349797E+00      8.823373983680E-01
    5.100000      1.182863189698E+00      8.834706221859E-01
    5.200000      1.182455564346E+00      8.842111646105E-01
    5.300000      1.181884626696E+00      8.846349368346E-01
    5.400000      1.181283658461E+00      8.848546436127E-01
    5.500000      1.180786594378E+00      8.849840480898E-01
    5.600000      1.180475167572E+00      8.851046427819E-01
    5.700000      1.180339530493E+00      8.852417399466E-01
    5.800000      1.180303901610E+00      8.853557338049E-01
    5.900000      1.180252086102E+00      8.853510786519E-01
    6.000000      1.180101298357E+00      8.851010366015E-01
    6.100000      1.179857970412E+00      8.844822877429E-01
    6.200000      1.179608441246E+00      8.834114953440E-01
    6.300000      1.179450285479E+00      8.818758724316E-01
    6.400000      1.179393676134E+00      8.799507486028E-01
    6.500000      1.179350244943E+00      8.777986352101E-01
    6.600000      1.179226495662E+00      8.756470758664E-01
    6.700000      1.179009052028E+00      8.737475388539E-01
    6.800000      1.178773521714E+00      8.723240313160E-01
    6.900000      1.178618074462E+00      8.715252010565E-01
    7.000000      1.178600908236E+00      8.713942593532E-01
    7.100000      1.178725628319E+00      8.718659523189E-01
    7.200000      1.178932832929E+00      8.727909530248E-01
    7.300000      1.179179007756E+00      8.739793206876E-01
    7.400000      1.179470099182E+00      8.752495750690E-01
    7.500000      1.179815478656E+00      8.764697526120E-01
    7.600000      1.180218569269E+00      8.775804706626E-01
    7.700000      1.180697205854E+00      8.785954647130E-01
    7.800000      1.181265391025E+00      8.795807900619E-01
    7.900000      1.181887015275E+00      8.806192921712E-01
    8.000000      1.182450148311E+00      8.817713317254E-01
    8.100000      1.182802458605E+00      8.830444139110E-01
    8.200000      1.182838197743E+00      8.843814570151E-01
    8.300000      1.182575396800E+00      8.856700573669E-01
    8.400000      1.182177022793E+00      8.867666607615E-01
    8.500000      1.181906990421E+00      8.875251100395E-01
    8.600000      1.181997475187E+00      8.878213467957E-01
    8.700000      1.182422874841E+00      8.875725345043E-01
    8.800000      1.182966027775E+00      8.867532431262E-01
    8.900000      1.183375958653E+00      8.854092166027E-01
    9.000000      1.183464534402E+00      8.836627992843E-01
    9.100000      1.183178237210E+00      8.817006091682E-01
    9.200000      1.182611953679E+00      8.797391287972E-01
    9.300000      1.181948938940E+00      8.779756838492E-01
    9.400000      1.181348221308E+00      8.765424734737E-01
    9.500000      1.180862120778E+00      8.754820970569E-01
    9.600000      1.180455759479E+00      8.747534754178E-01
    9.700000      1.180082644487E+00      8.742634640742E-01
    9.800000      1.179729577543E+00      8.739099671901E-01
    9.900000      1.179420072105E+00      8.736211032780E-01
   10.000000      1.179206221739E+00      8.733800485071E-01
   10.100000      1.179144471891E+00      8.732315541407E-01
   10.200000      1.179236063980E+00      8.732703259860E-01
   10.300000      1.179413887080E+00      8.736138034900E-01
   10.400000      1.179602024952E+00      8.743646794218E-01
   10.500000      1.179753624286E+00      8.755724452643E-01
   10.600000      1.179863206346E+00      8.772059932347E-01
   10.700000      1.179960363467E+00      8.791475893379E-01
   10.800000      1.180084872717E+00      8.812115561598E-01
   10.900000      1.180247983136E+00      8.831817922841E-01
   11.000000      1.180412972542E+00      8.848557052297E-01
   11.100000      1.180523522757E+00      8.860814678705E-01
   11.200000      1.180548228310E+00      8.867800947698E-01
   11.300000      1.180509122242E+00      8.869501253534E-01
   11.400000      1.180485823188E+00      8.866572611070E-01
   11.500000      1.180593795887E+00      8.860131634089E-01
   11.600000      1.180920865822E+00      8.851480505736E-01
   11.700000      1.181423036721E+00      8.841822131758E-01
   11.800000      1.181941092716E+00      8.832021957650E-01
   11.900000      1.182306139879E+00      8.822471182933E-01
   12.000000      1.182390697963E+00      8.813085818510E-01
   12.100000      1.182133414533E+00      8.803441171422E-01
   12.200000      1.181556507901E+00      8.793004249143E-01
   12.300000      1.180774030604E+00      8.781400243677E-01
   12.400000      1.179972717329E+00      8.768640802815E-01
   12.500000      1.179345811173E+00      8.755251830977E-01
   12.600000      1.178992380317E+00      8.742263661103E-01
   12.700000      1.178870013491E+00      8.731060765605E-01
   12.800000      1.178858656184E+00      8.723123687241E-01
   12.900000      1.178852990401E+00      8.719723363619E-01
   13.000000      1.178808565359E+00      8.721640090994E-01
   13.100000      1.178734491879E+00      8.728973398608E-01
   13.200000      1.178659422506E+00      8.741087670523E-01
   13.300000      1.178598872745E+00      8.756707229551E-01
   13.400000      1.178541712857E+00      8.774140629634E-01
   13.500000      1.178451306570E+00      8.791584261845E-01
   13.600000      1.178282821405E+00      8.807437101657E-01
   13.700000      1.178039366122E+00      8.820556605195E-01
   13.800000      1.177795808290E+00      8.830401085354E-01
   13.900000      1.177668900909E+00      8.837031983899E-01
   14.000000      1.177757027763E+00      8.840982935013E-01
   14.100000      1.178085771058E+00      8.843033772794E-01
   14.200000      1.178598096673E+00      8.843949845869E-01
   14.300000      1.179199731161E+00      8.844254103788E-01
   14.400000      1.179821581483E+00      8.844087683614E-01
   14.500000      1.180455611681E+00      8.843186482312E-01
   14.600000      1.181155397355E+00      8.840967123489E-01
   14.700000      1.181988904499E+00      8.836690976067E-01
   14.800000      1.182938208127E+00      8.829669005774E-01
   14.900000      1.183862774576E+00      8.819478135674E-01
   15.000000      1.184547809207E+00      8.806164004905E-01
   15.100000      1.184811860420E+00      8.790391950472E-01
   15.200000      1.184590130195E+00      8.773485742976E-01
   15.300000      1.183978056481E+00      8.757291549155E-01
   15.400000      1.183221128842E+00      8.743848979124E-01
   15.500000      1.182628562038E+00      8.734934859027E-01
   15.600000      1.182406813133E+00      8.731623171101E-01
   15.700000      1.182514720665E+00      8.734022594424E-01
   15.800000      1.182717249841E+00      8.741290469547E-01
   15.900000      1.182772115244E+00      8.751909192409E-01
   16.000000      1.182550461403E+00      8.764110018358E-01
   16.100000      1.182058904021E+00      8.776291956475E-01
   16.200000      1.181402862389E+00      8.787318536283E-01
   16.300000      1.180714933327E+00      8.796647128417E-01
   16.400000      1.180075421045E+00      8.804305387036E-01
   16.500000      1.179485427604E+00      8.810752597271E-01
   16.600000      1.178902119175E+00      8.816661984990E-01
   16.700000      1.178293525849E+00      8.822660648909E-01
   16.800000      1.177680033940E+00      8.829078653608E-01
   16.900000      1.177137146464E+00      8.835773897346E-01
   17.000000      1.176764793704E+00      8.842091528734E-01
   17.100000      1.176641575281E+00      8.846978744301E-01
   17.200000      1.176786895541E+00      8.849224743685E-01
   17.300000      1.177154215151E+00      8.847758249223E-01
   17.400000      1.177654203999E+00      8.841926403387E-01
   17.500000      1.178197671443E+00      8.831693630529E-01
   17.600000      1.178726895878E+00      8.817721171152E-01
   17.700000      1.179227775944E+00      8.801307634663E-01
   17.800000      1.179716250611E+00      8.784191186983E-01
   17.900000      1.180195504628E+00      8.768242268791E-01
   18.000000      1.180615885240E+00      8.755110052796E-01
   18.100000      1.180901610863E+00      8.745911152992E-01
   18.200000      1.181007001400E+00      8.741047532225E-01
   18.300000      1.180948653039E+00      8.740205973021E-01
   18.400000      1.180804138444E+00      8.742535493330E-01
   18.500000      1.180717844029E+00      8.746944390400E-01
   18.600000      1.180864769980E+00      8.752425851709E-01
   18.700000      1.181344250813E+00      8.758319203869E-01
   18.800000      1.182083753634E+00      8.764438975252E-01
   18.900000      1.182865805282E+00      8.771044900314E-01
   19.000000      1.183449597495E+00      8.778670657106E-01
   19.100000      1.183671139767E+00      8.787866900122E-01
   19.200000      1.183488507273E+00      8.798935831503E-01
   19.300000      1.182974936355E+00      8.811733541400E-01
   19.400000      1.182273455179E+00      8.825592475624E-01
   19.500000      1.181539916392E+00      8.839378743586E-01
   19.600000      1.180891411394E+00      8.851662927590E-01
   19.700000      1.180370909965E+00      8.860961555142E-01
   19.800000      1.179959784054E+00      8.866001872466E-01
   19.900000      1.179624117977E+00      8.865966585308E-01
   20.000000      1.179344129406E+00      8.860677319888E-01
   20.100000      1.179133972523E+00      8.850674061853E-01
   20.200000      1.179033718945E+00      8.837153047923E-01
   20.300000      1.179085615880E+00      8.821750763280E-01
   20.400000      1.179292768547E+00      8.806208381862E-01
   20.500000      1.179584420829E+00      8.792001535424E-01
   20.600000      1.179847445954E+00      8.780046113114E-01
   20.700000      1.179998851002E+00      8.770571993850E-01
   20.800000      1.180033387645E+00      8.763198253971E-01
   20.900000      1.180029798893E+00      8.757174444360E-01
   21.000000      1.180108105996E+00      8.751706513290E-01
   21.100000      1.180318596293E+00      8.746277304393E-01
   21.200000      1.180586977384E+00      8.740887702505E-01
   21.300000      1.180810636789E+00      8.736162284939E-01
   21.400000      1.180939314474E+00      8.733275650771E-01
   21.500000      1.181037143899E+00      8.733680259206E-01
   21.600000      1.181281370047E+00      8.738674209990E-01
   21.700000      1.181845435384E+00      8.748928098145E-01
   21.800000      1.182707136191E+00      8.764145910055E-01
   21.900000      1.183607685518E+00      8.783012611531E-01
   22.000000      1.184230281128E+00      8.803470192778E-01
   22.100000      1.184378447964E+00      8.823217618471E-01
   22.200000      1.184046221720E+00      8.840235382514E-01
   22.300000      1.183390758475E+00      8.853150326237E-01
   22.400000      1.182632317843E+00      8.861363320508E-01
   22.500000      1.181975859896E+00      8.864980425000E-01
   22.600000      1.181540363293E+00      8.864640296058E-01
   22.700000      1.181306801168E+00      8.861305810651E-01
   22.800000      1.181183347051E+00      8.856039228659E-01
   22.900000      1.181058745978E+00      8.849765783312E-01
   23.000000      1.180852623454E+00      8.843058856647E-01
   23.100000      1.180548974208E+00      8.836011262450E-01
   23.200000      1.180194295888E+00      8.828250843173E-01
   23.300000      1.179869885595E+00      8.819111846148E-01
   23.400000      1.179640204454E+00      8.807917383187E-01
   23.500000      1.179496120870E+00      8.794293539156E-01
   23.600000      1.179362467468E+00      8.778429269647E-01
   23.700000      1.179169686613E+00      8.761207699107E-01
   23.800000      1.178906477846E+00      8.744157210114E-01
   23.900000      1.178634334254E+00      8.729209322216E-01
   24.000000      1.178465130013E+00      8.718306668356E-01
   24.100000      1.178472864081E+00      8.712962419723E-01
   24.200000      1.178627577895E+00      8.713902674561E-01
   24.300000      1.178860743433E+00      8.720903849152E-01
   24.400000      1.179108560445E+00      8.732872175988E-01
   24.500000      1.179345295802E+00      8.748130896583E-01
   24.600000      1.179599576334E+00      8.764818062590E-01
   24.700000      1.179928375442E+00      8.781275983088E-01
   24.800000      1.180347766586E+00      8.796332327735E-01
   24.900000      1.180806165853E+00      8.809417037032E-01
   25.000000      1.181211925237E+00      8.820509942496E-01
   25.100000      1.181470616233E+00      8.829958139815E-01
   25.200000      1.181528143480E+00      8.838231281664E-01
   25.300000      1.181386995600E+00      8.845690422481E-01
   25.400000      1.181109661413E+00      8.852429145293E-01
   25.500000      1.180822287722E+00      8.858211677716E-01
   25.600000      1.180686100577E+00      8.862499217638E-01
   25.700000      1.180812961417E+00      8.864540220661E-01
   25.800000      1.181189431281E+00      8.863505869724E-01
   25.900000      1.181688612693E+00      8.858662957341E-01
   26.000000      1.182109518052E+00      8.849572636118E-01
   26.100000      1.182262215901E+00      8.836279803130E-01
   26.200000      1.182063247996E+00      8.819432140646E-01
   26.300000      1.181577927422E+00      8.800267259392E-01
   26.400000      1.180987052523E+00      8.780443529898E-01
   26.500000      1.180479427367E+00      8.761750026758E-01
   26.600000      1.180129741999E+00      8.745780763703E-01
   26.700000      1.179886445715E+00      8.733670970334E-01
   26.800000      1.179669402977E+00      8.725964516568E-01
   26.900000      1.179446518725E+00      8.722630140078E-01
   27.000000      1.179246496662E+00      8.723196196187E-01
   27.100000      1.179133315696E+00      8.726947553587E-01
   27.200000      1.179152365581E+00      8.733126891262E-01
   27.300000      1.179297674697E+00      8.741096614558E-01
   27.400000      1.179510208871E+00      8.750434670445E-01
   27.500000      1.179709013316E+00      8.760951322041E-01
   27.600000      1.179848039628E+00      8.772626156510E-01
   27.700000      1.179945773455E+00      8.785480157552E-01
   27.800000      1.180070108590E+00      8.799417263516E-01
   27.900000      1.180286200691E+00      8.814086362372E-01
   28.000000      1.180599862658E+00      8.828816687378E-01
   28.100000      1.180941594672E+00      8.842659464582E-01
   28.200000      1.181210597608E+00      8.854530143147E-01
   28.300000      1.181346867448E+00      8.863404973572E-01
   28.400000      1.181382202229E+00      8.868504714157E-01
   28.500000      1.181436478447E+00      8.869410094791E-01
   28.600000      1.181655954135E+00      8.866091751414E-01
   28.700000      1.182109994533E+00      8.858876572906E-01
   28.800000      1.182712250242E+00      8.848386526597E-01
   28.900000      1.183263094853E+00      8.835469246353E-01
   29.000000      1.183551786025E+00      8.821112752156E-01
   29.100000      1.183442558998E+00      8.806329000072E-01
   29.200000      1.182921984426E+00      8.792013025357E-01
   29.300000      1.182097437210E+00      8.778817192898E-01
   29.400000      1.181159700794E+00      8.767092491679E-01
   29.500000      1.180316848874E+00      8.756926630129E-01
   29.600000      1.179704483459E+00      8.748266039868E-01
   29.700000      1.179333042557E+00      8.741073466003E-01
   29.800000      1.179124339135E+00      8.735462175395E-01
   29.900000      1.178982700131E+00      8.731760210264E-01
   30.000000      1.178848768433E+00      8.730481989535E-01
   30.100000      1.178718915356E+00      8.732211236399E-01
   30.200000      1.178618588032E+00      8.737424947010E-01
   30.300000      1.178555699197E+00      8.746308226109E-01
   30.400000      1.178498738913E+00      8.758616555847E-01
   30.500000      1.178396256247E+00      8.773630181158E-01
   30.600000      1.178210202875E+00      8.790217962704E-01
   30.700000      1.177938078185E+00      8.806995969165E-01
   30.800000      1.177622246471E+00      8.822541065644E-01
   30.900000      1.177345862382E+00      8.835608933522E-01
   31.000000      1.177212159502E+00      8.845310001637E-01
   31.100000      1.177299906950E+00      8.851211318204E-01
   31.200000      1.177620482819E+00      8.853350970134E-01
   31.300000      1.178116278736E+00      8.852168934369E-01
   31.400000      1.178706268486E+00      8.848372048783E-01
   31.500000      1.179338041360E+00      8.842761316304E-01
   31.600000      1.180008881073E+00      8.836056938000E-01
   31.700000      1.180748998493E+00      8.828758529948E-01
   31.800000      1.181577613909E+00      8.821072757999E-01
   31.900000      1.182451480830E+00      8.812927810096E-01
   32.000000      1.183244175696E+00      8.804075631741E-01
   32.100000      1.183788590092E+00      8.794261491656E-01
   32.200000      1.183953009559E+00      8.783419471693E-01
   32.300000      1.183716388030E+00      8.771837028395E-01
   32.400000      1.183195130931E+00      8.760229653579E-01
   32.500000      1.182610563376E+00      8.749685022640E-01
   32.600000      1.182215036575E+00      8.741474723666E-01
   32.700000      1.182167656630E+00      8.736778929071E-01
   32.800000      1.182435260934E+00      8.736405153676E-01
   32.900000      1.182822366521E+00      8.740588656375E-01
   33.000000      1.183094387394E+00      8.748934126179E-01
   33.100000      1.183085520433E+00      8.760507839776E-01
   33.200000      1.182750633313E+00      8.774039435283E-01
   33.300000      1.182165034471E+00      8.788164887314E-01
   33.400000      1.181479406963E+00      8.801646271116E-01
   33.500000      1.180830488769E+00      8.813530514227E-01
   33.600000      1.180249557076E+00      8.823237948831E-01
   33.700000      1.179691724858E+00      8.830584799377E-01
   33.800000      1.179111318304E+00      8.835740718533E-01
   33.900000      1.178521259092E+00      8.839118137619E-01
   34.000000      1.178017116309E+00      8.841201147292E-01
   34.100000      1.177732224790E+00      8.842349193666E-01
   34.200000      1.177743219772E+00      8.842637132437E-01
   34.300000      1.178016908844E+00      8.841794613958E-01
   34.400000      1.178443923937E+00      8.839275453725E-01
   34.500000      1.178917682714E+00      8.834436590589E-01
   34.600000      1.179390159005E+00      8.826765515262E-01
   34.700000      1.179871081243E+00      8.816086199986E-01
   34.800000      1.180383704135E+00      8.802694681923E-01
   34.900000      1.180921335811E+00      8.787404468359E-01
   35.000000      1.181404651023E+00      8.771497006131E-01
   35.100000      1.181726314083E+00      8.756572211615E-01
   35.200000      1.181832202667E+00      8.744298474221E-01
   35.300000      1.181740409242E+00      8.736090545753E-01
   35.400000      1.181532516561E+00      8.732791965055E-01
   35.500000      1.181342117263E+00      8.734471965140E-01
   35.600000      1.181319954004E+00      8.740428102344E-01
   35.700000      1.181563714969E+00      8.749410122096E-01
   35.800000      1.182062891907E+00      8.759986329324E-01
   35.900000      1.182670355440E+00      8.770916979079E-01
   36.000000      1.183181303030E+00      8.781410467836E-01
   36.100000      1.183428982864E+00      8.791200876661E-01
   36.200000      1.183322620368E+00      8.800455567219E-01
   36.300000      1.182871447701E+00      8.809566432574E-01
   36.400000      1.182184688242E+00      8.818895689197E-01
   36.500000      1.181440587284E+00      8.828549258045E-01
   36.600000      1.180794299792E+00      8.838241554411E-01
   36.700000      1.180264217934E+00      8.847288538002E-01
   36.800000      1.179792365788E+00      8.854723180766E-01
   36.900000      1.179353286624E+00      8.859488918036E-01
   37.000000      1.178970164614E+00      8.860654125212E-01
   37.100000      1.178691585428E+00      8.857604908535E-01
   37.200000      1.178551670135E+00      8.850192274651E-01
   37.300000      1.178551265680E+00      8.838812670132E-01
   37.400000      1.178663231755E+00      8.824393083332E-01
   37.500000      1.178843545418E+00      8.808258229526E-01
   37.600000      1.179042138029E+00      8.791892419056E-01
   37.700000      1.179212848129E+00      8.776656565757E-01
   37.800000      1.179326063557E+00      8.763547431312E-01
   37.900000      1.179389302716E+00      8.753071456341E-01
   38.000000      1.179455684350E+00      8.745260387629E-01
   38.100000      1.179575295758E+00      8.739809337326E-01
   38.200000      1.179757160694E+00      8.736289898274E-01
   38.300000      1.179984344159E+00      8.734379981407E-01
   38.400000      1.180216042742E+00      8.734046931810E-01
   38.500000      1.180414057372E+00      8.735620287416E-01
   38.600000      1.180612189452E+00      8.739709123742E-01
   38.700000      1.180937191334E+00      8.746967843176E-01
   38.800000      1.181527067361E+00      8.757781972124E-01
   38.900000      1.182370871027E+00      8.771996271053E-01
   39.000000      1.183257139449E+00      8.788804658664E-01
   39.100000      1.183904759342E+00      8.806856761406E-01
   39.200000      1.184118787756E+00      8.824539852423E-01
   39.300000      1.183870592748E+00      8.840320088431E-01
   39.400000      1.183297393760E+00      8.853014563236E-01
   39.500000      1.182641364061E+00      8.861918410614E-01
   39.600000      1.182146562037E+00      8.866791328346E-01
   39.700000      1.181926378798E+00      8.867764376164E-01
   39.800000      1.181912184758E+00      8.865232426313E-01
   39.900000      1.181947724200E+00      8.859762049011E-01
   40.000000      1.181899588875E+00      8.852006539837E-01
   40.100000      1.181715193265E+00      8.842610456964E-01
   40.200000      1.181421980295E+00      8.832107332710E-01
   40.300000      1.181080507679E+00      8.820842094401E-01
   40.400000      1.180748229733E+00      8.808957320776E-01
   40.500000      1.180457653048E+00      8.796461563433E-01
   40.600000      1.180203163648E+00      8.783362237612E-01
   40.700000      1.179957828319E+00      8.769816965845E-01
   40.800000      1.179705991008E+00      8.756249756401E-01
   40.900000      1.179442716936E+00      8.743391690932E-01
   41.000000      1.179192781017E+00      8.732230000433E-01
   41.100000      1.179022016537E+00      8.723873964075E-01
   41.200000      1.178982311922E+00      8.719365175893E-01
   41.300000      1.179062227421E+00      8.719472064103E-01
   41.400000      1.179217345014E+00      8.724513980545E-01
   41.500000      1.179404240523E+00      8.734257522652E-01
   41.600000      1.179605646335E+00      8.747915399374E-01
   41.700000      1.179847878314E+00      8.764256362277E-01
   41.800000      1.180177374727E+00      8.781807284041E-01
   41.900000      1.180589907137E+00      8.799102513788E-01
   42.000000      1.180988292564E+00      8.814919802302E-01
   42.100000      1.181232948644E+00      8.828443487303E-01
   42.200000      1.181235316447E+00      8.839316213281E-01
   42.300000      1.180998477927E+00      8.847574389470E-01
   42.400000      1.180604851804E+00      8.853497372811E-01
   42.500000      1.180195828446E+00      8.857422732538E-01
   42.600000      1.179931534570E+00      8.859583024382E-01
   42.700000      1.179918518572E+00      8.860005692181E-01
   42.800000      1.180154058605E+00      8.858495418092E-01
   42.900000      1.180542912851E+00      8.854695942797E-01
   43.000000      1.180941755526E+00      8.848211253873E-01
   43.100000      1.181214733347E+00      8.838756097965E-01
   43.200000      1.181275127764E+00      8.826302746810E-01
   43.300000      1.181103001047E+00      8.811192548288E-01
   43.400000      1.180742579490E+00      8.794184235922E-01
   43.500000      1.180287105903E+00      8.776416712571E-01
   43.600000      1.179848053786E+00      8.759277392890E-01
   43.700000      1.179505669203E+00      8.744192749449E-01
   43.800000      1.179277600377E+00      8.732389603826E-01
   43.900000      1.179137108429E+00      8.724695710445E-01
   44.000000      1.179049398134E+00      8.721438453016E-01
   44.100000      1.178995211577E+00      8.722461521669E-01
   44.200000      1.178984710509E+00      8.727234221871E-01
   44.300000      1.179057014050E+00      8.735004417928E-01
   44.400000      1.179240769363E+00      8.744952592564E-01
   44.500000      1.179498515467E+00      8.756324208175E-01
   44.600000      1.179735711745E+00      8.768527370565E-01
   44.700000      1.179884834393E+00      8.781178135834E-01
   44.800000      1.179966460281E+00      8.794073987074E-01
   44.900000      1.180072022883E+00      8.807094714805E-01
   45.000000      1.180289501762E+00      8.820064835199E-01
   45.100000      1.180627999936E+00      8.832637741873E-01
   45.200000      1.181010725627E+00      8.844256248948E-01
   45.300000      1.181334323658E+00      8.854207242089E-01
   45.400000      1.181540674481E+00      8.861742676238E-01
   45.500000      1.181659725219E+00      8.866212678857E-01
   45.600000      1.181805105301E+00      8.867162376202E-01
   45.700000      1.182121205021E+00      8.864374627875E-01
   45.800000      1.182684787401E+00      8.857874413009E-01
   45.900000      1.183401823582E+00      8.847925606065E-01
   46.000000      1.184049230069E+00      8.835039070195E-01
   46.100000      1.184395092712E+00      8.819982364183E-01
   46.200000      1.184287645658E+00      8.803757764657E-01
   46.300000      1.183714717675E+00      8.787516179201E-01
   46.400000      1.182815645672E+00      8.772403392806E-01
   46.500000      1.181840450810E+00      8.759376088471E-01
   46.600000      1.181049076930E+00      8.749052489806E-01
   46.700000      1.180570410194E+00      8.741657278612E-01
   46.800000      1.180338662230E+00      8.737082891710E-01
   46.900000      1.180189745576E+00      8.735039049380E-01
   47.000000      1.179999728138E+00      8.735226262069E-01
   47.100000      1.179747847687E+00      8.737464785285E-01
   47.200000      1.179491446733E+00      8.741736771788E-01
   47.300000      1.179272353005E+00      8.748138849924E-01
   47.400000      1.179092214593E+00      8.756774255637E-01
   47.500000      1.178922508507E+00      8.767626518301E-01
   47.600000      1.178714292240E+00      8.780452500866E-01
   47.700000      1.178430574779E+00      8.794720876148E-01
   47.800000      1.178078863517E+00      8.809610784691E-01
   47.900000      1.177714187864E+00      8.824075799549E-01
   48.000000      1.177420307702E+00      8.836967444433E-01
   48.100000      1.177283534249E+00      8.847198960824E-01
   48.200000      1.177358190166E+00      8.853917299247E-01
   48.300000      1.177645956415E+00      8.856645562865E-01
   48.400000      1.178099802953E+00      8.855362821810E-01
   48.500000      1.178649191015E+00      8.850501347703E-01
   48.600000      1.179238365499E+00      8.842857946843E-01
   48.700000      1.179851822420E+00      8.833432943311E-01
   48.800000      1.180511982139E+00      8.823227049893E-01
   48.900000      1.181247113797E+00      8.813041560692E-01
   49.000000      1.182012473152E+00      8.803335247059E-01
   49.100000      1.182659951983E+00      8.794183939932E-01
   49.200000      1.183044406559E+00      8.785362697959E-01
   49.300000      1.183092244844E+00      8.776532392622E-01
   49.400000      1.182831875154E+00      8.767476889091E-01
   49.500000      1.182394816079E+00      8.758317308347E-01
   49.600000      1.181983864192E+00      8.749631572787E-01
   49.700000      1.181795301881E+00      8.742428274408E-01
   49.800000      1.181904017510E+00      8.737959864059E-01
   49.900000      1.182238680401E+00      8.737408304150E-01
   50.000000      1.182651277580E+00      8.741528629517E-01
   50.100000      1.182980993482E+00      8.750371306293E-01
   50.200000      1.183093295861E+00      8.763194328207E-01
   50.300000      1.182908215801E+00      8.778607977042E-01
   50.400000      1.182424256372E+00      8.794895257744E-01
   50.500000      1.181736231443E+00      8.810378052197E-01
   50.600000      1.181011781360E+00      8.823702078074E-01
   50.700000      1.180382085261E+00      8.833986170015E-01
   50.800000      1.179873049421E+00      8.840860685155E-01
   50.900000      1.179427372170E+00      8.844443247897E-01
   51.000000      1.178983479536E+00      8.845264585111E-01
   51.100000      1.178564435947E+00      8.844119783544E-01
   51.200000      1.178288988326E+00      8.841835750717E-01
   51.300000      1.178295303208E+00      8.839008124022E-01
   51.400000      1.178620548889E+00      8.835810302967E-01
   51.500000      1.179148784361E+00      8.831961385122E-01
   51.600000      1.179699775271E+00      8.826865027148E-01
   51.700000      1.180161788921E+00      8.819853869199E-01
   51.800000      1.180544359804E+00      8.810446374056E-01
   51.900000      1.180937313929E+00      8.798549332535E-01
   52.000000      1.181401836701E+00      8.784581256145E-01
   52.100000      1.181876264670E+00      8.769509613750E-01
   52.200000      1.182217481501E+00      8.754784443383E-01
   52.300000      1.182312220557E+00      8.742143301414E-01
   52.400000      1.182151690845E+00      8.733289434707E-01
   52.500000      1.181854380795E+00      8.729505025997E-01
   52.600000      1.181630184650E+00      8.731317249888E-01
   52.700000      1.181685298745E+00      8.738343080781E-01
   52.800000      1.182094726581E+00      8.749383629118E-01
   52.900000      1.182745859798E+00      8.762744479693E-01
   53.000000      1.183416373943E+00      8.776672558403E-01
   53.100000      1.183886445653E+00      8.789763192934E-01
   53.200000      1.184011903051E+00      8.801215034834E-01
   53.300000      1.183751683776E+00      8.810876280139E-01
   53.400000      1.183155701620E+00      8.819099293833E-01
   53.500000      1.182360875515E+00      8.826474143708E-01
   53.600000      1.181536148485E+00      8.833533099491E-01
   53.700000      1.180814267792E+00      8.840510637228E-01
   53.800000      1.180236268508E+00      8.847216083985E-01
   53.900000      1.179757105431E+00      8.853039080573E-01
   54.000000      1.179302419634E+00      8.857072044282E-01
   54.100000      1.178850247170E+00      8.858308655725E-01
   54.200000      1.178458123813E+00      8.855868858089E-01
   54.300000      1.178224915694E+00      8.849206856689E-01
   54.400000      1.178208513315E+00      8.838269949931E-01
   54.500000      1.178357994551E+00      8.823583380914E-01
   54.600000      1.178557482642E+00      8.806238692181E-01
   54.700000      1.178699731291E+00      8.787769199462E-01
   54.800000      1.178740688245E+00      8.769916689594E-01
   54.900000      1.178707575225E+00      8.754328241509E-01
   55.000000      1.178665824856E+00      8.742256169581E-01
   55.100000      1.178661119872E+00      8.734346495371E-01
   55.200000      1.178699019732E+00      8.730580409704E-01
   55.300000      1.178775102215E+00      8.730385408512E-01
   55.400000      1.178891986478E+00      8.732878563599E-01
   55.500000      1.179050339509E+00      8.737165249047E-01
   55.600000      1.179259302119E+00      8.742604273596E-01
   55.700000      1.179564545013E+00      8.748964198675E-01
   55.800000      1.180032551267E+00      8.756428006074E-01
   55.900000      1.180691593261E+00      8.765445760350E-01
   56.000000      1.181473606613E+00      8.776479681057E-01
   56.100000      1.182222885511E+00      8.789722923068E-01
   56.200000      1.182765068828E+00      8.804888451989E-01
   56.300000      1.182980012166E+00      8.821145618493E-01
   56.400000      1.182845446215E+00      8.837229608638E-01
   56.500000      1.182446910814E+00      8.851682081519E-01
   56.600000      1.181952119385E+00      8.863132578666E-01
   56.700000      1.181556421137E+00      8.870527106250E-01
   56.800000      1.181408136976E+00      8.873253918979E-01
   56.900000      1.181524614939E+00      8.871176129393E-01
   57.000000      1.181784076675E+00      8.864613130243E-01
   57.100000      1.182002829454E+00      8.854297332580E-01
   57.200000      1.182014901093E+00      8.841291756429E-01
   57.300000      1.181760208332E+00      8.826835471655E-01
   57.400000      1.181324786642E+00      8.812116494936E-01
   57.500000      1.180879771720E+00      8.798034280109E-01
   57.600000      1.180551647240E+00      8.785051205024E-01
   57.700000      1.180338445887E+00      8.773205523211E-01
   57.800000      1.180152283535E+00      8.762280714629E-01
   57.900000      1.179919896382E+00      8.752051995735E-01
   58.000000      1.179644674031E+00      8.742507155575E-01
   58.100000      1.179403068159E+00      8.733969744622E-01
   58.200000      1.179286147413E+00      8.727103758429E-01
   58.300000      1.179318687575E+00      8.722814395757E-01
   58.400000      1.179449472979E+00      8.722070856502E-01
   58.500000      1.179613179285E+00      8.725680688015E-01
   58.600000      1.179780656278E+00      8.734056548314E-01
   58.700000      1.179966478273E+00      8.747032307035E-01
   58.800000      1.180210982620E+00      8.763788881952E-01
   58.900000      1.180539920856E+00      8.782928089119E-01
   59.000000      1.180920220259E+00      8.802689112456E-01
   59.100000      1.181253839655E+00      8.821255652759E-01
   59.200000      1.181423168473E+00      8.837073034110E-01
   59.300000      1.181352294798E+00      8.849094223901E-01
   59.400000      1.181048941804E+00      8.856898796132E-01
   59.500000      1.180612797945E+00      8.860666986662E-01
   59.600000      1.180208438389E+00      8.861028485216E-01
   59.700000      1.179996940775E+00      8.858833252858E-01
   59.800000      1.180050287729E+00      8.854905515562E-01
   59.900000      1.180324140780E+00      8.849841278629E-01
   60.000000      1.180681645969E+00      8.843894933249E-01
   60.100000      1.180954307009E+00      8.836975131792E-01
   60.200000      1.181008222718E+00      8.828741347240E-01
   60.300000      1.180793171762E+00      8.818769644300E-01
   60.400000      1.180356092211E+00      8.806745417262E-01
   60.500000      1.179818523096E+00      8.792641690067E-01
   60.600000      1.179319083720E+00      8.776848235954E-01
   60.700000      1.178940474122E+00      8.760223886632E-01
   60.800000      1.178681004751E+00      8.744051787759E-01
   60.900000      1.178492966745E+00      8.729889579059E-01
   61.000000      1.178340436339E+00      8.719327601876E-01
   61.100000      1.178223585666E+00      8.713696185682E-01
   61.200000      1.178164045608E+00      8.713788055137E-01
   61.300000      1.178182370351E+00      8.719670651436E-01
   61.400000      1.178288218497E+00      8.730646740161E-01
   61.500000      1.178475547192E+00      8.745382126153E-01
   61.600000      1.178709832514E+00      8.762170369996E-01
   61.700000      1.178910243978E+00      8.779265151077E-01
   61.800000      1.179030081914E+00      8.795195727191E-01
   61.900000      1.179103347958E+00      8.808992400262E-01
   62.000000      1.179217241299E+00      8.820278301715E-01
   62.100000      1.179451019484E+00      8.829218362285E-01
   62.200000      1.179810224949E+00      8.836347065718E-01
   62.300000      1.180223319603E+00      8.842320654828E-01
   62.400000      1.180604914608E+00      8.847655958515E-01
   62.500000      1.180919639779E+00      8.852523051215E-01
   62.600000      1.181206177809E+00      8.856646599444E-01
   62.700000      1.181558106056E+00      8.859340146130E-01
   62.800000      1.182071035942E+00      8.859658961503E-01
   62.900000      1.182773863900E+00      8.856628171841E-01
   63.000000      1.183577893112E+00      8.849495691485E-01
   63.100000      1.184300673783E+00      8.837968707415E-01
   63.200000      1.184745217238E+00      8.822398923707E-01
   63.300000      1.184773340716E+00      8.803872332313E-01
   63.400000      1.184352929505E+00      8.784145728270E-01
   63.500000      1.183578615303E+00      8.765386570314E-01
   63.600000      1.182665839133E+00      8.749736393803E-01
   63.700000      1.181889308037E+00      8.738810773096E-01
   63.800000      1.181442207939E+00      8.733312720502E-01
   63.900000      1.181301397502E+00      8.732916799194E-01
   64.000000      1.181274680871E+00      8.736473585382E-01
   64.100000      1.181169856486E+00      8.742444970962E-01
   64.200000      1.180904559654E+00      8.749391162402E-01
   64.300000      1.180522973030E+00      8.756337625339E-01
   64.400000      1.180148786085E+00      8.762934789205E-01
   64.500000      1.179892638092E+00      8.769417937617E-01
   64.600000      1.179723034361E+00      8.776423352033E-01
   64.700000      1.179519932641E+00      8.784717444901E-01
   64.800000      1.179191549956E+00      8.794887689143E-01
   64.900000      1.178745889594E+00      8.807057370211E-01
   65.000000      1.178297213838E+00      8.820707324025E-01
   65.100000      1.177993063945E+00      8.834678552926E-01
   65.200000      1.177905806925E+00      8.847372692911E-01
   65.300000      1.178014016907E+00      8.857090189630E-01
   65.400000      1.178264535812E+00      8.862397958939E-01
   65.500000      1.178626948040E+00      8.862425748255E-01
   65.600000      1.179103131443E+00      8.857035979931E-01
   65.700000      1.179700900133E+00      8.846855491419E-01
   65.800000      1.180389928190E+00      8.833175802532E-01
   65.900000      1.181111479074E+00      8.817731542406E-01
   66.000000      1.181806109594E+00      8.802379686861E-01
   66.100000      1.182402038199E+00      8.788734644497E-01
   66.200000      1.182827953943E+00      8.777848229255E-01
   66.300000      1.183011769508E+00      8.770030569696E-01
   66.400000      1.182892587717E+00      8.764873715375E-01
   66.500000      1.182480963779E+00      8.761475585001E-01
   66.600000      1.181920135912E+00      8.758796536591E-01
   66.700000      1.181461379182E+00      8.756041032077E-01
   66.800000      1.181352801852E+00      8.752953541639E-01
   66.900000      1.181620190011E+00      8.749945204881E-01
   67.000000      1.182034330471E+00      8.748013067494E-01
   67.100000      1.182360309236E+00      8.748466686390E-01
   67.200000      1.182462471167E+00      8.752530280100E-01
   67.300000      1.182313829867E+00      8.760931561157E-01
   67.400000      1.181947586979E+00      8.773603656271E-01
   67.500000      1.181414488872E+00      8.789598877162E-01
   67.600000      1.180779656585E+00      8.807244398549E-01
   67.700000      1.180115161268E+00      8.824486408310E-01
   67.800000      1.179452899609E+00      8.839310514292E-01
   67.900000      1.178824891339E+00      8.850119230462E-01
   68.000000      1.178269139794E+00      8.855986677733E-01
   68.100000      1.177811058717E+00      8.856763000999E-01
   68.200000      1.177492558008E+00      8.853034386924E-01
   68.300000      1.177374376439E+00      8.845954509472E-01
   68.400000      1.177502554349E+00      8.836970519984E-01
   68.500000      1.177865920048E+00      8.827489466237E-01
   68.600000      1.178368058889E+00      8.818561691894E-01
   68.700000      1.178878959550E+00      8.810669232794E-01
   68.800000      1.179325148845E+00      8.803680744421E-01
   68.900000      1.179713976183E+00      8.796979805348E-01
   69.000000      1.180102698674E+00      8.789721409663E-01
   69.100000      1.180548455790E+00      8.781147270407E-01
   69.200000      1.181032752321E+00      8.770893282136E-01
   69.300000      1.181458021589E+00      8.759230375437E-01
   69.400000      1.181718572965E+00      8.747176796422E-01
   69.500000      1.181773361181E+00      8.736416523020E-01
   69.600000      1.181696960142E+00      8.728986106017E-01
   69.700000      1.181673013231E+00      8.726768210945E-01
   69.800000      1.181909081648E+00      8.730929670964E-01
   69.900000      1.182494778117E+00      8.741504853014E-01
   70.000000      1.183312526297E+00      8.757298551882E-01
   70.100000      1.184105791973E+00      8.776163795301E-01
   70.200000      1.184622711892E+00      8.795555439008E-01
   70.300000      1.184713005645E+00      8.813152699321E-01
   70.400000      1.184360668674E+00      8.827338248740E-01
   70.500000      1.183672467142E+00      8.837410830732E-01
   70.600000      1.182835315501E+00      8.843530527775E-01
   70.700000      1.182042448741E+00      8.846481085731E-01
   70.800000      1.181399245572E+00      8.847352439233E-01
   70.900000      1.180885216252E+00      8.847219917650E-01
   71.000000      1.180404496617E+00      8.846866495191E-01
   71.100000      1.179886311188E+00      8.846584810665E-01
   71.200000      1.179349013165E+00      8.846098016771E-01
   71.300000      1.178888447258E+00      8.844628751797E-01
   71.400000      1.178604651503E+00      8.841111892279E-01
   71.500000      1.178525781318E+00      8.834502343276E-01
   71.600000      1.178589433900E+00      8.824099365053E-01
   71.700000      1.178689009055E+00      8.809807977275E-01
   71.800000      1.178738957818E+00      8.792278370335E-01
   71.900000      1.178715508476E+00      8.772889547072E-01
   72.000000      1.178647625068E+00      8.753567785746E-01
   72.100000      1.178557165369E+00      8.736461348862E-01
   72.200000      1.178459425396E+00      8.723533765902E-01
   72.300000      1.178386389797E+00      8.716174670039E-01
   72.400000      1.178359712739E+00      8.714935232790E-01
   72.500000      1.178377270403E+00      8.719462318727E-01
   72.600000      1.178428772829E+00      8.728643325109E-01
   72.700000      1.178529211221E+00      8.740909786503E-01
   72.800000      1.178743306443E+00      8.754607289691E-01
   72.900000      1.179156855659E+00      8.768332659968E-01
   73.000000      1.179785633266E+00      8.781162140657E-01
   73.100000      1.180512664390E+00      8.792732686604E-01
   73.200000      1.181137125825E+00      8.803177498418E-01
   73.300000      1.181484980267E+00      8.812946747515E-01
   73.400000      1.181488406211E+00      8.822563025728E-01
   73.500000      1.181201579509E+00      8.832370684313E-01
   73.600000      1.180765817033E+00      8.842339458844E-01
   73.700000      1.180352532108E+00      8.851972416829E-01
   73.800000      1.180107824984E+00      8.860344074671E-01
   73.900000      1.180103144713E+00      8.866261219148E-01
   74.000000      1.180301721519E+00      8.868507941250E-01
   74.100000      1.180578640049E+00      8.866118421905E-01
   74.200000      1.180801387262E+00      8.858618876830E-01
   74.300000      1.180879845881E+00      8.846188484288E-01
   74.400000      1.180788463818E+00      8.829701888439E-01
   74.500000      1.180569099694E+00      8.810632729665E-01
   74.600000      1.180305308333E+00      8.790823282995E-01
   74.700000      1.180072565209E+00      8.772160733428E-01
   74.800000      1.179890454368E+00      8.756235713887E-01
   74.900000      1.179722042795E+00      8.744074640853E-01
   75.000000      1.179526563251E+00      8.736019637538E-01
   75.100000      1.179311863924E+00      8.731781706877E-01
   75.200000      1.179144427123E+00      8.730636598669E-01
   75.300000      1.179116834263E+00      8.731695655622E-01
   75.400000      1.179276622849E+00      8.734178415188E-01
   75.500000      1.179573251329E+00      8.737629903842E-01
   75.600000      1.179913471276E+00      8.742042630896E-01
   75.700000      1.180236146792E+00      8.747851536701E-01
   75.800000      1.180544983815E+00      8.755781173116E-01
   75.900000      1.180899568335E+00      8.766557592634E-01
   76.000000      1.181357633080E+00      8.780554175419E-01
   76.100000      1.181896481337E+00      8.797492452626E-01
   76.200000      1.182393166021E+00      8.816324702816E-01
   76.300000      1.182690296614E+00      8.835364731456E-01
   76.400000      1.182689463536E+00      8.852630025561E-01
   76.500000      1.182413179072E+00      8.866268850074E-01
   76.600000      1.182001536239E+00      8.874922135285E-01
   76.700000      1.181656186919E+00      8.877922360419E-01
   76.800000      1.181555174567E+00      8.875319765433E-01
   76.900000      1.181762651489E+00      8.867790127271E-01
   77.000000      1.182187437663E+00      8.856484475990E-01
   77.100000      1.182623269137E+00      8.842845272883E-01
   77.200000      1.182840910158E+00      8.828382217138E-01
   77.300000      1.182688788141E+00      8.814409433733E-01
   77.400000      1.182157124132E+00      8.801789755925E-01
   77.500000      1.181384969983E+00      8.790772273473E-01
   77.600000      1.180597737105E+00      8.781005765581E-01
   77.700000      1.179976704137E+00      8.771753215617E-01
   77.800000      1.179552932011E+00      8.762249772722E-01
   77.900000      1.179239346471E+00      8.752084188838E-01
   78.000000      1.178946998028E+00      8.741473213422E-01
   78.100000      1.178660239075E+00      8.731338215115E-01
   78.200000      1.178437543094E+00      8.723157722485E-01
   78.300000      1.178329792640E+00      8.718632423020E-01
   78.400000      1.178341462614E+00      8.719248132612E-01
   78.500000      1.178442131285E+00      8.725853166184E-01
   78.600000      1.178588578437E+00      8.738371340518E-01
   78.700000      1.178730856770E+00      8.755739958957E-01
   78.800000      1.178819682623E+00      8.776095235268E-01
   78.900000      1.178827169887E+00      8.797148949775E-01
   79.000000      1.178783101095E+00      8.816644317880E-01
   79.100000      1.178772491526E+00      8.832769166098E-01
   79.200000      1.178892463118E+00      8.844436750005E-01
   79.300000      1.179179821674E+00      8.851393976366E-01
   79.400000      1.179566848098E+00      8.854158175816E-01
   79.500000      1.179945583275E+00      8.853808358896E-01
   79.600000      1.180262006500E+00      8.851672832122E-01
   79.700000      1.180562441428E+00      8.848972051525E-01
   79.800000      1.180962733622E+00      8.846492718610E-01
   79.900000      1.181553570882E+00      8.844374381109E-01
   80.000000      1.182320522036E+00      8.842071442476E-01
   80.100000      1.183123718632E+00      8.838511722732E-01
   80.200000      1.183763626570E+00      8.832421154207E-01
   80.300000      1.184081221605E+00      8.822740186594E-01
   80.400000      1.184012504613E+00      8.809031108689E-01
   80.500000      1.183582703739E+00      8.791768142603E-01
   80.600000      1.182901102299E+00      8.772414769318E-01
   80.700000      1.182161085679E+00      8.753231801523E-01
   80.800000      1.181584541341E+00      8.736829994878E-01
   80.900000      1.181310768095E+00      8.725569924250E-01
   81.000000      1.181309080765E+00      8.720984048649E-01
   81.100000      1.181413932296E+00      8.723409302208E-01
   81.200000      1.181438898040E+00      8.731953191661E-01
   81.300000      1.181273403086E+00      8.744793701237E-01
   81.400000      1.180926012265E+00      8.759690430504E-01
   81.500000      1.180507145214E+00      8.774523288647E-01
   81.600000      1.180158153022E+00      8.787702697664E-01
   81.700000      1.179910418054E+00      8.798382368539E-01
   81.800000      1.179660369743E+00      8.806487193345E-01
   81.900000      1.179324412503E+00      8.812596775270E-01
   82.000000      1.178902942203E+00      8.817709315859E-01
   82.100000      1.178497186396E+00      8.822903462792E-01
   82.200000      1.178256018428E+00      8.828953094537E-01
   82.300000      1.178270438602E+00      8.836007685999E-01
   82.400000      1.178515415727E+00      8.843465470697E-01
   82.500000      1.178893808499E+00      8.850101309491E-01
   82.600000      1.179324492230E+00      8.854398728582E-01
   82.700000      1.179795038760E+00      8.854953323581E-01
   82.800000      1.180348735132E+00      8.850815524001E-01
   82.900000      1.181032127066E+00      8.841707135969E-01
   83.000000      1.181836300101E+00      8.828111681580E-01
   83.100000      1.182650127374E+00      8.811253634301E-01
   83.200000      1.183306812666E+00      8.792957254610E-01
   83.300000      1.183667120165E+00      8.775364592303E-01
   83.400000      1.183670858268E+00      8.760530806381E-01
   83.500000      1.183346620562E+00      8.749986202748E-01
   83.600000      1.182804759964E+00      8.744403878600E-01
   83.700000      1.182225228544E+00      8.743496063272E-01
   83.800000      1.181820014223E+00      8.746182782167E-01
   83.900000      1.181735976104E+00      8.750975298257E-01
   84.000000      1.181944437593E+00      8.756443874165E-01
   84.100000      1.182255701378E+00      8.761621905584E-01
   84.200000      1.182443805762E+00      8.766231916707E-01
   84.300000      1.182359781724E+00      8.770680351503E-01
   84.400000      1.181979289391E+00      8.775835230907E-01
   84.500000      1.181387919002E+00      8.782659864243E-01
   84.600000      1.180718836624E+00      8.791816509188E-01
   84.700000      1.180047951478E+00      8.803363459618E-01
   84.800000      1.179375621898E+00      8.816638082396E-01
   84.900000      1.178689207540E+00      8.830353316720E-01
   85.000000      1.177997886428E+00      8.842862670520E-01
   85.100000      1.177346921048E+00      8.852502083545E-01
   85.200000      1.176808719434E+00      8.857913800151E-01
   85.300000      1.176464605977E+00      8.858287654492E-01
   85.400000      1.176376319814E+00      8.853491680295E-01
   85.500000      1.176553414470E+00      8.844085871569E-01
   85.600000      1.176936747422E+00      8.831220783074E-01
   85.700000      1.177417969639E+00      8.816431559417E-01
   85.800000      1.177889923834E+00      8.801357992957E-01
   85.900000      1.178293098769E+00      8.787445910336E-01
   86.000000      1.178628322373E+00      8.775698422327E-01
   86.100000      1.178933728603E+00      8.766537049936E-01
   86.200000      1.179246007599E+00      8.759805858322E-01
   86.300000      1.179572735696E+00      8.754917772438E-01
   86.400000      1.179883688580E+00      8.751109850198E-01
   86.500000      1.180112498204E+00      8.747746235653E-01
   86.600000      1.180223071656E+00      8.744586889259E-01
   86.700000      1.180274595321E+00      8.741936391919E-01
   86.800000      1.180426193000E+00      8.740611792641E-01
   86.900000      1.180857838633E+00      8.741722953752E-01
   87.000000      1.181625036201E+00      8.746325881151E-01
   87.100000      1.182586357500E+00      8.755059660354E-01
   87.200000      1.183489829500E+00      8.767886570358E-01
   87.300000      1.184100668583E+00      8.784017959542E-01
   87.400000      1.184278297742E+00      8.802041944565E-01
   87.500000      1.184006763221E+00      8.820201124957E-01
   87.600000      1.183390942885E+00      8.836726295746E-01
   87.700000      1.182619902514E+00      8.850130246276E-01
   87.800000      1.181898128086E+00      8.859400046227E-01
   87.900000      1.181349802183E+00      8.864075289224E-01
   88.000000      1.180966826748E+00      8.864235967995E-01
   88.100000      1.180661553700E+00      8.860430132553E-01
   88.200000      1.180344501357E+00      8.853554152752E-01
   88.300000      1.179985043144E+00      8.844682252453E-01
   88.400000      1.179639232652E+00      8.834850845059E-01
   88.500000      1.179411069565E+00      8.824837266760E-01
   88.600000      1.179362798037E+00      8.815004163646E-01
   88.700000      1.179447955782E+00      8.805276638936E-01
   88.800000      1.179548070522E+00      8.795271155515E-01
   88.900000      1.179572913383E+00      8.784530918108E-01
   89.000000      1.179518307899E+00      8.772783543508E-01
   89.100000      1.179452507021E+00      8.760142889375E-01
   89.200000      1.179435275461E+00      8.747211157738E-01
   89.300000      1.179462461313E+00      8.735067329085E-01
   89.400000      1.179501481585E+00      8.725139091137E-01
   89.500000      1.179531542839E+00      8.718962132074E-01
   89.600000      1.179559892127E+00      8.717854664018E-01
   89.700000      1.179626441100E+00      8.722576418637E-01
   89.800000      1.179791293929E+00      8.733073717486E-01
   89.900000      1.180103468331E+00      8.748405444154E-01
   90.000000      1.180562511857E+00      8.766891684692E-01
   90.100000      1.181097552917E+00      8.786450218251E-01
   90.200000      1.181582400636E+00      8.805022830859E-01
   90.300000      1.181884359904E+00      8.820970889286E-01
   90.400000      1.181917647504E+00      8.833340957700E-01
   90.500000      1.181670086113E+00      8.841948565355E-01
   90.600000      1.181207477386E+00      8.847278380599E-01
   90.700000      1.180660742242E+00      8.850238576085E-01
   90.800000      1.180195565212E+00      8.851834587089E-01
   90.900000      1.179961556854E+00      8.852843866048E-01
   91.000000      1.179985504560E+00      8.853574282283E-01
   91.100000      1.180138566140E+00      8.853768091970E-01
   91.200000      1.180274081311E+00      8.852672810453E-01
   91.300000      1.180299153791E+00      8.849254177478E-01
   91.400000      1.180189917039E+00      8.842492926541E-01
   91.500000      1.179978163290E+00      8.831695205099E-01
   91.600000      1.179729024816E+00      8.816751424409E-01
   91.700000      1.179504624962E+00      8.798289578017E-01
   91.800000      1.179331216463E+00      8.777682276095E-01
   91.900000      1.179186157974E+00      8.756886946789E-01
   92.000000      1.179023839491E+00      8.738132408022E-01
   92.100000      1.178829289247E+00      8.723509353370E-01
   92.200000      1.178642241146E+00      8.714561329984E-01
   92.300000      1.178536680364E+00      8.711985680659E-01
   92.400000      1.178576799085E+00      8.715528750355E-01
   92.500000      1.178779879721E+00      8.724102889502E-01
   92.600000      1.179094340301E+00      8.736087002038E-01
   92.700000      1.179430556716E+00      8.749723198993E-01
   92.800000      1.179753235776E+00      8.763503817047E-01
   92.900000      1.180091410986E+00      8.776454085197E-01
   93.000000      1.180497448190E+00      8.788246385576E-01
   93.100000      1.181008342301E+00      8.799124724772E-01
   93.200000      1.181590730226E+00      8.809667976892E-01
   93.300000      1.182140261365E+00      8.820468028485E-01
   93.400000      1.182532963883E+00      8.831826175053E-01
   93.500000      1.182684966967E+00      8.843561524941E-01
   93.600000      1.182600190459E+00      8.854979179837E-01
   93.700000      1.182379821197E+00      8.864985725302E-01
   93.800000      1.182192798063E+00      8.872296381729E-01
   93.900000      1.182217337412E+00      8.875671369698E-01
   94.000000      1.182549183738E+00      8.874142332234E-01
   94.100000      1.183094443218E+00      8.867215691441E-01
   94.200000      1.183616357919E+00      8.855041372949E-01
   94.300000      1.183876358645E+00      8.838508848054E-01
   94.400000      1.183731160380E+00      8.819205257338E-01
   94.500000      1.183188565253E+00      8.799181950806E-01
   94.600000      1.182406109288E+00      8.780543307088E-01
   94.700000      1.181616824077E+00      8.764967394027E-01
   94.800000      1.180993306750E+00      8.753331159646E-01
   94.900000      1.180549375087E+00      8.745592283127E-01
   95.000000      1.180191029037E+00      8.740975279882E-01
   95.100000      1.179839528343E+00      8.738377304234E-01
   95.200000      1.179493929288E+00      8.736825147460E-01
   95.300000      1.179208896749E+00      8.735820539649E-01
   95.400000      1.179032684859E+00      8.735485134519E-01
   95.500000      1.178992043517E+00      8.736499729232E-01
   95.600000      1.179058286722E+00      8.739879788181E-01
   95.700000      1.179169395683E+00      8.746644313192E-01
   95.800000      1.179265705032E+00      8.757448492534E-01
   95.900000      1.179308791835E+00      8.772274877798E-01
   96.000000      1.179297202194E+00      8.790287940906E-01
   96.100000      1.179261733341E+00      8.809918907936E-01
   96.200000      1.179250362649E+00      8.829163180073E-01
   96.300000      1.179304374422E+00      8.845987989325E-01
   96.400000      1.179436968731E+00      8.858717556204E-01
   96.500000      1.179631890645E+00      8.866300439671E-01
   96.600000      1.179864212177E+00      8.868430504581E-01
   96.700000      1.180128437643E+00      8.865536684567E-01
   96.800000      1.180451329445E+00      8.858659982953E-01
   96.900000      1.180890976761E+00      8.849225845624E-01
   97.000000      1.181494230531E+00      8.838731815025E-01
   97.100000      1.182208010347E+00      8.828408778075E-01
   97.200000      1.182882818015E+00      8.818949118729E-01
   97.300000      1.183341063288E+00      8.810393026987E-01
   97.400000      1.183438317574E+00      8.802218061705E-01
   97.500000      1.183121526628E+00      8.793608989058E-01
   97.600000      1.182463000018E+00      8.783826019481E-01
   97.700000      1.181652853468E+00      8.772559763748E-01
   97.800000      1.180929053517E+00      8.760164636222E-01
   97.900000      1.180462624881E+00      8.747694711299E-01
   98.000000      1.180278250604E+00      8.736720579443E-01
   98.100000      1.180274018728E+00      8.728971714595E-01
   98.200000      1.180313778599E+00      8.725906982664E-01
   98.300000      1.180294986494E+00      8.728342424586E-01
   98.400000      1.180169084856E+00      8.736245545232E-01
   98.500000      1.179939824516E+00      8.748745583298E-01
   98.600000      1.179646397383E+00      8.764336750703E-01
   98.700000      1.179334822383E+00      8.781198464727E-01
   98.800000      1.179029644059E+00      8.797541098959E-01
   98.900000      1.178713592701E+00      8.811902363928E-01
   99.000000      1.178347244854E+00      8.823347558376E-01
   99.100000      1.177938803237E+00      8.831549399437E-01
   99.200000      1.177577433082E+00      8.836738846069E-01
   99.300000      1.177396705394E+00      8.839537996569E-01
   99.400000      1.177493174198E+00      8.840715534342E-01
   99.500000      1.177860536976E+00      8.840933319477E-01
   99.600000      1.178396806380E+00      8.840558572986E-01
   99.700000      1.178986988353E+00      8.839589057734E-01
   99.800000      1.179581334376E+00      8.837692315443E-01
   99.900000      1.180210726844E+00      8.834323753383E-01
  100.000000      1.180947901756E+00      8.828882504936E-01
